K : 100
I : 50
PREFERENCES : [    0    0   45    0    0   37   43    0    0    0   48   45    0   45   41    0   45   42    0    0    0   46   36   40   45    0   50   44    0   50   50    0    0   45    0   49   50    0    0   46    0   47    0    0    0   39   36    0    0   38  
   0   39    0    0   44   49    0    0   38   41    0   42    0   44   44   49    0    0    0   49   36    0   37    0   46   42   44   48    0    0   47    0   43    0    0   37    0   45    0    0   46   39    0    0   40    0    0    0   50   44  
   0   41   36   43    0    0    0    0   36   45   49   43   41    0   44   41   40    0    0   49   36   47    0   38    0   42   46    0    0    0   50    0    0    0    0    0   37   40    0    0    0    0    0   36   48    0   39    0   48   41  
  44    0   43    0    0   43   39   46   43   45    0    0    0    0   43    0    0   40   38    0   38    0   41   47   41    0    0   42   36    0   41    0    0    0   36    0   41   50    0   43    0    0    0    0   37   49   48    0    0   43  
  40   40    0    0    0    0    0   37   40   46   39    0    0   43   37    0    0    0   38   44   49   44    0   36    0   47   47    0    0    0    0   49    0   50   48    0    0   42   43    0   40    0   44    0    0    0   41    0   40   45  
  41   47    0   43   46    0   47    0    0    0    0    0    0    0   50   36    0   45    0    0    0    0    0   39    0    0    0   45   36    0   40   48   44    0    0    0   42   37   38   37   49   46   37   45    0   42   37    0   37    0  
  40    0    0    0    0   42    0    0   39    0   50   39    0    0    0   43    0    0    0   37    0   46    0   42   44   49    0   38    0    0   46    0   41   47   48   50   40   40   36   46    0   47   46   46   45    0    0    0    0    0  
  45    0   42   39    0   43   41    0    0    0   41   48   36   40   41    0    0   38    0   44    0    0    0    0    0    0   39   49    0    0    0   48   38    0    0    0   47    0   41   46    0   50   37   49    0    0   39   48   48    0  
  38   40   44   49    0    0   42   43   49   44   48    0   46    0    0   44    0   46    0   50   37    0    0    0    0   41   37    0    0    0    0   45   39   49   39    0    0    0    0   36    0   39   36    0   47    0   43    0    0    0  
   0    0    0    0   44    0   49   49    0   49   49    0    0    0    0   38   38    0    0    0   37   43    0    0   40   45   47    0    0   41   47   46   42    0   49    0    0   43   49   45   48    0    0   50    0   36    0   39   38    0  
   0   49   39    0   42    0    0    0   43   40   37    0   37    0    0    0   48    0   44    0   39    0   38   48    0    0   36    0    0   50    0   46    0    0   42   36   42   49   42   47    0   41    0    0    0    0   45   47    0   36  
   0    0    0    0    0    0   40   44    0   45   43   39    0   42    0   36    0   41   37    0   50   44   48   50   47    0   46    0   49    0   46   48    0    0    0    0    0    0    0   37    0   44   37    0   37   38    0    0   44   48  
  36    0    0   45   43   49   44    0    0    0    0    0    0    0    0   37    0   46   40   47   45   43   48   49    0    0   45   39   41   43    0    0    0    0   42    0   38    0    0    0   43    0    0   40    0   44   38   47   50    0  
   0    0    0    0    0    0   43    0   39    0    0   47    0    0   36   41   47   37   45   45   41   40    0   50    0    0    0   50    0    0   50    0    0   45   38    0    0   42    0    0    0   49    0   44   46   48   50   50   38   39  
  45    0    0   42    0   44   48   48    0   50   48   48    0   39    0    0   40   49    0    0   38   36    0   47   38    0   43    0   44    0   41    0    0    0   46    0    0   47   44    0   47    0   37    0    0    0   36   45    0    0  
   0    0   38    0    0   48   46   37   42   40    0    0    0    0   44   36    0    0   43   50   45   48   36   38    0   48    0   43   47    0    0    0   46    0   49    0   40    0   38   40   36    0   39    0    0    0   41    0    0    0  
   0    0    0   38    0   41   47   49   36   43    0    0    0   44   47   41    0    0    0    0   40    0    0   40    0   47    0    0    0   36   39    0    0   45   50   42    0    0    0   48    0    0   50   48   50   37    0   37   36   46  
   0    0   48   36    0   47   45    0    0   42   39   47    0   41   44   39   41    0   48    0   46    0    0   37    0   40    0    0    0    0    0   37    0   42   38    0   50    0    0    0    0   43    0   42    0   46    0   46   45   49  
  38    0    0    0    0    0   39    0    0   36    0    0   46   42    0   37   45   38    0    0    0    0   43   40   41   37    0    0    0   47   41   42    0   48   41    0   46    0   43   40    0    0   49   50    0    0   44   39   42    0  
   0    0   49    0   49   49   49    0    0   46   45   39   49   48    0    0   44    0   40    0    0    0   38    0   47    0    0   49    0    0   40   49   41   48    0    0   49    0   43   37   42   36   41    0    0   50    0    0    0    0  
   0    0   49   47    0    0   50    0   39    0    0   37    0    0   38   44    0   41   49   45   46    0    0   40   45    0   42   45   36   43    0   40    0    0    0   48   42   42    0   49   43    0    0   38   42    0    0    0    0    0  
   0    0   47   37   46   46    0   38   44    0   45   40   38   48    0    0    0   37   38    0   38   38    0    0   40    0   36   41    0    0    0    0    0    0    0   48    0    0    0    0   43   38   49    0   37   50   39    0   42    0  
   0    0    0   45    0   39    0   46   38    0   39   48    0   41   37   50    0   45   40    0    0    0   36    0   47   49    0    0    0   43    0   42    0   42   50    0    0   38   47    0    0    0   39    0    0    0   47   47   48   44  
  39   44   46    0    0   46   48    0    0    0    0    0    0    0    0   46    0    0   36   49   42   50   44   47    0   38    0    0   45    0   37   44    0   42   44   39    0   42    0    0    0    0    0   41   40   48    0   48   43    0  
   0   50   47    0    0    0    0    0   38    0   43    0   39    0   46   47    0    0   40   45    0    0    0   41   49    0    0   44    0   36   38   45    0    0    0    0   39   39   48   36    0   37   45   42   39   36    0    0    0   49  
   0   38   46    0   50   43   47   46   37   43    0   41    0   40   39    0    0    0    0   46    0    0    0   45    0    0   42   42   44   36    0   41   49   36   42    0    0    0   48    0    0   36    0    0   48    0    0    0   41    0  
   0    0   44   42    0   47   45   40   50   40    0   41   38   47    0    0    0    0    0   39   44    0   41   37   46   47    0   44    0   45    0    0   39    0    0    0    0    0   36    0   44    0    0   41   48   49   43    0    0    0  
  38   39    0    0   40   41   39    0   40    0    0    0   39   44    0   50    0    0    0    0   41   46   36    0    0    0    0    0   47   38    0   39    0   48   42    0   38    0   37    0   45   49   43   39   40    0    0    0   40    0  
   0    0   49    0   47   42    0   44    0   49    0   43   40    0    0   42    0    0   37   47   38    0    0   47    0    0    0   45   48   41   47   46    0    0   42   39    0    0    0    0    0   41   47    0   50    0   45    0   36   36  
  48    0    0    0    0    0    0    0    0   42   44   47    0    0    0    0    0   49   36    0    0   48   38   50   40   46   40   37    0   40   46   41   39    0    0    0    0   49   48   41   43    0   46    0    0   42   45   41    0    0  
   0   44    0    0   47   41    0   40   50   37   48    0    0    0   40   36    0   39   37    0   48   44    0   44    0    0    0   44   49    0   46   46   40   42    0    0   48    0    0    0    0   39    0   38    0    0   43    0    0   45  
   0    0    0   44   41    0   46    0    0    0   40   49   43   44    0    0    0    0    0    0   37   40   50   40    0    0   45   38   39   44   36   38   47   42    0   36    0    0    0    0    0    0   36   40   48   48    0    0    0   45  
   0    0    0    0   45    0    0    0   37   49    0   37    0    0   48   38   39    0    0   49   40    0   42    0   41   49    0   36    0   46   50    0    0   43    0    0   41   42    0    0    0    0   44   47   40   49   37    0   43   41  
  48   43   50    0    0    0    0    0    0   39   39   37   46   47    0   41   41    0   37   45    0   40    0    0    0   45   37    0   42    0    0    0    0   49   47    0   44    0    0    0   36   49   48    0    0    0   48    0   45   38  
   0    0    0    0    0    0   36   45   47   48    0   47    0    0    0   44    0   46   42   41    0    0    0    0   39   38    0   50   43   50   47    0   49    0   46    0    0   49   40   37    0   43   43   50    0   50   44    0    0    0  
   0    0    0   36    0   43    0   44   39    0    0   42   41    0    0    0    0    0   36   37   46   36    0   40    0   44    0    0   48   39    0    0   50    0    0    0    0   48    0   45   38   49    0   41   37    0   49   41   37   47  
  45    0   39    0   42   46   48   50   48   49    0   50    0   36    0   43    0    0    0    0   47    0    0   41   44   39   36    0    0   46    0   42   43   39    0   37   40    0    0    0    0    0   37   38    0    0   37    0    0    0  
  49   50    0    0    0    0    0    0   40   45   44    0   41   50    0   38   45   50    0    0    0    0    0   49   42    0    0    0    0    0    0    0   43   37   48   39   50   39   46   39   39   41   44   36    0   47    0    0    0    0  
   0    0    0   47    0   44   45    0    0   46    0    0    0    0   36    0    0   43   50    0   48   48   48    0   39   46   50   42    0    0    0   50   49   48   37   40    0    0    0    0    0   38   42    0   43   40    0   50    0   41  
  48    0    0   48   45    0   42    0   39    0    0    0    0    0   49   37   42   44    0    0    0   45   40    0    0   46   36   36    0   48    0   37   38    0    0   48    0    0    0   49    0    0   47    0   41   43    0   50   41   42  
  49    0    0   45    0    0    0   50   42    0   36    0   37    0   44   37    0   39   46   45    0    0    0    0   40    0   45   43    0   43   42   38    0    0    0    0   39    0    0    0   37   39   36    0   48   42    0   41    0   47  
  43   39   47    0    0   38   36    0    0    0   41    0    0   47    0   37   50    0   36    0    0   46   38   49    0    0   41   47    0   44    0   39   36    0   40   40   48    0    0    0    0    0   42    0    0    0    0   45   39   40  
   0   37    0    0   46    0    0   47   42   38   45   41   39    0   47    0   48   50    0   39    0   40    0   45   37   49    0    0   44   41   41    0   43    0   36    0   41    0    0    0    0   37    0    0    0    0   41   47    0    0  
  45   48   40    0    0   44    0    0    0    0    0   44   38    0   43    0    0   36    0    0    0    0   50   47   48   50    0   37    0   39   48    0    0    0   41    0   41    0    0   46   50   48    0    0   45   42   43   49   48    0  
  47    0   41    0    0    0    0   50    0    0   44    0   48   49    0    0   46    0    0   44   38   45    0   41    0    0   39    0   39   40   50    0    0    0   38   49    0   49   36   47    0    0    0   37   43   50    0   42    0   50  
  38    0    0    0   40   41   37   37   49   49    0    0    0    0    0   47    0   43    0    0    0   46    0   42    0   36    0    0   37   42    0    0    0   45    0   43   37    0    0   43   48    0   44   50   50   47   39    0    0   47  
   0   39    0   43   38   49    0    0   39   37    0    0   43   47   39    0   47   44    0   49   45    0    0    0   50    0    0   41   45   46   40    0    0   36    0    0    0   45    0    0   44   42    0    0   44    0    0   48    0   49  
   0   40   38   42    0   43    0   43    0    0   37   37   50    0    0    0   48   47    0    0    0    0    0   39   44   41   47    0   45    0    0   41    0    0   46    0   37    0   50   36   49    0   39   37   47    0    0   39    0    0  
  48   36    0    0    0   43   40    0   40    0   39   44    0    0    0    0    0   36    0    0   49   45    0   39   36    0   37   47   37   39    0   41   46    0   50   40    0   50    0    0   42    0    0   36    0    0    0   38    0   40  
   0    0   37   46    0   44    0    0   40    0    0    0   41    0   48   44   43   39   39   40    0   42   36   42   38    0    0    0   50    0   50    0    0   45    0    0   38    0   49   50   36   47    0    0    0    0   36   36    0    0  
  45   48    0    0   42    0   50   48   45    0    0   41   45    0   45    0   47    0    0   45   39    0    0   46   38   36    0   43   42    0    0    0    0    0    0    0   42   37    0   40    0   37   50   47    0   44   49    0    0    0  
   0    0   37   39    0   36    0    0    0   41   38    0    0    0    0   48   42    0    0    0   46   38   47    0   44   41    0    0    0   50   50   47    0    0   43   43    0   38    0   40   47    0    0   36    0   49   46    0   39   45  
  48    0   45    0    0   40   47   47   47   50   50   43   39    0   43    0   40    0    0    0   44    0    0   47   41   38    0   43    0   42    0    0    0   49    0    0    0    0    0    0   40    0    0   47   37    0    0   48   46   36  
  36   43   37   45   43   47   37    0    0    0    0    0    0   48    0   41   49   46   44    0   47    0   39    0   46   40    0    0    0   38    0    0    0    0    0   44   41    0    0    0   41   50    0   40    0   47   42    0    0   47  
  44   50   42    0   43    0   45    0    0   45    0    0   47   50    0   39   41    0   38   48   45    0    0   49    0    0    0    0    0   45    0   46   45    0   48   50    0    0    0    0   50    0   37   40    0   36   42   45    0    0  
  36   44   49   39    0   38   43   42    0    0    0    0   41    0    0   42   43    0   36   47   45    0    0    0    0    0   42    0    0   36    0   38   48   41    0   37    0    0   50   46    0    0   37    0   40    0    0    0   38   42  
   0   39   39    0   41    0    0   39    0    0   38   38    0    0    0    0   42    0    0    0   46    0    0   47   45   48    0    0    0   36   48   37   50   47    0   47   44   43    0   40    0   38   43    0    0   48   44   49    0    0  
   0   41    0   42   46   45    0    0   47   43   49    0    0    0    0    0   39    0   44    0    0   37    0    0   48   39    0   38   40   39   49    0   44   44    0    0   40    0    0   39   46    0    0   36    0   41    0   50    0   46  
  36   49   50   43   45    0    0    0   39    0   41   44    0    0    0   49    0    0    0   47   37    0   40    0   36    0   44   44    0    0   43    0   42    0   48   46    0   36    0    0    0   48    0    0   47    0    0   38   45   42  
   0    0    0    0    0    0    0   39   36   38    0   38   49    0    0    0   46    0    0   41    0    0   39    0   45   47   44   38    0   48   46    0    0   43    0    0    0    0    0   38   38   40   37   45   42    0   40   38   46   50  
  47    0   39   43   40    0    0    0    0    0   45   41   42   36    0   50    0   40    0    0    0   44    0   37   36   49    0   38   43   47    0    0   38    0    0   46    0    0    0   40   43    0   37    0   48   38    0    0   38    0  
   0    0    0   36    0   43    0   50   49    0    0    0   43    0   47    0   47   38    0    0   41   39   42   39    0   48   50    0   48   39    0    0   45    0    0    0    0    0   37   49   44   48    0   43   40   46   49    0    0    0  
  43    0    0    0   36   46   41    0    0   39    0    0    0   49   50   37   38    0   45    0   43    0    0   39    0   44    0    0    0   48   50    0    0   45    0   50   40   42   50   50   36    0    0   50   50    0    0    0   47    0  
  46   40   44    0    0   50    0   38   45    0    0    0    0   48    0    0    0   50    0   40    0   37    0   43   37   45    0    0    0   49   47   47   36   42    0    0    0   39    0    0    0   49   45    0   41   50    0   50    0   37  
  46   37   40    0   39    0   39   49    0    0   40   42   49   39   36    0    0    0    0   41    0    0    0    0   47   38   45   43    0   43   40   44    0   36    0   48    0    0    0    0    0    0   47   36   47    0    0    0    0   50  
   0   45    0    0   44    0    0    0   36   49    0    0    0    0    0   43   50   37    0   46   46    0   38    0   50    0   48   47   37    0   36   45   39   40   45   41    0   44    0   50    0    0    0    0    0    0   46    0   42   50  
   0   46   47    0    0   43   50    0    0   41    0    0    0    0   45    0   43   39    0   48   48    0   48    0    0   36   42    0   40   46   39    0   44   44   39    0    0    0    0    0    0   37   46   37    0   38    0   49    0   40  
   0    0   41    0   45   50   38    0   42   47   40   37    0   46   43    0   46   41   42    0    0    0   39   39    0    0    0   50   37    0    0    0    0   48   49   44   40    0    0   36    0    0   50    0    0    0    0   40    0   49  
  42    0   40   44   49   47    0   43    0    0    0   39    0    0    0   48    0    0    0   48    0    0    0   41    0   50   46    0   45   41    0    0   36    0   50    0    0   50    0    0   45   45   40    0   47   44   43   37   38    0  
  38    0    0    0    0   47   48    0   44   50   50    0    0   40   39    0    0    0    0   42   36    0   50    0   46   49   42    0    0    0   41    0   45    0    0    0    0   42    0   46   49    0    0    0   39   40   49   37   43   37  
  45    0   40   37    0    0   39    0    0   47    0   41    0   44   46    0    0    0   42   38   39    0    0    0   47   42   45    0   49    0   42    0   48   47    0    0    0   36    0    0   41    0    0   41    0   39   50   42    0   43  
  47   42   40   42    0   50    0   41   47    0   48   42   37    0    0    0    0   38   44    0    0    0   40    0   46   41   39    0    0   48   38   44    0   44    0   45   50    0    0   36    0    0    0   43    0   49    0    0    0    0  
  47   46    0    0   41    0   36    0    0    0   50    0   45    0   37    0    0   36   38   38   43   39    0    0   49   44    0   40    0    0    0    0    0   48   42    0    0   37   50   48   40   40    0    0   48    0    0    0   40   40  
  38   45   45    0   44   49    0    0    0    0    0   39   39   41   37   42    0    0   43    0    0    0   49    0   47   49   44   46   43    0   43    0    0   50   40    0    0   49    0   37    0    0   39   36    0    0   48    0    0    0  
  45    0   48    0    0   47   50    0    0    0   44    0    0    0   47    0    0   49   42    0    0    0   50   43   37   39   41   36   40    0   49    0   47   45   46   45   38   38    0   49    0    0    0    0   44    0    0    0    0   47  
  48   40    0    0   36    0   41    0   43   42    0   40    0   42   37    0    0    0   40    0    0    0   45   37    0   42   47    0   46   39    0   44    0    0    0   38    0   37    0    0   41   41   49    0   40    0   46    0    0   50  
   0   39    0   36   42    0   37   37   37   43   40   37   37   48    0    0    0    0   37   47   40   46    0    0   43    0    0    0   44   45    0    0    0    0    0    0    0   49    0    0    0   37    0   50   38    0    0   43   43   41  
  47    0    0   38   48   50   38   42   49    0   46    0    0    0    0    0    0   37   44    0    0   48   47    0    0   48    0   44    0   39   41   40   36   44   45    0    0    0    0   48    0    0   49    0   36   42   43    0    0    0  
  48    0   46    0    0   45    0   49    0    0    0   36   40   38   45    0    0    0   44    0   43    0   42   40    0    0    0    0   40    0   41   40   38   39   47    0    0   42   46   50    0    0   39   50    0   37    0    0    0   36  
  46   37    0   43    0    0   50   49   40   50   38   50    0    0    0   48    0    0   36   50    0   50    0   45   50   42   39    0   44    0   36    0    0    0   50    0    0   47    0   41    0    0    0   48    0   44   37    0    0    0  
   0    0   38    0    0    0   45   43   39   44   47   40   38   49    0    0   49   43    0    0   41    0   46    0    0   42    0   48    0    0   47   48    0   38    0    0    0    0    0    0   36   44   44    0   40    0   49   50   37    0  
   0   46    0   45   37   39    0    0   40   40   48    0    0   37    0    0    0   49   39   42   43   46   47    0    0    0    0    0   50   38    0    0    0    0   46    0   41   38    0   44   36    0   43   46   46    0   46    0    0    0  
  38   44    0    0    0   37    0   42   45   41   47    0    0   45    0    0    0   43   45   46   40    0   48    0    0    0   36   38   46    0    0    0    0   37   39    0    0    0    0   39   42   37   50   37    0   37    0    0    0   49  
  41   40   41   46   43   42   37    0    0    0    0    0    0    0   41   40    0   45   46    0   49   47    0   39   44    0   43    0    0   46    0    0   50   44    0    0    0    0   48    0   47    0   36    0   38   45    0   38    0    0  
  41   44    0    0   48   44   41   41   46    0   41    0   38   43   41    0   47   45    0   45    0   36   41    0    0    0   49   45   45    0    0    0   39    0   37    0    0    0   40   37    0   42    0   50    0    0    0    0    0    0  
  43    0    0   37    0    0   45    0    0   38   49    0    0    0   45   47   45    0   36    0   45    0    0    0   50    0    0    0   42   41   37   46    0    0    0   44    0   44   41    0    0   45   39   47   41   45    0    0   40   48  
  37   46    0    0   36    0   50    0    0   50   50    0   41    0   44   49   38    0    0    0    0    0   38    0   47   38   40    0   43   39   45    0   50   50    0    0    0    0    0   38    0    0   48    0   37   38    0    0   45   42  
  48   50    0   46   44   39    0   41    0   46    0    0   47    0   40   37    0   45   43   37    0   49    0   50    0    0    0   44   46   47   42    0    0    0    0   43   46   36    0    0    0    0   46    0   36    0   38    0    0    0  
  36   44   45    0   36   42   38   49    0   40    0   47   37    0    0   37    0   49    0    0    0   41    0    0   46    0    0    0   43    0    0   48   37   36   39    0   37   50    0    0    0   49    0   39    0   36    0   49    0    0  
   0   46    0    0    0   42    0    0   50    0    0    0    0   44   39   47   38   37   37    0   38   45    0   40   36   38   37    0   38    0    0    0    0   36    0   38    0    0   48    0    0    0    0   37   41   36   43    0   49   43  
  47    0   46    0    0   50   46   41    0   45   50    0   40    0    0   37    0    0    0    0   48    0    0   38   39   43   43    0   49   46   50    0   44    0    0    0   37    0   49    0   50   36    0   37   36    0    0    0    0   42  
  36   40    0   49   46    0   43   38   48   45    0   41   39    0    0    0    0    0   40    0   41    0   38    0   50   39    0    0    0   38    0   48    0   44    0    0   47    0   41    0   44   37    0    0   42    0    0   37    0   45  
  46   36    0    0   37    0    0   50   46   39   42    0   43    0   39    0    0    0    0    0   41    0    0    0    0    0    0   46   47    0   39   50   46   50    0   40    0   48    0   38   43   44   45    0    0    0   49   46    0   38  
  45    0    0   49    0    0    0    0    0    0   48    0    0    0   43    0   50   47   38    0    0    0   50    0   50   49   42    0    0   41   40   37    0   50   38    0   50   40    0   49   39   46   38   50    0    0    0   36   44    0  
   0   50   39    0    0    0    0   49    0    0    0    0    0   44   46   48   43    0   47   36   42   41    0    0    0   43   39    0    0   39    0    0   42   48    0    0    0   47    0    0   37    0   38   45   39   40    0   39   43   47  
  41    0   46   47    0   38   38    0   39   50    0   49   37   43    0   45    0    0    0    0   49    0    0   47    0    0   39    0    0    0    0    0    0   42   50    0    0   38   39   48    0   50   44   39   40   36   46    0    0    0  
   0   49   41   39    0    0    0    0   36   36   37   40   48    0    0    0    0    0   46    0   37   38    0    0    0    0   42    0   49    0    0    0   36   47   36    0   50   38   40    0    0    0   46   45   49    0    0   44   36   43  
   0   37    0    0    0   38   39    0   46    0    0   42   38   48   48    0   40   47   36    0   45   38   45   36   49    0    0    0   47   44    0    0    0    0    0    0   47   41   40   50    0   43    0    0    0   42   48    0    0    0  
   0    0    0    0   37    0   39    0   44    0    0   37    0    0   48   36   45   46   42    0   49    0   38   36   41    0   44    0   36    0   36   40    0    0   40    0   40   47    0   42    0   36   39   50    0    0    0    0    0   43  
   0   47   41   41   48   49    0    0    0    0   50    0    0    0   45    0    0   38    0   47   42    0   41    0   37   48   41   40    0   43   39   41    0   49   46   43   36   49    0    0   44    0    0    0    0   44    0    0    0    0  ] 
BUDGETS : [    4    5    6    8   11   13   15   17   21   22   25   26   28   31   31   35   37   38   39   41   42   46   46   47   50   51   53   55   56   57   58   60   65   68   70   70   75   76   79   85   87   92   93   95   95  101  104  106  106  107  115  115  116  117  117  118  122  125  127  127  127  128  128  132  135  136  136  136  139  139  139  139  143  144  147  150  150  151  151  151  155  155  157  163  165  165  171  172  174  177  180  181  183  184  186  189  190  194  199  199  ] 
