K : 100
I : 50
PREFERENCES : [    0   50    0    0    0   48    0    0    0    0    0    0    0    0    0    0    0    0    0    0    0    0   45    0    0    0    0    0    0    0   47    0   46    0   46    0    0    0    0    0   45   44    0    0    0   45    0   49    0    0  
  45    0    0    0    0    0    0   47    0    0    0    0    0    0    0    0    0    0    0    0    0    0    0   46   48    0    0    0    0   45    0    0    0   47    0    0    0   50    0    0    0    0   46    0    0   44    0   49    0    0  
  46    0   50    0    0    0    0    0    0    0    0    0    0    0   46    0   46   44   45    0    0    0    0   49    0    0   47    0    0    0    0    0    0    0    0    0    0    0   48    0   49    0    0    0    0    0    0    0    0    0  
   0    0    0    0    0    0    0   44    0    0    0    0    0   44   50    0    0    0    0    0    0    0    0   46    0   45    0    0    0    0    0    0    0   48    0    0   44    0    0    0   47    0    0    0    0    0    0   49    0   45  
   0   49   44    0    0    0    0    0    0   44    0    0    0    0    0    0    0   47    0   45    0    0    0   49    0    0    0    0   50    0    0    0   46    0    0    0   48    0    0    0    0   47    0    0    0    0    0    0    0    0  
   0    0    0    0    0    0    0    0    0    0    0    0    0   46   50   49   47    0    0    0   48    0    0    0    0    0   44    0    0    0    0    0    0    0    0    0    0    0   48    0    0    0   48   45    0    0    0    0    0   44  
   0    0   48   46    0    0   45   45    0    0    0    0    0    0    0   47    0   47    0   49    0    0    0    0    0    0    0    0    0    0    0    0    0    0   50    0    0    0    0    0    0    0    0    0    0    0   44    0   50    0  
   0   46    0   45    0    0    0    0    0    0    0    0    0    0    0    0   48    0   49    0    0    0    0    0    0    0    0    0    0   47    0    0    0    0    0    0    0    0   48    0   49   44    0    0   50    0   49    0    0    0  
   0    0    0   49    0    0   48    0    0    0   46    0    0    0    0    0    0    0    0    0    0    0    0   47   44   46    0    0   49    0    0    0    0    0    0    0    0    0   49    0   50    0    0    0    0    0    0    0    0   45  
  44    0   49    0    0    0    0    0    0    0    0    0    0    0    0    0    0   47    0   45    0    0    0    0    0   48    0    0    0    0    0    0    0    0    0   44    0    0   46    0   44    0   48    0    0    0   50    0    0    0  
   0    0    0    0    0    0    0    0    0    0    0    0    0   45    0   48   49   46   44    0    0    0    0   50    0    0    0    0    0   47    0    0    0    0    0   49    0   50    0   49    0    0    0    0    0    0    0    0    0    0  
   0    0    0    0   44   49    0    0   48    0    0    0    0    0    0    0    0    0    0    0    0    0   49    0    0    0    0    0    0    0   47    0   46   50    0    0    0    0    0   50    0    0    0    0    0    0    0   49   45    0  
   0   48    0    0   46   44    0    0    0    0    0    0    0    0    0   46    0    0    0   47    0    0    0    0    0    0    0    0    0    0    0    0    0    0   50    0    0   47    0    0    0    0    0    0   45    0   44    0   49    0  
   0    0    0    0   46    0   48    0    0    0    0   49   50    0    0    0    0    0    0   47   45    0    0    0    0    0    0   44   45    0    0    0   50    0    0    0    0    0    0    0    0    0    0    0    0   47    0    0    0    0  
   0    0    0    0   48    0    0    0   49    0    0    0    0   46    0    0    0    0    0    0    0   48    0   50   47    0    0    0    0    0   44    0    0    0    0    0    0   48    0    0    0    0    0    0    0    0   45   50    0    0  
  45    0    0    0    0    0    0    0    0   47    0    0    0    0    0    0    0    0    0   49    0    0    0    0    0   49    0    0    0   50    0    0   49    0    0   48   46    0    0   49    0    0    0    0    0   44    0    0    0    0  
  47    0    0    0    0    0    0    0    0    0    0    0    0    0    0    0    0    0    0   49    0    0    0   44    0    0   48    0    0    0    0    0    0    0    0    0    0    0   47    0    0   46    0   46   45    0    0   50   50    0  
   0    0    0    0   44    0    0    0    0   50    0    0    0    0    0    0   49    0    0    0    0    0   47    0   48   45    0   46    0    0    0    0   46    0    0    0    0    0   45    0    0   48    0    0    0    0    0    0    0    0  
   0    0    0    0    0    0    0    0   45    0   47    0    0   48    0    0    0    0    0    0    0    0    0    0   45    0    0    0   50    0    0    0    0   49    0   44   46    0    0    0   44    0    0    0    0   44    0    0    0    0  
   0   49    0    0    0    0    0    0    0    0    0    0    0   45    0    0    0    0   44    0   48    0    0    0    0   47   49   50    0    0    0    0    0    0    0    0    0    0    0    0    0   47    0    0    0    0    0   45   46    0  
   0    0    0    0    0    0    0   48    0    0    0    0    0    0    0    0   50    0    0    0    0   46    0    0    0   46    0   48    0    0   44   47    0    0    0   45    0    0   49   49    0    0    0    0    0    0    0    0    0    0  
   0    0   50    0    0    0   47   46    0    0    0    0    0    0   49    0    0    0    0    0    0   45    0    0    0    0    0   49    0    0    0    0    0    0   50    0    0    0   48    0    0    0    0    0   50   44    0    0    0    0  
  50    0    0   48   44   46    0    0    0   47    0    0    0   47    0    0   46   45    0    0    0    0   49   48    0    0    0    0    0    0    0    0    0    0    0    0    0    0    0    0    0    0    0    0    0    0    0    0    0    0  
   0    0    0    0    0    0    0   49    0    0    0    0    0    0    0    0    0    0   45    0    0    0   47    0    0    0   50   50    0   48    0    0   44    0    0    0    0    0    0    0    0   50    0   48    0    0   46    0    0    0  
   0   50    0   46   47    0    0    0    0   44    0    0    0    0   49    0    0    0    0    0    0   48    0    0    0    0   44    0    0    0    0    0    0    0   48    0    0    0    0    0    0    0    0    0    0   45   49    0    0    0  
   0    0    0    0    0   48    0   50    0   49    0    0    0    0    0   45    0    0    0    0    0    0    0    0   44    0    0    0    0   46    0    0    0    0   47    0    0    0   46    0    0    0    0    0    0   44    0   50    0    0  
   0    0    0    0    0   47    0    0   48    0    0    0    0    0    0    0   44    0   49    0    0   46    0    0    0    0    0   50    0    0    0    0    0    0    0   45    0   47   45    0    0    0    0    0   46    0    0    0    0    0  
   0    0    0   48    0    0    0    0    0   44    0    0   46   45    0    0    0    0   46    0    0    0    0   47   45    0    0    0   49    0    0    0    0    0    0    0    0    0    0    0    0    0    0   44    0    0    0    0   50    0  
   0    0    0    0    0    0    0   46    0   47    0    0    0    0    0    0   44   45   49   48    0    0    0    0    0    0    0    0    0   47    0    0    0    0   50    0    0    0    0    0    0    0    0    0    0   47    0    0    0   47  
   0    0   44    0    0    0    0    0    0   45   48    0    0    0    0    0    0   49    0    0    0   45    0    0    0    0    0   46    0   47    0    0    0    0    0    0    0    0    0    0    0    0    0   48    0    0    0   50    0   45  
   0    0    0    0   49    0   50    0    0    0    0   46    0    0   47    0    0    0   45    0    0    0    0    0    0    0    0    0    0    0    0    0    0    0    0    0    0    0    0   44    0    0   44    0   47    0    0    0   48   48  
   0   44   49    0    0    0    0    0    0    0    0    0    0    0    0    0    0   46    0   50    0    0    0    0    0   47    0   48    0   44    0    0    0    0    0    0   45    0   44    0    0    0    0    0    0    0    0   50    0    0  
   0   45    0    0    0   46    0   44    0    0   50    0    0    0    0    0    0    0    0    0    0    0    0    0    0    0    0    0    0   47    0    0   47    0   47    0   49    0   46    0    0   48    0    0    0    0    0    0    0    0  
   0    0    0    0    0    0   45   50    0   50   49    0    0    0    0    0    0    0    0    0    0    0    0    0    0    0    0    0    0   47    0   44    0   46   48    0    0    0    0    0   44    0   48    0    0    0    0    0    0    0  
   0    0    0    0    0    0    0    0    0   48    0   49    0    0    0    0    0    0    0   46    0    0    0    0   44   47    0   45    0    0    0   44   47    0    0    0    0   50    0    0    0    0    0    0    0    0    0   50    0    0  
   0    0    0   47    0   47    0    0    0    0   45    0   44    0    0    0    0    0   46    0    0   48    0    0    0    0   47    0    0    0    0    0    0   47    0    0   49    0   50    0    0    0    0    0    0    0    0    0    0    0  
   0    0   49    0   50    0    0    0    0    0    0    0    0    0    0   45    0    0    0    0    0    0    0    0   49   47   48   46    0    0    0    0    0   48    0    0    0    0    0    0    0    0    0    0   44    0   49    0    0    0  
   0    0    0    0    0    0   44   49    0    0    0    0    0    0   47    0   48    0   44    0    0    0    0    0    0    0    0    0    0    0    0    0    0    0    0   50    0   45    0    0    0    0   47   45    0    0    0    0    0   46  
   0    0    0    0    0    0   44   44    0   48   45    0   50    0    0    0    0    0    0    0    0    0    0   44    0    0   46    0    0    0    0    0    0    0    0    0   49   47    0    0   48    0    0    0    0    0    0    0    0    0  
   0    0    0    0    0    0   49   49    0    0   49    0    0    0    0    0   46    0    0    0    0   44    0    0    0    0    0    0    0    0    0   45   50    0    0   48    0    0   49    0    0   47    0    0    0    0    0    0    0    0  
   0   48    0   46    0    0    0    0    0   45    0    0   50    0   45    0    0    0    0   49    0   47    0    0    0    0    0    0    0    0   44    0    0    0    0    0    0   50    0    0    0    0    0   49    0    0    0    0    0    0  
   0   48    0    0    0    0   45    0    0   50    0    0   44    0    0    0   49    0    0    0    0    0   46    0    0    0    0    0    0    0   47    0    0   50    0    0   50    0    0    0    0    0    0    0    0    0    0    0    0   44  
   0    0    0   44   45    0    0    0    0    0    0    0    0   47    0    0    0    0   46    0    0    0   48   46    0   50    0    0    0    0    0    0    0    0    0    0   49    0    0   44    0   45    0    0    0    0    0    0    0    0  
  46   45    0    0    0    0    0    0   49    0    0    0   44   44    0   48    0    0    0    0    0    0    0    0    0    0   50    0    0    0    0    0    0    0    0    0   44   49    0    0   47    0    0    0    0    0    0    0    0    0  
   0    0    0    0    0    0   45    0    0   50    0    0    0    0    0    0    0    0    0    0    0    0   49   47    0    0    0    0    0    0   44   50    0   49    0    0    0    0    0    0   46   48    0    0    0    0   49    0    0    0  
  46    0    0    0    0    0   50    0    0    0   50    0   47    0    0    0    0    0    0    0   44    0   45   49    0    0    0    0    0    0    0    0    0    0    0    0    0   45    0    0    0    0    0    0   48    0    0    0    0   48  
   0    0    0    0   46    0    0    0    0    0   47    0    0    0    0   44    0    0    0   47    0    0    0    0    0    0   48    0    0    0    0   47   50    0    0    0   49   46    0    0    0    0   45    0    0    0    0    0    0    0  
   0   48    0    0    0    0    0   48   47    0   46    0    0    0    0    0   50    0    0    0    0    0    0    0    0    0    0    0   49    0   49    0    0    0    0    0    0    0    0    0    0    0    0    0   50   44   45    0    0    0  
   0    0    0    0    0    0   45    0    0    0    0   48    0   46    0    0    0    0    0   44    0    0    0   44   49    0    0   48    0    0    0    0    0    0    0    0    0    0    0    0    0    0   50    0   44    0    0   47    0    0  
   0   49    0    0   45    0    0   50    0    0   45    0   49    0    0    0    0    0    0   46   44    0    0   47   48    0    0    0    0    0    0    0    0    0    0    0    0    0    0    0    0    0    0    0   44    0    0    0    0    0  
   0    0    0    0   45    0    0    0    0    0   46   48    0    0   46   49    0    0    0    0    0    0    0    0    0    0   47    0    0   44   50    0    0    0    0   49    0    0    0    0    0    0    0    0    0    0    0   50    0    0  
   0    0    0    0   50    0    0    0    0    0   47   46    0    0    0    0    0    0   44    0    0    0    0    0   48    0    0    0    0    0    0    0   48   45   48    0   49    0    0    0    0    0    0    0    0   45    0    0    0    0  
   0    0   46    0    0    0    0   47    0    0    0    0    0    0    0    0    0   44    0    0    0    0    0    0    0    0   50    0    0    0    0    0    0    0    0    0    0   45    0   46   45    0   48    0   49   45    0    0    0    0  
   0    0   47    0    0    0    0   45   46    0    0    0    0    0    0   49    0    0    0    0    0    0    0   45    0   44    0    0   48   50    0    0    0    0    0    0    0    0    0    0    0   45    0    0    0    0   47    0    0    0  
  45    0    0    0    0    0    0    0    0   44    0    0    0   49    0    0   48   50    0    0    0    0   50    0    0    0    0    0    0   46    0    0    0    0    0    0    0    0    0    0   47   49    0    0    0    0    0   45    0    0  
   0    0    0    0   47    0    0    0    0    0    0    0   49    0    0    0   44    0    0    0    0    0    0    0    0    0   46    0    0   50    0    0    0    0    0    0   46    0    0    0    0   48   44    0    0   45    0    0   46    0  
   0    0    0    0    0    0    0    0    0    0    0   49    0    0   45    0    0   50    0   46    0    0   44    0    0    0    0    0    0    0    0   45    0    0    0    0   45    0    0    0    0    0   47   48    0    0   49    0    0    0  
   0    0    0    0    0   44    0    0    0    0   45   47   48    0    0    0    0    0    0    0    0   47    0   45   47    0    0    0    0    0   50    0   46    0    0    0    0    0    0    0    0    0   49    0    0    0    0    0    0    0  
   0   44    0    0    0    0    0    0    0    0   45    0    0    0    0    0    0    0    0   48    0   48    0    0   47    0    0    0    0    0    0    0    0    0   46   47    0    0    0    0    0    0    0    0   47   50   49    0    0    0  
   0    0    0    0   48    0    0   50    0    0    0   47    0    0   50   48    0   46    0   49    0    0    0    0    0    0    0    0    0    0    0    0    0    0    0    0   46    0    0    0    0    0    0   45    0    0    0   44    0    0  
   0    0   50    0    0    0   49    0    0    0   45    0    0    0    0    0   46    0    0    0   44    0    0    0    0   46    0    0    0    0    0   48   47    0    0    0    0    0    0    0   49    0    0   50    0    0    0    0    0    0  
  48    0   49    0    0    0    0    0    0    0    0    0   46    0   50    0    0   44   49    0    0    0    0    0    0    0    0    0    0   45    0    0    0    0    0    0    0    0    0    0    0    0    0    0    0   45   49    0    0   47  
   0    0    0   47    0    0    0    0    0    0    0    0    0    0    0   44   49   49    0    0    0   47    0    0    0    0   50   46    0    0    0    0    0    0    0    0    0    0    0   48    0   45    0    0    0    0   45    0    0    0  
   0    0    0    0    0   50    0    0    0    0    0    0    0    0    0    0    0    0    0    0    0   48    0   50    0    0    0    0    0    0   45    0    0    0   47    0   46    0   44    0    0   47   44    0    0    0    0    0   49    0  
   0    0    0    0    0    0   49    0   45    0    0    0   48    0    0    0    0    0    0    0    0    0    0   46   45    0    0    0   44    0    0    0    0   46    0    0    0   50    0    0    0    0   46    0    0    0   47    0    0    0  
   0    0    0    0    0    0    0    0    0    0    0    0    0    0    0    0    0    0   49   47    0   45    0    0    0    0    0    0   46    0    0    0   46   48   44   49   47    0    0    0    0    0    0    0    0    0    0    0    0   50  
   0    0    0    0    0    0    0    0    0    0    0    0   48    0    0   46    0   48    0    0    0    0    0   45    0    0    0    0    0    0    0   50    0    0    0   49    0   50   44   46    0    0    0   47    0    0    0    0    0    0  
   0    0    0    0    0    0    0   48    0   44   46    0    0    0   45    0    0    0   44    0    0    0    0    0    0    0    0    0   49    0   47    0   46    0    0   44    0    0    0    0    0   50    0    0    0    0    0    0    0    0  
  47   50    0   45    0    0   49   48    0   45    0    0    0    0    0    0   46   45    0   44    0    0    0    0    0    0    0    0    0    0    0    0    0    0   46    0    0    0    0    0    0    0    0    0    0    0    0    0    0    0  
   0    0    0    0    0   45    0    0   47   49    0    0    0    0    0    0    0   46    0    0    0    0    0    0    0    0    0    0    0   44   47    0    0   46    0    0    0    0   48    0   48    0   50    0    0    0    0    0    0    0  
  48    0   45    0    0    0    0    0    0    0    0   50    0    0    0    0    0    0   45    0    0    0    0    0   47   46    0    0    0    0   44    0    0    0    0   49    0   45    0    0    0    0    0   49    0    0    0    0    0    0  
   0    0   49    0   44    0    0    0    0    0    0    0    0    0    0    0    0    0    0    0    0   47    0    0   45    0    0    0   50   48   45    0    0    0    0    0    0   47    0    0    0    0    0    0    0   46    0   49    0    0  
   0   46    0    0    0   46   49    0    0    0    0    0    0    0   48   50   47    0    0    0    0   44    0    0    0   50    0    0    0    0    0    0    0    0    0    0    0   45   50    0    0    0    0    0    0    0    0    0    0    0  
   0    0    0    0    0    0    0   45    0    0    0    0   49   48    0    0    0    0    0    0    0    0    0    0   45   46    0    0    0    0   44    0    0    0    0   47    0    0    0    0    0   46    0    0    0    0    0   50    0   47  
   0    0    0    0    0   47    0    0    0    0    0    0    0    0    0    0    0    0   49    0    0    0    0   46    0    0    0    0    0   47    0    0    0    0    0    0    0   50   48    0    0    0    0   44    0   45    0   48   48    0  
   0    0   45    0    0    0   49    0    0    0   44    0    0    0    0   46    0    0    0    0    0    0    0   47    0    0    0    0    0    0    0    0   50    0    0    0    0    0   48    0   44   44    0   44    0    0    0    0    0    0  
   0    0    0   50    0   48    0    0    0    0   50    0    0    0    0    0    0    0    0    0    0    0    0   48    0    0    0    0    0   46   48    0    0    0   44    0    0    0    0    0    0    0    0    0    0   47    0    0   49   45  
  50    0    0    0    0    0    0   50    0    0   45    0    0    0    0   47    0    0    0   44   44    0    0    0    0   48    0    0    0    0    0    0    0    0    0    0    0   46    0   44    0    0    0   49    0    0    0    0    0    0  
   0    0    0    0    0   47    0    0    0   45    0   49    0   50    0    0    0    0    0    0   48   44    0    0   45    0    0    0    0    0    0    0    0    0   45    0    0    0    0    0    0    0    0    0    0    0   46    0   45    0  
   0    0    0    0    0    0    0    0   44    0    0    0   44    0    0    0    0    0   44    0    0   44    0    0    0    0    0    0    0    0   49    0    0    0   50    0    0    0    0    0    0   45   46    0   47    0   48    0    0    0  
   0    0    0    0    0   48   45    0    0   46    0    0    0    0    0    0    0    0    0    0    0    0    0    0    0    0    0   49   45    0   45    0    0    0    0    0    0    0   48    0   50    0    0    0   47    0    0   44    0    0  
   0    0    0    0    0    0    0    0    0    0    0    0    0    0    0    0    0    0    0    0    0    0   48    0    0    0    0   44    0    0   50   49   46    0    0    0    0   44   50    0    0    0    0    0    0    0   45   47    0   44  
   0   45    0    0   47    0    0    0    0    0    0    0    0    0    0    0    0    0    0    0   46   44    0    0   48   47   45    0    0    0    0    0    0   49    0    0    0    0   50    0   47    0    0    0    0    0    0    0    0    0  
   0   47    0    0    0    0   49    0    0    0    0    0   45    0   49    0    0    0    0    0    0    0   46    0   44    0   44    0    0    0    0    0    0    0   47    0    0    0    0    0    0    0    0    0    0    0    0   50   48    0  
  46    0    0    0   50    0    0    0   44    0    0    0    0    0    0    0    0    0    0    0    0    0   46    0    0    0    0    0    0    0    0    0    0    0    0   48   45    0    0    0   45    0   47   45    0    0    0    0    0   49  
   0    0    0    0    0    0    0    0    0    0    0    0   46   50    0    0    0    0   47    0   47    0    0    0    0    0    0    0    0    0    0   45    0    0    0    0   49    0   47    0    0   48    0    0    0    0   47    0   44    0  
  50    0    0    0    0   48    0    0    0    0   45   47    0    0    0    0    0    0    0    0    0    0    0    0    0   45    0    0   50    0    0   44    0    0    0    0    0    0    0   49    0    0    0    0    0   46    0    0   50    0  
   0    0   49    0    0    0    0    0    0   44    0    0   47   48    0    0    0    0    0   49    0    0    0   49    0    0   45    0   45    0    0    0    0    0    0    0   50    0   46    0    0    0    0    0    0    0    0    0    0    0  
  44   47    0    0   49    0    0    0    0    0    0   48    0    0    0    0    0    0    0    0    0    0    0    0    0    0    0   44    0    0    0    0    0    0    0    0    0   48    0    0    0   50    0   46   48    0    0   45    0    0  
   0    0    0    0    0    0    0    0    0    0    0   48   47    0    0   47   47   45   45    0    0    0    0   46    0    0   49    0    0    0    0    0    0    0    0    0    0    0    0    0    0   44    0   50    0    0    0    0    0    0  
   0    0    0    0    0    0    0    0    0    0    0    0   49    0    0    0    0   44    0   46    0    0    0   48    0   45    0    0    0    0    0    0   44   50    0    0    0    0   45   47    0    0    0    0    0    0    0    0   49    0  
   0   46    0    0   49    0    0    0    0    0    0    0   45    0   50    0    0    0    0    0    0    0    0    0    0    0    0   47   50    0    0   48    0   45    0    0    0    0    0    0    0    0    0   44    0    0    0   49    0    0  
   0    0    0   47    0    0    0    0    0    0    0    0    0    0    0    0   44   48    0    0    0    0   49    0    0    0   46    0    0    0    0    0    0    0    0    0    0    0   47   50    0    0    0    0    0   49    0   45    0   47  
   0    0    0    0    0    0    0    0    0    0   45    0    0   47   48    0    0    0    0    0    0    0    0    0    0    0   46    0    0    0   44    0    0   50   50    0   47    0    0    0   49    0    0   47    0    0    0    0    0    0  
  48    0    0    0   44    0    0   46    0    0    0    0    0    0    0    0    0    0   49    0    0    0    0   48    0   47    0   45    0    0    0    0    0    0    0    0   50    0    0    0    0    0    0    0    0   47    0    0   48    0  
  44    0   49    0   46    0    0    0    0   47    0    0    0    0    0   48    0    0    0    0    0    0    0   49   49    0   50    0    0    0    0    0    0    0    0    0    0    0    0   45    0    0    0   44    0    0    0    0    0    0  
   0    0    0    0    0    0   46    0    0    0    0    0    0    0    0    0    0    0    0    0   44    0    0    0   47    0    0   49    0   50    0    0    0   47    0    0   47    0    0   50    0    0    0    0    0   48    0   45    0    0  
   0    0    0    0    0    0   50    0    0    0    0    0   46    0    0    0   44   44    0    0    0    0    0    0    0    0   47    0    0    0    0    0    0    0    0   49    0    0    0    0    0    0    0   48    0   45    0   47   49    0  
   0    0    0    0   49    0    0    0    0    0    0   45   45   48    0    0    0    0    0    0    0    0    0   46    0    0   46    0    0    0    0    0    0    0    0   44    0   47    0    0   49    0    0   50    0    0    0    0    0    0  
   0    0    0    0    0    0   49    0    0    0    0   44    0   50    0    0    0    0    0   49    0   47    0    0    0    0    0    0   49    0    0    0    0   48    0    0    0    0    0    0    0   45    0    0   49    0    0    0   46    0  ] 
BUDGETS : [    5   11   20   24   26   27   28   36   36   37   41   43   44   47   51   52   54   55   59   62   69   69   74   76   78   79   80   81   81   82   83   89   89   90   91   93   97   99  100  104  104  104  106  108  110  111  112  113  113  116  117  117  120  122  122  124  124  126  126  127  133  134  137  137  139  139  140  142  142  143  145  147  147  149  150  157  158  159  162  163  169  170  170  170  171  174  175  177  179  182  187  190  190  191  192  193  194  197  197  198  ] 
