K : 100
I : 10
PREFERENCES : [    6    9    9    9    8    8    7    7    7   10  
   9    6    8    8    8    7   10   10    8   10  
   7    9    8    7    7    7    7    8    6   10  
   7    7    8    6    7   10    6    7    9    9  
  10    6   10    8    9    7   10   10    7    9  
   6    8    7    6    6    8    9    8   10    8  
  10    6    6    7    8    6    9    6    9    6  
   6    6   10    9   10   10    7    8   10    6  
   6    8   10    6    6    7    6    9    6    6  
   8    7    6   10    8    6    7    9    7   10  
   7    9    6    7    7   10    8    7   10    6  
   7    8    7    9   10    6   10    9    9    9  
   7   10    9   10    8    6    6    9    9   10  
   9   10    8   10    6    8   10    7   10    7  
   6    7    7    7    6   10    8    7    6    9  
   9    8    7    9   10    8    9    9   10    6  
   6    9    9   10    9    8   10    7    9   10  
  10    6    9    6    6    8    7    6    8    6  
  10    6    6    9    7    6    9    7    8    6  
   7    8    7    7   10    8   10    9    7    6  
   8    9    7   10    6    9    8    9    9    9  
  10    9    9   10    7    9   10   10    8    6  
   6    9    7    9   10    6    6    8    8    6  
   7    8   10   10    7    6   10    7    9    8  
   8    6    9    8    8    9    6    9   10    7  
   6   10    9    8    6   10    7    7   10   10  
   9    6    7    7    6    7    6   10    8   10  
  10    8    7    9    8   10    7    7    8    6  
   7   10    6    9    8    6    9   10    9    9  
  10    9    7    7    8    7    6    7    7    8  
   7    9   10    8    8    8    8    6    8    8  
  10    9    8   10    6    7    9    9    8   10  
   7   10    8    6   10    6   10    6    9    9  
  10    9    7    9   10    6    9    9    8    8  
   9    8    8    7   10    9   10    9    6    6  
   6   10    7   10    8    7    9    7   10    6  
   9   10    8    8    9    7    9    6    8    7  
  10    7   10    9   10    7    6    7    8    8  
   8    6    9    9    9   10    6    9    7    8  
   7    6    7   10    8    9    9    6    6    9  
   6   10   10   10   10   10    9    7   10    8  
   9    6    7   10   10    8    8    7    6    7  
  10    6   10    6    6   10    7   10    9    8  
   6    9    8   10   10    7    8    6    6    9  
   9    9    6    6    7    8    8    8   10    8  
  10    9    8    6    7   10    7    8    8    9  
   6    6    9    8   10   10    7    9    6    7  
   8    9   10    7    7    7    8    6   10    7  
   8   10    6    9    8   10    7   10   10    8  
   7    7   10    9    6    9    9    6    7    8  
   9    9    9    7   10    6    9    8    7    9  
   8    6    9    6   10   10    6    7    6   10  
   6   10    6    7    9   10    6    8    8    6  
   9    7   10    8    9    7    7    9    9    6  
  10    6    9   10    9   10    7    8    6    6  
   9   10   10    6    7    8   10    7    8    7  
   8    7    6    8    6    9    8   10    7    8  
   9    7    7    7    8    7   10    7    6    6  
   9    9   10    6    6    6    8    9    6    7  
   6   10   10   10   10    9   10   10    7    8  
  10    9    6    7    6    8    9    6    6   10  
   6    7    6    9    9    8    8   10    8   10  
   9   10    9    6   10    8   10    9   10    7  
   7    8    6    9    9    9   10    9    7    7  
   9    8    9    7    6    8    7   10    8   10  
   6    8    7   10    9   10    6    6   10    9  
   7    9   10    8    7   10    8    6    6    8  
   9    7    8    9    6    8   10    9    9    9  
   9    6    8    8    7    8    6   10    7    7  
   8    6    7    6    7   10    6   10    7    9  
  10    6    6    7    6    6    8    8    8    9  
   9   10    8    8    6    9    9    7    7    6  
   7    9    9    6    8    9   10    7    8   10  
   6    8    8    9    6   10    6    7    8   10  
   6   10    7   10    9    7    8    7   10   10  
   9    6    6   10    7    8    7    9    9    9  
   6    7    9    8    8    9    9    9    9   10  
   6    8   10    7    8    8    9    8    8    8  
   8   10    6    6    9    6    8    6    7   10  
  10    8    7    6    8    8    7    8    7    9  
   6    6    6    7    8   10    9    7    6    6  
  10    8    7    7    6    7    8    8    8    9  
   6    7    6    8    7   10    9    9    7    9  
   9    9    8    7    8    9   10    9   10    6  
  10    9    8   10    9   10    6    9    7    9  
  10   10   10    7    6   10   10    9    7    8  
   9    8    9    9    9   10    9    7    6    9  
   9    6    9    8   10    7    8    9   10    6  
   9    8    6    9   10    8    7   10    8    8  
   7    6    7    9    6   10    7    8    6    7  
   6    6    6    7    9    8   10    6   10    7  
  10    7    6    9    8    8    7    9    9   10  
   9    7    9    6    9    8    9    6   10    9  
   8    8    8    7    8    9    6    9   10    9  
   9    6    7   10    8    7    7    6    6    7  
   9    6    9    8    8    9    7    6   10   10  
   7    8    6    6    9    9   10    7    9   10  
   9    6    7    8    9    9    8    9   10   10  
   6    8   10    6    9    6    7    9   10   10  
   7   10    7    6    7    6    9    6    8    9  ] 
BUDGETS : [    3    6    7    7   12   13   14   15   15   19   24   24   25   25   26   27   27   28   32   32   35   38   39   39   39   40   46   46   48   50   51   51   54   58   59   61   61   62   62   66   70   74   74   75   75   80   81   85   86   89   90   91   94   95   96   98  103  103  104  105  105  109  110  110  111  111  112  114  120  120  122  124  125  127  127  129  129  134  136  138  149  151  158  168  173  177  178  178  179  179  186  187  187  188  192  195  195  197  199  200  ] 
