K : 100
I : 50
PREFERENCES : [   45   18   35   32   45   44   50   34   25   41   37   14   22   39   24   15   13    4   47   12   17   19   26    9   28   27   33   29   42   20   36   49   23   46    7   43   36   38    6   22   21   40    5   11   31    8   30   10   16   48  
  24   13    6   50   28   46   17   30   49   43   43   39   40   34   48   21    4   20   14   19   36   20   15    5   25   10   44   34   31    9   41   22    8   45   23   26   37   38   12   16   47   33   42   35   18   27   29   11   32    7  
  34   49   42   15   25    4   14   38   18   30   20   39   24   28    8   23   26   46   19   10   40   21   37   36    7   48   50   29   22    6   10   33   16   11   45   35   13   43   41    9   32   27    5   36   31   17   23   12   47   44  
  28   26   43   17   37   12   33   27   39    8   15   25   18   47    6    9   44   49   20    4   48   16   31   41   30   29    9   21   45   42   22   19   13   40   24   38   23   49   35   36   10   14   32    7   46   11    5   26   50   34  
  39   46   24   34   35    4   19   27   17   42   43   28    6    5    7   26   15   22   44   23    8   25   30   32   49   20   37   38   14   18   10    9   33   49   11   31   21   12   29   50    7   41   47   24   45   13   40   16   36   48  
  18   45    5   28   45   44   14   50   31   21   46   32    6   24   30   23   20   47   41   49   19   16   33    8   13   36   10   27   25   15   42   43   38   35   29   48   11   37   42   22   39   17   12   26   20    4    9   40   34    7  
  46    6    5   11   29   28   27   26   48   23    9   24   39   22   50   10   43   31    4   33   21   40   13   15   21   35   38   42   36   12   34   49    8   41   47   38   19    7   44   32   30   16   14   37   12   20   18   45   25   17  
  13   18   50   23    6   39   14   32   47   46   16   36   17   49   43   28   35   27   19   15   10   31   44    5   30   10   24   26   43   38   11    9   12   41   42   29    8    4   33   48   48   34   22   25    7   37   21   40   20   45  
  45   27   31   35   25    9   15   50   44   16   29   19   44    5   13   26   11   12   43   33   37    8   18   42   22   26   34   46   49   47   33   17   14   48   10   32   36   24   28   41    7   39   21   23   40   30   20    6   38    4  
  27   23   12   20   40   21   11   14   24   30   41    8    4   36   49   35   22   30   50    9   26   31   15    6   39   13   48   17   32   37   34    8   29   25   19   39   10   47   38    7   44   16   45   33    5   28   46   18   42   43  
   9   50   38   49   48   20   37   15   42   35   12   39   46   16   17   41    4   29   50   43   14   30   10    5    7   22   36   44   21   12   24   11   32   47   34   18   19   27   23   45   33   15   31    6   26   13   28    8   25   40  
  11   10   16   17   38    8   46   18   24    9   33    7   49   39    4   41   25   27   20    6   12   29   44   30   35   23   48   34   27   45    5   42   21   14   47   40   46   32   36   37   27   26   50   19   15   31   22   13   28   43  
   9   49   29   28   18   26   40   25   14   12   16   38   22   27   21   32   34   33   36   31   17   46   15   11    6   35   30   23   28   42   37    5   19    8   44   43   50   46   39   23   45   24   41   47   10    7   13   20   48    4  
  19   40   30   10   12    6    7    5   38   23   44   37   25    4   30   20   43   50   13   26   16   39   28   33   46   15   22   14   36   34   31   27   21   14   29   32   24   42   18   48   49   13   11   41   47    8   35    9   45   17  
  23   35   47   46   43   42   29   43   19   11   20   48   41   36    4   45    8   39   31    9   15    6   44   30   26   14   28    5   17   22   30   12   33   13   34   49   10   16   19   18   21   37   40   27   24   32   50   38   25    7  
  26   31   34   46   12    5   27   21   41   17   14    9   33   32   19   45   23   40   24   43   15   28    6   13   50   20   37   25   42   38   14   39    7   29   47   49    8   18    5   36   48   11    4   16   22   10   30   46   35   44  
  31   32   19   26   43   40   15   47   48   34   30   49    9    4   20   36   50   17   12   23    7   29   14   35   28   37   27   25   21   24   13   44    5   16    6   41   42   46   22   39   47   10   38   11   45   33   39   24   18    8  
  30   37   21   38    9   33   49   39   27   26   32   48   22   15   36   46   34   16   11   49    5   14   41    4   18   45   42    9   13   44   23   10   31    8    7   45   20   35   24   28    6   29   40   47   17   25   50   19   43   12  
  24   22   10   43   50    9    6   47   14   16   29   23   13   49   40   50   18   19    8   20   11   21   44   33   38    4   48   46   25   12   36   32   26   27   23   35    7   30   39   42    5   28   41   34   15   28   31   45   37   17  
  21   25   37   34    5   47   10   40   29    7    6   35   16   46   42   27   13   45   49   43   18   32   44   12   11    8   17   48   36   26    7   28   19   14   49   50   20   31   30    4   39   41   33   22   27   23   38   15    9   24  
  41   25   47   16   40   24   31   46    9    7   37   20   14   28   17   39   22   29   50   11   26   34   19   32   49   44   33   35   36   47   27   43   48    6   15    8   38    5   10   45   42   13   23    4   18   41   21   12   17   30  
  12   29    4   13   33   48   41   21   24    8    5   34   46   31   47   11   38   22   26   17    9   14   16   28   32   40   43   25   50   19   27    6   36   20   37    7   15   35   39   31   18   24   30    7   49   42   44   23   10   45  
   6   20   46   45   49   14   39   35   29   34   37   17    9   20   10   21   24    5   41   40   26   18   42   50   25   47   11   33   36   27   31   38   15   12   22   28   15    4   30   13   48   49   23   32   19    7   44   43    8   16  
  46    6    7   12   45   24   44   18   39   41   28   17    5   38   34   14   29   31    8   35   32   30   44    4   40   43   48   21   33   27   20   23   10   36   16   11   37   47   26   25   19   16   13    9   42   49   49   15   22   50  
   9   14   28   35   43   17   29   25   21   47    5   15   18   39   49   17   50   46   48   33    6   40   37   13   30   23   31   36   24   31   38   41    8   16   12   32   42   27   34   10    7   20   45    4   11   44   27   26   19   22  
  27   44    8   49   23   11   13   25   34   21   15   14   28   48   39   26    7   20   40   16   31   24   38    6   10   41    4   29   47    9   43   30   42   13   22   36   19   46   50   47   17    8   35   33   12   37    5   18   45   32  
  20    9   37   11   48   32   19   27   30   21   44   19   34   28   23   14   16    8   18   38   17   39    5   22   39    7   36   35   50   37   15    4   43   41   13   26   24   49   31   10   29   40   45    6   46   42   47   12   33   25  
  10   26   28   34   43   47   41   27   40   15    4   21   18   39   14   12   25   16   35   23   29   13    6   24   32    6    5   48   22   49   33   38    9   37   31    7   45   50   44   20   36   19   42   11   17    8   30   33   46   20  
  47    6   22   46   45   19   29   18   14   49   43   31   38    4   13   21   39   17   30   50   23   34   40   20   31   24   31   34   16   42   44   48   12   27   36   28   41   15    5   33   26    8   11   32   37    9   25    7   10   35  
  47   20   46    8    9   13   33    5   30   22   24   36   29   41   21   14   40   31    8   18   39   10   26   11   15   28   32   49   43   45   27    6   50   16   37   12   34    4   24   42   44   25   35   48   38    9   19   17    7   23  
  39   25   50   47   48   45   19   44   12   31   14    6    7   46   26   43   10   12    4   15   33   24   49   32   36   22    5    8   21   27   17   42   34    9   35   40    7   16   37   30   29   15   20   13   41   38   28   23   11   18  
   5   41   17   26   20   30   23   39   35   38   13   44   32   24   28   13   31   48   19   36    7    4   33   14   10    8    9    6   18   12   45   43   29   50   40   49   46   30   42   16   37   34   28   25   47   11   21   15   22   27  
  14   17    6   10   18   48   23   25   21   20   16   31   44    9   47   41    7   11   38   49   29   36   32   45   39   19   27   46   18    8   42   26    5   12   33   28   30    5   37   13   34   50   22   21   43   24   35    4   15   40  
  45   39   15    6   42   48   40   42   44   31   28   46   36   50   40   32   34    7   17   22   18    9   33   12    8   37   14   43   26    4   18   23   27   16   47   13   29   35   21   24   20   25   30   19   38   10   49   41    5   11  
  14   17   37   38   45   11   19   10   35   42   36   20    8   33   34    5    9   17   30   31   26   32   29   46   18   40   23   28   16   49   44   22   27   47    6    5   39   12   42   43   25   15   48   13   21   50   41    4    7   24  
  30   11   21   16   49   18   31   25   27   39   26   12   44   38   15   13   35   10   48   50   20    4    6    7   42   17   40   23   43   24    9   14   46   27   28   33   31    8   32   47   22    5   45   41   34   19   36   37   47   29  
   4   22   26   20   24   48   12   14   40   39   29   49   38   17   43    6   45   30   28   32   21   23   14   35   11    7   15   18   13   34   31    4   19    4   42   50   46   10   16   44   25   36    9   37   33    5   27   41    8   47  
   7   40   26    4   11   39   47   30   44    9   19   42   34   50   32   33   49   48   16   41    6   13   18   28   10   22   48   37   46   17   12   31    5   15   43   36   21    4   45   24   23   20   25   27   35   29   14    7   38    8  
  18    4   42   29   16   30   23   17   45   50   19   11   24   14   32   25    5   13   28   20   34   36   33   21   31   47   40    7   48   12   43   44   27   10    8   21    9   46   39   41   26   49   35   38    6   24   15   37   22   49  
   8   31   44   46   17   22   16   43    6   13   14   19   33   10   28   32   27   37   45   38   24   18   47   25   34   21    7   43   10   26   20    5   49   36   40   50   41   48    4   29   11   23   23   42   39   35    9   15   12   30  
  26   23    7    4    8   28   27   21   20    6   49   44   50   10   21   15   36   17   46   29   10   41   16   11   32   25   14   19   30   39    9    5   40   35   48   45   47   12   22   31   37   13    9   43   18   42   33   24   34   38  
   5   10   43   22   28   26   36   17   16   15   41   25   19   50    7   30   49   18   47   27   23   45   33    6   42   39   21   13   35   10   20   14   22   48   34   40   31   32   37   29    4    9   44   11   46   12   40   38    8   24  
  23   13   19   36   29   17   45   31   20   44   46   26   28   49   18   24   22    8   10   38   15   34    6   33   48   30   35   50   28   43   40    5   28    9   16   14   37   47    4   39   50   12    7   41   21   42   27   11   32   25  
  26   37   47   45   17   33   32   50   46    5   30   11    4   12   41    8   42   35    6   16   48   13   27   37   29   10    9   31   43   21   38   28   36   18   34   44   40   26   15   19   49   36   23    7   14   24   22   25   39   20  
  24    7   31    9   22   35   32    4   29   37    5   36   14   46   27   28   30   19   48    8   40   29   13   17   23   47   45   10   34   50   38   39   44   18   20   43   26   11   45   29   15   42   41   12   33   16   49   25   21    6  
  24    8   37   43   22   25    4    6   43   32   13   47    5   14   23   15   26   42   19   46   31   37   39   48   17   11   18   45   33   20   21   30   34    7   50   28   36   40   44   33   35    9   16   27   38   12   49   41   29   10  
  37   30   44   12    8   20   23   15   36    7   17   48   22   45   14   24   43   11   33   50   27   29    4   42   39   10   49   38   41   16    9   40   26   27   25   31   34    5   46   42   21   19   32   47   13    6   18    7   35   28  
  16   15   18   46    6    4    7   13   19   45   49   48   26   47   23    8   35    9   42   43   37   24    5   30   44   11   28   27   33   20   32   38   17   22   39   14   12   40   31   25   29   48   34   10   41   36   36   48   50   21  
  32   22   23   14   17   37   43   29   24   15   46   41   25    9   12   33   44    4   45   31   21   33   16   36   40   48   35    7   20   11    8   30   39   34   10   42   19   49   27    5   50   47   26    6   13   39   18   28   38   16  
  40   23   25   35    7   31   28   16   49   17    8   30   27   39    5   19   20   39   43   11   10    4   15   32   47   41   38   37   33   44   50   26   36   34   18   48    9   22   24    6   12   42   29   21   14   13   45   37   34   46  
  50    8   45   20   40   25   42   22   15   36   47   20   39   37   30    4    6   24   34   27   43   11    5   21   16   33   32   18   26   28   14   23   13   41   19   48   49   31   24   46   49   35   10   12   17   29    7    9   38   44  
  13   48   38   47   26   23   16   35   50   49   31   25   32   19   30   20   33   45    5   41    8   14   43   21   44   24   17   28   29    4   37   49   18   11   30   21   40    9   36   22    7   42   15   27   34    6   46   12   10   39  
  18   30   15   37   48   17   11    6    7   23   13   36   12   33   10   31   17   49   40   25   45   16   22   24   19   41   29   42   47   44   21    8    5   39   38   20   27    9   32   26   46   43    4   14   34   28   35   17    5   50  
  24    5   28   44    8   33    5   26   15   48   23    9   35   11   36   45   13   31   17   20   41   42   27   34   37   16   19   29   49    7   29    7   22   46   50   21   10   40   38   12    6   30    4   14   47   43   39   32   25   18  
  14   42   19   44    8   33   38   13    4   14   36    9   45    7   35   11   17   49   41   22   34   50   16   48   43   32    6   31    7   23   12   46   30   47    5   29   25   47   10   37   15   21   39   18   40   27   28   26   20   24  
  22   26    9   24   32   38   31   42   14   29   18    7   19   30   45   48    5   36    4   15   43   28   50   17   40   25   21   34   27    8   35   14   41   46   20   12   11   37   47   39    6   23   33   49   10    8   44   38   13   16  
  27   15   39   50   26   25    8   17   48   12   21   28   13   20   33    5   36   46   44   11   47    9   45   32   43   42   23   41   40   45   37   14   12   49   19   22   31    7   29   16   18    6   30   10   35   38   24   15    4   34  
  49   45   17   48   22   14   28   36   27    9   30   15   31   46   21   25   50   40   34   18   11   44   41   26    8   35   23   32   33    7   43   38   20   13   42   41   46    5   16   37   19   24    4    6   47   10   34   39   12   29  
  10   39   37    5   12   40    8   38   15   10   49   31   17   41   35   36   27   19   48   26   44   16    9   18   43   45   30   33   22   34   21   49    4   20   42   11   13   32   14   46   29    6   24    7   25   47   23   50   28   13  
  40   31   44   48   11   14   50   10   24   22   41   21   24   25   49   27    5   38   20   13    7   29   43   34   45   15   42    4   26   35   30   28    8   46   33   18   39   17   16   19    9   41   37   36    6   32   47   23   25   12  
  34   46   43    6   30   22   37   18   31   39    9    8   50   37   26   11   29   40   10   15   13   16   14   20   32    7   48   17   12   49   47   42   28   33   44   23   41   45   38   21   24   19   27   25    5   36   26   16   35    4  
  39   16   32   18   47   38   35   30   45   22   26   29   24    8   50   10   31   28   49   12    9   27   30    5   17   41   33    7   48   11   41    8   37   20    6    4   40   43   23   15   46   44   13   34   19   25   42   36   14   21  
  23   35   41   43   42   45   20   12    6   30   47   17   26   13    7   38   49   33   18   40   34   14   27   19   16   11   32   45   24   25   39    4   10    5   44   34   22   29   21   31   16   46    8    9   28   15   48   37   50   36  
  15   19    8   33   17   42   16   44   46   11   50   10   37   28   24   40   39    9   43   38   32   49   18   20   41   26   47   36   30   21   45   35   38   31   23   22    7   48   13    4   14   34   25   30    6   33   12   27    5   29  
  13   47   39   16   50   45    8   27   22    6   31   32   12   18   48   35   36   49   44   23    7   34   24   30   25   26   15   33   38    4   41   43    5   10   20   17    7   14   48   28    9   19   29   16   42   40   46   37   21   11  
  31   48   47   20   17   11   29   49   49   33    5   45   28    4   32   24   15    7   42   38   35   40   41   14   23    8   37   43   34   39   50   12   46   27   33   25   22   21   30   16   26   49   44   19    6   13    9   18   36   10  
  25   12   21   24   10   42   39   18   40   27    8   38   37   17   29   36   11    5    4   23   48   29   18   22    9   32   29   30    7   50   34   43   16   28    6   49   20   44   31   45   13   47   41   15   33   26   35   19   14   46  
  36   13   20   22   35   39   30   12   44   11    9   17   41   16   14    7   49   10    5   16   31   23   42   50   34   26    6   32   48   46   29   38   24    4   28   10   47   37   21   18   33   27   37   40    8   45   19   15   25   43  
  39   26   20    4   35    5   31   13   30    6   11   37   26   42   33   22   17   12    9   47   34   14   32   29    8   48   19   28   44   36   45   16   41   38   25   24   18   10   50   23   46    7   49   15   40   26   33   21   27   43  
  24   18    6   32   38   20   34   46   33   40   35   45   26   31   50   11   37   36    8    9    7    5   21   41   22   27   14   43   42   47   49   39   48   13   17    4   18   12   19   25   46   30   29   28   16   23   10   15   44   40  
  42   28   44   35   27   25   17   25   34   41   29    8   16    5   37   46   19   11   40   50   38    4   20   10   43   24   33   12   22   36   23   48   14   32   13   31   37    7   18   21    6   39   47   49   26   45    6   30   15    9  
  39   34   38   17   35   26   21    7   50   28   42   12   19   31   41   14   43   24   40   10    5   44   48   49    6   47   37   13   15   30   32   31    9   33   46    8   18    4   27   25   29   36    4    7   16   23   11   20   22   45  
  29   18   37   50   31    5   19   15   36    8   17   39   16   25   25   30   32   40   13   33    6   41   28   46   39   44   27   26   23   42   22    4   45   43   34    7   49   12   48    9   35   27   11   47   21   10   14   24   20   38  
   9   16   38   41   31   26   33   47   22   10   20   25   24   37   34   29   19   43   42   50   13   39    4   11   48   15   21   40   28   13   14    5    7   44    8   36   30   45   46   12    6   18   17   27   35    6   32   49   40   23  
  37   36   25   42   35   28   29   49   20   34   32   24   48   14   16   12   47   18   43   26   44   36   17   34   30   41   45   15    4   10   13    5   40   39   15   50   33   19   11    9   27   31    7   22   23    6    8   38   21   46  
  17   11   14   23   36   37   47   31   25   36   15   41   24   21   26   28   45   49    6   29   35   45   12   38   43    9   39    5    7    8   10   30   48   33   46   13   18   16    4   20   34   44   42   22   32   10   40   27   50   19  
  41   24   25   50   26   36   34   10   31   16    4   38    6   23   28   29   22   44   32    9   42   40   18   20   21   11   39   12   41    7   41   35   17   46   49   14   27   47   48    8   30   43   22   45   15   33   13    5   37   19  
  12   21    5   40   32   37   10   49    8   36   11   38   46   50    9   18   45    9   13    6    4   33   44   39   40   27   20   35   28   34   22   29   14   24   19   41   16    7   43   15   47   30   17   26   48   31   25   42   23   24  
  27    4   13   26   48   10   50   33   37   32   44    6   29   42   17   30   48   21    9   19   41   16   46   23    5   45   43   33   28   36   34   39   12   22   31   18   49    7   11   35   29   40   47   15   38   20   14    8   25   24  
   9   13    6   34   45   40   12   46   19   22   27   18   33   48   38   47   28   14   39   35   10    5    8   32   24   25   50   24   30   20   43    4   16   26    7   15   23   31   21   49   42   37   47   41   17   36   36   29   11   44  
  16   32   50   20    6   46   28   43    7    8   26   36   23   38   48   27   49   40   21   22   12   44   47   30   17    5   10   42   14   11   25   33   44   19   34   31    4   41   24   13   45   44   29   39    9   13   37   18   15   35  
  50    6   49   45   30   18   22   17   19    8   41   42   43   38   36   18    5   44   21   34   40   48    9   46   26   27   31   15   25   33   35   13    7   19    4   46   14   10   37   11   32   20   39   12   28   29   16   24   23   47  
  33   48   23   46   50   20   42   25   28   41   50   24   12   14   16   38   47   19   36   21   31   15    5   22    4   35   39   27   32   49    9   17   43   44   10    8   19    6   40   34   30    7   29   13   37   26   11   45   18   16  
  12   34   36   26   16   42   23   25   45   43   40   18   50    8   33   28    9   14   24   11   35   17   41   30   46   13   47   27   25   29    4   31    7   21   32   22   48   17   39   21   20   49   38    5   44   15   19   37    6   10  
  37   17   15   21   14   40    9   46   47   30   33   35   38   19   24   44   41   29   11   20   27   32    5    4   43   41   31   39    7   22   50    8   45   26   10   25   23    6   49   34   48   34   42   44   13   18   28   16   12   36  
   8   17   30   35   16   36   31   15   41   35   42   18   12   27   26   13   43   14   25    4   40   47   37   20    5   45   29   21   44   33   38   49   48   49   22   23   39   10    6   19   24   15   34   11   50   46   28    7    9   32  
  40   35   49   12   11   46   31    6   13   41   20    8   21   27    5   39   33    9   30   43   47   10   48   42   27   45   29   44   17   24   24   22   26   34   36   32   50    7   14   18   23   26   19   15   38   16   37   28    4   25  
  26   40   35   27   32   19   34   18   44   17   14   39    9    5   22   21   37    6    9   12   38   28   50   24   11   47   10   27   30   43   36   29   23   31   49   41   20   48    4    8   42    7   33   45   13   25   15   46   16   36  
  29   46   32   38    7   37   41   39    6   28   14   35   50   24   27   11   40   17   45   22   47    5   42   16    8   36   10   43   30   23   25   48   13   20   35   31    9    4   21   34   37   26   44   15   33   42   19   12   18   49  
  48    8   12   31   28   38   47   34   22    5    9   26   24   11   33   27   41   10   18    7   20   19   35   13   30   42   17   25   44   14   37   46    5   38   39    6   16    4   15   49   40   45   43   36   23   50   29   12   32   21  
  30   42   49   15   40   26   43   28   35   32   18   45    9   48    7   33   37   46   24   47   12   25   39   27   20   36   29   19   38    7   31    4   23    5   22   39   41   17   50   21    8    6   11   10   34   44   13   37   14   16  
  27   23    9   17   42   43    4   22    7   21   34   25   31   13   40   12    8   43   47   46   30   32   18   41   29   50   45   11   16   35   36    5   49   48   38   33   28   39   15   14    6   24   44   32   26   10   19   20   37    7  
  11   37   16   39   45   41   13   17    9   30    5   22   31   44   40   12   21   48   47   19   34   29   24   49   42   23   38   10   32   18   28   27   36   25   43    7    4   35   26   14   50   15   27   16    8   48   20   33    6   46  
  41   31   17   18   15   48   20    4    8   29   16    7   38   23    5   19   50   12   14   25   30   11   46   44   36   26   49   21   24   32   40    9   35   39   47   22   42   33   43   10   27   34   45   37   13   28   11    6   43   49  
  22   27    5   31   25   29    8   36   47   39    4   42   18    9   13    7   11   41   28   10   45   35   38   26   18   50   30   34   48   14   46   40    7   43   12   33   23   32   21   44   49   16   17   20    9   37   24    6   15   19  
  44   23   38   28   14   46   48   15   12   41    7   47   18   16    6   49   10   37   33   44   40   22   13   36    4   32   20   30    9   17   29    8   11   27   42   43    5   24   21   39   26   45   19   31   35   23   34   31   25   50  
   7   26   50   32   22    8   29    6   30   39    4   40   21   48   15   47   42   46   20   44    9   42   45   49   10   14   12    5   25   27   16   23   37   43   13   41   36   28   19   11   37   18   35   17   31   38   33   34   32   24  
  12   33   13    9   47   48   26   25   10   14   15    5   35   20   40   45   24   16   39   17   42   19   18   37   46   43   38   27   29    4   36    6    8   44   21   32   23   34   30   23    7   22   41   49   11   31   50   33   28   29  
  28   36   26   15   20   31   39   19   30    7   44   48   16    4   32   42   40   47    6   10   37   27   38   21   26   17   43   33   23   41   39   13   35   24   34   29   36   45    5    9   25   14   22   46   50   11   49   18   12    8  
  36   32   27   25    9   11    7   50   39   26   15   48   17   34   19   22   43   23   21   28   33   42    5   20   47    6   44   16   45   37   49   18   40   13   29   46   43   10   14    8   38   25   35   24   12   35   30   31   41    4  ] 
BUDGETS : [    6    8   13   14   15   18   19   20   21   22   24   27   28   28   33   33   37   37   38   40   41   43   44   45   45   49   52   55   56   57   59   67   67   67   68   68   70   71   72   73   76   77   77   79   83   84   85   86   89   91   92   93   94   94   94   94   97   98   98   99  102  104  104  106  107  111  111  112  115  115  117  126  127  130  133  134  136  137  142  149  153  153  155  158  161  164  167  169  170  173  174  174  178  178  181  182  184  188  199  199  ] 
