K : 50
I : 50
PREFERENCES : [   34   13    6   21    8   26    4   17   32   16   12   36   25   22   28   38   45   18   19   40    4   27   15   23   31   48   33   31    5   47    9   24   46    7   35   50   22   42   10   41   49   29   20   11   43   37   30   44   39   14  
  17   47   30   13   22    9   46   41   33   43   49   10   35   32   40   34   37   48   44   45   23   20   12    8   25   50   16   24   14   38    4   15   43   34   39   18   31   36   42   25   27    6   29    7   11   26   28   21   19    5  
  44   43   39   24   43    7   44   12   45   27    4   46   22   50    9   15   19   41   29   18   48   13   42   35   21   34    8   31   14   23   11   28   49   20   17   33   40   36   37   38    7   25   30    5   26   47   10    6   16   32  
  43   39   38   19   28   33   42   44   49    9   11   34   13   24   37   36   29   20   30   25   47    4   10   17   45   35    5   14   40   31   32   18    6   46   46   21    5   22   15   27   23   48    8   41   30   26    7   12   50   16  
  19   20   24   30   50    4   45   35   27    9   22   46   11   21   49    5   43   36   12   25   29   47   44    8   37   14   41   16   21   40   23   34   39   43   18   17   31   15   13    7   48    6   26   38   33   42   32   10   28   14  
  35   45   32   41   25   20   26   34   10   21   22   42   24   50   11   27    9    6   14   28   50   48    8   31   30   44   16   23    4   33   39   19   43   49   17   38   13    5    7   40   23   37   18   36   15   47   31   46   12   29  
  43   14   17   37   12   33   40    9   29   25   39   35   32   26   44   11   13   21   22   49   15   45   42   34    5   39   20   41   23   50   47   18   28    7   19   24    8   31   14    6   46   38   48   27   16   36    4   14   10   30  
  42   25   16    6   26    8   11   31   21   46   13   36   30   45   38    4   23   48   47   49   34   43   14   27   20   47   19   39   29   17    5   30   28   46   10   35   37   33   18    9   15   22   50   44    7   41   12   24   40   32  
   8   47   42   46   40   48   32   50   18   34    6   37    7   19   15   16   16   17   10   20   39   37   24   43   33   31   44   35   36    4   25   38    5   13   14   28   41   23   19   30   26    9   21   22   45   11   27   12   49   29  
   7   31   36   50   20   33   34   43    9   21   22   29   47    4    6   24   14   30   10   49    5   44   37   28   42   12   25   32   28   17   45   15   19   46   11   26   48   35   18   21   39   27   41   16   38   50   40   23    8   13  
  36   29   21   49   38   25   20   24   46   10   34   26    8   30   50   14   32   45   17    7   28    5    4   48   43   40   30   44   31   29   39   37    9   47   16   33   11   15   12   18   41   27   23    6   19   22   13   42    7   35  
   5   23   10   25   39    6   42   49   35   22   16   46   20   45   11   32   14    9    8   50   26    4   44   19   43    7   35   47   48   12   15   17   24   38   37   48   31   27   28   18   28   36   41   21   30   40   13   33   34   29  
  50   38   14   45   42   44   39   46   26   20    6   16    8   24   28   40   35   17   18   33   19   11    4   30   25   37   21   47   14    9    5   12   27   43   41    4   10   43   48   49   31   22   36   29    7   34   32   23   15   13  
  15   43   39   44   36   25   29   42   19   27   45    4   11    8    7   25    5   12    6   26   50   24   13   20   23   40   32   33   48   17   31   34    9   21   24   41   38   46   16   28   22   18   47   35   37   14   49   30   10   24  
  33   28   20   17   18   25   12   21   24   26   23   13   11   38    9   49   30   31   41   27   16   15   36   34   34   46   33   50    4   35    8   20   37   40   19    5    6   47   44   32   22   43   29    7   45   39   10   42   48   14  
  42    6   14   31   29   12   21   24   26   41   16   46   49   42   17   25    4   10    5   26   48   34   30   44   15   11    9   33    7   45   27   39   23   32   22   47   35   43   13    8   38   40   28    6   37   18   20   19   36   50  
  30   14   45   43   47   21   24   11   44   19    7   25   12   48   36   28   27   32   20    9   21   33   38   40   22   50   15   16   31    4   29   49   25   42   39   13   18   37   35   17   41    8   46   10   37   34   23    6   26    5  
   4   23   25   32   18   36   30   10   12   24    9   50   48   47   26   37   34   14   45   12   42   21   16    8   38   19   40   41   31   15   28   27   39    6   11   33   29   49   43   22   46   35   41   25    7    5   17   44   20   13  
  16   48   35   24   15   47   33   22   38   25   11   31   21   18    8   10   40   23   44   31   45   19   43   12    5    9   14   28   32   42   31   49   50   17   29   20   37   32   46    4   34    7   36   27   26   41    6   30   39   13  
  39   33   21    8   37   34   24   32   45   30   38   17   12    7   45   46   40   35   19   13   48   26   27    5   29   23   25   15   44    4    9   20   14   47   31   42   16    6   36   41   13   10   28   49   12   18   50   43   11   22  
   5   37   41   18   30   20    8   12   32   16   19   31   26   49   24   10    6    9   46   34   28   17   25   48   40   39   16   11   20   35   43    7   47   44   21   14   50   38   33   29   23    4   13   45   42   27   25   36   15   22  
  39   43   11   19   20   24   30   40   31   36   26   32   27    5   49   47   45   23   48    9   28   38   18   14   50   13   10   25    8   29    5    6   35   33    4   42   22   16   27   17   44   37   46   21    7   34   32   15   12   41  
  36   42   18   24   23   12   30   34   29   22   15   29   32   38   43   45    4   19   40    6   50   28   11   16    8   31   48    5   41   26   44   37   10   17   49   13   39   47   45   46   21    9   25   27    7   33   33   14   20   35  
  33    6   44   38   41   49   22   47   10   36   27   25   30    4   16   28   32   13   11   39   38   43    7   19   46   40   35   50    8    9   44   18   29   24    5   14   26   21   37   17   15   45   29   23   31   42   34   48   20   12  
  33   17   47    9   16   12   49   34   30   14   18   32   10   41   44   15    4   34   22   21   19   39    7   35   25   24   22   33   20   43   26   23   11    6   36   40   46   38   27   50   13   29   31   37   42   28    5   45    8   48  
   4   31   22   45   44   39   48   21   37   45   40   41   23   26   18   42   12   48    9   34   47   24    5   19    8   28   49    6   35   14   30   15   13   43   11   36    7   50   29   10   46   17   20   33   27   32   25   16   38   39  
  34   31   20   30   36   14   47   42   27   11    5   41   36   50   22   40   29   26   44    7   17   35   49   23    9   12   48   24    4   38   27   19   43   46   32   33   16   21   37   25   10   28   15    6   13    4   18    8   39   45  
  33   34   12   16   17   27   23   26   29   30    8   48   13   25    6   12   22   38   43   21   50    5   20   45    9   46   11   39   24    7   44   10   37   18   14   40   26   32   28   42   36   41   49   31   15   19   47    4   39   35  
  30   36   35   23   21   33   41   15   44   19   32   31   39   27   47    6   48   25   22    5   10    9   12   13   18   45   20   26   24   37   14   17   40   11   36   28   46    7   34    6   49   42   29    8   38   43   16   50   32    4  
  13   23   26   50   46   18   28   36   15   31   39   35   11   12   48    4   19   32   19    9   27   32   21   49    8   17   44   38   22   16   10    7   24   25   41   43   47    6   33   34    5   42   45   39   30   14   40   29   20   37  
   8   34   43   45   35   21   17   15   22   50   21    7   41   14   11   18   47   31   20   46   24   37   38   13   33   10   40   48   29   16   26   19   31   27   49   12   23    9   39    6   30    9   42   36   28    5   25   32   44    4  
  36   18   19   13   38    6   49   11   46    4   31   50    5   30   24   14   15   35   25   20   33   12   40   17   32    8   16   21   44   16   23   34   22   48   10   48    9   28   47   42   42    7   39   43   26   27   37   45   29   41  
  47   24   38   15   50   14    4   19   41   28   39   31   20   44   46    8   43   17   18   26   21   35   29   13   36   48   16    7   27   33   23   12   42   37   34   44   40    9   45   33   32   30   49   25    6   11   10    5   22   27  
  22    8   49   16    9   48   17   15    5   33   40   19   11   25   32   34   37   14   27   20   12   10   10   26   23   43   38   41   50   42   45   36   46   13   24   35   18   21    7   27   47   44    4   31   30   28    6   39   45   29  
  37   13   31   26   20   30   40   12    4    6   28   10   23   45   14   47   27   34   38   11   17   21   16   44   22   43    5   19   42    5   48   24   25    8   33   18   36   35   29   39   49   46   50    9   41   14   15    4   32    7  
  14    6    7   40   45   29   24   43   37   20   22   35   17   48   31   50   39   44   33   23    9   22    5   19   10   21    4   42   26   25   18   38   32   47    8   49   47   27   46   41   34    6   15   13   16   28   12   36   11   30  
  17   37   33   32   34   39   31   36   41   40   48    5   45   24   47   25   27   16   44   19   49   50   26   17    8   43   15   21   45    6   27   35   30   13   42   22   23   11   46    7   29   10    9    4   14   20   12   38   18   28  
  42   46    9   43   17   13   35   50   26   24   21   33   47    6   16   40   19   10   48   49   11   44    5   28    4    7   10   22   14   23   12   38    8   22   15   45   18   31   25   30   39   20   18   36   34   27   32   37   29   41  
  26   32   49   33   10   21   38   36   28   12    5   44    8   19   43   23   30   12   28   15   45   14   40    7    6   37    4   16   41   18   27   24   17   20   29   13   47   39   34   25   50    9   35   48   11   22   44   46   42   31  
  46    7   43   42    7   47   35   12   25   18   32   38   27    5    7   44   49   36    8   45   41   39    9   37   31   31   22   15   29   17   50   13   48   21   40    6   14   30   34   33   16   26   20   11   28   24    4   23   10   19  
   5   30   33   11   38   24   43   45   41    7    8   42   34   23    4   22   40   17   28    9   32    6   12   27   16   35   26   50   29   14   44   46   10   48   31   13   44   25   39   20   21   36   18   47   15   37   20   49   29   19  
  20    6   10   41   48   43   39   21   50   34   18   25   45    7   11   22   16   46    4   13   27   28    6   29   47   19   49   14   26   15   32    5   17   33   36   24   35   40   23   31   30    9    9    8   37   12   44   38    9   42  
  37   46   47   12   21   32   27   28   31   30   29    9   35    8    4   24   42   22   12   43   17   13   39   50   38   23   41   40   26   49   16    5   12   33   18   34    6   36   20   25   48   44   15   10   11   45   14   19   45    7  
  48   34   36   21   41   31   42   20   15   33    7   10   29    8   19   13   43   45   14   17   25   39   50   11   35   12   38   32   28    9    5   26   34   42    4   46   37   47   49   24   30   22   35   16   23    6   27   44   40   18  
  26   21   39    9   27   18   19   34   10   46   20   31   32   12    5   30    4   43    5   36    6   16   10   45   33   29   49   28   44   42   47   23   17    8   37   15   25   22   11   41   50    5   13   40   35    7   24   14   48   38  
   7   33    8   23   15   20   10   38   25   17   28   18   39   31   50   43   36   32   47    9   17    5   22   19   14   34   37   30   27   12   44   21   35   29   41   46   48   26   17   24   17   40   13    6   11   16    4   49   42   45  
  28   18   41   27   12    9   36   25   31   24   21   37   46    8   40   26   19   35    6   29    7   13   47   15   32   47   43   33   42   34   49   39    4   17   15   30   20   50   48   10   38   11   16   14    5   23   44   45   22    9  
  50   23    6   31   48   41   37   34   11    5   12   25   36   15   19   38   13   42   24   26   39   43   44   20    8   40   10   28   22   33    7   46    9   47   18   44   30   45   47   49   29   32    4   16   21   17   27   14   35   39  
  23   28   35   20    7   44    7   13   39   45   36    4   21   10   31    6   24   14   12   49   19   41   48   33   33   26   15   46   32   17   37   43   38   42   25    8   22   24   50   27   11   34    5   30   47   16   29   40   18    9  
  42   40   45   28    8   31   47   29   20   46   11   48   18   18   16   43    4   34   37   24   44   19   39   41   30   15   50   25   26   14    6   17   46   32   10   21    5   32   27    9   13   36   22   35   23   49   38   12    7   33  ] 
BUDGETS : [    2    2    6    6    8    9    9   18   20   23   26   27   31   32   35   36   37   39   41   41   42   46   49   58   58   60   60   61   63   64   64   67   71   72   73   73   76   77   79   80   80   81   83   87   88   88   93   93   95   98  ] 
