K : 100
I : 50
PREFERENCES : [   43    0   38   39   43    0   42   38    0    0    0    0    0    0   46    0    0   43   46   42   42    0    0   50   47   50    0    0    0   39    0    0    0   40   44   46    0    0    0   41    0   36    0   37    0   48   45   49    0   42  
   0    0    0    0    0    0   36   40   46   46   50    0    0    0   48    0   43   43    0    0   38    0   48    0   47    0   49    0   39    0   48   41   39    0   44    0    0    0   48   42   41   37   47    0    0    0   49   45   42    0  
   0    0   36   40   37    0   39    0   49    0   48    0   43    0    0    0   46   39   48    0    0   45    0    0    0   47   44    0    0   44   42   39   49    0   37   44    0    0    0    0   39   41   38    0    0    0   50   39    0   37  
   0    0   45   50    0   44   44    0    0    0   39   50   43   44   36   38   38    0    0   41    0    0    0   49   47   40   48   43    0   39    0   50   46   42   47    0    0    0    0    0    0    0    0    0    0   40   37    0    0   50  
  46    0   50    0   41    0   42   49    0    0   38   49    0   48    0   37    0   48   45    0    0   42   47   36   36   50   44   39   40    0    0    0    0    0    0    0   44    0   46    0    0   43   48   46    0    0    0   41    0    0  
   0    0   36   42   49   36    0   45   42    0    0    0    0    0    0   46   47   50   40   39   37    0    0    0    0   42    0    0    0   45    0   42    0   37    0   44   39   43    0    0   47    0   49   48    0   41   38    0   42    0  
   0    0   44   41    0   39    0   42    0   47   44   46   40    0   40    0    0   45   37    0   45    0    0   39    0    0    0   43   49    0   37    0   50    0    0    0   47    0   43    0    0   36   48   38   40    0    0    0   43   43  
  38   38    0   36    0    0   46   45   44   39    0   41   49   50    0    0    0    0    0    0    0    0   49   43   50   42   48    0   47   49   38    0   45    0   40   37    0   36    0   43    0    0    0   38    0    0    0    0   38    0  
  37   39    0   49    0   50    0    0   47   47   46    0    0    0   48    0    0    0   43    0   42    0   41    0    0   38    0   50    0    0   47   49    0    0    0   43   48    0   45   47   36   40   44   42    0    0    0    0   48   47  
  36    0   50   47    0    0   38   42    0    0    0    0    0    0    0   49    0   45   40    0    0    0   50    0    0    0   48    0   49   40    0   44   39    0    0   43   41    0   41    0   39   48   36    0   48   36   37   44   46    0  
  47    0   46   50    0   45    0    0   41   49    0   39    0   44   49   40    0   50   48   36    0   47    0   46    0   47   49    0    0    0   42   38    0    0   46    0   43    0    0    0    0    0   41    0    0   39   37   46    0    0  
   0   41   36   43    0   45    0   44    0   39   46   50   41    0    0    0    0    0   44    0   43   37    0   43    0   44    0    0   37    0    0    0   49   48   38   39   47    0   40    0    0    0    0    0   45   37   43    0    0   42  
   0    0    0   44    0    0    0   48   37   49    0    0   50   46    0    0    0    0    0   44   43   37   36    0    0   38    0    0    0    0    0   36   47   42   36   37   43   40    0   45    0   39    0   43   41   36    0   37   37    0  
   0    0    0    0    0    0   42   39   36   38   46   36   36    0    0    0   49   38   47   42    0    0   41    0    0    0    0    0   50    0   37   37    0    0   44    0   44   50    0    0   44   45    0   40   43   41    0   48   50    0  
   0    0    0   40   46    0   42   45    0   42   38   49    0   50   44    0    0   46    0    0   36    0    0   44   41    0   37   41    0   44   40    0    0   43    0   47    0   44   39    0    0    0   50    0    0    0   44   48    0   42  
  46   47    0   45    0    0   38   36    0    0    0   42   45   46   49   36   36    0   50   41   40   37    0    0   48   36   38    0    0   39    0    0    0    0   43   40    0   50   49    0    0    0    0   50    0    0    0    0    0   44  
   0   47   46   40   49   36    0    0   49   44   41   50    0    0   40    0    0   43    0    0   36    0    0    0    0    0   36    0    0   43   40   39   47    0   42    0    0   37   45    0   48    0    0   42    0   38   38   39    0    0  
  37    0    0    0    0    0    0   50   45   36   42   49   41    0    0    0    0   47   43   50    0   50   45   39   38   45    0   45    0   42    0   37   37    0   46   45    0   48    0   40    0    0    0    0   37    0    0    0   44    0  
  47    0    0    0   43    0   44   37   49    0   45    0   38   46    0   49   39   41    0    0   42    0    0   45    0   41   38    0    0   50   40    0   49   36    0    0   50    0    0   48    0   41    0    0   43   49    0    0    0   48  
  36    0   36    0    0    0   50    0    0    0    0   39   48    0    0    0   43    0   45    0   37   45   46   36    0   36    0   49   38    0   38   40    0    0   47   44   39    0   42   36    0    0   41   49   36    0   38    0    0    0  
  39   40    0   38   37   37    0    0   45    0   48    0   50    0    0   36   43    0    0    0   40    0   42    0   37   44    0   49   46    0    0    0   37    0    0    0    0   37   41   39    0   40   47   48   37    0    0    0   47    0  
   0    0    0   45    0   40    0    0    0   41    0   39   44    0   42   46    0   45    0    0   47   50    0   38    0   36    0    0   45   46   45   50   48   44    0    0   41    0    0    0    0   44    0    0   45    0   37   49   43   41  
   0    0    0   36   37   37    0   46   37    0   45    0   50   39    0    0    0   37   44    0   48   42   44   47   46    0   45   41   43   45    0    0    0    0    0   39   40    0    0    0   49    0   38    0   48    0    0   48    0    0  
   0   42   45    0   46    0    0    0    0    0    0   41   42    0    0    0   37    0    0    0    0   45   38   42   44   49   37    0    0   42    0   39   40    0    0   36   40    0    0   50   42   45   50    0    0   43    0   47   39   48  
  43    0   48   49   47   43    0   41    0    0    0   42    0   36   42   39    0   43   45   37    0    0    0    0   45    0    0   50    0    0    0   43   43    0   40    0   38    0    0   37    0   50    0    0    0   45   44   46    0   37  
  38    0    0    0   50    0   39    0   38    0    0    0   38   37    0    0   45    0    0   47   50    0    0    0    0    0   40    0    0    0    0   41   49    0   50   46   38   42    0   36   44   36   39   49    0    0   43   48   37   47  
   0    0    0    0   43    0    0   37   45   49    0   50   37   48    0    0   50    0    0   39   36   40    0   37   45    0    0   44    0   41   41    0   50   47    0   50   42    0    0    0   47    0   38    0   44   46    0    0    0   50  
  41    0   46    0    0   40   36    0    0    0   49   38    0    0   49   50   48    0   47   43    0    0    0    0    0    0   39    0   45    0   49   45    0    0   42    0    0    0   36    0   49   38    0   47    0   37   44   49   42   36  
  40   38    0   41    0    0   43    0    0    0   39   49    0    0   37   40   46    0    0    0   43    0   48   42    0   50    0   36    0   48   50    0    0    0   38    0    0   36   44   36    0    0    0   45   39   41   47    0    0   42  
  42   38   45    0    0   44    0    0   40    0   37    0   46    0   36    0   38   46    0   49    0    0    0    0    0   37    0   43    0   38   39    0   37    0   41   50   48    0   36    0    0    0    0   36    0   39   47    0   43   44  
  38    0    0   39   36   44   39   44    0    0   44   49   43    0    0    0    0    0   50    0   41   50   45    0    0    0   46   43    0   47   39   44   41   42    0   37    0    0    0   40    0   49    0    0    0   48   48    0    0    0  
   0    0    0    0    0    0    0   47   44    0    0   39    0    0   41   46   44   40    0   41   45    0    0    0   50   46   49    0    0   41   36    0   43    0   46   38   41   48    0    0   38    0    0   42   37   43   41   41    0    0  
   0   49   42   38    0    0   43    0    0    0    0   44   46    0   45   47   37    0   50    0   39   47    0    0   40   41    0   37    0    0    0    0   47   37   36   48    0    0   47   44   47    0    0    0    0    0   38    0   41   46  
  40   47   47   42   44    0    0   40    0    0    0    0    0   46    0    0    0   49   48   37   46   38    0   46    0   37   37    0   45    0   43    0    0   37   36    0   50   41   43    0    0   39    0   49    0    0   46    0    0    0  
   0    0    0   45    0   50    0   46    0    0   44    0    0   39   45    0    0   50   43   37    0    0   36    0    0   48   49    0    0   43   46   40    0   44    0    0    0   42   41   38   37   42   45   38    0    0    0   40   47    0  
   0    0   42   39    0   46   38   47   41    0    0   36   37    0   38    0   42    0    0   39    0    0   50    0   39    0    0   48   45    0    0    0   49   46   37    0   43   44   45    0    0   43    0   46    0    0   40   50    0    0  
   0   42    0   50   36   46    0    0    0    0   42   45    0    0    0   39   45    0    0   38   50   40   47   48    0   45    0    0   43   37    0    0   42   44   42    0   42    0    0   38    0   49    0    0    0   46   47   41    0    0  
   0   50   48    0    0   47   49   37   46   38   41   43   43    0    0    0    0   40    0   44    0   36   39    0   47    0   39    0    0   42    0    0   37    0   47    0    0    0    0    0   47   48    0   39    0   37    0   39   45    0  
   0    0    0    0   47   38   48    0    0    0   47   46    0    0    0   40   43    0   48   37    0    0    0   36    0   39   49    0   42    0   36    0    0   44   50    0   41   49   36   36    0   48    0    0   49    0    0   40   43   45  
  47   37   45    0    0    0   48    0   37   39    0   44    0    0    0    0    0    0   36    0   45    0    0   45    0    0    0   46    0   43   49   49    0   41    0    0   47   43   42   38   37   50    0    0    0   40   39    0   46   37  
  43   41    0   42    0   38   39   49   38   45    0   40    0   48   38   49   50   44    0   43   36   38    0    0    0   47    0    0   49    0    0   37   43    0    0   46    0   44   38    0    0    0    0   38    0    0    0    0    0    0  
   0   42    0   46   37   39    0    0    0    0   45   40    0   50    0   38    0   46    0    0    0    0   39   48    0   36    0   47    0   41   43   40    0   43   43    0   36    0   40   46    0    0    0    0    0   49    0   48   40   44  
   0   49   48    0   36    0   47    0   37   37    0    0    0    0   46   44    0   40    0   37   41   43    0   45    0    0   40    0   39    0   42   43    0   44    0   37   47    0   37    0    0   45    0    0   50   40    0   38    0    0  
   0    0    0   47   44   38    0   42   46    0   48   46   49    0   50    0   40   45   49   40    0    0   48   46   47    0    0    0   39    0   50    0   44   47   41    0    0    0    0   43    0   36    0   50    0    0    0    0   37    0  
  44   50   39   42    0   39   46    0    0    0   43    0   46    0    0    0    0   38    0   47   46    0    0    0   48   47   44   45    0    0    0   50   47   49   42    0   37    0    0   37    0    0    0    0   36   40    0    0   44   41  
  45    0   41    0    0    0    0    0   43    0   36    0   41    0    0    0    0    0   44   38   49   50    0   46    0    0   46   50    0   38   36    0    0    0    0   42    0   39    0   45   45   37   48    0    0   46   47   40   37   45  
   0   45    0   39   43    0    0    0   40    0    0    0    0   38    0    0    0    0   50    0   37   44   46    0    0   36   36    0    0   50   40   48   45   47    0    0    0    0   47   45   47   50    0    0   36    0   42   41   49   47  
   0   42   43   50   46   47   41    0   49    0   44    0    0   39   37   40   49   40    0    0   46    0    0   36   41    0    0    0    0    0   38   41   41   41   48    0    0   41    0    0    0    0    0    0   41    0   45    0   41    0  
   0   43   40    0    0    0   37    0   48   48   44   40    0    0   40   43    0    0    0    0    0    0   41    0   40   36   46   38    0    0   42    0    0   39   42   49   50    0   39    0   42    0   45    0   47    0    0   43   40    0  
  44    0    0   36   40   47   43   49    0   45    0   38    0    0   38   50    0   42   36   44    0    0   40   49   48   49    0   40    0    0   45    0    0    0    0    0   36   38   37    0    0   46    0    0    0    0    0    0   39   41  
   0    0    0   37   50    0   37    0    0   37    0   41   40   48   36   41   50    0   46    0   45   39   50    0   44   45   47    0    0   49    0    0   44    0   50    0   42    0   38    0    0    0    0    0    0    0   37    0   50   43  
  41   43   40    0   43   49   36    0    0   36   41    0    0    0   42    0   45    0    0   39    0   48    0   44    0   41   38   37    0   46   36   38    0    0   36    0    0    0   50   47    0    0   36    0   44    0    0    0    0   50  
   0   42   36   50    0    0   50    0    0    0    0    0    0    0   39   44   39   45    0    0   39   43   39   46   39    0   46    0   46   49   48   37   41    0    0    0    0    0    0   50    0   38   40    0    0    0    0   50   47   49  
   0    0    0   36    0   42    0   37   38   37   49   36    0    0   41    0    0   44   48   42   41    0    0    0   38   41   46    0   38   39    0    0    0   47   45    0    0   43   40   47    0    0    0    0    0    0    0   37   39   50  
  36    0    0   43   43    0   39    0    0    0    0    0    0   40    0   50   47    0    0   42   49   48    0   37   46   46    0   44    0    0   42    0   50   45   38    0    0   46    0    0    0    0   37   43   37   41   50    0   39    0  
  47    0    0   39    0   39   44   43   48    0   42   46    0    0   47   49    0   50    0   42    0   40    0    0   38   37    0    0    0   38   47   46    0    0   40    0    0    0   40    0    0    0    0   39   41    0   45   36   45    0  
  48   47    0   37    0   49    0   48   43   41   36   50    0    0   48    0    0    0    0    0    0   40   45   40    0    0   42    0    0   46   44    0   43    0    0   44   41   38    0    0   39   37    0    0    0   41   42   39    0    0  
   0    0    0   45    0   43    0   50   50    0   42    0    0    0   47    0   44    0   39   47   48    0   41    0   39   42    0    0   36   46    0   50   38    0   50    0   43   38    0    0   40    0   37    0    0   43   49    0    0   42  
  50   36    0    0    0   46    0   38    0   38    0    0   39    0   47   36   38    0   36    0    0   39   41   48    0   45    0   45    0   43    0    0    0   48    0   42    0    0   43   49    0   36   43   37    0    0   40   44    0    0  
   0   36    0   42   47   38    0   43   46    0   48    0   43    0   45    0   42    0   48    0   44    0   44   43   50    0    0    0    0    0   48   49   39    0   45    0    0    0   50   42   40   40    0    0   37    0   41    0    0    0  
   0    0    0   47   43    0   37    0    0    0   42   40    0    0    0   44   45    0   45   48   43   38    0    0    0    0   41    0    0   46    0    0   49    0   42    0   47   50   37   49    0   46   39   36    0   47   40   42    0    0  
  42   44   45   46   50   44   49   45    0   49   48    0    0   37    0    0    0    0    0    0   47   43    0    0    0    0   41   49    0   47   40   47    0   47    0   38   41   39   41   36    0    0    0    0   47    0    0    0    0    0  
   0    0   38   50    0   43   47   40   45    0   50   49    0    0    0   37    0   43   41   36    0   43    0    0    0   44   43    0   47    0   43    0   48    0    0   42   39    0    0    0    0    0    0   39   39    0   43    0   46   36  
  50   45    0   47   40    0   47   39    0    0   49   40   43   41    0    0    0    0   46    0   37    0    0    0    0    0   44   45    0    0   43    0    0   42   39   43    0    0   36   46    0   38   41    0   48   40    0   41    0    0  
  49   48    0   37   44   45    0    0   42   36    0   43   38    0   41    0    0    0   39   48   44   44   47    0    0   44   37    0    0   37   41   44    0    0    0   46    0    0   50    0   48    0    0    0    0    0    0   40    0   48  
  44    0    0   50    0    0   45   36   50   44    0   49    0   40   50    0   39   44   45    0   42    0    0    0    0    0    0    0    0   37   38   48    0   45    0   46    0   41    0   44    0    0    0   42    0   37   47   46   43    0  
   0    0    0    0    0   42    0    0   45    0   42   36   49    0   48    0   50   40   46    0   37    0    0    0   46   46   48    0    0    0   45   45    0   41    0    0   43   39   50   42   47   46    0   38    0    0    0   44    0   50  
  41   43    0   39    0   49    0    0   43    0    0   38   48   48   45   41   48   37    0    0    0   49    0   49    0    0   41    0    0   50   36   45    0    0    0   44    0   46    0    0   47    0   42    0   42    0   36   40    0    0  
  41    0    0   43   40    0   40   43    0    0    0    0   43   50   37    0   38    0    0    0   46   36   49   40    0   44    0   45   47   43    0    0    0    0   49    0   43   39   43    0    0   49   42    0   47    0    0   48    0    0  
  40   46    0   37    0    0   37   41   42    0    0   39    0   49   36   47   44   37    0   45   39    0    0   38    0    0    0   43    0    0    0    0   48    0    0   39   50   48    0   39    0    0    0    0   46   47    0   50    0   36  
   0    0    0    0   45    0    0    0   48    0    0   44   46   44   45    0    0    0    0   49   45    0   36    0   39   47    0   41   47    0   40   50   38   40   41    0    0   42   44    0    0    0   42    0    0   37   43   44    0   46  
   0    0    0    0    0   46   50    0    0   36   40   40    0   41    0    0   42   44    0   45    0   41    0   47   43   49   46    0    0    0   36    0   41    0   42   44   37    0   39   48    0   38    0    0    0   36   41   44    0    0  
  49    0   37    0   47   45    0   45   40    0   37    0    0   40    0   37    0   41   42    0   43    0   43    0   37   41   43   41   36   44    0    0    0   41    0    0   48    0    0    0    0   38   46   50    0    0    0    0    0   39  
  42   42    0   43    0    0   49    0    0   48   46   50   36    0    0   47   48    0    0   36    0   42   43   45   44   38    0    0    0   45    0    0   37    0   41    0    0   36   37    0    0    0    0   39   37    0    0    0   40   42  
  43    0    0    0   49    0    0    0    0    0   50   39    0   43   41   47   41    0    0   48   40   38    0   50    0    0    0    0   39    0   42   45    0   43   38   44   37    0   36    0    0   43   48    0    0    0    0   50   45   46  
   0    0   38    0    0    0   36   43    0    0   48   48    0    0   45    0   44    0   41   40   38   43    0    0    0   50    0    0   48    0   49   47   43   39    0   50    0    0   42    0   42    0   48   47    0   43    0    0   37   46  
  48    0    0   42    0    0   37    0    0    0    0   45   43   50    0    0   44   50   39   45    0   44   40   47    0   37   44    0    0   49   47   40    0    0   36   37    0    0   36   46   44    0   41    0    0    0   38    0    0    0  
  40   45   41    0   47    0   36    0    0   50    0   45   43   42    0    0   44    0   46   45   44   39    0    0   50    0    0   42    0    0    0   49   48    0    0   46   37    0   47   46   49   38    0    0   50    0    0    0    0    0  
  46   36    0   42   50    0    0   45   49   41   44    0   43   48    0   40    0    0   37    0    0    0    0   39    0    0   44    0   47   39    0   44    0   36   50    0    0   46    0    0    0    0    0    0    0   44   40   46   50   38  
   0   47    0    0   40   43    0   41    0   49   46    0   40    0    0   43   47    0    0   37   38   37   45    0   45    0   48    0   43   44    0    0    0   39    0   45   42    0   36    0   40   50    0    0    0    0   45    0    0   47  
  43    0   39   38   37    0   50    0   49    0   43    0    0   46    0   36   36    0    0    0   45    0   49    0   44   49    0    0    0    0    0    0   44    0   42   45    0    0   38    0   48   49   44    0    0   42   47   40   41    0  
  40   39    0    0    0    0    0    0   40    0    0   42    0   48    0    0    0    0    0    0   41    0   38   46    0    0   38   37   40    0   49   44    0   42    0   40   44   36   36   43    0   39   47   45   48   41    0   50    0    0  
   0   37    0   41   36    0   40   48   37    0    0   39   36    0    0    0   45    0   39   41   36   50    0    0   46    0   46    0   47   38    0   36    0    0    0   49    0    0   39   44    0   36    0    0    0   42    0   40   43    0  
  42    0   42    0   50   47   42   46   46   37    0   49    0   47   45   48    0    0   43   47   41    0   39    0   45    0    0   40   38    0    0   44   43    0    0   36    0   45    0    0    0    0    0    0   37   47    0    0    0    0  
   0   50    0    0   37   36   48    0    0   46   45    0    0   49    0   36    0   47    0    0   37   36    0   40    0   36   41    0    0   37    0   38    0    0   46   47    0    0   44    0   42   36   36    0   39    0   43   36    0    0  
  49   36   40    0    0    0    0    0   44   39    0    0    0   43   46   47    0    0    0   50   39   38    0   45   45    0   45   43    0    0    0   39   49    0   47   48   36    0    0    0    0    0   50   41    0    0   37   49    0   42  
   0    0   48   47    0    0   43    0   49    0   45    0   41   47   44   37   37    0    0    0   49   39    0    0    0   36    0   41   49    0    0   46    0   44   38    0   44   50    0    0    0   42   41    0   42   40    0    0    0   50  
   0   50    0   41   49   37   39    0   38    0    0   49    0   45   50   37    0    0   43    0    0   48   46   41    0    0   42    0    0    0    0   40   47   44    0   41    0    0    0    0   41    0   45   38    0   36    0   42   43    0  
   0   42   45   46    0    0    0    0   42   49   42    0   46    0   50    0   39   49   48   46    0   37    0   48    0    0    0   49    0   38    0    0    0    0   45    0    0   40   36    0   44   43   48    0    0    0   47   38   41    0  
   0   37   36    0    0   42   41   43   49   45    0   38   40   43    0   44   49   39   47    0    0    0    0    0   41   45    0    0    0   49    0   40    0    0    0    0    0    0   39   46    0   50   37   44    0   48    0    0   44    0  
   0   47    0    0    0    0   44   46    0    0   36    0   46    0   49    0   36    0   40    0    0   40    0    0   50    0   45    0   37    0   39   43    0   50    0    0   48    0   47   41   38   46   47   36   46   42    0    0   37    0  
   0    0   50    0   49   45   43    0    0    0    0   40   38   41   48   39    0   38   45    0    0    0    0    0   42    0    0   40    0    0    0   47   44   36    0   37    0    0   40   43   36   36   49    0    0    0   46    0   37   36  
  46    0    0    0   43    0   42    0   48   45   48    0   44   47    0   38   48    0    0    0   37    0   40    0    0   39   46   43    0   40    0    0   48    0   41    0    0   45   44   50    0    0   50    0    0   49    0   36    0   43  
  40    0   49   45   43    0   42   45   48    0    0    0   36    0   38    0   41   47   37    0    0   44   46   36    0    0   48    0   42   41   44    0   47    0    0    0    0   45   50    0    0   39    0    0    0   40    0    0   36    0  
   0   45    0   50    0    0    0   42    0    0   43   44    0   50   45   49    0   46    0   43   45   46    0    0   36   38   40   42   45    0   39    0   48    0   47    0   39    0   41    0    0    0   39   37    0    0   45    0    0    0  
  46   50    0   46   43   41   37   44    0   48    0    0   48   39   41    0    0   42    0   48   36    0   48    0    0   45    0    0   43    0    0   49   36   46    0   47    0    0    0    0   38    0    0   46    0    0   40    0   48    0  
  48   44   40    0    0   49   50   45    0   36   44   41    0    0   41    0   37   47    0    0    0    0   38    0    0   48   43    0   45   39    0    0    0   46   38    0    0   42    0    0    0    0    0   48   37   46    0   46    0   40  
   0   48    0   46   43   40    0    0    0    0   47   44    0    0    0    0   38   44    0    0   36    0   37   45    0   37   40   39    0    0    0    0    0   42   50    0    0    0   38    0   50   43   37   47    0    0   36   41   49   42  
  39   36    0   42    0    0   42    0   49    0    0    0    0    0    0    0   38   50    0    0    0   50    0   43   45    0   40    0   46    0   49   42    0   47    0   41   48   39   44    0   36   42   38   37   38    0   45    0    0    0  
  41   43   50    0    0    0    0   43   43    0   43   37   37   37   44   42   40   37   39    0    0    0    0    0    0    0    0   47   48    0    0    0   49   38   46   45    0    0    0    0    0    0    0   40   37   47    0   36    0   38  ] 
BUDGETS : [    2    4    7   10   11   12   13   15   15   17   17   18   19   24   27   28   28   29   33   39   43   45   45   48   50   50   59   60   60   65   67   70   71   72   73   74   76   78   79   80   81   84   86   86   94   95   96   96  100  100  102  105  109  111  112  116  122  123  124  129  132  135  137  138  142  143  145  146  147  147  148  152  152  152  154  155  155  156  158  159  161  163  166  170  176  181  183  184  186  187  189  190  191  194  194  196  199  199  199  200  ] 
