K : 100
I : 50
PREFERENCES : [    0    0    0    0    0    0    0    0    0    0    0    0    0    0   45    0    0    0   44    0    0    0    0   50   46   49    0    0    0    0    0    0    0    0   42   45    0    0    0    0    0    0    0    0    0   47   43   48    0    0  
   0    0    0    0    0    0    0    0    0   42   50    0    0    0   46    0    0    0    0    0    0    0   44    0   43    0   49    0    0    0   47    0    0    0    0    0    0    0   45    0    0    0   43    0    0    0   48    0    0    0  
   0    0    0    0    0    0    0    0   49    0   47    0    0    0    0    0   45    0   47    0    0   44    0    0    0   46   43    0    0   42    0    0   48    0    0    0    0    0    0    0    0    0    0    0    0    0   50    0    0    0  
   0    0   42   48    0    0    0    0    0    0    0   48    0    0    0    0    0    0    0    0    0    0    0   47   44    0   46    0    0    0    0   49   43    0   45    0    0    0    0    0    0    0    0    0    0    0    0    0    0   50  
  42    0   50    0    0    0    0   48    0    0    0   49    0   45    0    0    0   47    0    0    0    0   44    0    0   49    0    0    0    0    0    0    0    0    0    0    0    0   43    0    0    0   46    0    0    0    0    0    0    0  
   0    0    0    0   49    0    0   43    0    0    0    0    0    0    0   44   45   50    0    0    0    0    0    0    0    0    0    0    0   42    0    0    0    0    0   42    0    0    0    0   46    0   48   47    0    0    0    0    0    0  
   0    0   42    0    0    0    0    0    0   48   43   46    0    0    0    0    0   44    0    0   45    0    0    0    0    0    0    0   49    0    0    0   50    0    0    0   47    0    0    0    0    0   49    0    0    0    0    0    0    0  
   0    0    0    0    0    0   43   42    0    0    0    0   46   50    0    0    0    0    0    0    0    0   48    0   49    0   45    0   44   47    0    0   43    0    0    0    0    0    0    0    0    0    0    0    0    0    0    0    0    0  
   0    0    0   48    0   50    0    0   42    0    0    0    0    0   44    0    0    0    0    0    0    0    0    0    0    0    0   49    0    0   42   47    0    0    0    0   46    0    0   43    0    0    0    0    0    0    0    0   45    0  
   0    0   50   44    0    0    0    0    0    0    0    0    0    0    0   49    0   42    0    0    0    0   50    0    0    0   45    0   48    0    0    0    0    0    0    0    0    0    0    0    0   47    0    0   46    0    0    0   43    0  
  45    0    0   50    0    0    0    0    0   47    0    0    0    0   47    0    0   49   46    0    0   43    0    0    0   44   48    0    0    0    0    0    0    0    0    0    0    0    0    0    0    0    0    0    0    0    0   42    0    0  
   0    0    0    0    0   44    0   43    0    0   46   50    0    0    0    0    0    0   43    0    0    0    0    0    0   42    0    0    0    0    0    0   49   48    0    0   47    0    0    0    0    0    0    0   45    0    0    0    0    0  
   0    0    0   45    0    0    0   48    0   49    0    0   50   47    0    0    0    0    0   44   42    0    0    0    0    0    0    0    0    0    0    0   48    0    0    0   43    0    0   46    0    0    0    0    0    0    0    0    0    0  
   0    0    0    0    0    0    0    0    0    0   44    0    0    0    0    0   47    0   45    0    0    0    0    0    0    0    0    0   49    0    0    0    0    0   42    0    0   48    0    0   42   43    0    0    0    0    0   46   50    0  
   0    0    0    0   45    0    0   44    0    0    0   48    0   50   43    0    0   45    0    0    0    0    0    0    0    0    0    0    0    0    0    0    0    0    0   46    0   42    0    0    0    0   49    0    0    0    0   47    0    0  
  44   45    0    0    0    0    0    0    0    0    0    0   42   43   48    0    0    0   49    0    0    0    0    0   46    0    0    0    0    0    0    0    0    0    0    0    0   50   47    0    0    0    0   49    0    0    0    0    0    0  
   0   47   45    0   48    0    0    0   49   43    0   50    0    0    0    0    0   42    0    0    0    0    0    0    0    0    0    0    0    0    0    0   46    0    0    0    0    0   44    0   48    0    0    0    0    0    0    0    0    0  
   0    0    0    0    0    0    0   50   42    0    0   47    0    0    0    0    0   46    0   49    0   48   43    0    0    0    0   44    0    0    0    0    0    0   45    0    0   46    0    0    0    0    0    0    0    0    0    0    0    0  
  43    0    0    0    0    0    0    0   47    0    0    0    0   42    0   49    0    0    0    0    0    0    0    0    0    0    0    0    0   49    0    0   48    0    0    0   50    0    0   45    0    0    0    0    0   46    0    0    0   44  
   0    0    0    0    0    0   50    0    0    0    0    0   47    0    0    0   42    0   44    0    0   44   45    0    0    0    0   48    0    0    0    0    0    0   46   43    0    0    0    0    0    0    0   49    0    0    0    0    0    0  
   0    0    0    0    0    0    0    0   44    0   47    0   50    0    0    0   42    0    0    0    0    0    0    0    0   43    0   49   45    0    0    0    0    0    0    0    0    0    0    0    0    0   46   48    0    0    0    0   46    0  
   0    0    0   42    0    0    0    0    0    0    0    0    0    0    0   44    0    0    0    0   46   50    0    0    0    0    0    0   42   45   43   49   47    0    0    0    0    0    0    0    0    0    0    0    0    0    0   48    0    0  
   0    0    0    0    0    0    0   44    0    0   42    0   50    0    0    0    0    0    0    0   48    0    0   45   43    0    0    0    0   42    0    0    0    0    0    0    0    0    0    0   49    0    0    0   47    0    0   46    0    0  
   0    0   45    0   46    0    0    0    0    0    0    0    0    0    0    0    0    0    0    0    0   43    0    0   42   49    0    0    0    0    0    0    0    0    0    0    0    0    0   49    0   44   50    0    0    0    0   47    0   48  
   0    0   48   48   47    0    0    0    0    0    0    0    0    0    0    0    0    0   45    0    0    0    0    0   44    0    0   50    0    0    0    0    0    0    0    0    0    0    0    0    0   49    0    0    0   43   42   46    0    0  
   0    0    0    0   49    0    0    0    0    0    0    0    0    0    0    0   42    0    0   44   50    0    0    0    0    0    0    0    0    0    0    0   47    0   48   43    0    0    0    0    0    0    0   46    0    0    0   46    0   45  
   0    0    0    0    0    0    0    0    0   46    0   48    0   45    0    0   50    0    0    0    0    0    0    0    0    0    0    0    0    0    0    0   49   43    0   49    0    0    0    0   44    0    0    0    0   42    0    0    0   47  
   0    0   42    0    0    0    0    0    0    0   47    0    0    0   46   50   45    0   44    0    0    0    0    0    0    0    0    0    0    0   48    0    0    0    0    0    0    0    0    0   50    0    0   43    0    0    0   49    0    0  
   0    0    0    0    0    0   42    0    0    0    0   48    0    0    0    0   44    0    0    0    0    0   46    0    0   49    0    0    0   47   50    0    0    0    0    0    0    0   42    0    0    0    0   43    0    0   45    0    0    0  
   0    0   45    0    0   44    0    0    0    0    0    0   47    0    0    0    0   46    0   49    0    0    0    0    0    0    0   42    0    0    0    0    0    0    0   50   49    0    0    0    0    0    0    0    0    0   48    0    0   43  
   0    0    0    0    0    0    0    0    0    0   42   49    0    0    0    0    0    0   50    0    0   49   43    0    0    0   44    0    0   45    0    0    0    0    0    0    0    0    0    0    0   48    0    0    0   46   47    0    0    0  
   0    0    0    0    0    0    0   47   42    0    0    0    0    0    0   44   43    0    0    0   44    0    0    0   50   45   49    0    0    0    0    0    0    0   46    0    0   48    0    0    0    0    0    0    0    0    0    0    0    0  
   0   49    0    0    0    0    0    0    0    0    0    0   42    0    0   47    0    0   50    0    0   44    0    0    0    0    0    0    0    0    0    0   48    0    0   48    0    0   45    0   46    0    0    0    0    0    0    0    0   43  
   0   47   46    0    0    0    0    0    0    0    0    0    0   44    0    0    0   49   47    0   42    0    0   45    0    0    0    0    0    0    0    0    0    0    0    0   50    0    0    0    0    0    0   48    0    0   43    0    0    0  
   0    0    0   43    0   50    0   45    0    0    0    0    0    0   44    0    0   49    0    0    0    0    0    0    0   47   48    0    0    0   44    0    0    0    0    0    0    0    0    0    0    0   42    0    0    0    0    0   46    0  
   0    0    0    0    0   45    0   46    0    0    0    0    0    0    0    0    0    0    0    0    0    0   49    0    0    0    0   47   42    0    0    0   48   45    0    0    0    0   43    0    0    0    0   44    0    0    0   50    0    0  
   0    0    0   50    0   43    0    0    0    0    0    0    0    0    0    0   42    0    0    0   49    0   46   47    0   42    0    0    0    0    0    0    0    0    0    0    0    0    0    0    0   48    0    0    0   44   45    0    0    0  
   0   50   48    0    0   44   49    0   42    0    0    0    0    0    0    0    0    0    0    0    0    0    0    0   45    0    0    0    0    0    0    0    0    0   46    0    0    0    0    0   43   47    0    0    0    0    0    0   42    0  
   0    0    0    0   43    0   46    0    0    0   42   42    0    0    0    0    0    0   44    0    0    0    0    0    0    0   48    0    0    0    0    0    0    0   50    0    0   47    0    0    0   45    0    0   49    0    0    0    0    0  
  47    0    0    0    0    0   48    0    0    0    0    0    0    0    0    0    0    0    0    0   43    0    0   42    0    0    0   45    0    0   49   49    0    0    0    0   46    0    0    0    0   50    0    0    0    0    0    0   44    0  
   0    0    0    0    0    0    0   48    0   44    0    0    0   46    0   49   50   43    0    0    0    0    0    0    0   46    0    0   47    0    0    0    0    0    0   45    0   42    0    0    0    0    0    0    0    0    0    0    0    0  
   0    0    0   46    0    0    0    0    0    0   43    0    0   50    0    0    0   45    0    0    0    0    0   48    0    0    0   47    0    0    0    0    0    0    0    0    0    0    0   44    0    0    0    0    0   50    0   49    0   42  
   0   49   48    0    0    0   47    0    0    0    0    0    0    0   45   43    0    0    0    0    0    0    0   44    0    0    0    0    0    0    0    0    0   42    0    0   46    0    0    0    0   44    0    0   50    0    0    0    0    0  
   0    0    0   44    0    0    0    0    0    0   45    0   47    0   49    0    0    0   46    0    0    0   45    0   43    0    0    0    0    0   50    0    0   42    0    0    0    0    0    0    0    0    0   48    0    0    0    0    0    0  
   0   49    0    0    0    0   42    0    0    0    0    0   43    0    0    0    0    0    0   45   44    0    0    0   47   47    0    0    0    0    0   50   46   48    0    0    0    0    0    0    0    0    0    0    0    0    0    0    0    0  
   0    0    0    0    0    0    0    0    0    0    0    0    0    0    0    0    0    0    0    0   48   49    0   46    0    0   44   50    0    0    0    0    0    0    0    0    0    0    0   42   43    0   48    0    0   45   47    0    0    0  
   0    0    0    0    0    0    0    0    0    0    0    0    0    0    0    0    0    0   50    0    0    0   42    0    0    0    0    0    0   50    0   47    0   44    0    0    0    0   43    0   45   49    0    0    0    0    0    0   48   46  
   0    0   42   50   44   46    0    0   49    0   42    0    0    0    0    0   48    0    0    0   45    0    0    0    0    0    0    0    0    0    0    0    0    0   47    0    0    0    0    0    0    0    0    0    0    0   43    0    0    0  
   0    0    0    0    0    0    0    0   47   48   44    0    0    0    0   42    0    0    0    0    0    0    0    0    0    0   45    0    0    0    0    0    0    0    0   49   50    0    0    0    0    0   45    0   46    0    0   43    0    0  
   0    0    0    0    0   45    0   47    0   43    0    0    0    0    0   50    0    0    0   42    0    0    0   49   46   48    0    0    0    0   42    0    0    0    0    0    0    0    0    0    0   44    0    0    0    0    0    0    0    0  
   0    0    0    0   49    0    0    0    0    0    0    0    0   45    0    0   47    0   43    0    0    0   47    0    0   42   44    0    0   46    0    0    0    0   48    0    0    0    0    0    0    0    0    0    0    0    0    0   50    0  
   0    0    0    0   42   48    0    0    0    0    0    0    0    0    0    0   45    0    0    0    0   47    0   44    0    0    0    0    0   45    0    0    0    0    0    0    0    0   49   46    0    0    0    0   43    0    0    0    0   50  
   0    0    0   50    0    0   48    0    0    0    0    0    0    0    0    0    0    0    0    0    0    0    0   43    0    0    0    0   42   46   45    0    0    0    0    0    0    0    0   49    0    0    0    0    0    0    0   49   44   47  
   0    0    0    0    0    0    0    0    0    0   49    0    0    0    0    0    0   44   49   42    0    0    0    0    0    0   46    0    0    0    0    0    0   47   45    0    0   43    0   48    0    0    0    0    0    0    0    0    0   50  
   0    0    0    0    0    0    0    0    0    0    0    0    0    0    0   49   46    0    0    0   47   46    0    0   44   45    0    0    0    0    0    0   50   42    0    0    0   43    0    0    0    0    0    0    0    0   48    0    0    0  
  46    0    0    0    0    0    0    0   48    0    0   44    0    0   47   49    0   50    0    0    0    0    0    0    0    0    0    0    0    0   45   43    0    0    0    0    0    0    0    0    0    0    0    0    0    0   42    0   43    0  
  48   46    0    0    0   49    0   47    0    0    0   50    0    0   46    0    0    0    0    0    0    0   44    0    0    0    0    0    0   45   43    0    0    0    0   42    0    0    0    0    0    0    0    0    0    0    0    0    0    0  
   0    0    0   42    0    0    0   50   49    0    0    0    0    0   43    0    0    0    0   44   45    0    0    0    0    0    0    0    0   42    0   47    0    0   48    0    0    0    0    0    0    0    0    0    0    0   46    0    0    0  
  50    0    0    0    0   45    0    0    0    0    0    0    0    0   46    0    0    0    0    0    0    0    0   47    0   44    0   45    0    0    0    0    0   48    0    0    0    0    0   49    0    0   42    0    0    0    0   43    0    0  
   0    0    0    0   44    0    0    0   43    0   45    0    0    0   43    0    0    0   47    0    0    0    0    0   49    0    0    0    0    0   46   48    0    0   42    0    0    0   50    0    0    0    0    0    0    0    0    0    0    0  
   0    0    0   45    0    0    0    0    0    0    0    0    0    0    0    0    0    0   42   47    0    0    0    0    0    0    0    0    0   43    0    0   49    0    0    0   45   50    0   48    0   44    0    0    0   46    0    0    0    0  
   0    0    0    0   50    0   49    0    0   47   46    0    0    0    0    0    0    0    0    0   43    0    0    0    0    0    0   48    0   44    0   42    0   43    0    0    0    0    0    0    0    0    0    0   45    0    0    0    0    0  
   0    0    0   50    0    0   47    0   44    0   49   48    0    0    0    0    0   42    0    0    0    0    0    0    0   43    0    0   46    0    0    0   47    0    0    0    0    0    0    0    0    0    0    0    0    0    0    0   45    0  
  50   44    0   47    0    0   47    0    0    0   49    0    0    0    0    0    0    0   45    0    0    0    0    0    0    0   42   43    0    0    0    0    0    0    0    0    0    0    0   46    0    0    0    0   48    0    0    0    0    0  
  49   46    0    0    0   43    0    0    0    0    0    0    0    0    0    0    0    0    0   46    0    0   45    0    0    0    0    0    0    0    0   42    0    0    0   44    0    0   50    0   47    0    0    0    0    0    0    0    0   48  
   0    0    0   50    0    0    0    0   49    0    0   47    0    0   48    0    0    0   43    0    0    0    0    0    0    0    0    0    0    0    0   46    0   42    0   44    0    0    0    0    0    0    0    0    0    0   46   45    0    0  
   0    0    0    0    0    0    0    0    0    0    0    0   48    0   46    0   49    0    0    0    0    0    0    0   43   42   47    0    0    0    0    0    0    0    0    0    0    0   50    0   45   44    0    0    0    0    0    0    0   50  
   0    0    0    0    0   49    0    0    0    0    0    0   45   46    0    0   44    0    0    0    0   47    0   48    0    0    0    0    0   50    0   42    0    0    0    0    0   43    0    0   44    0    0    0    0    0    0    0    0    0  
   0    0    0    0    0    0    0    0    0    0    0    0    0   50    0    0    0    0    0    0   44    0   48    0    0   42    0   43   45    0    0    0    0    0   48    0    0    0    0    0    0   49    0    0   46    0    0   47    0    0  
   0   44    0    0    0    0    0    0    0    0    0    0    0   48    0   46    0    0    0   42    0    0    0    0    0    0    0    0    0    0    0    0   47    0    0    0   49   47    0    0    0    0    0    0   43   45    0   50    0    0  
   0    0    0    0   44    0    0    0   48    0    0    0   46    0   42    0    0    0    0   49   43    0    0    0    0   46    0    0   47    0    0   50    0    0    0    0    0    0    0    0    0    0    0    0    0    0    0    0    0   45  
   0    0    0    0    0   46   50    0    0    0    0    0    0    0    0    0    0   43    0   44    0    0    0   47    0   49   45    0    0    0    0    0    0    0    0   42    0    0    0   48    0    0    0    0    0    0    0   42    0    0  
  49    0    0    0   48   45    0   46    0    0    0    0    0    0    0    0    0    0    0    0    0    0   43    0    0    0   42    0    0   44    0    0    0    0    0    0   48    0    0    0    0    0   47   50    0    0    0    0    0    0  
   0    0    0   42    0    0   49    0    0   48   46   50    0    0    0   47   47    0    0    0    0    0    0   44   43    0    0    0    0   45    0    0    0    0    0    0    0    0    0    0    0    0    0    0    0    0    0    0    0    0  
   0    0    0    0   47    0    0    0    0    0   48    0    0    0    0   45    0    0    0   46    0    0    0   50    0    0    0    0    0    0    0   43    0    0    0    0    0    0    0    0    0    0   46    0    0    0    0   49   42   44  
   0    0    0    0    0    0    0    0    0    0   47   46    0    0    0    0    0    0    0    0    0    0    0    0    0   50    0    0   44    0   48   44    0    0    0   49    0    0    0    0    0    0   45   43    0    0    0    0    0   42  
  47    0    0    0    0    0    0    0    0    0    0   44    0   49    0    0   42   50    0   43    0    0    0   46    0    0    0    0    0   48   47    0    0    0    0    0    0    0    0   45    0    0    0    0    0    0    0    0    0    0  
   0    0    0    0   44    0    0    0    0   49    0    0    0    0    0    0    0    0   42    0    0    0    0    0   50    0    0    0    0    0    0   48   46    0    0   43    0    0   45    0   47    0    0    0   49    0    0    0    0    0  
  43    0    0    0   48    0    0   42   47    0    0    0    0   46    0    0    0    0    0    0    0    0    0    0    0    0    0    0   45    0    0    0    0    0   49    0    0   44    0    0    0    0    0    0    0    0    0   45   50    0  
   0   46    0    0    0    0    0    0    0   49   45    0    0    0    0    0   47    0    0    0    0    0   44    0   42    0   48    0    0    0    0    0    0    0    0   43    0    0    0    0    0   50    0    0    0    0    0    0    0   47  
   0    0    0    0    0    0   50    0   49    0    0    0    0   44    0    0    0    0    0    0   43    0   47    0    0   48    0    0    0    0    0    0    0    0    0   42    0    0    0    0   45   46    0    0    0    0   44    0    0    0  
   0    0    0    0    0    0    0    0    0    0    0    0    0   48    0    0    0    0    0    0    0    0    0   45    0    0    0    0    0    0   49   44    0    0    0    0   43    0    0   42    0    0   46   44   47    0    0   50    0    0  
   0    0    0    0    0    0    0   48    0    0    0    0    0    0    0    0   44    0    0    0    0   50    0    0   45    0   46    0   47    0    0    0    0    0    0   49    0    0    0   44    0    0    0    0    0   42    0    0   43    0  
   0    0    0    0   50   47    0   44   43    0    0   49    0   45    0   48    0    0    0   45    0    0    0    0   42    0    0    0    0    0    0    0    0    0    0    0    0    0    0    0    0    0    0    0    0   46    0    0    0    0  
   0   50    0    0    0    0   49    0    0   45   44    0    0   50    0    0    0   47    0    0    0    0    0    0    0    0    0    0    0    0    0    0    0    0   46   48    0    0   43    0    0    0    0    0    0    0   42    0    0    0  
  47    0    0    0    0    0    0    0    0    0    0    0    0    0   42   43    0    0    0   49    0    0    0   42    0    0    0    0    0    0    0    0   46    0   44   45    0    0    0    0    0    0   50    0    0    0    0   48    0    0  
   0    0   45   44    0    0    0    0   47    0   42    0    0   43    0    0    0    0    0    0   46    0    0    0    0    0    0    0   48    0    0   43    0    0    0    0    0   49    0    0    0    0    0    0    0    0    0    0    0   50  
   0   49    0    0   47    0    0    0    0    0    0   48    0   43   50    0    0    0    0    0    0   46   44    0    0    0    0    0    0    0    0    0   45   42    0    0    0    0    0    0    0    0   43    0    0    0    0    0    0    0  
   0    0    0   42    0    0    0    0    0   49    0    0   42    0   50    0    0   48   44    0    0    0    0   46    0    0    0   47    0    0    0    0    0    0    0    0    0    0    0    0    0    0   45    0    0    0   43    0    0    0  
   0    0    0    0    0    0    0    0   47   43    0    0    0    0    0    0   48    0   45    0    0    0    0    0    0   43    0    0    0   49    0    0    0    0    0    0    0    0    0   44    0   50    0   42    0   46    0    0    0    0  
   0   46    0    0    0    0    0    0    0    0    0    0   42    0   49    0    0    0    0    0    0    0    0    0   49    0    0    0    0    0    0    0    0   50    0    0   48    0   47    0    0   43   45    0   44    0    0    0    0    0  
   0    0   50    0   48   44    0    0    0    0    0    0    0    0   47    0    0    0   43    0    0    0    0    0    0    0    0    0    0    0    0   46   42    0    0    0    0    0    0   42    0    0   49    0    0    0   45    0    0    0  
  42    0    0    0    0    0    0    0   47    0   46    0    0   44    0    0   48    0    0    0    0    0    0    0    0    0   43    0    0    0    0    0   45    0    0    0    0    0    0   49    0    0   50    0    0   48    0    0    0    0  
   0    0   49   43    0    0    0   42   48    0    0    0    0    0    0    0    0   46    0    0    0    0   44    0    0    0   47    0    0    0    0    0   45    0    0    0    0   43   50    0    0    0    0    0    0    0    0    0    0    0  
   0   42    0   50    0    0    0    0    0    0    0    0    0   49    0   48    0   46    0    0   44   45    0    0    0    0    0    0    0    0    0    0   48    0   47    0    0    0    0    0    0    0    0    0    0    0   43    0    0    0  
   0   50    0   43    0    0    0    0    0   47    0    0   48    0    0    0    0    0    0   47    0    0   45    0    0    0    0    0    0    0    0   49    0    0    0   44    0    0    0    0    0    0    0   42    0    0    0    0   46    0  
  46    0    0    0    0   49   50    0    0    0    0    0    0    0    0    0    0   45    0    0    0    0    0    0    0   48    0    0   42    0    0    0    0   43    0    0    0    0    0    0    0    0    0   47    0   44    0   43    0    0  
   0   47    0   44    0    0    0    0    0    0   46   42    0    0    0    0    0   42    0    0    0    0    0   43    0    0    0    0    0    0    0    0    0    0   50    0    0    0    0    0   49    0    0   45    0    0    0    0   48    0  
   0    0    0    0    0    0    0    0   47    0    0    0    0    0    0    0    0   49    0    0    0   50    0    0   43    0    0    0   45    0   48    0    0   46    0    0   47    0   42    0    0    0    0    0    0    0   44    0    0    0  
   0   43   50    0    0    0    0    0    0    0   42    0    0    0   44    0    0    0    0    0    0    0    0    0    0    0    0   47   48    0    0    0   49    0   46   45    0    0    0    0    0    0    0    0    0   47    0    0    0    0  ] 
BUDGETS : [    2    4    7   10   11   12   13   15   15   17   17   18   19   24   27   28   28   29   33   39   43   45   45   48   50   50   59   60   60   65   67   70   71   72   73   74   76   78   79   80   81   84   86   86   94   95   96   96  100  100  102  105  109  111  112  116  122  123  124  129  132  135  137  138  142  143  145  146  147  147  148  152  152  152  154  155  155  156  158  159  161  163  166  170  176  181  183  184  186  187  189  190  191  194  194  196  199  199  199  200  ] 
