K : 100
I : 50
PREFERENCES : [   44   18   33   35   43   17   39   34   19   23   19   29   11   30   47   25   13   43   46   41   42   22   15   50   47   50   16   18   26   36   12   24   28   37   45   47   26   14   21   38   20   31   27   32   25   48   45   49   13   40  
  14   26   27   19   14   15   30   35   42   43   50   18   17   26   47   28   39   40   12   22   32   30   45   25   44   13   50   23   33   17   48   36   34   11   41   20   29   14   46   39   37   31   43   24   21   12   49   42   38   16  
  23   18   31   38   32   28   38   12   50   20   48   22   41   29   14   24   46   36   47   16   17   45   18   19   15   47   44   27   22   43   40   37   49   25   31   42   11   26   12   30   35   39   34   16   19   13   50   37   21   33  
  27   20   43   48   31   41   43   12   18   25   35   48   40   42   34   34   34   26   11   38   13   20   15   48   45   37   47   40   24   34   22   49   44   39   46   28   32   33   16   25   17   29   14   30   23   36   34   19   21   50  
  42   18   50   23   36   26   38   47   17   11   35   48   26   45   16   34   22   47   40   16   12   38   44   32   33   49   38   36   36   11   14   25   13   19   15   21   39   27   43   24   31   38   46   41   29   20   30   37   28   26  
  26   25   29   39   50   30   28   44   40   12   11   21   17   18   22   45   46   50   35   34   31   23   21   16   18   37   21   15   14   43   25   38   13   31   27   42   33   41   18   21   47   15   49   48   19   36   32   20   37   24  
  12   25   44   40   27   37   14   41   13   48   45   47   39   23   39   20   32   46   34   26   47   15   30   36   16   11   31   44   50   19   33   21   50   26   13   22   48   29   42   17   18   33   49   35   38   17   28   24   42   43  
  34   37   27   32   21   32   44   42   41   38   25   39   47   50   14   15   18   19   31   13   26   28   48   41   49   40   46   12   45   48   35   13   43   30   38   33   20   32   32   41   23   22   30   34   17   16   29   11   36   24  
  31   32   26   49   17   50   11   26   43   42   40   22   20   16   45   13   29   22   38   24   35   19   34   12   18   32   19   49   21   14   43   48   23   28   23   37   47   27   39   44   30   33   39   36   24   15   25   16   46   41  
  33   19   50   45   24   15   35   40   12   26   29   11   30   25   21   48   23   43   38   22   16   18   49   14   13   27   46   12   47   38   11   42   36   23   29   41   39   20   39   17   37   47   32   28   46   31   34   42   44   12  
  45   19   42   50   25   42   31   24   37   47   12   34   13   41   47   36   14   49   46   31   25   43   16   43   22   44   48   20   22   26   39   33   29   19   42   15   40   28   13   27   18   17   38   23   11   35   32   43   30   21  
  17   38   31   41   29   47   27   46   22   35   48   50   39   29   19   18   21   13   45   23   43   33   20   42   16   44   28   12   34   30   15   14   49   49   35   36   49   17   37   11   26   25   15   13   47   32   40   31   24   40  
  18   27   25   44   28   16   28   48   35   49   14   13   50   46   19   17   19   13   21   43   41   33   31   13   26   37   20   22   26   15   24   30   47   39   29   36   42   38   12   45   25   38   11   40   38   28   23   34   32   19  
  13   22   24   15   20   19   40   35   33   35   44   33   32   18   29   13   47   34   45   39   27   17   37   11   31   15   30   23   49   16   33   33   14   25   42   15   41   48   22   28   43   44   12   36   41   38   21   46   50   26  
  21   14   23   32   46   15   38   45   25   37   31   48   28   50   44   20   29   46   24   14   30   26   13   42   35   16   30   34   19   41   33   17   28   39   11   47   18   43   32   24   20   22   49   19   27   12   40   47   30   36  
  43   44   30   41   13   15   37   34   16   18   11   40   42   43   47   33   35   22   49   39   38   36   28   29   45   33   37   26   31   37   17   23   27   19   40   38   31   50   46   11   12   32   25   48   14   24   20   17   21   41  
  17   46   44   37   48   32   14   29   49   43   39   50   21   12   38   27   15   42   13   31   31   22   11   30   16   18   31   24   26   41   36   36   45   23   40   30   25   32   44   13   47   19   14   39   21   33   34   35   20   28  
  34   29   25   31   27   14   26   50   43   32   41   48   40   28   19   22   16   47   42   49   16   48   44   38   37   43   12   45   13   42   11   35   36   15   46   43   24   48   20   39   30   29   14   23   33   21   17   18   42   15  
  47   11   17   31   43   13   43   36   49   15   44   20   37   46   27   49   38   39   25   16   42   32   12   45   24   41   37   33   22   50   39   34   49   35   28   29   50   21   19   49   30   40   18   23   43   49   26   14   22   48  
  35   24   34   16   26   24   50   23   12   25   14   40   48   29   28   17   44   31   46   19   36   46   47   35   22   33   17   49   37   17   38   42   18   20   48   45   41   21   44   32   15   27   43   49   33   13   39   17   11   30  
  40   42   25   38   38   35   17   22   46   26   48   14   50   23   11   33   44   24   28   25   41   18   43   16   34   45   29   49   46   20   22   28   36   30   19   15   13   34   42   39   32   42   47   48   37   12   21   31   48   27  
  24   28   14   41   25   33   17   11   11   34   25   32   39   18   36   44   20   40   29   20   46   50   22   31   12   29   11   27   42   45   43   49   47   38   28   19   35   13   16   23   15   38   26   25   40   21   30   48   37   33  
  15   21   23   33   37   34   19   48   36   14   47   13   50   39   32   18   20   35   45   26   49   42   44   48   48   16   46   41   43   47   33   25   29   22   28   40   40   12   24   11   50   31   38   27   49   31   31   49   17   30  
  20   38   44   14   45   26   17   14   27   23   26   36   39   25   14   11   31   25   14   24   16   42   32   40   41   48   30   21   18   37   12   34   35   15   27   29   35   19   13   49   37   43   50   22   28   40   27   46   33   47  
  40   16   47   48   46   41   30   35   20   26   23   36   29   31   37   33   25   39   45   33   13   14   27   15   44   11   28   50   25   30   14   38   39   12   34   18   33   22   17   31   21   49   19   30   14   43   42   45   24   32  
  32   12   29   13   49   23   35   21   33   28   26   16   32   31   27   11   42   24   17   44   50   22   25   18   20   19   37   24   16   22   15   38   48   18   48   43   34   39   16   30   41   29   36   47   14   20   40   46   32   45  
  17   23   24   11   41   11   12   33   44   47   22   48   35   47   30   26   50   16   14   37   33   38   32   34   44   18   27   42   26   38   39   20   49   46   19   50   40   33   21   28   46   31   36   13   43   45   15   25   29   47  
  35   23   41   29   20   34   30   25   16   23   46   31   26   13   45   50   44   22   43   37   19   28   17   27   19   12   33   18   39   24   47   40   21   11   37   15   14   25   30   28   49   32   26   42   26   31   38   48   36   30  
  40   36   14   41   23   22   44   28   31   21   38   49   18   32   35   39   46   17   29   16   44   11   47   42   30   49   31   34   20   48   50   19   22   15   37   25   24   33   44   35   12   13   26   45   38   41   46   27   19   43  
  39   34   44   20   23   43   17   20   37   14   31   15   46   25   30   23   33   45   24   49   16   28   11   16   27   32   19   41   12   35   36   29   30   26   38   50   48   22   30   20   21   25   18   30   13   36   47   27   40   42  
  32   22   11   34   30   41   35   40   15   15   43   49   40   28   23   15   29   23   50   14   38   49   43   24   21   27   44   39   26   45   33   42   37   39   12   31   19   27   16   36   20   48   26   17   25   46   47   13   18   17  
  23   29   11   22   16   31   33   47   44   17   18   37   25   15   42   46   44   38   17   40   45   27   21   19   50   47   49   16   12   39   34   30   43   32   47   36   42   48   13   24   37   20   28   42   35   44   39   41   14   26  
  25   50   39   34   22   29   40   25   11   26   24   41   43   16   42   47   33   28   50   21   35   44   19   15   36   37   27   32   20   23   11   13   48   31   30   49   18   16   45   42   46   25   15   14   26   12   33   17   38   43  
  36   46   45   38   41   15   18   36   25   24   15   26   13   44   19   14   11   49   47   33   43   34   23   45   27   32   32   16   42   22   39   21   17   32   31   30   50   37   40   12   29   35   12   48   14   28   43   14   17   20  
  21   27   24   43   27   50   15   45   16   26   42   13   17   35   43   15   18   49   40   32   19   24   30   15   28   47   48   29   25   41   44   36   23   42   12   20   21   38   37   34   31   39   43   33   14   24   22   36   46   11  
  32   29   42   37   17   49   36   49   41   28   18   33   34   20   35   20   43   15   13   39   12   23   50   19   38   16   19   49   46   21   25   27   49   49   34   22   45   46   47   26   11   44   15   48   24   31   40   50   30   14  
  21   39   28   50   30   43   29   23   17   26   38   40   11   27   17   34   42   29   16   32   49   35   46   47   19   41   22   13   39   31   29   18   37   40   39   24   36   17   20   33   11   48   15   12   25   44   45   36   27   14  
  26   50   48   21   16   46   49   32   44   33   38   40   41   19   25   28   15   37   23   42   23   31   35   27   47   18   34   11   29   39   19   23   32   22   47   23   17   13   12   24   45   47   20   36   30   33   18   35   43   14  
  13   28   29   31   45   36   46   24   11   19   44   44   14   13   27   38   42   15   45   35   21   27   26   34   22   37   48   23   41   32   32   16   30   44   50   21   40   47   33   32   18   45   20   17   49   25   12   39   43   44  
  47   31   42   14   15   17   48   14   33   35   16   41   21   13   27   22   15   11   30   20   44   12   28   43   28   25   24   45   29   40   50   49   26   37   19   13   46   39   38   34   32   50   18   19   13   37   36   23   44   33  
  42   40   20   41   23   33   38   50   36   45   24   39   28   48   35   50   50   45   21   43   30   34   15   18   11   47   14   27   49   28   16   31   44   25   26   46   17   45   37   19   22   12   28   32   24   11   29   23   17   13  
  21   40   26   45   33   35   19   24   11   29   42   36   31   50   18   34   14   44   16   15   13   28   34   47   20   31   30   46   17   39   41   38   23   41   41   25   32   27   37   43   19   14   17   13   22   49   12   48   35   41  
  22   49   48   29   32   18   47   20   35   36   26   12   31   25   45   42   19   38   32   33   40   41   24   44   14   21   37   16   37   11   40   41   27   42   15   34   46   30   34   17   18   43   13   27   50   39   19   37   28   23  
  27   29   18   45   39   32   18   36   41   29   46   42   47   16   49   20   35   40   47   34   15   21   46   40   44   23   23   19   33   24   50   27   38   43   36   12   14   17   25   37   11   31   26   48   22   13   30   28   31   14  
  38   50   34   37   28   34   42   11   21   28   37   30   43   16   12   22   14   34   13   45   44   23   26   27   48   47   40   41   17   20   29   50   46   49   36   24   33   25   26   32   25   15   24   19   31   35   22   18   39   35  
  41   22   38   22   19   20   28   12   39   18   32   17   38   14   23   28   24   16   40   34   49   50   13   46   30   25   44   50   22   35   31   15   27   29   26   38   17   36   20   42   43   33   48   21   11   45   47   37   34   41  
  13   41   21   36   40   18   16   24   37   14   22   26   15   35   30   17   11   23   50   19   34   40   44   11   24   33   32   24   25   49   36   47   42   45   29   17   20   12   44   43   46   48   28   27   31   12   39   38   47   47  
  21   42   43   50   45   47   39   17   49   30   43   13   19   33   32   35   48   34   11   22   46   15   23   31   37   28   16   29   24   25   33   38   36   40   48   20   18   42   27   15   13   26   15   14   41   14   44   12   38   13  
  23   41   34   14   27   27   30   26   47   48   44   34   27   18   35   42   28   27   26   19   13   25   37   15   36   29   46   31   22   20   38   11   13   33   39   49   50   17   32   21   40   14   45   12   46   27   16   43   33   24  
  41   14   25   31   38   46   41   48   29   44   20   34   17   22   35   50   28   40   30   42   21   16   37   49   47   48   18   37   22   24   43   24   25   13   26   12   32   34   33   14   19   45   11   24   19   27   15   23   36   39  
  19   12   20   33   49   21   34   26   24   31   25   38   36   45   30   37   47   13   43   23   42   36   48   15   41   42   44   18   21   46   22   16   42   21   49   14   39   11   35   15   29   28   29   30   17   12   32   27   50   40  
  41   42   39   20   43   49   32   25   19   31   40   14   18   22   42   26   46   16   30   38   12   48   28   45   11   40   36   35   15   47   34   37   12   25   33   21   23   13   50   47   29   26   34   27   44   20   26   24   17   50  
  16   37   31   50   24   21   47   18   19   30   23   25   12   11   33   39   36   40   27   29   34   38   33   43   35   28   41   26   42   45   44   32   36   17   15   13   17   16   20   48   13   33   36   27   14   22   14   49   44   46  
  15   23   22   29   20   43   11   31   34   33   50   30   27   24   41   14   22   45   49   44   40   16   13   19   35   42   47   25   36   38   27   24   28   48   46   26   21   45   39   49   17   12   25   16   24   18   22   32   37   50  
  29   26   13   39   40   11   33   16   12   11   23   12   22   35   19   49   45   24   20   37   47   46   14   31   43   44   15   40   25   26   36   21   50   41   32   18   23   42   26   28   22   19   31   38   30   35   48   27   34   17  
  47   14   20   34   13   35   42   41   49   28   40   45   17   25   48   50   23   50   14   39   22   37   29   19   32   31   23   15   30   33   46   44   21   12   36   16   18   24   35   15   15   27   26   34   38   21   43   30   43   11  
  49   48   15   32   13   50   15   49   42   38   31   50   29   22   49   21   18   30   20   14   21   37   46   36   24   27   41   16   27   47   45   12   43   17   23   44   40   33   25   19   34   32   16   17   28   39   41   35   26   11  
  19   17   27   43   13   42   15   50   49   18   40   12   24   32   44   26   42   31   38   44   45   14   39   21   37   41   15   28   33   43   29   47   36   12   48   16   42   35   11   30   38   23   34   20   22   41   46   25   32   40  
  50   32   24   30   11   46   14   35   26   36   17   19   38   20   47   31   37   18   34   26   28   39   41   48   12   45   25   46   13   42   15   21   22   49   27   42   13   29   43   49   16   33   44   35   26   28   40   45   16   23  
  28   30   14   36   45   31   13   37   44   25   46   16   39   29   43   17   35   21   47   11   40   12   41   38   49   19   26   18   22   26   46   48   32   19   42   24   25   25   50   36   32   33   20   19   30   26   34   23   27   15  
  23   15   13   47   41   29   34   14   27   26   40   38   22   16   20   43   43   20   44   48   42   35   25   15   21   12   39   31   18   45   24   28   50   11   40   12   47   50   33   49   30   46   36   32   17   47   37   40   23   19  
  36   36   38   40   50   37   49   39   13   47   46   24   17   30   12   28   21   15   23   18   43   36   26   22   18   19   35   48   19   44   33   41   27   42   20   31   35   32   34   29   29   14   21   11   45   21   28   25   16   11  
  19   21   32   50   28   40   46   36   44   14   49   48   25   17   23   32   28   42   37   30   18   41   22   13   15   43   42   26   45   26   39   13   47   16   27   37   33   12   22   24   20   26   11   35   34   15   38   29   44   31  
  50   44   20   46   36   12   47   35   26   29   49   38   42   39   17   27   11   13   44   16   33   22   19   31   24   25   42   43   18   18   41   14   15   40   34   41   28   18   32   45   23   33   39   23   48   37   30   39   21   23  
  49   46   19   31   41   43   11   14   36   29   22   37   32   21   35   11   25   26   33   45   38   39   45   12   23   40   30   27   12   31   34   42   13   11   27   44   28   25   50   18   47   16   15   25   19   24   17   34   20   48  
  41   17   24   50   12   22   43   33   50   42   26   49   27   38   49   31   37   42   45   23   39   16   28   11   19   13   27   30   22   35   36   49   21   44   18   46   14   39   15   42   32   20   29   39   25   34   48   47   40   24  
  21   12   11   17   18   36   15   23   38   30   35   32   47   19   45   25   48   33   40   14   32   19   11   21   42   41   46   16   29   31   39   38   28   34   27   13   37   33   50   36   44   43   28   32   24   22   26   38   20   49  
  37   41   23   33   14   49   29   18   40   18   25   32   47   47   43   36   46   32   12   19   28   48   13   48   27   11   35   21   12   50   31   44   12   16   26   42   28   44   17   12   45   20   38   24   39   15   30   34   14   22  
  37   20   22   41   35   25   36   40   30   28   17   27   39   50   31   20   32   14   27   17   44   31   48   34   21   42   13   43   45   41   24   15   26   12   49   25   41   33   38   18   19   50   37   16   46   28   23   47   11   29  
  39   44   22   32   16   27   33   40   41   18   13   38   20   48   31   46   42   34   24   43   36   21   23   35   15   24   19   42   17   12   20   23   48   25   11   37   49   47   29   36   28   14   27   26   43   45   29   50   24   30  
  24   20   25   19   45   11   11   18   48   12   27   42   47   41   43   26   16   28   13   49   44   11   30   19   33   48   22   36   48   23   34   50   32   35   37   19   14   39   43   17   21   17   38   15   19   31   40   41   29   46  
  11   26   18   22   23   46   50   19   21   29   34   33   20   35   28   22   40   43   12   44   21   38   27   47   41   49   45   24   11   14   29   15   36   26   39   41   31   22   32   48   18   32   21   17   16   30   37   42   13   25  
  49   17   31   14   48   46   18   46   35   26   29   21   22   36   24   30   11   39   41   16   42   17   44   15   32   40   43   38   28   45   26   23   20   37   26   13   49   15   26   17   25   33   47   50   19   12   27   27   14   34  
  40   39   22   42   27   30   50   19   28   49   46   50   33   30   12   47   48   14   24   32   17   38   41   44   43   34   29   19   25   45   15   11   33   16   37   31   13   33   34   20   32   26   16   35   33   21   23   18   36   41  
  41   28   22   21   47   12   11   23   15   19   48   34   23   40   37   44   38   30   18   45   36   33   26   50   13   17   27   16   35   28   39   43   14   39   34   42   32   23   31   23   24   39   46   25   14   29   20   49   43   44  
  15   29   32   20   21   13   30   37   13   27   48   47   23   28   42   24   41   11   34   33   32   39   26   18   12   50   14   22   45   25   49   45   38   33   14   50   16   19   36   20   35   30   46   44   23   40   17   18   31   43  
  48   29   28   41   24   17   36   26   21   25   13   44   42   49   32   23   44   50   39   44   22   43   40   46   31   37   43   17   20   48   47   40   14   27   34   35   13   16   33   45   42   30   40   19   15   24   38   11   12   18  
  33   40   34   22   45   15   30   24   18   48   23   41   37   35   14   19   39   22   43   41   38   32   16   20   50   28   27   36   25   29   27   47   46   16   26   44   31   21   45   42   46   32   11   17   49   22   12   22   27   13  
  44   33   23   38   48   20   14   43   47   37   40   28   39   47   15   36   17   29   33   31   26   19   18   35   30   16   41   25   46   35   21   42   29   32   49   22   13   45   24   28   27   12   13   27   11   40   36   46   50   34  
  14   46   24   15   38   40   19   38   18   49   45   29   37   25   15   40   48   12   26   33   35   34   44   23   42   30   48   27   40   41   16   22   28   36   27   43   39   17   32   11   37   50   18   20   13   21   41   24   31   47  
  39   24   34   32   31   16   50   22   50   29   38   27   21   45   23   30   31   16   11   15   44   20   48   14   42   49   19   12   25   22   24   26   40   22   38   43   13   18   33   28   46   47   41   22   17   37   45   35   36   11  
  37   35   16   18   27   17   29   28   38   25   11   42   14   48   12   22   14   13   16   23   41   28   34   45   19   21   33   32   39   15   49   43   16   42   14   39   42   31   30   42   19   36   46   44   47   40   26   50   20   24  
  25   35   15   41   33   20   41   49   34   18   13   39   32   30   15   12   45   19   38   42   30   50   11   17   46   13   47   24   48   36   21   31   16   22   26   50   29   23   37   44   27   30   14   12   28   42   24   40   43   15  
  36   24   37   21   50   47   38   43   43   33   31   49   28   45   42   48   20   14   40   44   36   25   34   22   43   29   17   35   34   30   18   41   39   23   16   32   16   41   27   15   13   11   20   19   32   46   19   12   29   26  
  28   50   14   27   35   32   49   12   19   45   44   11   19   50   26   34   21   47   24   19   35   34   17   39   22   31   40   16   11   36   23   37   15   29   46   48   13   15   43   18   41   33   31   17   38   26   42   30   20   25  
  49   35   40   31   30   21   13   12   42   37   29   11   16   41   44   45   14   15   24   49   39   36   33   44   43   13   43   41   20   32   23   38   48   22   46   47   35   17   34   27   19   26   50   40   28   18   36   49   25   41  
  13   15   45   45   30   29   39   28   47   18   43   27   36   45   42   32   33   25   23   12   46   35   16   14   19   31   16   36   48   22   12   44   11   40   34   24   41   49   28   18   21   38   36   17   37   35   20   26   16   50  
  19   50   11   37   48   31   33   11   32   13   17   49   12   43   50   30   21   22   41   29   27   47   45   36   12   24   39   23   22   18   20   34   46   42   13   35   28   24   16   26   35   25   44   32   23   29   15   38   40   14  
  21   38   42   44   11   12   30   15   39   49   37   13   43   19   50   23   35   49   46   43   17   32   14   48   23   25   18   48   27   34   25   28   29   25   41   20   16   36   31   26   40   40   47   30   17   22   45   33   37   24  
  15   31   30   16   29   39   38   40   47   44   22   32   36   40   13   41   48   33   46   25   21   15   12   23   37   43   17   23   27   49   11   35   24   13   19   20   12   26   34   45   18   50   32   42   19   46   18   14   41   28  
  15   45   23   28   13   24   39   41   24   24   31   29   42   26   48   22   30   27   36   14   25   36   16   21   49   19   40   12   33   11   35   38   14   50   18   25   47   13   46   37   34   43   44   29   44   37   21   17   32   20  
  20   26   50   11   49   45   42   14   15   13   24   39   36   40   48   37   28   35   44   26   16   23   29   17   41   19   21   38   24   13   12   47   43   32   20   34   28   25   38   43   32   30   49   18   17   22   46   27   33   31  
  41   19   12   15   37   25   35   23   46   40   45   13   38   43   28   31   47   23   17   18   30   28   33   16   23   32   42   36   26   33   20   25   44   17   34   14   11   39   39   49   27   19   50   21   22   48   24   29   22   37  
  37   16   49   43   41   18   39   42   48   23   15   17   31   24   34   21   38   46   34   19   13   41   44   33   18   14   47   30   40   39   41   27   45   22   12   16   22   44   50   11   20   35   28   25   14   36   26   17   32   29  
  29   42   16   50   11   26   21   37   17   13   38   39   12   49   40   48   16   45   23   38   44   44   15   19   29   31   35   38   41   14   32   12   47   17   46   18   33   20   36   15   24   28   34   30   27   22   43   22   25   13  
  41   50   25   43   39   36   33   40   27   47   13   30   48   35   37   20   24   38   31   47   32   12   45   23   29   40   14   20   39   26   15   49   31   41   17   44   11   29   18   22   34   28   19   42   29   16   36   21   46   11  
  47   40   36   11   29   50   50   42   28   30   41   37   11   25   38   24   31   46   16   18   19   13   34   15   14   49   40   27   43   35   23   22   18   44   33   17   27   39   20   26   21   12   16   48   32   45   21   43   28   37  
  21   47   14   46   41   37   11   29   23   21   46   44   15   21   31   27   36   43   17   18   32   26   35   45   25   35   38   36   16   13   20   32   19   40   50   16   24   12   36   30   49   42   34   46   28   22   33   39   48   39  
  39   32   15   43   20   22   40   18   47   27   15   14   30   25   11   17   37   49   28   28   16   50   31   43   45   18   39   26   45   13   48   42   23   46   24   39   47   38   44   12   33   41   36   34   35   19   45   21   11   29  
  37   42   50   21   23   16   15   40   39   22   41   32   30   31   43   38   36   29   35   27   18   22   24   21   28   20   23   47   48   28   24   18   49   33   45   44   20   13   12   11   19   26   14   36   28   46   25   28   17   34  ] 
BUDGETS : [    2    4    7   10   11   12   13   15   15   17   17   18   19   24   27   28   28   29   33   39   43   45   45   48   50   50   59   60   60   65   67   70   71   72   73   74   76   78   79   80   81   84   86   86   94   95   96   96  100  100  102  105  109  111  112  116  122  123  124  129  132  135  137  138  142  143  145  146  147  147  148  152  152  152  154  155  155  156  158  159  161  163  166  170  176  181  183  184  186  187  189  190  191  194  194  196  199  199  199  200  ] 
