K : 100
I : 50
PREFERENCES : [   44    0    0    0   45   43   50    0    0    0    0    0    0    0    0    0    0    0   47    0    0    0    0    0    0    0    0    0   42    0    0   49    0   46    0   42    0    0    0    0    0    0    0    0    0    0    0    0    0   48  
   0    0    0   50    0   46    0    0   49   44   43    0    0    0   48    0    0    0    0    0    0    0    0    0    0    0   44    0    0    0    0    0    0   45    0    0    0    0    0    0   47    0   42    0    0    0    0    0    0    0  
   0   50   43    0    0    0    0    0    0    0    0    0    0    0    0    0    0   47    0    0    0    0    0    0    0   49   50    0    0    0    0    0    0    0   46    0    0   44   42    0    0    0    0    0    0    0    0    0   48   45  
   0    0   43    0    0    0    0    0    0    0    0    0    0   47    0    0   44   49    0    0   48    0    0    0    0    0    0    0   45   42    0    0    0    0    0    0    0   48    0    0    0    0    0    0   46    0    0    0   50    0  
   0   46    0    0    0    0    0    0    0   42   43    0    0    0    0    0    0    0   44    0    0    0    0    0   48    0    0    0    0    0    0    0    0   49    0    0    0    0    0   50    0    0   47    0   45    0    0    0    0   47  
   0   46    0    0   45   44    0   50    0    0   46    0    0    0    0    0    0   47    0   49    0    0    0    0    0    0    0    0    0    0   42   43    0    0    0   48    0    0    0    0    0    0    0    0    0    0    0    0    0    0  
  47    0    0    0    0    0    0    0   48    0    0    0    0    0   50    0   44    0    0    0    0    0    0    0    0    0    0   43    0    0    0   49    0   42   47    0    0    0   45    0    0    0    0    0    0    0    0   46    0    0  
   0    0   50    0    0    0    0    0   46   45    0    0    0   49   43    0    0    0    0    0    0    0   43    0    0    0    0    0   42    0    0    0    0    0    0    0    0    0    0   47   48    0    0    0    0    0    0    0    0   44  
  46    0    0    0    0    0    0   50   45    0    0    0   44    0    0    0    0    0   43    0    0    0    0   42    0    0    0   47   49   47    0    0    0   48    0    0    0    0    0    0    0    0    0    0    0    0    0    0    0    0  
   0    0    0    0    0    0    0    0    0    0   42    0    0    0   49    0    0    0   50    0    0    0    0    0    0    0   48    0    0    0    0    0    0    0    0    0    0   47    0    0   45    0   45    0    0    0   46    0   43   44  
   0   49    0   49   48    0    0    0   42    0    0    0   46    0    0    0    0    0   50   43    0    0    0    0    0    0    0   44    0    0    0    0    0   47    0    0    0    0    0   45    0    0    0    0    0    0    0    0    0    0  
   0    0    0    0    0    0   47    0    0    0    0    0   49    0    0    0    0    0    0    0    0    0   44    0    0    0   48    0    0   45    0   42    0    0   47    0   46    0    0    0    0    0   50    0    0    0    0    0    0   43  
   0   49    0    0    0    0    0    0    0    0    0    0    0    0    0    0    0    0    0    0    0   47    0    0    0    0    0    0    0   42    0    0    0    0   44   43   50   46    0    0   45    0    0   48    0    0    0    0   49    0  
   0    0    0    0    0    0    0    0    0    0   44    0    0    0    0    0   44   50    0    0    0    0    0    0   46    0    0    0    0    0    0    0    0    0    0    0    0   43    0   48   49    0    0   42   47    0    0    0   45    0  
   0    0   47   46   43   42    0   43    0    0    0   48    0    0    0   45    0    0    0    0    0    0   44    0    0    0    0    0    0    0    0    0    0    0    0   49    0    0    0    0    0    0    0    0    0    0   50    0    0    0  
   0    0    0   46    0    0    0    0    0    0    0    0    0    0    0   45    0    0    0   43    0    0    0    0   50    0    0    0   42    0    0    0    0    0   47   49    0    0    0    0   48    0    0    0    0    0    0   46    0   44  
   0    0    0    0   43    0    0   48   49    0    0   50    0    0    0    0   50    0    0    0    0    0    0    0    0    0    0    0    0    0    0   44    0    0    0    0   42   46    0    0   47    0    0    0   45    0    0    0    0    0  
   0    0    0    0    0    0   49    0    0    0    0   47    0    0    0   46    0    0    0   48    0    0    0    0    0   45    0    0    0   43    0    0    0    0    0   44    0    0    0    0    0    0    0   46    0    0   50    0   42    0  
   0    0    0   43   49    0    0   46    0    0    0    0    0   48    0   50    0    0    0    0    0    0   44    0    0    0   47   45    0    0    0    0    0    0    0    0    0    0    0   42    0    0    0    0    0    0    0   45    0    0  
   0    0    0    0    0   47    0    0    0    0    0    0    0   46   42    0    0   45   50   43    0    0   44    0    0    0    0   48    0    0    0    0    0    0   49   50    0    0    0    0    0    0    0    0    0    0    0    0    0    0  
   0    0   46    0    0    0    0   46    0    0    0    0    0    0    0    0    0    0   50    0    0    0    0    0   49   44    0    0    0   47    0   43   48    0    0    0    0    0    0   45   42    0    0    0    0    0    0    0    0    0  
   0    0    0    0    0   48   42    0    0    0    0    0   47    0   47    0    0    0    0    0    0    0    0    0    0    0   44    0   50    0    0    0    0    0    0    0    0    0    0    0    0    0    0    0   49   43   45    0    0   46  
   0    0   46   45   48    0    0    0    0    0    0    0    0    0    0    0    0    0    0    0    0    0   42   50    0   47    0    0    0    0    0    0    0    0    0    0    0    0    0    0   47   49    0    0    0    0   44   43    0    0  
  46    0    0    0   45    0   43    0    0    0    0    0    0    0    0    0    0    0    0    0    0    0   44    0    0   42   48    0    0    0    0    0    0    0    0    0    0   47    0    0    0    0    0    0    0   49   49    0    0   50  
   0    0    0    0   44    0    0    0    0   47    0    0    0    0   49    0   50   47   48    0    0    0    0    0    0    0    0    0    0    0    0   42    0    0    0    0   43    0    0    0    0    0   46    0    0   45    0    0    0    0  
   0   44    0   49    0    0    0    0    0    0    0    0    0   48    0    0    0    0    0    0    0    0    0    0    0    0    0    0   47    0   43    0   42    0    0    0    0   46   50   46    0    0    0    0    0    0    0    0   45    0  
   0    0    0    0   48    0    0    0    0    0   45    0    0    0    0    0    0    0    0    0    0    0    0    0    0    0    0    0   50    0    0    0   44   42    0    0    0   49    0    0    0    0   46    0   47   43   47    0    0    0  
   0    0    0    0   44   48   42    0    0    0    0    0    0    0    0    0    0    0    0    0    0    0    0    0    0    0    0   49    0   49    0    0    0    0    0    0   46   50   45    0    0    0   43    0    0    0    0    0   47    0  
  47    0    0   46   45    0    0    0    0   49   44    0    0    0    0    0    0    0    0   50    0    0    0    0    0    0    0    0    0   43   45   48    0    0    0    0   42    0    0    0    0    0    0    0    0    0    0    0    0    0  
  47    0   46    0    0    0    0    0    0    0    0    0    0   42    0    0    0    0    0    0    0    0    0    0    0    0    0   49   43   45    0    0   50    0    0    0    0    0    0   43   44    0    0   48    0    0    0    0    0    0  
   0    0   50   47   48   46    0   45    0    0    0    0    0   46    0   44    0    0    0    0    0    0   49    0    0    0    0    0    0    0    0   43    0    0    0    0    0    0    0    0    0    0    0    0   42    0    0    0    0    0  
   0   42    0    0    0    0    0    0    0    0    0   45    0    0    0    0    0   48    0    0    0    0    0    0    0    0    0    0    0    0   45   44    0   50    0   49   46    0   43    0    0    0    0    0   47    0    0    0    0    0  
   0    0    0    0    0   48    0    0    0    0    0    0   45    0   47   42    0    0    0   49    0    0    0   46    0    0    0   47    0    0   43    0    0    0    0    0    0    0    0    0    0   50    0    0   44    0    0    0    0    0  
  45    0    0    0   42   48    0   42   44    0    0   46    0   50    0    0    0    0    0    0    0    0    0    0    0    0    0   43    0    0    0    0    0    0   47    0    0    0    0    0    0    0    0    0    0    0   49    0    0    0  
   0    0    0    0   46    0    0    0    0   42    0    0    0    0    0    0    0    0    0    0    0    0    0   47    0    0    0    0    0   49   45    0    0   48    0    0    0    0   43   44    0    0   48    0    0   50    0    0    0    0  
   0    0    0    0   49    0    0    0    0    0    0    0   44    0    0    0    0    0   48   50    0    0    0    0   42    0    0    0   43    0    0    0   46    0    0    0    0    0    0   47    0    0   45    0    0    0    0    0   46    0  
   0    0    0    0    0   48    0    0    0    0    0   49    0    0   44    0   46    0    0    0    0    0    0    0    0    0    0    0    0    0    0    0    0    0   43   50   47    0    0   45    0    0    0    0    0    0    0   42    0   48  
   0    0    0    0    0    0   46    0   43    0    0   42    0   50    0    0   49   48    0    0    0    0    0    0    0    0   47    0   45    0    0    0    0    0   42    0    0    0   44    0    0    0    0    0    0    0    0    0    0    0  
   0    0   42    0    0    0    0    0   45   50    0    0    0    0    0    0    0    0    0    0    0    0    0    0    0   47    0    0   48    0   43   44    0    0    0    0    0   46    0    0    0   49    0    0    0    0    0    0    0   48  
   0    0   45   46    0    0    0   43    0    0    0    0    0    0    0    0    0    0   46    0    0    0   47    0    0    0    0   44    0    0    0    0   49    0    0   50    0   48    0    0    0    0    0   42    0    0    0    0    0    0  
   0    0    0    0    0    0    0    0    0    0   49   44   50    0    0    0    0    0   46    0    0   42    0    0    0    0    0    0    0    0    0    0    0    0   48   45   47    0    0    0    0    0    0   43    0   42    0    0    0    0  
   0    0   44    0    0    0    0    0    0    0   42    0    0   50    0    0   49    0   48    0    0   46    0    0   43    0    0    0    0    0    0    0    0   48    0    0    0    0    0    0    0    0   45    0   47    0    0    0    0    0  
   0    0    0    0    0    0   45    0    0   44   46    0    0   49    0    0    0    0    0    0    0    0    0    0   48    0    0   50    0   43    0    0    0    0    0    0    0   47    0    0   49    0    0    0    0   42    0    0    0    0  
   0    0   48   46    0    0    0   50   47    0    0    0    0    0   42    0   43    0    0    0   48    0    0    0    0    0    0    0   44    0    0    0    0    0    0   45    0    0    0    0   49    0    0    0    0    0    0    0    0    0  
   0    0    0    0    0    0    0    0    0    0    0    0    0   47    0    0    0    0   49    0    0    0    0    0    0   48   45    0    0   50    0    0   44    0    0   43    0    0   46    0    0   42    0    0    0    0   50    0    0    0  
   0    0    0   43    0    0    0    0   44    0    0   47    0    0    0    0    0   42    0   46    0    0    0   48    0    0    0   45    0    0    0    0    0    0   50    0    0    0   45    0    0    0    0    0    0    0   49    0    0    0  
   0    0   44    0    0    0    0    0    0    0    0   48    0   45    0    0   43    0    0   50    0    0    0   43    0    0   49    0    0    0    0    0    0    0    0    0    0    0   46   42    0    0    0   47    0    0    0    0    0    0  
   0    0    0   44    0    0    0    0    0   44   49   48    0   45    0    0    0    0    0   42    0    0    0    0   43    0    0    0    0    0    0    0    0    0    0    0    0    0    0    0    0   47    0    0    0    0    0   46   50    0  
   0    0    0    0    0    0   44    0    0    0   46   42    0    0    0    0   45    0   45    0    0    0    0    0    0   48    0    0    0    0    0    0    0    0    0   43    0   49    0    0   50   47    0    0    0    0    0    0    0    0  
   0    0    0    0    0    0    0    0   49    0    0    0    0    0    0    0    0    0   43    0    0    0    0    0   47   42    0    0    0   44   50    0    0    0    0   48    0    0    0    0    0   43    0    0    0    0   45    0    0   46  
  50    0   45    0    0    0   42    0    0    0   47    0    0    0    0    0    0    0    0    0   43    0    0    0    0    0    0    0    0    0    0    0    0    0    0   48   50    0    0   46   49    0    0    0    0    0    0    0    0   44  
   0   48    0   47    0    0    0    0   50   48    0    0    0    0    0    0    0   45    0    0    0    0   43    0   44    0    0    0    0    0    0   49    0    0    0    0    0    0    0    0    0   42    0    0    0    0   46    0    0    0  
   0    0    0    0   48    0    0    0    0    0    0    0    0    0    0    0    0   49    0    0   45    0    0    0    0   42    0   43   47   45    0    0    0    0    0    0    0    0    0    0   46   44    0    0    0    0    0    0    0   50  
   0    0    0   44    0    0    0    0    0   48    0    0    0    0    0   45    0    0    0    0   42   43    0    0    0    0    0    0   49    0    0    0    0   46   50    0    0    0    0    0    0    0    0    0   47   44    0    0    0    0  
   0   42    0   44    0    0    0    0    0    0    0    0   45    0    0    0    0   50    0    0    0   50    0   49   43    0    0    0    0    0    0   46    0   47    0    0    0   48    0    0    0    0    0    0    0    0    0    0    0    0  
   0    0    0    0    0    0    0   43    0    0    0    0    0    0   46   48    0    0    0    0   44    0   50    0    0    0    0    0    0    0    0    0   42   47    0    0    0    0   47    0    0    0    0   49    0    0   45    0    0    0  
   0    0    0   50    0    0    0    0   48    0    0    0    0    0    0    0    0   47   44    0   47    0   45    0   43   42    0    0    0   46    0    0    0   49    0    0    0    0    0    0    0    0    0    0    0    0    0    0    0    0  
  49   44    0   48    0    0    0    0    0    0    0    0    0   45    0    0   50    0    0    0    0   43    0    0    0    0    0    0    0    0   43    0    0    0   42    0   46    0    0    0    0    0    0    0   47    0    0    0    0    0  
   0    0    0    0    0    0    0    0    0    0   48    0    0    0    0    0    0    0   47    0   43    0    0    0   42   44    0    0    0    0    0   49    0    0   42    0    0    0    0   45    0    0    0    0    0   46    0   50    0    0  
   0    0   44   48    0    0   50    0    0    0   42    0    0    0   49    0    0    0    0    0    0    0   43    0   45    0   43    0    0    0    0    0    0   46    0    0    0    0    0    0    0    0    0    0    0    0   47    0    0    0  
   0   47   44    0    0    0    0    0    0    0    0    0   50    0    0    0    0    0    0    0    0    0    0    0    0    0   48    0    0   49   48   43    0    0   45    0   42   46    0    0    0    0    0    0    0    0    0    0    0    0  
   0    0    0    0   48    0    0    0   46    0    0    0    0    0   50    0    0    0   49    0    0    0    0    0    0   42    0    0   48    0    0    0    0    0    0    0    0   44    0    0   47   45    0    0    0    0   43    0    0    0  
   0    0    0   43   42   45    0    0    0    0   48    0    0    0    0    0   50    0    0    0    0    0    0    0    0    0    0   46    0    0    0    0    0    0   44    0    0    0    0    0    0   47    0    0    0    0   49    0   50    0  
   0    0    0    0    0   43    0   45   47    0   50    0    0    0    0    0    0    0   44    0    0   49    0    0   42    0   47    0    0    0   46    0    0    0    0    0    0   48    0    0    0    0    0    0    0    0    0    0    0    0  
   0   47    0    0   50   45    0    0    0    0    0    0    0    0   49    0    0   49   44    0    0    0    0    0    0    0    0    0    0    0    0   43    0    0    0    0    0    0   48    0    0    0    0    0   42    0   46    0    0    0  
   0   47   46    0    0    0    0   49   48    0    0   44    0    0    0    0    0    0    0    0    0    0    0    0    0    0    0   42    0    0   50    0   45    0    0    0    0    0    0    0    0   50   43    0    0    0    0    0    0    0  
   0    0    0    0    0   42    0    0    0    0    0    0    0    0    0    0    0    0    0    0   48    0    0    0    0    0    0    0    0   50    0   43    0    0    0   49    0   44    0   45    0   47   42    0    0    0    0    0    0   46  
   0    0    0    0    0    0    0    0   45    0    0    0   42    0    0    0   49    0    0    0    0    0   43   50    0    0    0    0   48   46    0    0    0    0    0    0   47    0    0    0    0    0    0    0    0   45    0    0    0   44  
   0    0    0    0    0    0    0    0    0    0    0    0    0   43    0    0    0    0    0   48    0    0    0    0    0   49    0    0   45    0   46    0   42    0    0    0    0    0   50    0   47    0   49    0    0    0    0    0    0   44  
   0    0    0    0    0    0    0   46    0    0    0   44    0    0   50    0    0    0    0    0    0    0    0    0    0    0    0   42   42   47   49    0   48    0    0    0    0    0    0    0   45    0    0    0    0    0    0    0   43    0  
  43    0   45    0    0    0    0    0    0   42    0    0    0    0    0   47    0    0    0   50    0    0    0    0   44    0    0    0    0    0    0   49    0    0    0    0    0    0    0    0    0    0   48   49    0   46    0    0    0    0  
   0    0    0    0    0    0    0    0   50    0   43    0    0    0   42    0   44    0    0    0    0   45   49   50    0   48    0    0    0    0    0    0    0    0   47    0    0    0    0    0    0    0    0    0    0    0    0    0    0   46  
   0    0    0   50    0    0    0    0    0    0    0    0    0    0    0    0    0    0    0    0    0   42    0   46    0   44    0    0    0   42    0    0   45   43    0    0   49    0   48    0    0    0    0   47    0    0    0    0    0    0  
   0    0    0   42    0    0    0   47    0    0    0    0    0    0    0    0    0   44   43   50    0    0    0    0   48    0    0    0    0    0    0    0    0   45    0    0    0   46   46    0    0    0    0    0    0    0    0   49    0    0  
   0    0    0   43    0    0    0   49    0    0    0    0   48    0    0    0   47    0   44    0   45    0    0    0    0   42   46    0    0    0    0    0    0    0    0   50    0    0    0    0    0    0    0    0    0    0    0    0    0   47  
   0    0    0    0    0    0   47    0    0    0    0    0    0    0    0    0   46   49    0    0    0   45    0    0   43    0    0    0    0    0    0    0   48    0   46    0    0    0    0    0    0   44   42    0    0    0    0    0   50    0  
   0    0    0   50    0    0    0    0    0    0    0    0    0    0    0    0    0   45    0    0   43    0    0    0    0    0    0    0    0    0   42    0    0   46   49    0    0   47   48    0    0   44    0   45    0    0    0    0    0    0  
   0    0    0    0    0    0    0   49    0    0    0    0   47   50    0    0   46    0    0    0    0    0   45    0    0    0    0    0    0    0    0    0    0    0    0   42    0    0   44    0   48    0    0    0   48    0    0   43    0    0  
   0    0    0    0   48    0   50    0    0    0   44    0    0   42    0    0   48    0    0    0    0    0   46    0    0   45   43    0    0    0    0    0    0    0    0    0   49    0    0    0    0    0   47    0    0    0    0    0    0    0  
   0    0    0    0   45    0    0   46    0    0    0    0    0   48    0   47    0    0    0    0    0    0    0    0    0    0   50    0    0    0   43    0    0    0    0    0    0    0    0   49   42    0   48    0    0    0    0    0    0   44  
   0    0   50    0    0   47    0   42    0    0    0    0    0    0   49    0   50    0    0    0    0   45   48    0    0    0    0    0    0    0    0    0   44    0    0    0    0    0    0    0   46   43    0    0    0    0    0    0    0    0  
  50    0   49   45    0    0    0    0    0    0    0   42   43    0    0    0    0   44    0    0    0   48    0   46    0    0    0    0    0    0    0    0    0    0    0   46    0    0    0    0    0    0    0    0    0    0    0    0    0   47  
   0   47    0   45   50    0   42    0    0    0   49    0    0    0    0    0   46    0    0    0    0    0    0    0    0    0    0    0    0   48    0    0   43   44    0    0    0    0    0    0    0    0    0    0    0    0    0   44    0    0  
   0    0    0    0    0   43    0    0   45   44    0    0   50    0    0    0    0    0    0    0    0    0   42    0   46    0   47    0    0    0    0    0    0    0    0    0   48    0    0    0    0   49    0    0   44    0    0    0    0    0  
   0    0    0    0    0    0    0   46   47    0    0    0    0    0    0   45    0    0    0    0    0    0    0    0   43    0    0    0    0    0   50    0   45    0    0    0    0    0   49    0   48    0   42   44    0    0    0    0    0    0  
   0    0    0    0    0    0    0    0    0    0   42    0    0    0    0    0   43    0    0    0    0   46    0    0    0   45    0    0   44    0    0   48   47   49    0    0    0    0    0    0    0    0    0    0   50   45    0    0    0    0  
   0    0   49    0    0   46    0    0    0   42    0    0    0    0    0    0    0    0    0   44   47    0   48   43    0   45    0   44    0    0    0    0    0    0    0    0   50    0    0    0    0    0    0    0    0    0    0    0    0    0  
   0    0    0    0    0    0    0    0   44    0    0    0    0    0    0    0    0    0    0    0    0    0   50    0    0   47    0    0    0   44    0    0    0    0   49   42    0   48    0    0   43    0    0   45    0    0    0   46    0    0  
   0   46    0    0    0    0    0    0    0    0    0    0   50    0    0    0    0    0   45    0   47    0   43    0    0    0    0   43    0    0    0   48    0    0    0    0    0    0    0    0    0    0   44    0    0   42    0    0    0   49  
  48    0    0    0    0    0   47    0    0    0    0    0    0    0    0    0   42    0    0    0    0    0    0    0    0   43    0    0   45    0    0   46    0    0    0    0    0    0    0   49    0   45   44    0    0   50    0    0    0    0  
   0   43   49    0    0    0   44    0    0    0    0   45    0   48    0    0    0   46    0   47    0    0    0    0    0    0    0    0    0    0    0    0    0    0    0    0   42    0   50    0    0    0    0    0    0   45    0    0    0    0  
   0    0    0    0   42   43    0    0    0    0    0    0    0    0    0    0    0   43   47   46    0    0    0    0    0   50   45    0    0    0    0    0   49   48    0    0    0    0    0    0    0    0   44    0    0    0    0    0    0    0  
   0    0    0    0   45    0    0    0    0    0    0    0    0   44    0    0    0   47   47    0    0    0    0   49   42    0    0    0    0    0    0    0    0    0   43    0    0    0    0    0   50    0    0    0    0   48    0    0    0   46  
   0    0    0    0    0   48    0    0    0    0    0    0    0    0    0    0   50    0    0    0    0    0   46   44    0    0   49    0    0    0    0    0    0    0   47    0    0    0   43    0    0    0   45    0    0    0    0    0   42   50  
   0    0    0    0    0    0    0    0   47    0    0   43    0    0    0    0    0   42    0    0   46    0    0    0    0   50    0    0   48    0   47    0    0   44    0    0    0    0    0   45   49    0    0    0    0    0    0    0    0    0  
  45    0    0    0    0   47   49    0    0    0    0   48    0    0    0   50    0    0    0   44    0    0    0    0    0    0    0    0    0    0    0    0    0    0   42   43    0    0    0    0    0   46    0    0    0    0    0    0    0   50  
   0    0   50    0    0    0    0    0    0    0    0    0    0   48    0   47   42   46    0   44    0   42   45   49    0    0    0    0    0    0    0    0    0   43    0    0    0    0    0    0    0    0    0    0    0    0    0    0    0    0  
   0    0    0    0   47   48    0    0    0    0    0    0    0    0    0   45    0    0    0    0   42    0    0    0   46   43    0    0    0    0    0    0    0   44    0    0    0    0    0    0    0    0   42   49    0    0   50    0    0    0  
   0    0    0    0    0    0    0    0    0    0   44   48    0    0    0   43    0   47    0    0    0    0    0    0    0    0   43    0    0   42    0    0    0    0    0    0    0   45    0    0    0    0    0   46   50    0   49    0    0    0  
   0    0    0    0    0    0    0   50    0    0    0   49    0    0    0    0   43    0    0    0    0   42    0    0   48    0   45    0   46    0   50    0    0    0    0   47   44    0    0    0    0    0    0    0    0    0    0    0    0    0  ] 
BUDGETS : [    6    8   13   14   15   18   19   20   21   22   24   27   28   28   33   33   37   37   38   40   41   43   44   45   45   49   52   55   56   57   59   67   67   67   68   68   70   71   72   73   76   77   77   79   83   84   85   86   89   91   92   93   94   94   94   94   97   98   98   99  102  104  104  106  107  111  111  112  115  115  117  126  127  130  133  134  136  137  142  149  153  153  155  158  161  164  167  169  170  173  174  174  178  178  181  182  184  188  199  199  ] 
