K : 50
I : 50
PREFERENCES : [   48    8   39   15   33   30    9   10   20   17   19   11   44   46    6   29   42   13   28   35    9   23   50   18   13   37   41   21   26   22   23   34   14   12   24   35   40   47   22   45   49   31    7   36   16   27   25   32   43   38  
  26   31   50   18   46   36    9   29    6   11   31   10   43   41   28   21   20   23   35   38   34   14   25   39   27   15   32   19   42   13   45   17   46   37   16   30   33   15   22   24   49    7   28   17   40   12   47   44   48    8  
  49    6   18   28   34   19   47   44   25   15   31   12   41   40   45   39    7   26   27   23   32   10   21   13   17   35   31   16   46   38   11   36   22   20    7   19   33   42   26   29   37   24   50    9   30   48   43   15    8   14  
  19   25   35   34   39   20   11   37   14    7   38    8   49   16   24   10   24   10   28   47   42   44   21   29   45   28   33   18   46   15   31   48   12   50   27   32   22   13   17   40   36   14   30   41   26   23    9   43   39    6  
  28    6   23   18   31   14   36   20   30   40   49   33   32   13   19   50   24   47   17   45   35   18   38   37   34   44    7   42   22    7    9   21   25   13   47   15   26   27   10   48   41   46   12   41   39    8   29   43   16   11  
  25   45   30   38   13   35   21   32   26   22   17    7   12   43   14   49    8   41   33   44   27   42   19   31    9   34   16   24   50   10   39   29    7   23   28   37   30   46    6   20   40   50   15   39   36   47   48   11   18    9  
  32   47   50   13   30   45   38   42   17   14    9   40   33   25   15   21   27   14    7   48   21   23    8   16   37   36   41   10   46   26   11   19   47   39   44   12   24    6   28   18   29   20   45   31   35   43   22   21   34   49  
  40   34   45   37    8   37   25   12   26   18   23   49   22   23   41   31   39   30   13   24   29   20   15   27   22   36   11   17   10   28    9    7   16   21   35   42   48    6   11   46   19   50   14   43   27   38   33   32   47   44  
  13   34   37   36   24   42   44   23   41   18   29   15   19   45   18    8   28   25   26    9   17   31   40   16    7   46   10   14   27   40   20   40   47   12   21   38    6   20   35   50   33   47   39   22   48   32   49   30   11   43  
   6   22   36   47   23   43   30   21   42   44   17   29   16   21   14   32   40   27   10   12   35   18   28    8   25   38   49   50   20   45   33   41   37   13   48   49   19   46   15   49   26   39   37    9    7   24   31   11    6   34  
  11   31   42   28   29   12   26   18   30   45   34   49   41   19   43   27   36   41   24    7   11   15   10   14   40   23    9   38   35   16   50   33   48   44    8    8   37   21   46   47   22   39   20   43   32   17    6   25   13   30  
   9    6   26   11   50   31   38   24   40   28   40   25   47   19   27   45   18   20   41   42    9   35   21   23   32    7   37   34   36   33   12   31   22   14   15   44   48    8    9   23   30   17   39   46   29   43   49   13   10   16  
  40   30   42   32   38    7    8   27   45   36   10   16   21    9   11   39   17   41   31   30   19   29   15   43   13   34   33   21   46   34   23   20   47   37   35   50   14   24   26   25   22   48   28   49   12   44   18   26    6   49  
  32   46   14   27   44   43   42   21   18   45   48   19   16   12   39   40   22   11   36   31   27   33   23   13   28   35   34    6   50    9   47   38   25   19   37   41   26    8   11   20   29   30   15   35   10    7   17   11   24   49  
  39   17   40   19   27    7   45   18   24   10   49   30   21   31   37   44   34   43    6   27   43   38    8   11   23   12   28   36   29   12   46   50   16   35    9   14   15   33   48   14   20   26   47   13   41   27   42   32   25   22  
  45   21    7    9   24   11   28   23   19   32   36   15   42   37   50   14   13   50   22   30   20    6   47   27    6   19   33   46   35   29   12   17   48   34   31   43   41   26   42   18   25   48    8   16   10   49   44   38   40   39  
   7   34   18   39    9   14   49   32   14   24   22   23   25   15   12   16   28   38   44   37    6   25   17   10   31   23   33   13   19   41   35   45   21   30   35   41   27   26   40    8   48   43   29   20   46   50   36   11   42   47  
  28   32   18   34   46   11    7   25   26   33   43   36   22    8   41   48   45   16   35   40   47   30   49   11   24   50   42   15   38   14   37   44   20    9   13    6   29   25   23   19   17   12   27   39   21   43   47   10   24   31  
  18   32   34   45   22   39   47    7   36   23   47    6   48   21   30   49   46   50   39   38   15   29   26   46   27   28   35    9   40   20   16   25   44   42   13   33    7   31    8   14   37   24   24   12   19   10   17   11   43   41  
   6   37   47   28   33   36   31   14   42   49   10   50   11   13   27   34   21   45    8   48    9    9   38   43    7   20   17   24   12   19   44   15   18   46   22   41   26   16   25   18   18   49   39   35   40   30   32   30   29   23  
   7   42   22   50   10   35   16   33   18   25   48   12   43   27   36   21   15   27   28   44    8   49   38   13   22   23   17   11   24   25   37   45   34   40   26   39   14   19   14   30   31   32   29    6   46   19    9   20   41   47  
  12   39   42   37   36   30   50   40   34   31   22    9   47   44   15   28   29   48   27    7   32   46   45   18   23   33    6   26   21   43   16   25   20   14   41   17   35   38   22   19   44   13   10   24   11   46   10    8   49   32  
  40   20   48   12   24   27   15    8   16   32   14   41   43   18   11   42   35   39   15   45   31   33   34   22   28   49   13   38   13   25    9   46   10   37   47    7   12   44   19   23   25   29   21   50   39   36   26   30   17    6  
  49   42   10   21   35    8   13    6   16   34   11   48   26   13   27   22   19   39   31    7   40    9   48   46   23   33   37   15   43   32   28   30   20   50   36   24   17   32   18   10   41   25   45   44   14   29   12   47   16   38  
  34   38    8   29   35   47   28   30   32   39   10   16   41   23   33    7   17   23   48   26    9   46   25   37   34   43   42   34   27   13   44    6   50   40   31   15   20   49   22   18   45   11   31   24   36   36   14   12   21   19  
  39   33   17    8   30   48   37   11   19   13   49   42   40   45   14   22    9   23   35   16   27   26   11   31   24   32   41    7   25   43   12   15   21   20   27    6   44   34   24   29   47   26   46   36   18   21   50   38   10   28  
  44   20    6   41   32   19    7   34   38   33   45   42   50   22   17   47   46   29   27   48   49   10    9   38   15   31   24   37    8   43   25   18   37   16   36   28   11   39   43   13   26   38   11   23   40   12   35   21   30   14  
  17   46   18    6   30   19   17   31    8   21   13   50   20   14   41   25   15   42    7   43   11   25   34   33   37   23   45   35   36   10   39    8   29   26   24   16   44   40   49   34   28   38   12   27   22   47   28   48    9   32  
  46   17   23   47   30   41   18   26    6   36   35   38   37   11   43   45   21   24   29   12   34   33   18   49   37   42   13   36    8    9   50    7   48   16   22   32   28   27   39   44   15   14   32   13   19   10   25   20   31   40  
  11   19   18   31   31   17   15   50   22   39   29   38   50   46   48   28   14   36    9    8   26   49   41   30    6   24   10   45   32   43   20   33    7   21   13   23   12   12   12   42   25   44   27   50   47   34   16   37   40   35  
  34   50   25   35   13    7   45   19   20   26   27   38   46   23   28   33   32   48   49   42   39   37   48   17   11   24   36   33    6   31   47   10   21   21   43   40    8   18   30   29   41   44    9   43   14   12   29   15   16   22  
   8   49   30   34   42   26   40   15   45   40   20   19   46   10   11   33   34   12   35   19   24   22   18   43   14    9   21   38   47   16   27   45   45   36   28    7   37   29   41   50   48   39   44    6   31   23   13   17   32   25  
  20   44   13   32   34   10   23   31   12   46   28   25   30   18   45   29   10    6   11   36   14   21   35    8   16   11   15   50   40   19   17   24    7   42   39   27   22   41   43   37   48   38    7   30   47   49   33    9   26   49  
   8   13   23   30   26   50   31   22   38   27   17   21   11   33   20   39   41   22   24   16   29   15   19   35   25   32    7   34   14    6   12   43   45   28   10   18   46   49   37   44    9   36   47   48   42   14   28   40   14   19  
  35    7   34   26   25   27   21   49   38   12   24   17   31   33   50   14   39   33   18   11   28   40   32   36   47   41   33   15   16   42   22   20   49   29   45   19   18   10   44   23   43   46   13    9   48   30   37   44    6    8  
  49   33    9   18   28   39   13   34   23   34    6   35   39   48   14   26    8   12   37   11   15   13   10    7   29   21   24   16   41   33   45   19   44   30   38   27   17   47   46   50   22   36   32   43   20   12   31   25   42   40  
  13   32   18   34   47   21   49   48   15   10   37   44   43   50   19    9   36   46   22   42   33   31   14   26   25    8   30    6   23   26    7   41   29   28   20   11   40   31   12   24   16   14   39   38   35   45   34   27   17    7  
  31   19   13   33   49   48   20   14   32   30   14   41   39   11   44    9   16   29   22   43   27   10   50   40   46   28   38   33   42   24   17   45    6    8   31   25   36   15   12   37   18    7   47   21   44   34   23   35   26   44  
  10   22   36   21   21   37   41   15   45   20    9   26   18   13   47   42   34   14   31   15   38   50   29   43   40   23   21   17   48   28   12   25   46   34   19   11   33    6   35    7   32   27   24   49   30   39    8   44   13   16  
  27   15   29   39   29   22   12   50   35   45   10    6   21   28   42   49   17   48   47    8   37   38   33   30   16   40   19   35   36    9   28   41   14   26   24   18   43   44   36    7   11   34   13   46   37   25   23   31   32   20  
  36   46   40    8   30   41   40   21   23   38   35   50   22   34   10   25   43   44   44   28   11    6   12   13   33   39   32   27   17    9   19   45   14   37   37   24    7   31   29   15   16   34   49   48   29   18   47   26   42   20  
  41   18   21   15   22   22    6   24   13   30   30   14   31   45   37   27   29   32   17   33   43   49   40   35   48   26   50   34   25    6   19   31   36    7   44    9   16   47   10   38   16   42   12   20   39   28    8   46   11   23  
  12   10   38   28   40   31   27   24    7   44   17   16   25   21   13   29   15   30    6   42   19   18   47   43   33   49   50   14   17   22    9    6    8   34   26   48   36   45   32   20   11   23   50   19   35   37   39   46   47   41  
  40   26   27   16   20   50   22   21   15   33   32    6   23   47   41   36    8   37   46   28    7   35   39   27   42   17   26   33   12   18   10   45   30   43   19   48   11   38   31   49   44    9   25   34   13   13   14   11   29   24  
  18   15   34    6   44   19    9   32   33   40   37   41   46   17   27   12   38   30   35   20   49   13    8   12   39   25   47   31   45   29   43   50   14   48   16   10   40    7   21   28   23   22   19   42   11   26   28   24   36   37  
  43   10   40   28   21   26   17   33   13   18   50   27   24   46   16   37   44   29   35   32   38   15   29    9   21    7   22   41    8   23    7   25   49   20   14   30   34   19   12   48   31   11    6   45   29   47   39   17   36   42  
  24   21   33   48    8    6    7   27   30   22   16   25   26    9   46   31   33   19   11   17   12   11   35   38   18   19   23   25   39   44   42   32   13   45   36   47   10   43   50   13   34   41   37   40   15   20   49   14   29   28  
  38   10   31   30   37   19   29   46    6    7    9   40   47   34   22   27    8   41   33   20   21   11   19   28   39   24   18   48   15   42   26   50   35   46   45   23   32   49   12   43   44   25   17   29   13   30   36   16   14   18  
  14   29    8   50   38   16   46   34   28   26    7   31   10   12    7   36   45   47   48   20   24   32   25   32   27   30    7   22    6   40   44   19   13   21   43   33   17   21   37   35    9   11   42    9   23   39   15   41   49   18  
  11   34   12   29   49   17   24    8   35   18   40   39   43   38   48   48   21   28   25   42   20    6   38   19   35   33   30   41   37   50   22   31    9   16   10   26   47   45   15   36   14   13   26   23   20   44   46   27    7   32  ] 
BUDGETS : [    6    6    8    9   10   11   12   12   13   15   17   21   23   24   24   25   33   34   35   37   38   39   40   42   42   48   51   52   55   55   62   66   66   66   71   71   75   77   79   81   84   84   89   93   94   97   97   98   98  100  ] 
