K : 50
I : 50
PREFERENCES : [   12   20   21   18   19   13   25   29   50   16   45   36   47   13   32   18   28   40   49   39   11   27   34   24   35   32   17   45   30   15   33   48   49   26   14   12   25   25   42   38   46   32   43   35   31   41   22   37   44   23  
  47   39   43   38   28   25   16   22   13   46   30   27   31   24   37   35   23   49   42   37   19   18   12   33   12   15   29   40   45   50   20   30   25   34   16   48   29   41   26   48   21   40   17   32   49   11   36   14   19   44  
  49   37   14   39   27   26   34   25   12   36   28   15   11   24   33   40   34   36   16   41   38   45   27   23   23   40   42   50   13   16   44   20   24   35   22   48   31   43   23   21   19   46   30   17   39   47   32   18   29   24  
  27   34   35   31   33   12   29   19   13   22   14   46   40   45   21   20   32   14   15   47   38   28   11   49   44   16   14   19   25   30   24   15   17   42   26   34   48   37   18   48   46   31   18   21   50   36   39   41   43   23  
  40   34   31   33   50   24   17   41   42   22   30   25   21   15   12   26   36   22   47   45   16   23   37   26   27   38   34   13   19   44   20   46   44   28   11   32   14   35   30   48   27   39   34   49   18   43   34   29   17   45  
  43   17   40   26   19   19   45   16   12   22   15   20   20   17   46   33   13   27   41   33   39   34   17   50   29   25   31   28   21   33   37   23   22   35   48   45   36   38   42   14   33   24   49   44   11   47   32   24   18   30  
  46   17   12   38   12   14   27   19   26   45   31   24   36   15   47   13   44   16   30   28   29   33   13   12   28   14   32   43   20   48   22   23   18   40   21   12   42   39   12   42   50   11   34   41   37   35   42   25   49   41  
  44   36   14   24   27   25   28   45   13   22   20   19   32   39   50   38   16   21   11   23   14   46   41   31   43   27   34   29   22   15   18   30   12   41   47   45   40   49   17   20   40   48   33   21   26   24   37   36   35   42  
  13   18   46   26   18   28   28   17   24   34   32   37   17   40   12   34   15   14   36   41   42   29   31   23   11   34   18   19   21   47   30   48   25   35   44   45   33   16   20   18   50   25   38   28   49   27   39   22   43   12  
  20   12   18   19   47   36   21   25   12   48   31   44   19   33   15   27   35   38   42   47   35   38   26   37   13   45   23   17   41   32   14   21   26   22   40   30   28   38   16   21   29   49   39   11   34   24   46   50   43   38  
  34   11   27   38   16   32   39   40   13   28   46   36   41   24   41   49   45   21   47   15   17   50   44   20   35   26   23   36   15   47   35   33   16   37   26   48   20   29   35   11   22   12   42   18   19   30   31   25   43   14  
  30   37   17   49   20   45   28   27   42   25   24   21   12   40   31   29   38   45   25   41   50   34   22   11   17   48   44   15   38   41   14   43   47   19   26   23   46   16   13   37   32   25   46   39   16   33   27   18   36   35  
  34   41   37   40   41   50   45   38   36   35   49   25   15   28   33   27   17   22   46   39   21   47   48   16   20   45   29   18   14   27   29   26   32   44   14   13   12   15   24   43   45   11   13   31   15   42   23   19   30   26  
  39   19   48   33   49   28   37   33   34   12   41   39   28   25   26   11   40   24   18   14   23   32   35   23   16   20   36   42   44   15   39   45   43   24   21   50   17   28   38   47   27   29   25   46   22   13   41   42   30   31  
  42   20   13   16   24   39   29   50   11   34   38   12   39   35   17   24   27   43   25   41   16   29   30   28   45   49   48   32   40   36   18   26   31   38   23   33   37   15   48   28   14   46   40   19   38   47   44   25   21   22  
  41   30   13   24   34   21   11   23   43   32   28   42   27   26   15   38   23   44   37   20   16   25   17   46   47   37   19   39   33   47   48   12   38   31   29   14   22   37   33   13   18   45   33   36   35   50   49   40   16   43  
  20   31   40   44   16   34   33   26   41   23   14   38   30   48   36   42   11   49   29   22   12   30   45   19   46   40   15   43   25   38   47   35   13   21   13   24   30   39   26   22   50   28   13   15   27   17   18   37   26   32  
  29   44   46   26   34   25   14   50   45   14   19   26   28   47   44   35   27   20   22   48   23   18   43   17   48   33   12   44   21   46   16   11   31   41   24   37   15   32   49   36   33   30   44   35   44   38   42   40   39   13  
  40   44   17   38   46   33   26   32   30   23   43   44   21   44   29   44   18   19   14   20   13   15   31   11   45   20   17   27   16   12   44   38   47   25   39   35   49   49   37   44   36   48   16   42   24   28   34   22   50   41  
  23   24   41   43   38   26   39   50   30   16   34   20   14   27   25   37   17   19   32   48   35   49   21   45   40   20   37   21   22   46   36   45   36   29   42   31   33   11   18   22   28   13   47   38   20   12   20   12   15   44  
  13   50   40   11   31   24   14   11   25   28   45   26   49   11   30   30   39   22   18   29   42   36   49   43   41   46   20   12   32   21   47   19   49   47   38   35   15   27   16   44   17   28   23   34   48   33   50   32   47   37  
  24   29   29   41   49   19   11   43   50   32   17   13   40   11   23   41   12   14   37   39   45   38   35   46   33   26   44   21   31   47   27   25   34   26   19   38   18   24   15   22   12   36   48   42   28   30   16   15   20   28  
  48   29   27   48   23   24   11   42   47   46   23   14   22   40   17   13   19   35   18   12   16   41   35   34   42   32   37   28   30   36   45   49   39   44   26   12   24   36   38   25   15   21   43   50   33   31   25   20   34   21  
  13   30   44   33   27   46   38   29   11   39   43   14   42   36   50   28   49   40   17   37   24   32   20   42   45   31   35   42   40   12   32   16   22   36   18   47   15   21   29   25   34   48   20   16   26   28   48   19   23   41  
  16   31   25   20   49   50   48   31   24   36   49   28   21   17   15   47   21   32   30   45   14   38   29   22   13   23   24   18   19   35   23   27   49   49   33   43   39   44   31   26   42   37   41   12   11   44   50   40   46   34  
  26   50   37   41   19   11   29   12   44   42   50   13   28   21   36   14   21   18   18   37   35   46   25   47   32   27   16   40   39   34   48   30   35   11   17   31   22   33   20   15   35   49   47   28   24   38   11   43   23   45  
  13   38   28   37   17   29   33   46   11   50   20   31   12   15   16   30   40   36   14   26   49   37   18   36   45   30   44   19   34   14   32   22   35   27   45   22   42   47   39   22   41   25   45   21   48   49   42   23   43   24  
  13   17   27   45   34   12   30   45   40   20   47   47   15   18   39   32   48   43   44   19   46   16   41   24   11   28   38   26   42   49   32   39   30   37   33   21   29   25   14   39   36   50   31   13   28   23   35   46   23   22  
  48   48   11   17   41   43   46   20   28   37   35   27   39   49   45   42   49   29   47   23   50   44   33   47   38   23   21   18   19   31   15   40   14   13   24   11   26   32   22   12   19   34   22   48   45   25   11   16   36   30  
  28   22   20   49   38   35   44   26   38   47   33   23   15   18   37   48   14   25   43   21   16   42   40   43   39   12   41   32   50   27   38   46   35   34   29   27   45   31   36   50   21   30   13   11   19   24   16   48   17   38  
  39   25   38   36   14   30   34   34   29   47   14   20   19   11   48   34   41   40   42   14   32   36   50   45   13   26   23   31   21   24   35   18   14   22   49   37   14   33   27   43   21   17   44   12   34   46   50   15   16   28  
  28   45   49   50   42   47   17   11   19   37   21   16   18   17   46   38   46   42   45   48   13   29   24   20   34   12   31   22   21   41   26   36   39   35   43   30   11   44   40   34   44   27   48   23   32   15   25   33   14   29  
  48   24   26   34   14   29   21   22   31   28   16   32   36   29   38   35   19   25   49   32   45   46   39   25   30   12   13   18   33   50   27   47   40   50   15   44   41   13   22   21   11   19   42   48   17   23   20   29   43   37  
  47   26   21   36   36   16   48   16   46   24   18   47   47   14   31   50   12   21   23   34   25   41   19   49   22   40   45   44   32   43   35   37   39   17   13   47   42   15   20   28   29   11   33   50   38   24   30   47   19   27  
  20   47   48   42   24   17   13   44   46   41   40   13   29   35   30   27   23   33   34   16   19   26   28   32   15   14   39   21   21   22   45   18   49   36   14   50   31   25   34   31   32   11   18   18   37   46   12   22   38   43  
  34   16   42   25   39   18   49   32   12   40   46   15   11   12   45   38   47   38   27   31   36   17   41   22   38   33   11   34   20   26   14   29   33   43   19   50   44   23   38   21   24   38   13   15   28   30   37   17   48   35  
  36   40   22   27   23   33   20   44   25   50   32   23   21   13   46   48   34   45   18   48   41   37   39   12   17   43   18   30   35   31   13   15   25   18   42   47   28   32   24   38   16   39   25   49   29   26   14   11   19   39  
  11   12   21   38   30   11   13   42   15   43   26   27   49   33   48   11   34   16   43   30   40   45   37   17   23   37   20   29   50   41   28   21   14   24   44   25   46   47   36   18   22   21   32   19   35   39   42   44   31   14  
  25   48   45   41   12   18   12   37   13   15   47   20   25   15   40   25   30   21   26   27   46   43   29   22   38   49   19   34   29   36   23   11   39   14   17   18   34   47   24   35   44   49   50   42   28   45   32   31   16   33  
  41   11   35   41   21   48   37   39   23   49   27   43   26   50   16   22   50   30   13   21   34   26   33   28   12   47   46   24   36   19   18   15   49   31   40   11   28   36   20   38   32   25   29   14   17   22   38   45   44   42  
  45   49   30   27   34   46   20   14   32   24   15   39   44   38   19   28   11   48   40   12   31   21   48   43   16   25   17   21   24   18   35   42   37   33   42   41   23   13   29   14   47   36   22   28   50   27   26   42   39   18  
  27   18   13   33   17   20   14   45   39   46   28   35   43   19   44   50   22   31   38   29   11   19   32   44   46   38   49   48   30   44   42   26   37   36   41   40   34   43   15   21   11   36   25   12   24   16   23   47   33   47  
  29   21   25   23   41   11   20   27   38   36   48   15   32   22   17   41   42   36   14   43   37   46   30   12   26   13   24   41   16   33   19   44   21   24   21   18   31   34   28   50   39   18   40   35   29   49   15   12   47   45  
  46   47   17   12   31   40   32   48   25   37   31   49   39   35   40   22   43   21   11   44   33   41   40   50   19   26   31   28   29   18   13   36   20   12   24   42   34   24   11   15   45   29   31   30   16   23   14   14   38   27  
  16   38   33   48   43   39   42   39   27   26   34   22   14   29   18   45   29   46   40   13   37   31   20   24   32   35   23   36   41   28   37   34   37   47   27   15   49   39   11   12   17   50   27   25   21   30   28   44   16   19  
  15   30   29   49   23   27   15   14   39   45   41   44   40   28   34   26   46   43   31   32   21   22   11   25   48   18   36   29   13   19   37   30   13   47   17   20   35   48   16   38   42   50   23   33   24   12   32   13   12   46  
  36   30   31   50   43   27   11   23   19   33   22   42   21   23   49   39   44   17   44   43   22   22   41   48   38   15   45   18   29   47   12   16   11   46   14   32   34   35   20   28   13   42   26   40   24   34   25   19   42   37  
  20   50   26   23   47   11   31   13   46   39   45   17   29   43   21   30   37   22   11   11   39   32   36   25   13   18   26   23   48   15   19   44   27   14   49   38   16   24   33   50   45   28   41   34   16   35   50   12   42   40  
  12   38   14   30   35   17   18   21   48   43   39   22   45   32   41   15   13   50   42   12   37   47   46   29   40   33   31   30   11   20   27   16   49   19   34   45   23   44   39   41   24   46   39   42   26   28   36   31   25   42  
  17   46   14   44   43   36   49   33   28   38   16   33   30   40   23   42   32   47   34   11   18   13   28   29   45   27   50   19   21   41   39   31   37   48   26   35   12   22   40   33   29   25   24   19   41   15   20   37   39   28  ] 
BUDGETS : [    1    5   11   12   14   15   17   18   24   24   25   26   27   31   32   32   33   39   40   40   44   44   46   47   52   54   55   56   56   61   62   63   65   65   68   71   72   74   74   74   83   84   86   86   88   91   92   93   96   96  ] 
