K : 100
I : 50
PREFERENCES : [   42    0   31   33   40    0   37   32    0    0    0    0    0    0   46    0    0   41   44   38   39    0    0   50   47   49    0    0    0   34    0    0    0   35   42   45    0    0    0   36    0   29    0   30    0   48   43   48    0   37  
   0    0    0    0    0    0   29   34   43   44   50    0    0    0   46    0   39   40    0    0   31    0   46    0   45    0   49    0   32    0   47   35   33    0   41    0    0    0   46   38   36   30   45    0    0    0   48   42   37    0  
   0    0   29   36   30    0   35    0   49    0   47    0   39    0    0    0   44   33   46    0    0   43    0    0    0   45   42    0    0   41   38   34   48    0   30   40    0    0    0    0   32   37   32    0    0    0   50   34    0   31  
   0    0   42   47    0   39   41    0    0    0   32   48   38   40   29   30   31    0    0   35    0    0    0   46   43   34   45   37    0   32    0   49   42   36   44    0    0    0    0    0    0    0    0    0    0   33   29    0    0   50  
  42    0   50    0   34    0   36   47    0    0   31   48    0   44    0   31    0   46   40    0    0   37   43   29   30   49   38   32   33    0    0    0    0    0    0    0   39    0   43    0    0   38   45   41    0    0    0   35    0    0  
   0    0   29   39   49   29    0   43   40    0    0    0    0    0    0   44   45   50   34   33   30    0    0    0    0   37    0    0    0   43    0   38    0   31    0   42   32   41    0    0   46    0   48   47    0   35   31    0   36    0  
   0    0   43   38    0   34    0   39    0   48   44   47   37    0   36    0    0   45   31    0   46    0    0   33    0    0    0   42   49    0   30    0   50    0    0    0   48    0   40    0    0   29   48   32   35    0    0    0   41   42  
  32   36    0   29    0    0   44   42   41   36    0   37   47   50    0    0    0    0    0    0    0    0   49   40   50   38   46    0   45   48   34    0   43    0   37   31    0   30    0   39    0    0    0   33    0    0    0    0   35    0  
  29   31    0   48    0   50    0    0   41   41   39    0    0    0   44    0    0    0   36    0   33    0   32    0    0   30    0   49    0    0   42   47    0    0    0   35   46    0   38   43   29   32   37   34    0    0    0    0   45   40  
  31    0   50   44    0    0   33   38    0    0    0    0    0    0    0   48    0   42   36    0    0    0   49    0    0    0   45    0   47   35    0   40   34    0    0   39   37    0   37    0   34   46   30    0   46   29   32   41   43    0  
  45    0   40   50    0   39    0    0   34   47    0   31    0   38   47   33    0   49   46   29    0   43    0   41    0   44   48    0    0    0   36   30    0    0   40    0   37    0    0    0    0    0   35    0    0   32   29   42    0    0  
   0   36   29   40    0   45    0   44    0   33   47   50   37    0    0    0    0    0   43    0   42   31    0   41    0   42    0    0   32    0    0    0   49   48   32   34   47    0   35    0    0    0    0    0   46   30   39    0    0   38  
   0    0    0   46    0    0    0   49   35   49    0    0   50   48    0    0    0    0    0   45   43   33   32    0    0   37    0    0    0    0    0   31   49   41   30   36   44   39    0   47    0   38    0   42   40   29    0   34   32    0  
   0    0    0    0    0    0   39   34   30   33   44   30   29    0    0    0   47   32   45   38    0    0   36    0    0    0    0    0   49    0   31   32    0    0   41    0   40   48    0    0   42   43    0   35   40   37    0   46   50    0  
   0    0    0   33   46    0   38   44    0   37   31   49    0   50   43    0    0   45    0    0   29    0    0   41   35    0   30   34    0   40   33    0    0   39    0   47    0   42   32    0    0    0   49    0    0    0   39   48    0   36  
  43   44    0   42    0    0   34   31    0    0    0   39   42   43   47   30   32    0   49   38   37   33    0    0   45   29   35    0    0   36    0    0    0    0   40   36    0   50   46    0    0    0    0   48    0    0    0    0    0   41  
   0   46   44   36   48   30    0    0   49   42   38   50    0    0   37    0    0   41    0    0   29    0    0    0    0    0   29    0    0   40   35   34   45    0   40    0    0   30   43    0   47    0    0   39    0   31   32   33    0    0  
  30    0    0    0    0    0    0   50   42   29   36   48   35    0    0    0    0   46   38   49    0   48   43   33   32   40    0   44    0   37    0   31   32    0   45   41    0   47    0   34    0    0    0    0   29    0    0    0   39    0  
  44    0    0    0   40    0   41   30   47    0   41    0   32   43    0   48   33   35    0    0   38    0    0   42    0   37   31    0    0   49   34    0   47   29    0    0   50    0    0   45    0   36    0    0   39   46    0    0    0   45  
  33    0   32    0    0    0   50    0    0    0    0   39   47    0    0    0   42    0   44    0   35   45   46   34    0   30    0   48   36    0   37   40    0    0   46   43   40    0   41   29    0    0   40   49   31    0   38    0    0    0  
  37   39    0   36   35   32    0    0   45    0   48    0   50    0    0   29   43    0    0    0   38    0   42    0   30   44    0   49   45    0    0    0   33    0    0    0    0   31   41   37    0   40   46   49   34    0    0    0   47    0  
   0    0    0   42    0   33    0    0    0   35    0   32   40    0   37   45    0   41    0    0   47   50    0   31    0   29    0    0   43   46   44   49   48   39    0    0   36    0    0    0    0   38    0    0   40    0   30   48   38   34  
   0    0    0   29   33   30    0   44   32    0   42    0   50   35    0    0    0   31   41    0   48   39   41   45   43    0   41   38   40   41    0    0    0    0    0   36   37    0    0    0   49    0   34    0   47    0    0   46    0    0  
   0   37   44    0   45    0    0    0    0    0    0   35   38    0    0    0   31    0    0    0    0   42   32   39   41   48   30    0    0   36    0   33   35    0    0   29   34    0    0   49   37   43   50    0    0   40    0   46   33   47  
  40    0   48   48   47   41    0   35    0    0    0   36    0   29   37   33    0   38   45   31    0    0    0    0   44    0    0   50    0    0    0   38   39    0   34    0   32    0    0   30    0   49    0    0    0   43   42   46    0   30  
  32    0    0    0   49    0   35    0   34    0    0    0   33   30    0    0   42    0    0   44   50    0    0    0    0    0   37    0    0    0    0   38   48    0   49   43   34   39    0   30   41   29   36   47    0    0   40   46   31   45  
   0    0    0    0   38    0    0   30   42   46    0   47   32   45    0    0   50    0    0   34   29   35    0   31   41    0    0   39    0   36   37    0   48   43    0   49   37    0    0    0   44    0   33    0   40   43    0    0    0   46  
  36    0   42    0    0   35   29    0    0    0   46   32    0    0   45   50   45    0   44   39    0    0    0    0    0    0   34    0   40    0   47   41    0    0   38    0    0    0   30    0   49   33    0   43    0   31   40   48   37   29  
  37   33    0   38    0    0   42    0    0    0   35   48    0    0   32   36   45    0    0    0   41    0   46   39    0   49    0   30    0   47   50    0    0    0   34    0    0   29   43   31    0    0    0   44   35   37   46    0    0   40  
  41   36   46    0    0   45    0    0   39    0   33    0   47    0   29    0   35   47    0   49    0    0    0    0    0   34    0   43    0   37   39    0   32    0   40   50   48    0   30    0    0    0    0   31    0   38   48    0   42   44  
  30    0    0   32   29   41   33   40    0    0   43   48   39    0    0    0    0    0   50    0   36   49   44    0    0    0   44   38    0   45   31   42   35   37    0   30    0    0    0   34    0   47    0    0    0   46   46    0    0    0  
   0    0    0    0    0    0    0   47   43    0    0   33    0    0   39   45   44   34    0   37   45    0    0    0   50   46   49    0    0   36   29    0   41    0   47   31   38   48    0    0   32    0    0   40   30   42   35   38    0    0  
   0   49   37   33    0    0   38    0    0    0    0   39   41    0   41   46   32    0   50    0   34   43    0    0   35   35    0   31    0    0    0    0   47   30   29   48    0    0   44   40   45    0    0    0    0    0   32    0   36   42  
  36   46   45   38   41    0    0   37    0    0    0    0    0   44    0    0    0   49   47   33   43   34    0   44    0   32   31    0   42    0   39    0    0   30   29    0   50   37   40    0    0   35    0   48    0    0   43    0    0    0  
   0    0    0   42    0   50    0   45    0    0   41    0    0   34   43    0    0   49   38   31    0    0   29    0    0   47   48    0    0   39   44   35    0   40    0    0    0   37   36   33   30   38   42   32    0    0    0   35   46    0  
   0    0   38   33    0   46   33   46   37    0    0   29   31    0   32    0   39    0    0   35    0    0   49    0   34    0    0   47   43    0    0    0   48   46   30    0   41   42   44    0    0   40    0   45    0    0   36   50    0    0  
   0   38    0   50   29   45    0    0    0    0   37   42    0    0    0   33   44    0    0   31   50   33   48   48    0   43    0    0   40   30    0    0   36   41   39    0   35    0    0   32    0   49    0    0    0   46   47   34    0    0  
   0   50   48    0    0   44   49   30   42   33   37   39   40    0    0    0    0   36    0   41    0   29   35    0   45    0   34    0    0   38    0    0   31    0   46    0    0    0    0    0   43   47    0   35    0   32    0   34   41    0  
   0    0    0    0   44   32   46    0    0    0   43   42    0    0    0   34   38    0   45   31    0    0    0   31    0   33   48    0   37    0   29    0    0   40   50    0   36   47   30   30    0   46    0    0   49    0    0   35   39   41  
  46   30   41    0    0    0   47    0   31   34    0   41    0    0    0    0    0    0   29    0   43    0    0   42    0    0    0   45    0   40   49   48    0   37    0    0   46   39   38   33   30   50    0    0    0   36   35    0   44   32  
  40   38    0   39    0   32   37   49   35   45    0   38    0   47   34   49   50   44    0   41   29   33    0    0    0   47    0    0   48    0    0   30   42    0    0   46    0   43   36    0    0    0    0   31    0    0    0    0    0    0  
   0   37    0   45   30   33    0    0    0    0   42   34    0   50    0   31    0   44    0    0    0    0   32   47    0   29    0   46    0   37   39   36    0   38   40    0   29    0   35   43    0    0    0    0    0   49    0   48   34   41  
   0   49   48    0   29    0   47    0   33   34    0    0    0    0   45   42    0   38    0   30   39   41    0   44    0    0   37    0   36    0   39   40    0   42    0   31   46    0   32    0    0   43    0    0   50   39    0   35    0    0  
   0    0    0   44   38   31    0   35   41    0   46   42   48    0   49    0   34   39   47   33    0    0   45   40   43    0    0    0   32    0   50    0   37   43   34    0    0    0    0   36    0   29    0   49    0    0    0    0   30    0  
  39   49   33   37    0   34   42    0    0    0   38    0   43    0    0    0    0   32    0   45   44    0    0    0   47   46   41   42    0    0    0   50   46   48   37    0   31    0    0   30    0    0    0    0   29   35    0    0   40   36  
  40    0   35    0    0    0    0    0   38    0   29    0   36    0    0    0    0    0   39   31   48   49    0   45    0    0   43   50    0   32   29    0    0    0    0   37    0   33    0   41   42   30   47    0    0   44   46   34   31   40  
   0   40    0   33   38    0    0    0   35    0    0    0    0   32    0    0    0    0   50    0   32   39   43    0    0   31   30    0    0   49   34   47   41   45    0    0    0    0   44   42   45   48    0    0   29    0   37   36   47   46  
   0   41   42   50   45   47   38    0   49    0   43    0    0   32   30   34   48   33    0    0   46    0    0   29   36    0    0    0    0    0   31   36   35   39   48    0    0   41    0    0    0    0    0    0   40    0   44    0   37    0  
   0   40   34    0    0    0   29    0   47   48   43   34    0    0   35   41    0    0    0    0    0    0   36    0   36   29   45   30    0    0   37    0    0   32   38   49   50    0   31    0   39    0   44    0   46    0    0   42   33    0  
  40    0    0   29   36   45   39   47    0   43    0   32    0    0   34   50    0   38   29   41    0    0   35   49   46   48    0   36    0    0   42    0    0    0    0    0   30   33   31    0    0   44    0    0    0    0    0    0   34   37  
   0    0    0   32   49    0   33    0    0   30    0   38   36   46   29   37   46    0   44    0   42   35   47    0   40   43   45    0    0   46    0    0   41    0   48    0   39    0   34    0    0    0    0    0    0    0   31    0   50   40  
  38   40   36    0   41   48   30    0    0   29   37    0    0    0   39    0   44    0    0   35    0   47    0   43    0   38   34   33    0   45   32   34    0    0   31    0    0    0   49   46    0    0   32    0   42    0    0    0    0   50  
   0   37   29   50    0    0   47    0    0    0    0    0    0    0   32   38   35   39    0    0   33   38   31   42   34    0   40    0   41   45   44   30   36    0    0    0    0    0    0   48    0   30   36    0    0    0    0   49   43   46  
   0    0    0   29    0   42    0   31   34   33   49   30    0    0   41    0    0   44   48   43   40    0    0    0   35   42   45    0   36   38    0    0    0   46   44    0    0   44   39   47    0    0    0    0    0    0    0   32   37   50  
  29    0    0   39   39    0   34    0    0    0    0    0    0   36    0   49   45    0    0   37   47   46    0   32   43   44    0   40    0    0   36    0   50   41   33    0    0   42    0    0    0    0   31   38   30   36   48    0   35    0  
  47    0    0   34    0   34   42   41   49    0   40   45    0    0   48   50    0   50    0   39    0   37    0    0   31   30    0    0    0   32   46   44    0    0   36    0    0    0   35    0    0    0    0   33   38    0   43   29   44    0  
  48   45    0   30    0   49    0   47   40   36   29   50    0    0   46    0    0    0    0    0    0   35   43   34    0    0   38    0    0   44   42    0   40    0    0   41   37   31    0    0   32   30    0    0    0   36   39   33    0    0  
   0    0    0   41    0   39    0   50   49    0   37    0    0    0   43    0   40    0   33   44   45    0   35    0   32   37    0    0   29   42    0   47   31    0   48    0   40   30    0    0   34    0   30    0    0   38   46    0    0   36  
  50   30    0    0    0   45    0   34    0   35    0    0   37    0   46   29   36    0   32    0    0   37   39   47    0   44    0   45    0   41    0    0    0   48    0   40    0    0   42   49    0   31   43   33    0    0   38   44    0    0  
   0   29    0   36   45   31    0   37   44    0   46    0   39    0   43    0   35    0   48    0   40    0   41   38   49    0    0    0    0    0   47   48   32    0   42    0    0    0   50   36   32   33    0    0   30    0   34    0    0    0  
   0    0    0   44   38    0   30    0    0    0   37   33    0    0    0   40   41    0   42   47   39   31    0    0    0    0   34    0    0   42    0    0   49    0   36    0   45   50   29   48    0   43   31   29    0   46   32   35    0    0  
  36   37   39   41   50   38   49   40    0   47   46    0    0   30    0    0    0    0    0    0   44   37    0    0    0    0   34   48    0   45   33   42    0   43    0   31   35   32   34   29    0    0    0    0   46    0    0    0    0    0  
   0    0   32   50    0   40   47   35   44    0   49   48    0    0    0   31    0   42   36   29    0   41    0    0    0   43   41    0   46    0   39    0   48    0    0   37   33    0    0    0    0    0    0   35   34    0   38    0   45   30  
  50   44    0   47   34    0   48   33    0    0   49   36   42   37    0    0    0    0   45    0   30    0    0    0    0    0   42   43    0    0   42    0    0   40   32   41    0    0   29   46    0   31   39    0   48   35    0   38    0    0  
  49   46    0   31   40   42    0    0   36   29    0   36   32    0   36    0    0    0   33   45   37   38   44    0    0   39   29    0    0   30   35   41    0    0    0   43    0    0   50    0   47    0    0    0    0    0    0   34    0   48  
  38    0    0   50    0    0   41   29   49   40    0   47    0   33   48    0   32   40   43    0   35    0    0    0    0    0    0    0    0   31   31   46    0   42    0   43    0   34    0   39    0    0    0   36    0   30   45   44   37    0  
   0    0    0    0    0   36    0    0   40    0   35   29   49    0   47    0   49   33   42    0   30    0    0    0   44   43   48    0    0    0   41   41    0   34    0    0   38   32   50   37   46   45    0   31    0    0    0   39    0   49  
  36   40    0   33    0   50    0    0   39    0    0   32   47   47   42   35   46   31    0    0    0   48    0   49    0    0   35    0    0   50   30   43    0    0    0   41    0   44    0    0   45    0   37    0   38    0   29   34    0    0  
  35    0    0   41   34    0   34   39    0    0    0    0   38   50   30    0   31    0    0    0   43   29   47   33    0   42    0   43   44   40    0    0    0    0   48    0   40   32   37    0    0   49   36    0   45    0    0   46    0    0  
  38   44    0   30    0    0   31   39   40    0    0   37    0   49   30   46   42   32    0   42   35    0    0   33    0    0    0   41    0    0    0    0   48    0    0   36   49   47    0   34    0    0    0    0   43   45    0   50    0   29  
   0    0    0    0   43    0    0    0   48    0    0   40   45   39   42    0    0    0    0   49   43    0   29    0   31   46    0   33   47    0   31   50   30   32   34    0    0   36   41    0    0    0   35    0    0   30   37   38    0   44  
   0    0    0    0    0   47   50    0    0   30   35   34    0   36    0    0   41   44    0   45    0   39    0   47   42   49   46    0    0    0   29    0   37    0   40   42   32    0   33   48    0   32    0    0    0   31   38   43    0    0  
  49    0   31    0   47   44    0   45   34    0   29    0    0   35    0   30    0   38   40    0   41    0   42    0   31   39   41   37   29   43    0    0    0   36    0    0   48    0    0    0    0   32   46   50    0    0    0    0    0   33  
  39   38    0   42    0    0   49    0    0   48   45   50   31    0    0   46   47    0    0   29    0   38   41   43   42   35    0    0    0   44    0    0   33    0   37    0    0   30   34    0    0    0    0   35   32    0    0    0   36   40  
  39    0    0    0   47    0    0    0    0    0   48   33    0   38   35   44   35    0    0   45   35   31    0   50    0    0    0    0   34    0   36   42    0   37   32   40   30    0   29    0    0   38   46    0    0    0    0   49   41   43  
   0    0   30    0    0    0   29   36    0    0   47   46    0    0   41    0   40    0   33   33   31   38    0    0    0   50    0    0   45    0   48   44   37   32    0   49    0    0   35    0   34    0   45   43    0   39    0    0   30   42  
  47    0    0   37    0    0   31    0    0    0    0   43   38   49    0    0   41   50   34   42    0   41   35   45    0   32   40    0    0   48   46   36    0    0   30   30    0    0   29   44   39    0   37    0    0    0   33    0    0    0  
  33   39   33    0   43    0   29    0    0   48    0   41   36   34    0    0   38    0   42   40   37   32    0    0   50    0    0   35    0    0    0   47   45    0    0   43   30    0   44   42   46   31    0    0   49    0    0    0    0    0  
  44   30    0   38   48    0    0   44   48   37   40    0   39   47    0   35    0    0   31    0    0    0    0   34    0    0   42    0   46   33    0   43    0   29   49    0    0   45    0    0    0    0    0    0    0   41   36   46   50   32  
   0   45    0    0   36   39    0   36    0   49   44    0   34    0    0   39   47    0    0   30   32   31   43    0   41    0   48    0   38   39    0    0    0   33    0   42   37    0   29    0   35   50    0    0    0    0   40    0    0   46  
  39    0   34   32   31    0   50    0   49    0   38    0    0   44    0   29   30    0    0    0   43    0   47    0   42   48    0    0    0    0    0    0   40    0   37   42    0    0   33    0   46   46   41    0    0   36   45   35   36    0  
  35   33    0    0    0    0    0    0   36    0    0   41    0   48    0    0    0    0    0    0   40    0   33   45    0    0   32   31   37    0   49   44    0   42    0   38   44   30   29   43    0   34   46   44   47   39    0   50    0    0  
   0   35    0   39   33    0   38   48   34    0    0   37   32    0    0    0   44    0   36   40   29   50    0    0   45    0   46    0   47   35    0   31    0    0    0   49    0    0   35   43    0   30    0    0    0   41    0   37   42    0  
  35    0   35    0   50   47   36   43   42   30    0   49    0   45   40   48    0    0   37   44   34    0   32    0   41    0    0   33   31    0    0   38   36    0    0   29    0   39    0    0    0    0    0    0   30   46    0    0    0    0  
   0   50    0    0   37   32   48    0    0   46   45    0    0   49    0   35    0   47    0    0   36   34    0   41    0   31   42    0    0   38    0   39    0    0   47   47    0    0   44    0   43   33   30    0   40    0   43   29    0    0  
  47   29   36    0    0    0    0    0   41   33    0    0    0   40   43   44    0    0    0   49   35   32    0   42   42    0   42   39    0    0    0   34   46    0   44   45   30    0    0    0    0    0   50   37    0    0   31   48    0   38  
   0    0   46   45    0    0   38    0   48    0   42    0   35   44   41   30   30    0    0    0   47   32    0    0    0   29    0   34   48    0    0   43    0   39   31    0   40   49    0    0    0   37   33    0   36   32    0    0    0   50  
   0   49    0   37   48   30   33    0   32    0    0   49    0   43   50   30    0    0   41    0    0   47   45   36    0    0   39    0    0    0    0   34   46   42    0   36    0    0    0    0   35    0   44   31    0   29    0   38   40    0  
   0   37   40   43    0    0    0    0   38   49   36    0   42    0   50    0   33   48   45   41    0   30    0   47    0    0    0   48    0   32    0    0    0    0   40    0    0   34   29    0   39   39   46    0    0    0   44   31   35    0  
   0   30   29    0    0   37   36   38   47   43    0   32   34   39    0   41   48   33   45    0    0    0    0    0   35   43    0    0    0   49    0   34    0    0    0    0    0    0   34   44    0   50   31   42    0   46    0    0   40    0  
   0   45    0    0    0    0   39   41    0    0   31    0   42    0   48    0   30    0   35    0    0   36    0    0   49    0   40    0   33    0   35   38    0   50    0    0   47    0   46   37   34   43   44   29   44   38    0    0   32    0  
   0    0   50    0   49   46   42    0    0    0    0   39   35   40   48   36    0   35   45    0    0    0    0    0   41    0    0   38    0    0    0   47   44   32    0   34    0    0   37   43   31   29   49    0    0    0   47    0   33   30  
  42    0    0    0   37    0   34    0   47   41   46    0   38   44    0   31   48    0    0    0   30    0   32    0    0   32   43   35    0   32    0    0   45    0   33    0    0   40   39   49    0    0   50    0    0   48    0   29    0   36  
  35    0   49   43   39    0   38   42   49    0    0    0   29    0   33    0   36   47   32    0    0   40   45   31    0    0   48    0   38   37   41    0   46    0    0    0    0   44   50    0    0   34    0    0    0   35    0    0   30    0  
   0   41    0   50    0    0    0   36    0    0   37   38    0   49   39   48    0   45    0   37   43   44    0    0   29   31   35   37   40    0   32    0   47    0   46    0   33    0   36    0    0    0   34   30    0    0   42    0    0    0  
  41   50    0   43   38   35   31   39    0   47    0    0   49   33   36    0    0   36    0   48   30    0   45    0    0   40    0    0   37    0    0   50   29   41    0   44    0    0    0    0   32    0    0   42    0    0   34    0   46    0  
  47   40   35    0    0   49   50   42    0   29   41   37    0    0   38    0   30   46    0    0    0    0   33    0    0   49   40    0   43   34    0    0    0   44   32    0    0   39    0    0    0    0    0   48   31   45    0   43    0   36  
   0   47    0   45   40   35    0    0    0    0   46   43    0    0    0    0   33   42    0    0   29    0   33   44    0   32   36   34    0    0    0    0    0   39   50    0    0    0   33    0   49   41   31   46    0    0   30   37   48   38  
  36   29    0   41    0    0   38    0   48    0    0    0    0    0    0    0   34   49    0    0    0   50    0   42   43    0   37    0   45    0   48   40    0   46    0   38   47   35   43    0   30   39   33   31   32    0   44    0    0    0  
  39   44   50    0    0    0    0   42   41    0   43   34   32   33   45   40   38   31   37    0    0    0    0    0    0    0    0   48   48    0    0    0   49   35   46   45    0    0    0    0    0    0    0   39   30   47    0   29    0   36  ] 
BUDGETS : [    2    4    7   10   11   12   13   15   15   17   17   18   19   24   27   28   28   29   33   39   43   45   45   48   50   50   59   60   60   65   67   70   71   72   73   74   76   78   79   80   81   84   86   86   94   95   96   96  100  100  102  105  109  111  112  116  122  123  124  129  132  135  137  138  142  143  145  146  147  147  148  152  152  152  154  155  155  156  158  159  161  163  166  170  176  181  183  184  186  187  189  190  191  194  194  196  199  199  199  200  ] 
