K : 50
I : 50
PREFERENCES : [   36   15    9   22   10   28    6   18   34   17   14   38   27   24   29   40   46   19   20   41    7   29   16   25   33   49   35   32    8   48   11   26   47   10   37   50   23   43   12   42   50   30   21   13   44   39   31   45   41   16  
  18   47   32   14   23   10   47   43   35   44   49   11   37   34   42   36   39   48   45   46   24   21   13    9   27   50   17   25   15   40    6   16   44   35   41   19   33   38   43   26   29    7   31    8   12   28   30   22   20    6  
  44   42   37   26   41    9   43   15   45   28    6   46   24   50   12   17   21   39   30   20   48   16   40   34   23   34   11   32   16   25   14   29   49   22   19   33   38   34   35   36   10   27   31    7   27   47   13    8   18   32  
  43   39   38   20   27   33   42   44   49   12   14   34   16   23   37   36   28   21   30   24   47    6   13   19   44   35    7   17   40   31   32   19    9   45   46   22    8   22   18   26   22   48   11   41   29   25   10   15   50   18  
  20   21   25   31   50    6   46   36   28   10   23   47   12   22   49    7   44   37   13   26   30   48   45    9   38   15   41   17   21   40   24   35   39   43   19   18   32   16   14    9   48    8   27   39   34   42   33   11   29   15  
  34   44   31   40   25   21   26   33   12   22   23   41   24   49   13   27   11    8   16   28   50   47   10   29   29   43   17   24    6   32   38   20   42   48   18   37   15    7    9   39   24   36   19   35   17   46   30   45   14   28  
  43   16   20   37   14   34   41   11   30   27   39   36   33   28   44   13   14   24   25   49   18   45   42   35    7   40   23   41   26   50   47   21   30    9   22   27   10   32   15    8   46   38   48   29   19   37    6   17   12   31  
  43   27   18    8   27   10   13   33   23   47   15   38   31   45   40    6   25   49   48   49   36   43   16   28   22   49   21   41   30   19    7   32   29   46   12   37   39   35   20   11   17   24   50   44    9   43   14   26   42   34  
  10   47   44   46   42   48   35   50   21   37    8   40    9   22   17   19   18   20   12   23   41   40   27   45   36   34   46   38   39    6   28   41    7   15   16   31   43   26   22   33   29   11   24   25   46   13   30   14   49   32  
   9   30   35   49   20   32   33   42   11   22   23   29   46    6    8   24   15   30   12   48    7   43   36   28   41   13   25   31   27   17   44   16   19   45   12   25   47   34   18   21   38   26   40   16   37   50   39   23   10   14  
  38   31   22   49   40   26   21   25   47   12   36   27   10   32   50   15   34   47   18    8   29    7    6   48   45   42   33   46   34   30   41   39   11   48   17   35   12   16   13   19   43   28   24    7   20   23   14   44    9   37  
   7   24   12   26   42    8   45   49   37   23   17   46   21   45   13   34   16   11   10   50   27    6   45   20   45    9   38   47   48   14   16   18   25   41   40   47   33   28   29   19   30   39   44   22   32   43   15   35   36   31  
  50   38   16   45   41   44   39   46   27   23    9   19   10   25   28   40   35   20   21   33   22   13    6   30   26   37   23   47   17   11    8   14   28   42   41    7   12   43   48   49   31   23   36   29   10   34   32   24   18   15  
  16   45   42   46   40   28   33   44   20   31   47    6   13   10    9   29    7   14    8   30   50   25   14   21   24   43   36   37   49   18   35   38   11   22   26   43   41   48   17   32   23   19   48   39   40   15   50   34   12   27  
  32   28   20   16   17   25   11   21   24   26   23   12   10   39   10   50   29   30   42   27   15   14   37   35   34   47   33   50    6   36    9   19   38   41   18    6    7   48   45   31   22   44   28    8   46   40   10   43   49   13  
  43    9   16   32   30   14   23   25   28   41   18   46   49   42   19   26    6   13    7   27   48   35   31   45   17   13   12   34   10   45   29   39   25   33   24   47   36   44   15   11   39   40   29    8   38   20   22   21   37   50  
  30   15   45   43   47   21   25   12   44   19    8   25   13   48   35   29   28   32   20   10   22   32   38   40   23   50   16   17   31    6   30   49   26   42   39   14   19   37   34   18   41    9   46   11   36   33   24    7   27    7  
   6   23   26   33   18   37   31   11   14   24   10   50   48   48   27   38   35   16   46   13   43   21   17    9   39   19   41   41   32   17   29   28   40    7   12   34   30   49   44   22   47   36   42   25    8    6   18   45   20   15  
  18   48   36   24   17   47   34   22   39   25   13   31   21   19   10   12   40   23   44   32   45   20   43   14    7   11   16   28   33   42   30   49   50   19   29   20   38   33   46    6   35    9   37   27   26   41    8   29   39   15  
  40   35   24   10   38   36   27   34   45   32   39   21   15    9   44   46   40   36   23   16   48   29   30    7   31   26   28   19   44    6   11   24   18   47   33   42   20    8   37   41   17   12   30   49   14   22   50   43   13   25  
   7   39   41   20   33   23   10   14   35   19   21   34   29   49   27   12    8   11   46   37   31   20   28   48   41   40   18   13   22   38   43    9   47   44   24   16   50   40   36   32   26    6   15   45   42   30   28   38   17   25  
  40   43   12   20   21   24   31   40   32   38   26   33   28    8   49   47   45   23   48   11   29   40   19   15   50   14   11   25   11   30    7    9   37   35    6   42   22   17   27   18   44   39   46   21   10   36   34   16   13   41  
  36   41   17   22   21   13   29   34   28   21   15   27   31   37   42   45    6   18   39    8   50   26   13   16   10   30   48    7   40   24   43   37   12   16   49   14   38   47   44   46   20   11   23   25    9   33   32   14   19   35  
  33    8   44   38   41   49   22   47   11   35   26   24   30    6   16   27   32   14   12   39   37   42    9   19   46   40   34   50   10   11   43   18   29   23    7   15   25   21   36   17   15   45   28   23   31   42   33   48   20   13  
  35   17   47   11   16   12   49   35   31   14   18   33   12   41   44   15    6   36   22   21   19   39    9   37   26   25   23   34   20   43   27   24   12    8   38   40   46   38   28   50   13   30   32   38   42   29    7   45   10   48  
   6   29   22   43   42   37   48   22   34   44   38   39   23   25   19   40   14   47   11   32   46   24    7   20   10   26   49    8   33   16   28   17   15   41   13   34    9   50   27   12   45   18   21   31   25   30   24   17   35   36  
  36   33   22   32   37   17   47   44   29   14    8   43   38   50   24   42   31   28   45   10   20   37   49   25   12   15   48   26    7   40   30   22   44   47   34   35   19   23   39   27   13   30   18    9   16    6   21   11   41   46  
  33   34   14   18   18   28   23   27   30   31   10   48   15   25    8   15   22   38   43   21   50    7   20   45   11   46   13   39   24    9   44   12   37   18   16   40   26   32   29   42   36   41   49   31   17   19   47    6   39   35  
  32   38   37   25   23   35   43   17   45   21   34   33   41   29   47    9   48   27   24    7   13   12   15   16   20   46   22   28   26   39   17   19   42   14   37   30   46   10   36    8   49   43   31   11   40   44   18   50   34    6  
  15   25   28   50   47   20   30   38   17   33   41   37   13   14   49    6   21   34   20   11   29   34   23   49   10   19   45   40   24   18   12    9   26   27   43   44   48    8   35   36    7   44   46   42   32   16   43   31   22   39  
  10   36   44   45   37   24   19   18   25   50   23    9   42   17   14   20   47   33   22   46   27   39   39   16   35   13   41   48   30   18   29   21   32   29   49   15   26   11   40    8   31   12   43   38   29    7   28   34   44    6  
  34   18   19   13   36    8   49   11   45    6   29   50    7   28   23   14   14   33   24   20   31   12   38   17   30   10   15   21   43   16   23   32   22   48   10   47   10   27   46   40   41    9   37   42   25   26   35   44   27   39  
  47   25   38   17   50   16    6   20   41   29   39   31   21   44   46   10   42   18   19   26   22   35   29   15   36   48   17    9   27   34   24   14   42   37   35   43   40   11   45   33   32   30   49   26    8   13   12    7   23   28  
  23    9   49   18   10   48   19   17    7   35   41   21   13   26   34   36   38   16   28   22   14   12   11   27   24   43   39   41   50   42   44   37   46   15   25   36   20   22    8   29   47   43    6   33   32   30    7   40   45   31  
  39   16   34   30   24   33   42   15    6   10   31   13   27   47   18   48   31   37   40   14   21   25   20   46   26   45    8   23   44    9   48   28   29   12   36   22   38   38   32   41   49   47   50   12   43   17   19    7   35   11  
  15    8    9   39   44   31   26   42   38   21   24   36   18   48   32   50   39   43   34   25   10   23    7   20   11   22    6   41   28   27   19   39   33   46   10   49   47   29   45   40   35    8   16   14   17   30   13   37   12   32  
  16   36   32   32   33   38   31   35   40   39   48    7   45   23   47   24   27   16   43   19   49   50   25   17   10   42   15   21   44    8   26   34   30   14   41   22   22   13   46    9   29   12   11    6   14   20   13   37   18   28  
  42   46   11   43   18   15   37   50   28   26   22   35   47    8   18   40   20   13   48   49   13   44    7   30    6    9   12   23   16   25   14   39   10   24   17   45   19   33   27   32   39   21   20   38   36   29   34   38   31   41  
  26   33   50   34   11   21   38   37   29   14    7   45   10   20   43   23   31   13   28   16   46   15   40    9    8   37    6   17   41   19   27   24   18   20   30   14   48   39   35   25   50   11   36   49   12   22   44   47   42   32  
  46    9   43   42   10   47   36   15   26   21   33   39   28    7    8   44   49   37   11   45   41   40   12   38   32   31   25   18   30   20   50   16   48   24   41    8   17   30   35   34   19   27   23   14   29   26    6   26   13   22  
   7   32   33   12   38   25   43   45   41    9   10   42   34   24    6   23   40   17   29   11   32    8   13   28   16   35   27   50   31   15   45   46   11   48   32   14   44   26   39   20   22   36   18   47   15   37   21   49   30   19  
  22    8   13   42   48   44   40   23   50   35   20   27   45    9   14   24   18   46    6   16   29   29    8   30   47   21   49   17   28   18   33    7   19   34   37   26   36   41   25   32   31   12   11   10   38   15   45   39   12   43  
  39   46   47   13   23   34   29   30   33   32   31   11   37   10    6   26   42   24   14   42   20   16   41   50   40   25   42   41   28   49   19    7   15   35   21   36    8   38   22   27   48   43   18   11   12   44   17   21   45    9  
  48   34   37   22   41   30   42   21   16   32    9   11   28   10   20   14   43   45   15   18   24   39   50   12   35   13   38   31   27   11    7   25   33   41    6   46   37   47   49   23   29   22   36   17   23    8   26   44   40   19  
  29   24   39   12   30   21   22   34   13   46   23   33   34   16    7   32    6   43    6   36    9   19   14   45   34   32   49   31   44   42   47   26   20   11   37   18   28   25   15   41   50    8   17   40   35   10   27   18   48   38  
   9   36   10   26   16   23   12   41   28   20   31   21   42   34   50   44   39   35   47   11   18    7   25   22   15   37   40   33   30   14   45   24   38   32   44   46   48   29   21   27   19   43   14    8   13   17    6   49   44   46  
  29   20   41   28   14   11   36   26   32   25   23   37   45    9   40   27   21   35    8   30    8   15   46   18   33   47   42   34   41   34   49   39    6   19   17   31   22   50   48   12   38   13   18   16    7   25   43   44   24   10  
  50   23    8   29   48   39   35   32   13    7   14   25   34   17   21   36   15   40   24   26   37   41   42   21   10   38   12   27   23   31    9   45   11   46   20   43   29   44   47   49   28   30    6   18   22   19   26   16   33   36  
  24   30   37   22    9   44    9   15   40   45   38    6   23   12   32    8   26   16   14   49   21   41   48   35   34   28   17   46   33   19   38   43   39   42   27   10   24   25   50   29   13   36    7   31   47   18   30   40   20   11  
  42   41   44   29    9   32   47   30   21   45   12   48   20   19   17   43    6   35   38   25   44   20   40   41   31   16   50   26   27   15    7   18   46   32   11   22    7   33   28   10   14   37   23   36   24   49   39   13    8   34  ] 
BUDGETS : [    2    2    6    6    8    9    9   18   20   23   26   27   31   32   35   36   37   39   41   41   42   46   49   58   58   60   60   61   63   64   64   67   71   72   73   73   76   77   79   80   80   81   83   87   88   88   93   93   95   98  ] 
