K : 50
I : 50
PREFERENCES : [   34    4   10   50   49   12   35   16   18    8   37   25    5   28   42   31   30   47   22   20   26   27    7   33    6   19   38   32   45   13   23   31   11   17   39   14   15   31    9   46   36   40   24   21   41   48   47   43   44   29  
  20   25   27   38   24   16   12   29   47    9   39   14    4   43   41   37   22   33   28   10   21   50   45   15   36    5   11   48   25   35   26    6   40   17   42   13   30   37   44    7   34   31   32   23   46    8   19   18   15   49  
  29   17   36   11    9   38    5   19   34    8   24   39    4   31   50   21   46   19   20   16   12   42   27   37    9   14   37   22   47    7   18   13   32   48   26   33   25   35   40   10   44    6   15   28   23   49   43   45   41   30  
   9   45   37   10   44    5   38   26   43   28   34    6   19   48   32   46    7    8    4   15   22   33   23   47   41   14   50   40   13   42   30   23   20   17   11   27   31   21   25   24   35    8   16   48   39   36   29   18   12   49  
  25   23   30   20   15    7   42   26   21   44   35   13   33   20   18    4   17   40    6   27   22   47    5   12   24    9   45    8   31    4   46   43   14   49   34   22   36   41   50   28   19   38   16   32   48   37   29   11   10   39  
  29   43   21   16   11   15   12   37   28   49   23   22   25   42   17   35   40   39   46    6   10   18    9   44   31   30   14   26   47    7    5   40   13    4   32   45   20   28   28   41   34   50   36   38   48   33   27   19   24    8  
  30    5   43   11   24   17   44   31    8   45    4   36    7   20   45   40   27   13   35   34   19   41    9   29   37   33   32   22   26   14    6   38   47   23   27   39   11   12   21   16   18   49   50   46   48   25   42   15   10   28  
  36   40   16   23   50   14   43   45   32   26   15   11    6    9   46    8   38   34   27   31    7   12   33   24   42   30   39    4   20   21   48   29   42   10   37   41   13   25    7   27   28   17   49   35    5   18   19   47   22   44  
  45   50   12   49   18   41   45   34   47   20   43   38   25   35   16   31   30   42    4   15   10    7   37   29   27    9   21   38   24   39   40   22   13   44   46   32    8   11   36   19   14   26    6   48   23   17    5   28   30   33  
  18   29    8   27   40   46   41   33    5   34   35   21   47    9   26   42   30    8   11   25    7   20   50   32   44   12   43   11   24   31    6    9   13   36   23   48   38    4   19   45   17   28   22   37   10   39   16   14   15   49  
  31   29   39    9    6   10   47   10    4   24   42    8    7   45   39   10   11   35   22   32   20   30   19   41   43   26   40   21   16   34   50   28   46   44   33   12   36   23   25   49   48   18   27   15   13    5   14   17   38   37  
  21   46   43   42   12   15   19   22    8   11   35    9    5   44   32   37   45   29    4   18   21   26   33   50   28   41   14   27   40   22   47   39   17   25    6   23   49   10   36    7   24   13   20   38   48   34   16   31   40   30  
  18   11   48   19   15   21   36   32   29   41   47   22    9   17   37   21    8   31   14   25   30   12   45   46   31    5   35   42   34   27   38   26   16   13   14   49   44   50    7   40   33   28   39   20    6   23   43   24   10    4  
  26   39   21   20   19   46    8   48    7   16    4   33   40   24   30   19   35   12   25   41   34   43   50   18   32   31   37   15   44   38    9   22    5   28    4   47   17   11   14   45   27   42   29    6   32   13   36   23   49   10  
   4    9   38   28   15   23   10   25   21   16   17   13   29   19    5   42   14   40   45   37   44   11    7   39    8   17   25   18   35   34   20   27   22   30   47   48   26   24   31   50   33   12   49   41   46   43    6   32   36   37  
  28   46   49   23   43   32   40   29   12   39   38   20   24   14   36   33   40    5   19   45   27   31   11   16   22   14   21   35   13   34   47   44    7    4   10   25   37   41   42   30   17    8   48   50    9   41   15   26    6   18  
   4   24   10   12   48   16   44   42   27   42   29   44   17   11   25   41    5   22   18   34   23   26   20    9    6   14   43   41   28   38   31   47   21   46    7    8   15   45   33   39   30   13   40   36   32   37   19   50   49   35  
  38   34    5    4   17   12   19   36   20   41   16   11   24   46   49   25   25   50   35   31   37    8   25   14   21   48    7   32   26   43   29   23   45   22   33    4    6   42   15   10    9   47   28   44   40   18   27   39   13   30  
  20   35   42   18   30   27   15   49    5   12   16   48   31   42   10   13   37    9   24   47   39   34   44   19   27   40    8   21   14   27   38   26   29   17   46   45   28   36    4   11    7   23   43   50   22   33   25    6   32   41  
  39   22   29   27    8   19   16   15   14    7   12   13   32   28   18    5   19   11   50   22   37   24   38   45   30   17   31   47    4   46   41   21    9   44   26   25   37   49   42   40   33   36   48   10   43   35   20   34   23    6  
  27   13   17   31   14   35   23   33   47   10   49   28   18   36   12   34   20   38   42   48    7   43    4   15    7   40   16   19   37    5   21    6   26    8   46   24   30   11   22   17   25   45    9   44   50   39   29   41   20   32  
  12   30   45   11   42   14   31   26   16   40   24   50   20   22   35    9   10   32   36   43   47   17    6   13    5   46   19    5   21   33   38   39   48    8   29   34   15   23   27   18   37   25    7    4   41   49   32   44   20   28  
  27   19   34   47   15    6   33   11   10    5   18   46   31   25   38   16    4    8   18   49   13   32   43    9   17   29   45   24    8   30   48   37   36   50   22   20   39   28   44   40   21   14   12   42   28   35   23   26   41    7  
  21   45   13    7   38   44    6   49   11   42   46   31   33   32   37   47   35   17   50   46    4   46   34   25   17   39   26   15   22   14   24   41   28   30   27    8    5   18   40   36   19   43   29   48   23   16   20    9   12   10  
  49   34   23   32    7    5   24    5   17   46   47   28   37   17   38   25   32    4   41   43   44   33   40   31    8   22   36   18   35   16   50    9    6   20   14   19   26   45   30   39   12   21   29   15   27   13   10   42   48   11  
  29   26    5   41   13   48   18   14    9    7   45   21   19   27   30   22   46   35   16   25   47   28   32   42   12   44   17   11   24   36   16   10    4   34   43   50   39   15    6   40   18   20   38   33   44   37   23    8   31   49  
  28   38   30   19    6   34    7   49   48   10   37   41   40   47   11   18   36   33   16   42   39   44    8   23    9   29    9   14   25   17   12   43   32   46   20   13   31   45   27   50   15   31   24    4   31   26   22   35    5   21  
  32   49   18   50   45   30   29    8   15   36   14   41   20    9   33   44   34   11   28   42   27   31   16   25   37    6   35    5   45   47   43   13   46   48   33   39   40   21   23   19    7   26   10   17   12   38   24   44   22    4  
   9   12   29   15   50   28   22   35    7   16   18   27   42   40   46   13    5   10    6    8   47    4   25   20   23   32   49   26   29   44   31   43   21   47   38   37   36   48   17   19   34   14   41   24   11   45   29   30   33   39  
  29   21   39   16   13   17   23   32   38   12   22   42   40   18   43   20   32   36   24   28    5   11   50   37   45   44    8    4   10   46    6    9   35   10   47   50   48   41   27   25   14   19   49   31    7   15   30   33   26   34  
  34   12   47   30   14   43   36   25   49   38   35   19   31   26   11    9   46   37    7   23   28   42   24   15   20   48   16   50   27    8   32    4   10   45   29    6   44    7   22   21   42   34   41   13   39   18   33    5   40   17  
  33   14   33   19   29   23   30   31   26    9   11   10   18   15    5   21   29   41   45   13   28   32   42   38   44   46   49   43   40   39   32   22   24   25   50   48   34   47   12    8   17   35   16   27   36    4   37    6   20    7  
  13    8   15   42   30   24   33   26   50   44   17   47   23   11   12   20   25   18   38   13   27   35   28   29   10   41    7   19   36   43   37   16   39    5    6    6   32   21   40   30   31   49   14    9   34    4   48   46   45   22  
  41   17   29   38   33   48   44   34   35   14   50    5   49   18   41   30   27   19   28   16   13   20   40   43   42    8   22   11   32   37   24   47   21   12   25    6    9    4   46   31    7   45   26   42   23   39   36   15   50   10  
  17   44   22   39   29    8   40   11   28   24   37   12   31   21   34   26   15   47   46   36   16   43   25   21    5   14   30    4   10   32   35    7   41    6   14   13   18   42   50   33   19   23   38   45   27   49   48   20    9   22  
  34   36    9   33   11   46   14   28   29   45   43   24   17   16   30   27   26   40   13   42   15   10   35   22   45   49   28   18   31    5   41   21   50   32   48   37   47    4   20    7   25   19   38    8   23    6   44   39   12   49  
  30   31   27    7   25   13   42   45   20   29   14   19   39   40   28   22   38   24   46    8   23   18   33    6   37   35   15   12   44   26   34    4   48   21   47    5   32   47   11    4   36   43   49   10   50   41    9   16   17   48  
   5   40   48   37    7   16   30   31    4    9   34    6   42   10   12   18   47   15   17   43   35   11   27   13    8   44   13   33   29   20   39   49   23   14   41   24   28   46   38   19    6   22   50   24   26   36   45   21   32   25  
  39   43   22   13   41   35   30   28   29   19   23   44   25   49   21   33   20   47   10   32   31    8    5   34    7    9   18   12   48   11   46   27   40   17   17   24   45   16   36   42   37   14    8    6   50   15    4   26   20   38  
  16   36   45   42   27   22   17   39    6   32   33   50   20   15   48    7   28    5   25   23   38   40   29   43   12    9   10   24   19   13   39   11   21   49   23    4   30   26   47   14   44   34    8   46   31   35   41   18   40   37  
  34    4    8   14   23   30   18   17   44   25   15    9   22   20   39   12   43   37    7   29   10   48   40   44    6   13   41   27   47   32   26   16   46   35   50   47   21    5   11   45   19   24   33   49   28   42   31   41   38   36  
  44   24    5   22   13   40   44   28   14   30    7   26   46   19   15   49   35   21   16   10   43   34   23    6   12   25   17   29   50    4   41   47   39   45   36   40   18   20   33   37    9   38   32   31   27   30   42   48    8   11  
  45   40   24    6   35    5   37   11   46   29   50   27   16   25    8   41   42   44   22   18   33   13    7   47   32   15   19   21   39   48   28   31   10   12   17   49   34   49   30    9   14   26   23   20   43   45   38    7    4   36  
  29    9   25   26   14   31   34   39   21   39   48   11   41   45   50   36   47   37   22   13   42   46   18   30   44   32    5   35   10   12   16   15   20   40   33   33    4   24   23    4   38   43   19    7   27    6    8   28   17   49  
  18   13    8   11    7   34   28   21   19   40   20   31   12   45   25   31   33   50   41   42   48   49   32   20   47   23   25   43   10   46    4   14   27   36   39   30   44   37   35   17   26   15    5   22   16    6   24    9   29   38  
  45   24   33   12   36    5   47    4   50   41   32   26   30   31   15   17    7   46   38   11   44   22   19   28   21   23   10   40   29   34   10   39   48    9    8   18   37   33   10   49   16   14   13   42   27   43   25   35   20    6  
  15   33   30   19   39   11   46   36   40    5   47   26   25   34   23   32   18   29   42    9   50   10   28   48   13   12   17    6   44    8   31   16   35   38   49   41    4   14   24   30   43   20    7   22   21   45   37   49    5   27  
  40   16   18   48   21   28   34   32   41   38   24   47   17   44   23   14   30    5   13   37   33   42   27   49   11   46   15    8   43   35   29   19   20   39    6   25   31   38   19    4   12   50   41   22   45   26    7    9   36   10  
  46   23   41   45   38   24   43   45   30   29   17   42   33   16   25   44   12   22   40   29    7   23    9    4   13   32   21   47   31    8   35    6   28    5   26   48   18   37   39   19   10   15   27   11   36   14   34   20   49   50  
  20   15    4   24   16    7   31   21   13   41   12   17   29   46   23   35   26   50   37   25   40    6   32   10   32   30   39    5    4   43   27   33   44   48   34    9    8   38   14   19   22   36   42   47   28   18   46   45   49   11  ] 
BUDGETS : [    1    2    3    9   11   13   13   14   18   21   29   29   30   30   33   35   38   44   44   46   46   47   49   54   55   59   61   63   64   65   67   68   68   69   69   71   74   77   78   83   84   84   87   88   88   91   94   95   97   99  ] 
