K : 100
I : 50
PREFERENCES : [   44    0   35   32   45   43   50   34    0   40   38    0    0   39    0    0    0    0   47    0    0    0    0    0   29    0   33   30   41    0   36   49    0   46    0   42   37   39    0    0    0   40    0    0   32    0   31    0    0   48  
   0    0    0   50   29   46    0   31   49   44   43   39   40   34   48    0    0    0    0    0   37    0    0    0    0    0   44   35   32    0   41    0    0   45    0    0   38   38    0    0   47   33   42   36    0    0   30    0   32    0  
  36   50   43    0    0    0    0   40    0   32    0   40    0   30    0    0    0   47    0    0   41    0   39   39    0   49   50   31    0    0    0   35    0    0   46   37    0   44   42    0   34   29    0   38   33    0    0    0   48   45  
  30    0   43    0   38    0   35   29   39    0    0    0    0   47    0    0   44   49    0    0   48    0   33   41   32   31    0    0   45   42    0    0    0   40    0   39    0   48   36   37    0    0   34    0   46    0    0    0   50   35  
  40   45    0   36   37    0    0   29    0   43   44   30    0    0    0    0    0    0   44    0    0    0   32   34   48    0   39   40    0    0    0    0   35   49    0   33    0    0   31   50    0   42   46    0   44    0   41    0   38   47  
   0   45    0   29   44   43    0   50   32    0   46   33    0    0   31    0    0   47   41   49    0    0   34    0    0   37    0    0    0    0   42   42   38   36   30   48    0   38   42    0   39    0    0    0    0    0    0   40   35    0  
  46    0    0    0   30   29   29    0   48    0    0    0   40    0   50    0   43   31    0   33    0   41    0    0    0   35   38   43   36    0   34   49    0   42   47   39    0    0   44   32   31    0    0   37    0    0    0   45    0    0  
   0    0   50    0    0   38    0   32   47   46    0   36    0   50   43   29   35    0    0    0    0   31   44    0   31    0    0    0   42   38    0    0    0   40   41   30    0    0   33   48   49   34    0    0    0   37    0   39    0   45  
  45    0   32   37    0    0    0   50   44    0   30    0   44    0    0    0    0    0   43   35   38    0    0   42    0    0   36   46   49   47   34    0    0   48    0   33   38    0   29   41    0   40    0    0   40   31    0    0   39    0  
   0    0    0    0   42    0    0    0    0   32   43    0    0   37   49   36    0   31   50    0    0   33    0    0   40    0   49    0   34   38   35    0   30    0    0   41    0   48   39    0   46    0   47   35    0   29   47    0   44   45  
   0   49   39   48   48    0   38    0   43   36    0   40   46    0    0   42    0   30   50   44    0   31    0    0    0    0   37   44    0    0    0    0   33   47   35    0    0   29    0   45   34    0   32    0    0    0   29    0    0   41  
   0    0    0    0   38    0   46    0    0    0   34    0   49   39    0   41    0    0    0    0    0   31   44   32   36    0   48   35    0   44    0   42    0    0   47   40   45   34   37   37   29    0   50    0    0   33    0    0   30   43  
   0   49   31   29    0    0   41    0    0    0    0   39    0    0    0   34   36   35   37   33    0   46    0    0    0   37   32    0   30   43   38    0    0    0   44   43   50   45   40    0   45    0   42   47    0    0    0    0   48    0  
   0   40   33    0    0    0    0    0   39    0   44   39    0    0   32    0   43   50    0    0    0   39   30   35   46    0    0    0   38   36   34   29    0    0   31   34    0   42    0   48   49    0    0   41   47    0   37    0   45    0  
   0   36   47   46   43   41   30   42    0    0    0   48   40   36    0   45    0   38   33    0    0    0   44   31    0    0   29    0    0    0   32    0   34    0   35   49    0    0    0    0    0   36   39    0    0   34   50   37    0    0  
   0   33   36   46    0    0   29    0   41    0    0    0   35   34    0   44    0   41    0   42    0   30    0    0   50    0   38    0   42   39    0   40    0   31   47   49    0    0    0   37   48    0    0    0    0    0   32   45   36   43  
  32   33    0    0   44   41    0   48   49   35   31   49    0    0    0   36   50    0    0    0    0   30    0   36   29   37    0    0    0    0    0   45    0    0    0   42   43   46    0   40   47    0   38    0   45   34   39    0    0    0  
  31   37    0   38    0   33   49   39    0    0   33   48    0    0   36   46   34    0    0   48    0    0   41    0    0   45   42    0    0   44    0    0   32    0    0   44    0   35    0   29    0   30   40   47    0    0   50    0   43    0  
   0    0    0   42   49    0    0   46    0    0   31    0    0   48   39   50    0    0    0    0    0    0   43   34   37    0   47   45    0    0   36   33    0    0    0   35    0   32   38   41    0   29   40   34    0   30   33   44   37    0  
   0    0   39   36    0   47    0   40   31    0    0   37    0   46   42    0    0   45   49   43    0   34   44    0    0    0    0   48   38    0    0   30    0    0   49   50    0   33   32    0   40   41   35    0   29    0   39    0    0    0  
  42    0   46    0   41    0   32   45    0    0   38    0    0   29    0   40    0   30   50    0    0   35    0   33   49   43   34   36   37   47    0   42   48    0    0    0   39    0    0   44   42    0    0    0    0   42    0    0    0   31  
   0   31    0    0   35   48   43    0    0    0    0   36   46   33   47    0   40    0    0    0    0    0    0   30   34   42   45    0   50    0   29    0   38    0   39    0    0   37   41   34    0    0   32    0   49   44   45    0    0   45  
   0    0   46   45   48    0   39   35   30   34   37    0    0    0    0    0    0    0   41   40    0    0   42   50    0   46    0   33   36   29   32   38    0    0    0   30    0    0   31    0   47   49    0   32    0    0   44   43    0    0  
  46    0    0    0   45    0   43    0   39   41   29    0    0   38   34    0   30   31    0   35   32   31   44    0   40   42   48    0   33    0    0    0    0   36    0    0   37   47    0    0    0    0    0    0   41   48   49    0    0   50  
   0    0   29   36   44    0   30    0    0   48    0    0    0   40   50    0   50   47   49   34    0   41   38    0   31    0   32   37    0   32   39   42    0    0    0   33   43   29   35    0    0    0   46    0    0   45    0    0    0    0  
  29   44    0   49    0    0    0    0   35    0    0    0   30   48   39    0    0    0   40    0   33    0   38    0    0   41    0   31   47    0   43   32   42    0    0   36    0   45   50   46    0    0   35   34    0   37    0    0   44   34  
   0    0   37    0   48   33    0    0   31    0   45    0   35   29    0    0    0    0    0   38    0   40    0    0   39    0   36   35   50   37    0    0   44   42    0    0    0   49   32    0   30   41   46    0   47   43   48    0   34    0  
   0    0   30   36   44   47   43   29   42    0    0    0    0   41    0    0    0    0   37    0   31    0    0    0   33    0    0   48    0   49   34   40    0   39   32    0   46   50   45    0   38    0   43    0    0    0   32   35   46    0  
  47    0    0   47   47    0   29    0    0   49   45   32   40    0    0    0   41    0   30   50    0   37   42    0   31    0   33   36    0   44   46   48    0    0   38    0   43    0    0   35    0    0    0   34   39    0    0    0    0   38  
  48    0   47    0    0    0   35    0   33    0    0   38   32   43    0    0   42   34    0    0   41    0   29    0    0   31   35   50   45   47   30    0   50    0   39    0   36    0    0   44   46    0   37   49   40    0    0    0    0    0  
  40    0   50   48   49   46    0   45    0   33    0    0    0   47   29   44    0    0    0    0   35    0   49   34   38    0    0    0    0   30    0   43   36    0   37   41    0    0   39   33   32    0    0    0   42   40   31    0    0    0  
   0   41    0    0    0   32    0   40   36   39    0   44   34    0   30    0   33   48    0   37    0    0   35    0    0    0    0    0    0    0   45   43   30   50   41   49   46   31   42    0   38   35   29    0   47    0    0    0    0    0  
   0    0    0    0    0   48    0    0    0    0    0   34   45    0   48   42    0    0   39   49   32   37   35   46   40    0   30   47    0    0   43   29    0    0   36   31   33    0   38    0   36   50    0    0   44    0   36    0    0   41  
  45   38    0    0   43   48   39   42   44   32   29   46   36   50   40   32   34    0    0    0    0    0   33    0    0   37    0   44    0    0    0    0    0    0   47    0   30   35    0    0    0    0   31    0   37    0   49   41    0    0  
   0    0   38   39   45    0    0    0   37   43   38    0    0   35   36    0    0    0   32   33    0   34   31   46    0   41    0   30    0   49   45    0   29   47    0    0   40    0   44   45    0    0   48    0    0   50   42    0    0    0  
  31    0    0    0   49    0   31    0    0   38    0    0   43   37    0    0   34    0   48   50    0    0    0    0   41    0   39    0   42    0    0    0   45    0   29   33   31    0   32   47    0    0   44   40   33    0   35   36   46   30  
   0    0   29    0    0   48    0    0   41   40   31   49   40    0   44    0   46   32   31   34    0    0    0   37    0    0    0    0    0   36   33    0    0    0   43   50   47    0    0   45    0   38    0   39   35    0   30   42    0   47  
   0   39    0    0    0   38   46   31   43    0    0   41   34   50   32   33   49   48    0   40    0    0    0   29    0    0   47   36   45    0    0   32    0    0   42   36    0    0   44    0    0    0    0   29   35   30    0    0   37    0  
   0    0   41   31    0   32    0    0   44   50    0    0    0    0   34    0    0    0   30    0   35   37   35    0   33   46   40    0   47    0   42   43   29    0    0    0    0   45   39   40    0   49   36   38    0    0    0   38    0   48  
   0   32   45   46    0    0    0   43    0    0    0    0   34    0   30   33   29   37   46   38    0    0   47    0   35    0    0   44    0    0    0    0   49   36   40   50   41   48    0   31    0    0    0   42   39   35    0    0    0   31  
  29    0    0    0    0   31   30    0    0    0   49   44   50    0    0    0   38    0   46   32    0   41    0    0   35    0    0    0   33   39    0    0   40   37   48   45   47    0    0   34   38    0    0   43    0   42   36    0   37   38  
   0    0   44    0   30    0   36    0    0    0   42    0    0   50    0   32   49    0   47   29    0   45   34    0   43   39    0    0   35    0    0    0    0   48   34   41   32   33   37   31    0    0   44    0   46    0   40   38    0    0  
   0    0    0   37   31    0   46   33    0   45   47    0   30   49    0    0    0    0    0   39    0   36    0   35   48   32   37   50   29   44   41    0    0    0    0    0   38   47    0   40   50    0    0   42    0   43    0    0   34    0  
   0   37   47   45    0   33   32   50   46    0   31    0    0    0   41    0   42   35    0    0   48    0    0   38   30    0    0   31   43    0   38   29   36    0   34   44   40    0    0    0   49   37    0    0    0    0    0    0   39    0  
   0    0   33    0    0   35   33    0   31   37    0   36    0   46    0    0   32    0   48    0   40   30    0    0    0   47   44    0   35   50   38   39   43    0    0   42    0    0   45   29    0   42   41    0   34    0   49    0    0    0  
   0    0   37   44    0    0    0    0   44   31    0   47    0    0    0    0    0   43    0   47   30   38   40   48    0    0    0   46   33    0    0   29   34    0   50    0   36   41   45   32   35    0    0    0   39    0   49   42   29    0  
  37   32   45    0    0    0    0    0   37    0    0   48    0   45    0    0   44    0   35   50    0   31    0   43   39    0   49   38   41    0    0   40    0   29    0   33   36    0   46   42    0    0   34   47    0    0    0    0   37   30  
   0    0    0   45    0    0    0    0    0   44   50   49    0   46    0    0   35    0   42   43   38    0    0   30   43    0    0    0   33    0   32   39    0    0   39    0    0   40   31    0   29   48   34    0   41   37   36   47   50    0  
  32    0    0    0    0   38   44   30    0    0   47   42    0    0    0   34   45    0   46   32    0   33    0   37   41   48   36    0    0    0    0   31   40   35    0   43    0   49    0    0   50   47    0    0    0   41    0   29   39    0  
  41    0    0   34    0   30    0    0   49    0    0   29    0   40    0    0    0   39   44    0    0    0    0   30   47   42   38   37   31   45   50    0   35   33    0   48    0    0    0    0    0   43   29    0    0    0   46   36   32   46  
  50    0   44    0   39    0   41    0    0   36   46    0   39   37   31    0    0    0   34   29   42    0    0    0    0   33   32    0    0   29    0    0    0   40    0   47   49   31    0   45   48   35    0    0    0   30    0    0   38   43  
   0   47   37   46    0    0    0   35   50   48   32    0   33    0   31    0   34   44    0   40    0    0   42    0   43    0    0   29   30    0   36   49    0    0   31    0   39    0   35    0    0   41    0    0   35    0   45    0    0   38  
   0   32    0   39   48    0    0    0    0    0    0   38    0   35    0   33    0   49   42    0   47    0    0    0    0   43   31   44   47   46    0    0    0   41   40    0   30    0   34   29   47   45    0    0   36   31   37    0    0   50  
   0    0   30   44    0   35    0    0    0   48    0    0   37    0   37   45    0   33    0    0   41   42   29   36   38    0    0   31   49    0   31    0    0   46   50    0    0   40   38    0    0   32    0    0   47   43   39   34    0    0  
   0   42    0   44    0   34   39    0    0    0   37    0   45    0   36    0    0   49   41    0   35   50    0   48   43   33    0   32    0    0    0   46   31   46    0   30    0   47    0   38    0    0   39    0   40   29   29    0    0    0  
   0    0    0    0   32   38   32   42    0   30    0    0    0   31   45   48    0   36    0    0   43   29   50    0   40    0    0   34   29    0   35    0   41   46    0    0    0   37   47   39    0    0   33   49    0    0   44   38    0    0  
  29    0   41   50    0    0    0    0   49    0    0   30    0    0   35    0   38   47   46    0   48    0   46   34   45   44    0   43   42   47   39    0    0   49    0    0   33    0   31    0    0    0   32    0   37   40    0    0    0   36  
  50   45    0   49    0    0    0   35    0    0   30    0   31   46    0    0   50   39   33    0    0   44   41    0    0   34    0   31   32    0   43   37    0    0   42   40   47    0    0   36    0    0    0    0   48    0   34   38    0   29  
   0   38   37    0    0   39    0   38    0    0   48   32    0   40   36   36   29    0   47    0   43    0    0    0   42   44   31   34    0   35    0   49    0    0   41    0    0   33    0   45   31    0    0    0    0   46    0   50   30    0  
  41   32   46   49    0    0   50    0    0    0   43    0    0    0   49   29    0   39    0    0    0   30   45   35   47    0   44    0    0   36   31   30    0   48   34    0   40    0    0    0    0   42   38   37    0   33   49    0    0    0  
  35   48   45    0   32    0   39    0   33   41    0    0   50   38    0    0   31   42    0    0    0    0    0    0   34    0   49    0    0   50   49   44   30   34   46    0   43   47   40    0    0    0   29    0    0   37    0    0   36    0  
  40    0   34    0   47   39   36   31   46    0    0   30    0    0   50    0   33   29   49    0    0    0   32    0    0   42   34    0   48    0   41    0   38    0    0    0   41   44    0    0   47   45    0   35    0    0   43   37    0    0  
   0   36   41   43   42   45    0    0    0   31   48    0    0    0    0   38   49   34    0   40   34    0    0    0    0    0   33   46    0    0   39    0    0    0   44   35    0   30    0   32    0   47    0    0   29    0   49   37   50   37  
   0    0    0   33    0   42    0   44   46    0   50    0   38    0    0   41   41    0   43   40   32   49    0    0   41    0   47   37   30    0   45   36   39   31    0    0    0   48    0    0    0   35    0   30    0   34    0    0    0   29  
   0   46   41    0   50   45    0   29    0    0   33   34    0    0   48   37   38   49   45    0    0   36    0   32    0    0    0   35   40    0   42   44    0    0    0    0    0    0   47   30    0    0   31    0   43   42   45   39    0    0  
  31   46   45    0    0    0   29   48   47   33    0   45    0    0   32    0    0    0   42   39   36   40   41    0    0    0   38   43   35   39   50    0   45    0   34    0    0    0   30    0    0   49   44    0    0    0    0    0   37    0  
   0    0    0    0    0   43   40    0   41    0    0   39   38    0   31   37    0    0    0    0   49   30    0    0    0   34   30   32    0   50   35   44    0   29    0   50    0   45   33   46    0   48   42    0   35    0   36    0    0   47  
  36    0    0    0   35   39   31    0   44    0    0    0   41    0    0    0   49    0    0    0   32    0   42   50   34    0    0   33   48   46   30   38    0    0   30    0   47   37    0    0   34   29   37   40    0   45    0    0    0   43  
  42    0    0    0   38    0   33    0   32    0    0   40    0   44   36    0    0    0    0   47   37    0   34   31    0   48    0   30   44   39   45    0   44   41    0    0    0    0   50    0   46    0   49    0   43    0   35    0   29   44  
   0    0    0   32   38    0   34   47   33   40   35   45    0   32   50    0   37   36    0    0    0    0    0   42    0    0    0   44   43   48   49   39   49    0    0    0    0    0    0    0   46   31   30   29    0    0    0    0   44   41  
  43   30   44   36   29    0    0    0   35   42   31    0    0    0   38   46    0    0   42   50   40    0    0    0   44    0   34    0    0   37    0   48    0   33    0   32   39    0    0    0    0   41   47   49    0   45    0   31    0    0  
  40   36   39    0   37    0    0    0   50   30   43    0    0   33   42    0   44    0   41    0    0   44   48   49    0   47   39    0    0   32   35   34    0   36   46    0    0    0   29    0   31   38    0    0    0    0    0    0    0   45  
  31    0   37   50   32    0    0    0   36    0    0   39    0    0    0   32   32   40    0   33    0   41   30   46   39   44   29    0    0   42    0    0   45   43   34    0   49    0   48    0   35    0    0   47    0    0    0    0    0   38  
   0    0   39   43   33    0   35   49    0    0    0    0    0   38   36   31    0   45   44   50    0   40    0    0   50    0    0   42   30    0    0    0    0   46    0   37   32   47   48    0    0    0    0   29   37    0   34   50   41    0  
  39   37    0   44   36   29   30   49    0   34   32    0   48    0    0    0   47    0   45    0   45   38    0   35   31   43   46    0    0    0    0    0   42   41    0   50   33    0    0    0    0   32    0    0    0    0    0   40    0   47  
   0    0    0    0   36   37   48   32    0   37    0   41    0    0    0   29   46   50    0   30   36   45    0   38   43    0   39    0    0    0    0   31   49   34   47    0    0    0    0    0   35   44   42    0   33    0   40    0   50    0  
  40    0    0   50    0   35   34    0   32    0    0   37    0    0   29   30    0   45   32    0   43   39    0    0    0    0   38    0   41    0   42   35    0   47   49    0    0   48   48    0   31   44    0   46    0   33    0    0   36    0  
   0    0    0   41   34   38    0   49    0   38    0   39   48   50    0    0   47    0    0    0    0   35   46   40   42   29    0   37   30   36    0   31    0    0    0   43    0    0   45    0   49   32    0    0   49   33    0   44    0    0  
   0    0    0    0   48    0   50   33   36   32   43    0   29   41    0   31   47    0    0    0   40    0   45    0    0   44   42   34    0   36   35   38    0    0   32    0   49    0    0   36   30   39   46    0   37    0    0    0    0    0  
   0    0    0   35   46   42    0   47    0    0    0    0   34   49   40   48   29    0   41   36    0    0    0   33    0    0   50    0   31    0   44    0    0    0    0    0    0   32    0   50   43   39   49   43    0   38   37   30    0   45  
   0   31   50    0    0   46   29   42    0    0    0   35    0   37   48    0   49   39    0    0    0   44   47   29    0    0    0   41    0    0    0   32   44    0   33   30    0   40    0    0   45   43   29   38    0    0   36    0    0   34  
  50    0   49   46   32    0    0    0    0    0   43   44   45   40   38    0    0   46    0   36   42   49    0   47    0   29   33    0    0   35   37    0    0    0    0   46    0    0   39    0   34    0   41    0   30   31    0    0    0   48  
  34   47    0   46   50    0   42    0   30   41   49    0    0    0    0   38   46    0   37    0   32    0    0    0    0   36   39   29   33   48    0    0   43   44    0    0    0    0   40   35   31    0   30    0   38    0    0   45    0    0  
   0   37   38   29    0   44    0    0   47   45   42    0   50    0   36   31    0    0    0    0   38    0   43   33   47    0   48   30    0   32    0   34    0    0   35    0   49    0   41    0    0   50   40    0   46    0    0   39    0    0  
  37    0    0    0    0   40    0   46   47   30   33   36   38    0    0   44   42   29    0    0    0   32    0    0   43   41   31   39    0    0   50    0   45    0    0    0    0    0   49   35   48   34   42   44    0    0    0    0    0   37  
   0    0   31   36    0   37   32    0   42   36   43    0    0    0    0    0   44    0    0    0   41   46   38    0    0   45   30    0   44   34   39   48   47   49    0    0   40    0    0    0    0    0   35    0   50   45   29    0    0   33  
  42   38   49    0    0   47   34    0    0   43    0    0    0   30    0   41   36    0   33   44   47    0   48   44   29   46   32   45    0    0    0    0    0   37   39   35   50    0    0    0    0    0    0    0   40    0   40   31    0    0  
   0   42   37   29   34    0   36    0   46    0    0   41    0    0    0    0   40    0    0    0   40   30   50    0    0   48    0    0   32   45   38   31    0   33   49   43    0   49    0    0   44    0   35   47    0    0    0   47    0   39  
  29   46   31   38    0   37   41   39    0    0    0   35   50    0    0    0   40    0   45    0   47    0   42    0    0   36    0   43   30    0    0   48    0    0   34   31    0    0    0   33   37    0   44    0   32   41    0    0    0   49  
  48    0    0   33   30   41   47   36    0    0    0    0    0    0   35   29   42    0    0    0    0    0   37    0   32   43    0    0   45    0   39   46    0   40   41    0    0    0    0   49   42   45   44   38    0   50   31    0   34    0  
  31   42   49    0   42    0   43   29   36   33    0   45    0   48    0   34   38   46    0   47    0    0   41    0    0   37   30    0   39    0   32    0    0    0    0   40   42    0   50    0    0    0    0    0   35   44    0   38    0    0  
   0    0    0    0   43   45    0    0    0    0   36    0   32    0   41    0    0   44   49   48   31   34    0   42   30   50   47    0    0   37   37    0   50   49   39   35   29   40    0    0    0    0   46   33    0    0    0    0   38    0  
   0   39    0   41   46   43    0    0    0   32    0    0   33   46   42    0    0   49   48    0   36   31    0   50   44    0   40    0   34    0   30   29   38    0   45    0    0   37    0    0   50    0    0    0    0   50    0   35    0   47  
  39   32    0    0    0   47    0    0    0   30    0    0   38    0    0    0   50    0    0    0   31    0   45   43   37    0   48    0    0   33   38    0   36   38   46    0   40   34   42    0    0   35   44   37    0   29    0    0   41   49  
   0   30    0   33    0   31    0   37   47   39    0   42    0    0    0    0    0   41   30    0   45   36   39   29    0   50   32   35   48    0   46   40    0   43    0   34    0   33    0   44   49    0    0    0    0   38    0    0    0    0  
  45    0   40   29    0   47   48    0    0   43    0   47    0    0    0   49    0   39   35   44   42    0    0   38    0   34    0   31    0    0   30    0    0    0   43   43    0    0    0   41    0   46    0   32   37    0   36   33    0   50  
   0    0   50   31    0    0   29    0   30   40    0   41    0   49    0   48   42   47    0   45    0   43   46   49    0    0    0    0    0    0    0    0   38   44    0   42   36    0    0    0   37    0   35    0   31   39   33   34   32    0  
   0   36    0    0   48   49    0    0    0    0    0    0   38    0   43   46    0    0   42    0   45    0    0   40   47   46   41    0   31    0   39    0    0   46    0   34    0   37   32    0    0    0   44   50    0   33   50   35   29   30  
  29   36    0    0    0   32   40    0   31    0   44   48    0    0   33   42   41   47    0    0   37    0   38    0    0    0   43   34    0   41   39    0   35    0   34   30   36   45    0    0    0    0    0   46   50    0   49    0    0    0  
  38   33    0    0    0    0    0   50   40    0    0   48    0   35    0    0   43    0    0   29   34   43    0    0   47    0   45    0   46   39   49    0   41    0   30   46   44    0    0    0   39    0   36    0    0   37   31   32   42    0  ] 
BUDGETS : [    6    8   13   14   15   18   19   20   21   22   24   27   28   28   33   33   37   37   38   40   41   43   44   45   45   49   52   55   56   57   59   67   67   67   68   68   70   71   72   73   76   77   77   79   83   84   85   86   89   91   92   93   94   94   94   94   97   98   98   99  102  104  104  106  107  111  111  112  115  115  117  126  127  130  133  134  136  137  142  149  153  153  155  158  161  164  167  169  170  173  174  174  178  178  181  182  184  188  199  199  ] 
