K : 100
I : 50
PREFERENCES : [    0    0    0    0    0    0    0    0    0    0   45    0    0   42    0    0    0    0    0    0    0   43    0    0    0    0   48    0    0   47   49    0    0    0    0   46   50    0    0   43    0   44    0    0    0    0    0    0    0    0  
   0    0    0    0   42   50    0    0    0    0    0    0    0    0    0   48    0    0    0   49    0    0    0    0   44    0    0   47    0    0   46    0    0    0    0    0    0   43    0    0   45    0    0    0    0    0    0    0   50    0  
   0    0    0   42    0    0    0    0    0   44   50    0    0    0   43    0    0    0    0   49    0   46    0    0    0    0   45    0    0    0   50    0    0    0    0    0    0    0    0    0    0    0    0    0   47    0    0    0   48    0  
  45    0   42    0    0   43    0   47   44   46    0    0    0    0    0    0    0    0    0    0    0    0    0   47    0    0    0    0    0    0    0    0    0    0    0    0    0   50    0    0    0    0    0    0    0   49   48    0    0    0  
   0    0    0    0    0    0    0    0    0   45    0    0    0    0    0    0    0    0    0   42   49   43    0    0    0   47   46    0    0    0    0   50    0   50   48    0    0    0    0    0    0    0    0    0    0    0    0    0    0   44  
   0   47    0    0   45    0   48    0    0    0    0    0    0    0   50    0    0   43    0    0    0    0    0    0    0    0    0   44    0    0    0   49    0    0    0    0    0    0    0    0   49   46    0   42    0    0    0    0    0    0  
   0    0    0    0    0    0    0    0    0    0   50    0    0    0    0    0    0    0    0    0    0   44    0    0    0   48    0    0    0    0   42    0    0   46   47   49    0    0    0   43    0   46   45    0    0    0    0    0    0    0  
  42    0    0    0    0    0    0    0    0    0    0   47    0    0    0    0    0    0    0    0    0    0    0    0    0    0    0   49    0    0    0   48    0    0    0    0   44    0    0   43    0   50    0   49    0    0    0   46   45    0  
   0    0    0   48    0    0    0    0   49    0   46    0   44    0    0   42    0   43    0   50    0    0    0    0    0    0    0    0    0    0    0   43    0   47    0    0    0    0    0    0    0    0    0    0   45    0    0    0    0    0  
   0    0    0    0    0    0   48   46    0   48   47    0    0    0    0    0    0    0    0    0    0    0    0    0    0    0   42    0    0    0   43    0    0    0   45    0    0    0   49    0   44    0    0   50    0    0    0    0    0    0  
   0   48    0    0    0    0    0    0    0    0    0    0    0    0    0    0   47    0   42    0    0    0    0   47    0    0    0    0    0   50    0   44    0    0    0    0    0   49    0   45    0    0    0    0    0    0   43   46    0    0  
   0    0    0    0    0    0    0    0    0   42    0    0    0    0    0    0    0    0    0    0   49    0   46   50   44    0   43    0   48    0   43   47    0    0    0    0    0    0    0    0    0    0    0    0    0    0    0    0    0   45  
   0    0    0   44    0   48    0    0    0    0    0    0    0    0    0    0    0   45    0   46   43    0   47   49    0    0   42    0    0    0    0    0    0    0    0    0    0    0    0    0    0    0    0    0    0    0    0   46   50    0  
   0    0    0    0    0    0    0    0    0    0    0   43    0    0    0    0   43    0    0    0    0    0    0   47    0    0    0   46    0    0   48    0    0    0    0    0    0    0    0    0    0   45    0    0   42   44   49   50    0    0  
   0    0    0    0    0    0   48   46    0   50   47   46    0    0    0    0    0   49    0    0    0    0    0   44    0    0    0    0    0    0    0    0    0    0   42    0    0   45    0    0   43    0    0    0    0    0    0    0    0    0  
   0    0    0    0    0   48   44    0    0    0    0    0    0    0   42    0    0    0    0   50   43   48    0    0    0   47    0    0   46    0    0    0   45    0   49    0    0    0    0    0    0    0    0    0    0    0    0    0    0    0  
   0    0    0    0    0    0   44   47    0    0    0    0    0    0   43    0    0    0    0    0    0    0    0    0    0   42    0    0    0    0    0    0    0    0   48    0    0    0    0   45    0    0   50   46   49    0    0    0    0   42  
   0    0   47    0    0   46   42    0    0    0    0   45    0    0    0    0    0    0   48    0   43    0    0    0    0    0    0    0    0    0    0    0    0    0    0    0   50    0    0    0    0    0    0    0    0   44    0   43    0   49  
   0    0    0    0    0    0    0    0    0    0    0    0   47    0    0    0   45    0    0    0    0    0   43    0    0    0    0    0    0   48    0    0    0   49    0    0   46    0   42    0    0    0   49   50    0    0   44    0    0    0  
   0    0   43    0   46   44   48    0    0    0    0    0   47   42    0    0    0    0    0    0    0    0    0    0    0    0    0   44    0    0    0   45    0    0    0    0   49    0    0    0    0    0    0    0    0   50    0    0    0    0  
   0    0   47   45    0    0   50    0    0    0    0    0    0    0    0    0    0    0   49   42   44    0    0    0   43    0    0   44    0    0    0    0    0    0    0   46    0    0    0   48    0    0    0    0    0    0    0    0    0    0  
   0    0   47    0   46   45    0    0   43    0   44    0    0   48    0    0    0    0    0    0    0    0    0    0    0    0    0    0    0    0    0    0    0    0    0   48    0    0    0    0   42    0   49    0    0   50    0    0    0    0  
   0    0    0    0    0    0    0   42    0    0    0   47    0    0    0   49    0    0    0    0    0    0    0    0   45   48    0    0    0    0    0    0    0    0   50    0    0    0   44    0    0    0    0    0    0    0   42   43   46    0  
   0    0   44    0    0   43   49    0    0    0    0    0    0    0    0   45    0    0    0   49    0   50    0   46    0    0    0    0   42    0    0    0    0    0    0    0    0    0    0    0    0    0    0    0    0   48    0   47    0    0  
   0   50   45    0    0    0    0    0    0    0    0    0    0    0   45   46    0    0    0   43    0    0    0    0   49    0    0    0    0    0    0   42    0    0    0    0    0    0   47    0    0    0   44    0    0    0    0    0    0   48  
   0    0   44    0   50    0   46   44    0    0    0    0    0    0    0    0    0    0    0   45    0    0    0   43    0    0    0    0   42    0    0    0   49    0    0    0    0    0   48    0    0    0    0    0   47    0    0    0    0    0  
   0    0   42    0    0   46   43    0   50    0    0    0    0   45    0    0    0    0    0    0    0    0    0    0   44   47    0    0    0   44    0    0    0    0    0    0    0    0    0    0    0    0    0    0   48   49    0    0    0    0  
   0    0    0    0    0    0    0    0    0    0    0    0    0   44    0   50    0    0    0    0   42   46    0    0    0    0    0    0   47    0    0    0    0   48   42    0    0    0    0    0   45   49   43    0    0    0    0    0    0    0  
   0    0   49    0   43    0    0    0    0   49    0    0    0    0    0    0    0    0    0   44    0    0    0   47    0    0    0    0   48    0   46   42    0    0    0    0    0    0    0    0    0    0   45    0   50    0    0    0    0    0  
  45    0    0    0    0    0    0    0    0    0    0   45    0    0    0    0    0   49    0    0    0   46    0   50    0   42    0    0    0    0   44    0    0    0    0    0    0   48   47    0    0    0   43    0    0    0    0    0    0    0  
   0    0    0    0   45    0    0    0   50    0   46    0    0    0    0    0    0    0    0    0   47   42    0    0    0    0    0    0   49    0   44   45    0    0    0    0   48    0    0    0    0    0    0    0    0    0    0    0    0   43  
   0    0    0    0    0    0   46    0    0    0    0   49    0   43    0    0    0    0    0    0    0    0   50    0    0    0   44    0    0   42    0    0   47    0    0    0    0    0    0    0    0    0    0    0   49   48    0    0    0   45  
   0    0    0    0   43    0    0    0    0   49    0    0    0    0   45    0    0    0    0   48    0    0    0    0    0   46    0    0    0   44   50    0    0    0    0    0    0    0    0    0    0    0   42   45    0   47    0    0    0    0  
  46    0   50    0    0    0    0    0    0    0    0    0   43   44    0    0    0    0    0    0    0    0    0    0    0   42    0    0    0    0    0    0    0   50   45    0    0    0    0    0    0   49   48    0    0    0   47    0    0    0  
   0    0    0    0    0    0    0    0   43   45    0   44    0    0    0    0    0    0    0    0    0    0    0    0    0    0    0   50    0   48   42    0   46    0    0    0    0   47    0    0    0    0    0   49    0   50    0    0    0    0  
   0    0    0    0    0    0    0   42    0    0    0    0    0    0    0    0    0    0    0    0   44    0    0    0    0   43    0    0   46    0    0    0   50    0    0    0    0   47    0   43    0   48    0    0    0    0   49    0    0   45  
  43    0    0    0    0   44   46   49   47   48    0   50    0    0    0    0    0    0    0    0   45    0    0    0   42    0    0    0    0   44    0    0    0    0    0    0    0    0    0    0    0    0    0    0    0    0    0    0    0    0  
  46   50    0    0    0    0    0    0    0    0    0    0    0   49    0    0   42   47    0    0    0    0    0   47    0    0    0    0    0    0    0    0    0    0   45    0   48    0   43    0    0    0    0    0    0   44    0    0    0    0  
   0    0    0   42    0    0    0    0    0    0    0    0    0    0    0    0    0    0   48    0   43   45   46    0    0    0   50    0    0    0    0   49   47   44    0    0    0    0    0    0    0    0    0    0    0    0    0   48    0    0  
  45    0    0   47   42    0    0    0    0    0    0    0    0    0   49    0    0    0    0    0    0    0    0    0    0   43    0    0    0   47    0    0    0    0    0   46    0    0    0   48    0    0   44    0    0    0    0   50    0    0  
  49    0    0   44    0    0    0   50    0    0    0    0    0    0   43    0    0    0   46   45    0    0    0    0    0    0   45    0    0   42    0    0    0    0    0    0    0    0    0    0    0    0    0    0   48    0    0    0    0   47  
  42    0   46    0    0    0    0    0    0    0    0    0    0   47    0    0   50    0    0    0    0   45    0   49    0    0    0   48    0   43    0    0    0    0    0    0   48    0    0    0    0    0    0    0    0    0    0   44    0    0  
   0    0    0    0   45    0    0   46    0    0   44    0    0    0   48    0   49   50    0    0    0    0    0   43    0   50    0    0   42    0    0    0    0    0    0    0    0    0    0    0    0    0    0    0    0    0    0   47    0    0  
   0   43    0    0    0    0    0    0    0    0    0    0    0    0    0    0    0    0    0    0    0    0   50   42   45   48    0    0    0    0   47    0    0    0    0    0    0    0    0    0   49   44    0    0    0    0    0   48   46    0  
  42    0    0    0    0    0    0   48    0    0    0    0   44   46    0    0    0    0    0    0    0    0    0    0    0    0    0    0    0    0   50    0    0    0    0   45    0   44    0   43    0    0    0    0    0   47    0    0    0   49  
   0    0    0    0    0    0    0    0   48   48    0    0    0    0    0   44    0    0    0    0    0   43    0    0    0    0    0    0    0    0    0    0    0   42    0    0    0    0    0    0   47    0    0   50   49   46    0    0    0   45  
   0    0    0    0    0   48    0    0    0    0    0    0    0   45    0    0   46    0    0   49   43    0    0    0   50    0    0    0   42   44    0    0    0    0    0    0    0    0    0    0    0    0    0    0    0    0    0   47    0   50  
   0    0    0    0    0    0    0    0    0    0    0    0   50    0    0    0   47   44    0    0    0    0    0    0   42    0   45    0   43    0    0    0    0    0   43    0    0    0   49    0   48    0    0    0   46    0    0    0    0    0  
  48    0    0    0    0   43    0    0    0    0    0   44    0    0    0    0    0    0    0    0   49   45    0    0    0    0    0   47    0    0    0    0   46    0   49    0    0   50    0    0   42    0    0    0    0    0    0    0    0    0  
   0    0    0   45    0   43    0    0    0    0    0    0    0    0   47   42    0    0    0    0    0    0    0    0    0    0    0    0   48    0   50    0    0   44    0    0    0    0   48   49    0   46    0    0    0    0    0    0    0    0  
   0   46    0    0    0    0   50   47   43    0    0    0   42    0    0    0   45    0    0    0    0    0    0   44    0    0    0    0    0    0    0    0    0    0    0    0    0    0    0    0    0    0   49   45    0    0   48    0    0    0  
   0    0    0    0    0    0    0    0    0    0    0    0    0    0    0   47    0    0    0    0   42    0   44    0    0    0    0    0    0   50   49   45    0    0    0    0    0    0    0    0   46    0    0    0    0   48   43    0    0   42  
  47    0    0    0    0    0   44   43   45   50   49    0    0    0    0    0    0    0    0    0    0    0    0   44    0    0    0    0    0    0    0    0    0   48    0    0    0    0    0    0    0    0    0   42    0    0    0   46    0    0  
   0    0    0   42    0   48    0    0    0    0    0    0    0   48    0    0   49   44    0    0   46    0    0    0   43    0    0    0    0    0    0    0    0    0    0    0    0    0    0    0    0   50    0    0    0   47    0    0    0   45  
   0   48    0    0    0    0    0    0    0    0    0    0   44   50    0    0    0    0    0   45    0    0    0   46    0    0    0    0    0    0    0   43    0    0   45   49    0    0    0    0   47    0    0    0    0    0    0   42    0    0  
   0   44   49    0    0    0   42    0    0    0    0    0    0    0    0    0   43    0    0   47   45    0    0    0    0    0    0    0    0    0    0    0   48    0    0    0    0    0   50   46    0    0    0    0    0    0    0    0    0   42  
   0    0    0    0    0    0    0    0    0    0    0    0    0    0    0    0    0    0    0    0   43    0    0   44   42   48    0    0    0    0   47    0   50   45    0   43    0    0    0    0    0    0    0    0    0   46    0   49    0    0  
   0    0    0    0   43   43    0    0   46    0   49    0    0    0    0    0    0    0    0    0    0    0    0    0   47    0    0    0    0    0   48    0    0   42    0    0    0    0    0    0   45    0    0    0    0    0    0   50    0   44  
   0   49   50    0   43    0    0    0    0    0    0    0    0    0    0   48    0    0    0   45    0    0    0    0    0    0    0    0    0    0    0    0    0    0   47   44    0    0    0    0    0   46    0    0   44    0    0    0   42    0  
   0    0    0    0    0    0    0    0    0    0    0    0   49    0    0    0   47    0    0    0    0    0    0    0   44   47   42    0    0   48   46    0    0    0    0    0    0    0    0    0    0    0    0   43    0    0    0    0   45   50  
  46    0    0    0    0    0    0    0    0    0   44    0    0    0    0   50    0    0    0    0    0   43    0    0    0   49    0    0   43   47    0    0    0    0    0   45    0    0    0    0   42    0    0    0   48    0    0    0    0    0  
   0    0    0    0    0    0    0   50   48    0    0    0    0    0   43    0   42    0    0    0    0    0    0    0    0   45   49    0   44    0    0    0    0    0    0    0    0    0    0   47    0   46    0    0    0    0   49    0    0    0  
   0    0    0    0    0    0    0    0    0    0    0    0    0   43   45    0    0    0    0    0    0    0    0    0    0    0    0    0    0   42   47    0    0    0    0   48    0    0   50   49    0    0    0   46   44    0    0    0   42    0  
  42    0    0    0    0   47    0    0    0    0    0    0    0   44    0    0    0   49    0    0    0    0    0    0    0    0    0    0    0   46   43   43    0    0    0    0    0    0    0    0    0   45    0    0    0   48    0   50    0    0  
  44    0    0    0    0    0    0   48    0    0    0    0   49    0    0    0    0    0    0    0    0    0    0    0   47    0   43    0    0    0    0   42    0    0    0   47    0    0    0    0    0    0   46    0   45    0    0    0    0   50  
   0    0    0    0    0    0    0    0    0   47    0    0    0    0    0    0   50    0    0   43   44    0    0    0   49    0   46   45    0    0    0    0    0    0    0    0    0    0    0   47    0    0    0    0    0    0   42    0    0   48  
   0   45   46    0    0    0   50    0    0    0    0    0    0    0   42    0    0    0    0   48   47    0   49    0    0    0    0    0    0   43    0    0    0    0    0    0    0    0    0    0    0    0   44    0    0    0    0   50    0    0  
   0    0    0    0   42   48    0    0    0   44    0    0    0   43    0    0   44    0    0    0    0    0    0    0    0    0    0   49    0    0    0    0    0   45   47    0    0    0    0    0    0    0   50    0    0    0    0    0    0   46  
   0    0    0    0   47   44    0    0    0    0    0    0    0    0    0   45    0    0    0   46    0    0    0    0    0   49   43    0    0    0    0    0    0    0   50    0    0   48    0    0    0   42    0    0   44    0    0    0    0    0  
   0    0    0    0    0   44   44    0    0   49   50    0    0    0    0    0    0    0    0    0    0    0   48    0   43   47    0    0    0    0    0    0    0    0    0    0    0    0    0   42   45    0    0    0    0    0   46    0    0    0  
  44    0    0    0    0    0    0    0    0   48    0    0    0   42   45    0    0    0    0    0    0    0    0    0   47    0   43    0   49    0    0    0   48   46    0    0    0    0    0    0    0    0    0    0    0    0   50    0    0    0  
  45    0    0    0    0   50    0    0   46    0   48    0    0    0    0    0    0    0    0    0    0    0    0    0   44    0    0    0    0   47    0    0    0   42    0   43   50    0    0    0    0    0    0    0    0   49    0    0    0    0  
  45   44    0    0    0    0    0    0    0    0   49    0   43    0    0    0    0    0    0    0    0    0    0    0   48   42    0    0    0    0    0    0    0   47    0    0    0    0   50   46    0    0    0    0   46    0    0    0    0    0  
   0   42   43    0    0   47    0    0    0    0    0    0    0    0    0    0    0    0    0    0    0    0   46    0   44   48    0   44    0    0    0    0    0   50    0    0    0   49    0    0    0    0    0    0    0    0   45    0    0    0  
   0    0   46    0    0   43   50    0    0    0    0    0    0    0   45    0    0   47    0    0    0    0   50    0    0    0    0    0    0    0   49    0   44    0    0    0    0    0    0   48    0    0    0    0    0    0    0    0    0   42  
  48    0    0    0    0    0    0    0   43    0    0    0    0   42    0    0    0    0    0    0    0    0   45    0    0    0   47    0   46    0    0   44    0    0    0    0    0    0    0    0    0    0   49    0    0    0   47    0    0   50  
   0    0    0    0    0    0    0    0    0   44    0    0    0   48    0    0    0    0    0   47    0   46    0    0   42    0    0    0   44   45    0    0    0    0    0    0    0   49    0    0    0    0    0   50    0    0    0    0   43    0  
  43    0    0    0   45   50    0    0   49    0   42    0    0    0    0    0    0    0    0    0    0   47   44    0    0   48    0    0    0    0    0    0    0    0    0    0    0    0    0   46    0    0   48    0    0    0    0    0    0    0  
  47    0   44    0    0   43    0   48    0    0    0    0    0    0   42    0    0    0   42    0    0    0    0    0    0    0    0    0    0    0    0    0    0    0   46    0    0    0   45   49    0    0    0   50    0    0    0    0    0    0  
   0    0    0    0    0    0   48   44    0   46    0   45    0    0    0   42    0    0    0   49    0   46    0    0   47    0    0    0    0    0    0    0    0    0   50    0    0    0    0    0    0    0    0   43    0    0    0    0    0    0  
   0    0    0    0    0    0   42    0    0    0   44    0    0   48    0    0   49    0    0    0    0    0   43    0    0    0    0   45    0    0   44   46    0    0    0    0    0    0    0    0    0    0    0    0    0    0   47   50    0    0  
   0   47    0    0    0    0    0    0    0    0   49    0    0    0    0    0    0   50    0    0    0   42   48    0    0    0    0    0   50    0    0    0    0    0   44    0    0    0    0    0    0    0    0   46   43    0   45    0    0    0  
   0   42    0    0    0    0    0    0   45    0   47    0    0   44    0    0    0    0   43   45    0    0   48    0    0    0    0    0   46    0    0    0    0    0    0    0    0    0    0    0    0    0   50    0    0    0    0    0    0   49  
   0    0    0   46    0    0    0    0    0    0    0    0    0    0    0    0    0   42   44    0   50   47    0    0    0    0    0    0    0   45    0    0   50    0    0    0    0    0   49    0   48    0    0    0    0   43    0    0    0    0  
   0   42    0    0   48    0    0    0   46    0    0    0    0    0    0    0   47   44    0   46    0    0    0    0    0    0   49   43   45    0    0    0    0    0    0    0    0    0    0    0    0    0    0   50    0    0    0    0    0    0  
   0    0    0    0    0    0    0    0    0    0   50    0    0    0    0   48   45    0    0    0   43    0    0    0   50    0    0    0    0    0    0   46    0    0    0    0    0    0    0    0    0   42    0   47    0   44    0    0    0   49  
   0   43    0    0    0    0   50    0    0   49   48    0    0    0    0   46    0    0    0    0    0    0    0    0   44    0    0    0    0    0    0    0   50   47    0    0    0    0    0    0    0    0   45    0    0    0    0    0   42    0  
  47   50    0    0    0    0    0    0    0   42    0    0   45    0    0    0    0    0    0    0    0   48    0   49    0    0    0    0   43   46    0    0    0    0    0    0   42    0    0    0    0    0   44    0    0    0    0    0    0    0  
   0   42   43    0    0    0    0   49    0    0    0   45    0    0    0    0    0   46    0    0    0    0    0    0   44    0    0    0    0    0    0   45    0    0    0    0    0   50    0    0    0   48    0    0    0    0    0   47    0    0  
   0   46    0    0    0   42    0    0   50    0    0    0    0   44    0   47    0    0    0    0    0   45    0    0    0    0    0    0    0    0    0    0    0    0    0    0    0    0   48    0    0    0    0    0    0    0   43    0   49   42  
  43    0    0    0    0   50   42    0    0    0   47    0    0    0    0    0    0    0    0    0   44    0    0    0    0    0    0    0   45   43   48    0    0    0    0    0    0    0   46    0   49    0    0    0    0    0    0    0    0    0  
   0    0    0   49   45    0    0    0   48   44    0    0    0    0    0    0    0    0    0    0    0    0    0    0   50    0    0    0    0    0    0   47    0   43    0    0   46    0    0    0   42    0    0    0    0    0    0    0    0   44  
   0    0    0    0    0    0    0   50   45    0    0    0    0    0    0    0    0    0    0    0    0    0    0    0    0    0    0   42   46    0    0   48   44   49    0    0    0   47    0    0    0    0    0    0    0    0   48   43    0    0  
   0    0    0   43    0    0    0    0    0    0   42    0    0    0    0    0   49    0    0    0    0    0   48    0   47   45    0    0    0    0    0    0    0   50    0    0   50    0    0   44    0    0    0   46    0    0    0    0    0    0  
   0   50    0    0    0    0    0   49    0    0    0    0    0   42   44   47    0    0   45    0    0    0    0    0    0    0    0    0    0    0    0    0    0   48    0    0    0   46    0    0    0    0    0   43    0    0    0    0    0   47  
   0    0   42   44    0    0    0    0    0   50    0   47    0    0    0    0    0    0    0    0   47    0    0   45    0    0    0    0    0    0    0    0    0    0   49    0    0    0    0   46    0   48    0    0    0    0   43    0    0    0  
   0   47    0    0    0    0    0    0    0    0    0    0   46    0    0    0    0    0   45    0    0    0    0    0    0    0    0    0   49    0    0    0    0   45    0    0   50    0    0    0    0    0   44   43   48    0    0   42    0    0  
   0    0    0    0    0    0    0    0   43    0    0    0    0   49   48    0    0   44    0    0   42    0    0    0   49    0    0    0   46    0    0    0    0    0    0    0   45    0    0   50    0    0    0    0    0    0   47    0    0    0  
   0    0    0    0    0    0    0    0   44    0    0    0    0    0   48    0   46   46    0    0   49    0    0    0    0    0   45    0    0    0    0    0    0    0    0    0    0   47    0   42    0    0    0   50    0    0    0    0    0   43  
   0   45    0    0   46   48    0    0    0    0   50    0    0    0   42    0    0    0    0   44    0    0    0    0    0   46    0    0    0    0    0    0    0   47   43    0    0   49    0    0    0    0    0    0    0    0    0    0    0    0  ] 
BUDGETS : [    4    5    6    8   11   13   15   17   21   22   25   26   28   31   31   35   37   38   39   41   42   46   46   47   50   51   53   55   56   57   58   60   65   68   70   70   75   76   79   85   87   92   93   95   95  101  104  106  106  107  115  115  116  117  117  118  122  125  127  127  127  128  128  132  135  136  136  136  139  139  139  139  143  144  147  150  150  151  151  151  155  155  157  163  165  165  171  172  174  177  180  181  183  184  186  189  190  194  199  199  ] 
