K : 100
I : 10
PREFERENCES : [    0    0    0    0    0   10   10    0    0    0  
   0   10    0    0   10    0    0    0    0    0  
  10    0    0    0    0    0    0    0   10    0  
   0   10    0    0    0   10    0    0    0    0  
   0    0    0   10    0    0    0    0    0   10  
  10   10    0    0    0    0    0    0    0    0  
  10    0    0   10    0    0    0    0    0    0  
   0    0   10    0    0   10    0    0    0    0  
   0    0    0    0    0    0   10   10    0    0  
   0    0   10    0    0    0    0    0    0   10  
   0    0   10    0    0   10    0    0    0    0  
   0   10    0    0   10    0    0    0    0    0  
   0   10    0    0   10    0    0    0    0    0  
   0   10    0    0   10    0    0    0    0    0  
   0    0    0    0   10    0    0    0    0   10  
   0   10    0    0    0    0    0    0    0   10  
  10    0    0    0    0    0    0   10    0    0  
   0    0   10    0    0    0    0    0    0   10  
   0    0    0    0   10    0    0   10    0    0  
   0   10    0   10    0    0    0    0    0    0  
   0    0    0   10   10    0    0    0    0    0  
   0    0    0    0    0    0    0    0   10   10  
   0    0    0    0    0    0   10    0   10    0  
   0    0   10    0    0    0    0    0   10    0  
   0    0    0    0   10    0   10    0    0    0  
   0    0    0    0    0   10   10    0    0    0  
  10    0    0    0    0    0   10    0    0    0  
   0    0    0    0    0   10    0   10    0    0  
   0    0   10    0    0    0    0    0    0   10  
   0    0   10    0    0    0    0   10    0    0  
   0    0   10    0    0   10    0    0    0    0  
   0    0   10    0    0    0    0    0    0   10  
  10    0    0    0    0    0    0    0    0   10  
   0    0    0    0   10    0    0    0   10    0  
   0    0    0   10    0    0    0   10    0    0  
   0    0    0    0    0    0   10    0   10    0  
   0    0    0    0   10    0    0    0    0   10  
   0    0    0   10    0   10    0    0    0    0  
   0   10    0    0    0    0    0    0   10    0  
  10    0   10    0    0    0    0    0    0    0  
   0    0   10    0    0    0   10    0    0    0  
  10    0    0    0    0    0   10    0    0    0  
  10    0    0   10    0    0    0    0    0    0  
   0    0    0   10    0    0   10    0    0    0  
   0    0    0    0    0    0   10   10    0    0  
   0    0    0    0    0   10    0    0   10    0  
   0   10    0    0    0    0    0    0    0   10  
   0    0    0    0    0    0   10    0    0   10  
   0    0   10    0    0    0   10    0    0    0  
   0    0    0    0   10    0    0   10    0    0  
  10    0    0    0   10    0    0    0    0    0  
  10   10    0    0    0    0    0    0    0    0  
  10    0    0    0    0    0    0    0   10    0  
   0   10   10    0    0    0    0    0    0    0  
  10    0    0    0    0    0   10    0    0    0  
   0    0    0   10    0   10    0    0    0    0  
   0   10    0    0    0    0    0   10    0    0  
   0    0    0    0   10    0    0    0   10    0  
   0    0    0   10   10    0    0    0    0    0  
   0    0    0   10    0   10    0    0    0    0  
   0    0    0    0    0    0   10   10    0    0  
   0    0    0    0    0    0   10    0   10    0  
   0    0    0   10    0    0    0    0   10    0  
   0    0    0    0    0    0   10    0    0   10  
   0    0   10   10    0    0    0    0    0    0  
   0    0    0    0    0    0    0   10   10    0  
   0    0    0    0   10    0    0   10    0    0  
   0    0    0    0    0   10   10    0    0    0  
   0    0    0    0   10   10    0    0    0    0  
   0    0    0    0    0   10    0    0    0   10  
  10    0    0    0    0    0    0   10    0    0  
  10    0    0    0    0   10    0    0    0    0  
   0    0    0    0   10   10    0    0    0    0  
   0    0   10    0    0    0    0   10    0    0  
   0    0   10    0    0    0    0    0   10    0  
   0   10    0    0    0    0    0   10    0    0  
   0    0    0   10    0   10    0    0    0    0  
   0    0   10    0   10    0    0    0    0    0  
  10    0    0    0    0   10    0    0    0    0  
   0    0    0   10    0    0    0    0    0   10  
   0    0   10    0    0    0   10    0    0    0  
   0    0    0    0    0    0    0   10   10    0  
  10    0    0    0    0   10    0    0    0    0  
   0    0    0   10    0    0    0    0   10    0  
   0   10    0    0    0    0   10    0    0    0  
   0    0    0    0    0    0    0   10   10    0  
   0   10   10    0    0    0    0    0    0    0  
   0   10    0    0   10    0    0    0    0    0  
   0    0    0    0   10    0    0    0    0   10  
   0    0    0    0    0    0   10   10    0    0  
  10    0   10    0    0    0    0    0    0    0  
  10    0    0    0    0    0    0    0   10    0  
   0    0    0   10    0   10    0    0    0    0  
   0   10    0   10    0    0    0    0    0    0  
  10    0    0    0   10    0    0    0    0    0  
   0    0    0    0   10    0    0    0   10    0  
   0   10    0    0   10    0    0    0    0    0  
   0    0    0    0    0   10    0    0   10    0  
   0    0    0   10   10    0    0    0    0    0  
   0    0    0    0   10    0    0    0   10    0  ] 
BUDGETS : [    2    3    3    4    8   10   11   12   12   17   18   22   23   25   30   33   35   35   36   36   37   37   39   42   44   46   49   50   53   54   58   58   59   64   66   67   69   72   72   72   73   74   74   78   79   79   80   81   85   86   96  100  104  105  115  116  117  119  123  127  131  132  135  135  138  140  144  145  147  148  148  148  150  150  152  154  157  160  160  160  163  164  164  166  168  171  182  183  185  186  187  189  190  191  192  194  196  197  199  200  ] 
