K : 100
I : 50
PREFERENCES : [   20   50   23   12   18   49   12   14   33   30   34   41   28   16   14   31   13   11   27   36   29   17   44   25   38   19   40   26   37   22   48   24   46   28   47   15   35   22   34   26   43   42   22   21   20   45   32   49   39   27  
  43   29   21   32   12   29   37   47   24   20   33   37   14   39   16   25   13   37   27   40   24   34   19   45   48   31   23   15   26   44   36   41   29   47   38   17   18   50   33   22   30   11   46   27   28   42   28   49   40   35  
  46   25   50   23   25   28   27   12   24   42   21   41   38   43   48   18   47   44   45   36   26   37   39   49   11   42   48   31   17   15   27   19   13   30   35   40   19   22   49   16   50   35   40   40   34   20   14   29   33   32  
  33   34   13   32   31   43   17   44   41   22   30   29   11   45   50   35   22   19   15   21   18   41   23   47   14   47   20   16   15   27   28   15   40   48   38   25   43   37   12   24   48   39   12   26   42   36   18   49   33   46  
  13   48   42   38   40   39   14   20   32   43   17   24   36   24   37   35   19   47   15   44   24   33   32   49   23   31   12   24   50   29   22   34   45   18   28   27   47   22   41   25   26   46   21   22   42   30   18   11   16   30  
  14   41   29   13   39   26   16   24   17   18   31   36   24   44   50   49   45   40   12   20   48   11   34   26   26   12   42   21   27   38   19   16   26   23   33   30   32   26   47   21   15   28   46   43   25   24   35   22   37   41  
  14   14   47   46   43   23   45   45   14   30   28   27   28   33   19   46   36   46   13   48   26   40   14   29   16   11   12   22   15   31   34   17   21   24   50   20   38   37   25   21   44   35   18   42   41   32   44   22   49   39  
  23   44   22   43   39   36   33   36   13   32   12   25   39   19   24   12   47   35   48   38   26   32   34   24   37   15   11   35   21   45   40   29   14   27   20   36   28   33   46   31   48   42   30   17   50   35   49   16   41   18  
  23   29   34   48   14   40   48   33   35   11   47   19   43   12   24   13   41   38   26   30   29   11   32   48   44   46   31   37   50   38   14   15   44   27   18   29   17   20   49   16   50   25   22   29   36   28   39   21   42   45  
  46   27   49   28   12   23   41   44   17   15   18   13   15   35   36   20   25   48   33   47   43   29   21   39   26   49   26   33   19   34   37   32   42   13   40   46   38   24   48   35   47   31   49   22   11   16   50   30   45   14  
  38   24   42   19   12   38   25   17   24   23   12   29   14   43   37   45   46   44   42   27   20   13   11   49   41   35   22   24   30   45   39   32   28   31   16   47   36   50   16   48   25   16   30   18   21   26   40   34   33   15  
  34   14   37   21   42   48   11   20   46   17   13   26   23   33   24   28   20   34   17   36   19   13   47   12   15   32   24   40   38   29   45   23   44   50   41   13   22   27   35   50   31   39   36   30   18   20   25   49   43   16  
  40   48   27   11   46   44   39   32   17   38   15   30   42   19   13   45   33   21   41   47   29   20   18   36   11   24   31   31   29   12   37   34   41   29   50   38   28   47   22   25   43   14   16   26   44   23   44   35   49   38  
  31   36   11   19   44   14   47   35   25   38   29   48   50   41   22   37   21   12   14   46   43   36   20   20   18   33   24   41   42   12   13   27   49   15   26   24   36   33   30   34   32   24   28   40   16   45   17   23   39   30  
  34   16   30   28   46   18   17   19   49   25   42   36   15   45   37   13   26   36   21   11   37   47   38   50   46   31   22   12   32   40   43   14   26   40   33   22   36   48   37   39   29   41   35   20   27   24   44   50   23   19  
  44   41   22   25   35   24   11   23   12   46   39   34   16   27   21   32   20   21   41   47   25   29   40   43   14   47   31   15   39   50   13   42   49   18   26   46   45   32   17   48   36   28   19   20   38   43   33   30   37   42  
  47   18   24   34   16   30   41   19   21   40   32   29   26   12   17   28   44   13   33   49   38   35   25   45   27   20   48   37   33   22   14   23   26   11   11   42   39   41   47   21   15   46   43   47   46   36   22   49   50   31  
  41   26   41   22   42   16   19   14   13   50   29   20   32   31   17   21   49   15   30   37   40   12   46   34   47   44   38   46   20   32   24   25   45   11   39   37   28   18   43   27   36   48   23   35   33   13   17   20   17   37  
  27   24   29   25   17   37   42   40   46   20   47   26   13   48   34   19   39   43   31   23   18   25   15   39   46   30   15   28   50   38   27   32   31   49   41   44   47   22   34   33   45   21   35   14   22   44   16   12   36   11  
  17   49   14   30   20   42   16   36   31   32   35   14   29   44   38   37   19   26   43   22   48   41   23   39   13   48   48   50   11   30   31   29   28   18   40   30   24   42   12   34   36   47   15   25   33   27   29   45   46   21  
  41   15   34   11   17   32   21   48   11   24   31   22   29   20   19   27   50   18   32   28   26   46   23   27   37   45   42   47   42   39   43   46   13   12   38   44   30   13   50   49   14   20   16   31   35   34   33   40   36   25  
  13   32   50   33   28   37   45   44   27   38   41   15   29   38   48   42   23   13   26   17   30   44   22   38   21   11   14   47   13   39   37   36   31   16   50   40   15   19   46   18   36   24   35   20   49   43   12   34   25   16  
  50   33   17   48   43   45   32   36   41   46   25   19   26   47   26   21   44   43   30   13   22   42   49   49   38   27   28   34   29   16   35   22   31   24   23   24   12   11   18   39   35   37   22   15   40   14   13   39   32   20  
  14   22   41   27   19   22   25   48   22   34   24   27   32   16   26   38   18   13   43   37   29   14   45   41   30   12   49   48   11   46   35   33   42   36   39   28   15   18   32   40   20   50   21   47   28   32   44   31   17   23  
  43   50   20   46   47   24   28   33   20   43   34   12   38   36   49   34   39   13   30   42   19   48   21   11   40   18   44   22   29   32   26   14   31   37   47   41   16   33   23   25   14   27   20   15   36   45   48   25   17   35  
  27   30   17   19   12   47   20   49   40   48   21   16   38   24   31   44   41   29   25   34   13   32   37   26   42   33   29   29   23   45   16   14   28   35   46   42   23   13   45   22   34   36   18   40   42   43   15   50   11   39  
  29   23   39   38   22   46   32   33   48   20   14   26   15   39   27   37   42   29   49   17   31   45   19   24   38   27   13   50   30   26   34   12   41   40   18   44   11   47   43   28   29   36   21   28   46   35   25   16   39   20  
  38   37   29   50   16   19   17   44   30   46   13   15   48   47   18   34   27   26   49   40   23   13   21   50   48   35   14   25   50   39   36   22   24   32   17   43   31   42   44   39   20   13   28   45   11   41   33   19   50   12  
  20   33   13   27   36   17   21   44   32   45   25   19   34   12   22   11   42   43   49   48   26   35   37   12   28   29   14   21   13   45   14   38   40   31   50   23   15   16   22   30   14   24   41   18   30   46   13   39   22   47  
  13   37   42   22   14   41   14   30   31   44   48   37   33   20   26   38   39   49   17   32   39   45   28   36   11   29   24   45   16   46   19   42   36   41   27   18   35   12   40   25   39   34   19   47   18   21   23   50   15   43  
  18   34   13   14   49   32   50   20   29   12   15   45   35   36   46   30   33   22   44   21   27   26   39   11   30   28   31   20   29   41   19   32   12   30   38   38   37   25   24   42   26   41   43   16   47   17   23   40   49   48  
  30   43   48   26   31   17   29   36   37   32   32   13   41   11   38   28   36   45   12   49   32   22   39   40   15   46   24   47   16   42   27   35   28   34   37   21   44   16   44   25   28   18   23   19   12   14   33   50   36   20  
  27   45   43   22   37   47   16   44   27   36   50   21   34   32   22   21   20   42   44   24   19   13   39   17   31   12   15   21   29   47   26   23   49   35   48   18   50   30   46   16   33   49   38   25   43   11   14   28   40   41  
  11   12   25   38   22   17   45   50   28   50   49   43   36   26   33   37   20   13   40   28   21   24   21   35   34   12   32   27   39   47   41   45   23   46   48   40   14   16   17   29   44   15   48   30   15   31   19   18   42   18  
  18   40   32   24   38   19   21   41   14   47   27   48   28   35   13   37   31   35   41   44   16   23   34   15   42   45   12   43   30   38   41   42   46   17   38   39   39   49   42   22   11   25   29   33   21   26   20   50   24   36  
  33   17   13   48   25   46   30   38   38   27   44   18   43   35   15   39   33   27   45   29   41   49   34   20   13   37   47   23   32   28   31   21   22   46   12   25   50   11   50   36   16   24   14   31   26   19   42   27   40   27  
  24   35   48   13   50   20   39   32   17   18   37   12   36   16   21   44   11   15   33   21   11   31   19   14   48   46   47   45   22   41   14   37   25   47   29   27   38   31   28   26   34   28   28   23   43   40   49   28   42   30  
  25   40   22   16   33   24   42   49   37   35   34   38   28   19   47   20   48   38   42   34   14   32   38   39   41   30   29   21   33   41   15   18   12   14   31   50   26   44   36   13   23   20   46   43   17   14   27   11   20   45  
  34   37   40   26   15   39   42   44   22   48   45   11   50   38   39   16   17   22   41   42   21   39   32   43   35   31   46   39   27   23   28   41   13   18   12   33   49   46   24   30   47   29   36   20   27   14   12   25   19   31  
  20   39   17   13   32   12   48   47   30   22   49   33   42   11   17   33   45   21   16   13   31   43   23   27   40   11   25   14   29   18   17   44   50   23   26   46   24   19   46   28   34   46   41   14   37   34   38   15   35   36  
  13   46   16   44   12   28   38   30   23   43   25   26   49   29   42   31   11   19   24   48   31   45   35   33   32   20   36   37   31   35   41   39   40   14   22   15   18   50   20   21   35   38   13   47   27   32   17   27   34   38  
  29   47   25   24   21   39   44   12   40   50   29   32   42   15   37   33   48   36   23   31   20   41   45   22   35   13   34   39   11   17   46   38   18   49   16   30   50   39   18   39   19   28   29   18   27   18   26   14   29   43  
  15   27   36   44   46   40   26   44   11   39   19   28   31   48   25   19   34   20   48   18   28   17   48   48   28   50   21   43   29   12   20   35   23   16   24   14   49   37   38   45   17   47   22   33   44   13   32   30   41   42  
  46   45   27   30   40   19   34   19   49   22   39   25   44   43   21   47   26   18   42   17   11   41   14   23   15   35   50   17   37   38   33   25   36   28   16   24   42   48   41   23   46   39   29   13   32   27   36   31   20   12  
  23   28   24   32   28   40   44   34   12   50   19   41   30   42   17   38   29   39   19   29   35   24   48   46   33   36   22   13   18   26   43   49   27   47   20   15   14   38   31   11   45   46   13   16   38   25   49   37   21   36  
  48   20   28   44   27   23   50   35   16   21   50   19   48   14   22   36   34   17   40   41   47   32   48   49   17   43   15   26   18   44   29   43   36   30   38   24   12   48   31   25   46   37   42   13   49   33   39   11   45   49  
  34   11   13   15   44   37   19   23   33   21   46   27   41   26   19   42   40   22   28   46   14   40   24   16   36   29   48   30   14   38   17   47   50   31   42   14   49   45   18   35   12   16   43   14   31   39   20   25   24   32  
  37   48   40   35   14   18   29   48   47   33   46   43   36   44   30   24   50   37   28   23   31   22   12   26   21   38   42   39   49   17   49   16   20   41   32   33   33   11   24   13   25   30   27   34   50   44   45   33   15   19  
  34   25   25   24   23   14   46   15   38   41   33   49   16   47   11   12   28   21   23   45   22   39   40   46   49   29   17   49   19   42   20   37   40   31   40   32   18   36   43   30   32   26   50   35   44   25   27   48   31   13  
  21   49   37   24   46   15   39   50   28   35   46   17   49   26   22   11   42   33   44   46   45   32   35   47   48   16   34   43   25   23   35   13   37   30   27   40   28   12   19   38   13   14   18   36   45   41   42   29   31   20  
  17   37   21   12   43   27   36   38   25   40   44   46   16   13   43   47   33   38   30   28   27   23   34   39   24   27   45   11   20   42   49   16   26   15   35   48   14   19   41   22   41   18   21   31   32   26   19   50   25   29  
  29   39   29   35   50   23   32   31   22   26   46   45   40   25   11   30   30   33   43   24   32   14   18   17   48   27   22   25   38   42   21   17   47   44   48   28   49   36   12   19   13   34   16   18   20   44   37   41   26   15  
  23   40   46   11   18   34   37   47   26   20   14   27   19   21   23   18   15   42   38   35   32   29   36   25   12   23   50   41   16   35   30   15   28   31   20   22   11   44   24   45   44   17   48   39   49   43   31   33   34   13  
  36   29   48   13   30   23   24   46   48   32   11   46   18   40   34   49   42   21   45   19   18   39   38   47   35   46   20   41   49   50   12   15   25   37   28   43   33   35   17   26   22   48   39   16   42   27   48   44   14   31  
  43   41   34   27   21   33   32   18   36   43   15   23   22   48   14   25   46   49   29   30   38   27   50   27   20   17   24   28   42   44   11   12   27   35   32   13   26   21   14   40   45   47   15   39   31   19   37   43   32   16  
  11   32   24   31   49   15   17   14   40   28   38   35   50   39   24   36   44   22   16   15   41   25   43   23   20   26   48   25   19   50   29   11   43   13   27   37   47   30   33   20   18   49   45   25   34   46   12   42   48   21  
  12   38   14   30   21   33   42   35   23   31   13   49   41   18   45   32   37   50   25   47   28   24   43   13   23   17   20   22   16   27   34   44   13   19   26   15   46   39   20   37   29   41   48   48   11   28   48   36   21   40  
  15   38   17   31   16   42   25   30   19   33   44   46   48   12   27   36   17   24   26   22   23   46   17   43   47   38   34   41   28   37   50   11   45   24   12   24   24   14   20   29   18   13   49   13   39   21   30   32   35   40  
  39   42   19   37   41   30   20   26   27   31   43   15   34   14   21   28   22   37   13   47   29   48   39   33   47   17   12   18   23   39   38   36   39   25   44   46   35   32   39   40   16   15   32   37   45   50   49   11   29   24  
  35   40   16   32   47   37   23   49   15   41   30   46   33   42   50   46   19   45   19   48   21   32   27   31   12   13   18   34   24   23   14   22   36   38   25   17   44   20   38   29   17   28   37   43   11   31   39   42   29   26  
  15   34   50   27   12   40   48   21   20   35   44   18   25   32   42   13   44   23   29   26   43   15   41   36   35   45   29   30   22   33   12   47   46   25   34   19   38   31   37   16   49   11   39   50   14   32   24   13   28   17  
  46   37   49   18   30   25   39   21   23   39   29   37   44   22   50   32   37   41   48   14   27   15   35   39   17   12   24   40   34   42   19   28   16   31   38   39   19   11   16   33   18   20   26   29   13   43   47   15   36   45  
  17   18   14   46   37   33   12   41   20   42   33   12   21   24   23   43   49   48   38   35   25   45   13   36   11   30   50   44   40   34   11   16   21   31   19   32   39   38   12   47   26   43   27   28   27   15   43   22   18   29  
  31   41   18   18   19   50   11   29   27   12   26   38   18   37   34   20   23   41   20   24   38   49   14   50   25   16   17   33   42   15   45   40   21   24   48   13   46   28   44   35   22   47   44   36   39   29   43   30   50   32  
  24   19   13   14   19   40   49   31   43   22   17   21   48   38   25   17   30   28   26   39   13   33   23   44   42   15   11   11   41   15   29   34   17   45   31   20   32   50   32   18   37   28   46   35   16   35   47   12   27   36  
  29   29   40   39   30   22   31   28   14   16   19   39   18   21   41   27   36   13   48   46   32   42   13   35   13   33   13   20   43   24   29   26   44   47   41   49   45   38   37   25   12   36   11   15   31   17   27   34   23   50  
  31   19   32   15   23   12   29   35   13   24   26   22   48   42   17   45   20   47   16   30   36   32   37   44   27   22   40   11   41   22   18   49   18   32   30   49   27   50   43   44   21   14   33   46   25   39   37   34   28   38  
  45   33   26   44   15   13   29   49   21   48   48   21   16   17   48   43   37   20   47   39   22   18   12   25   27   32   41   19   49   24   49   23   48   42   28   46   35   30   15   14   14   50   34   31   11   36   38   11   40   21  
  49   50   44   46   29   14   50   49   39   48   19   30   42   36   13   31   49   47   21   45   18   43   17   24   25   11   37   28   16   26   22   20   32   38   49   23   33   35   12   41   40   36   27   20   12   11   15   33   42   34  
  12   14   17   11   21   42   27   32   46   49   15   37   26   23   41   34   24   43   18   28   36   25   22   16   38   20   15   30   39   41   45   40   15   44   40   31   34   24   48   33   47   35   50   29   31   13   33   12   19   30  
  48   34   45   28   42   25   39   22   33   16   19   50   19   36   37   30   31   23   44   21   35   18   41   15   47   46   34   32   24   28   43   42   28   13   12   48   33   45   37   17   27   20   38   49   29   17   40   14   26   11  
  23   32   49   20   42   30   36   36   27   16   33   28   13   14   17   41   17   31   22   21   15   46   39   28   44   40   35   29   50   47   43   26   22   38   17   18   25   47   35   11   19   26   24   37   11   45   34   48   12   26  
  14   46   11   27   30   46   48   36   19   25   23   37   25   28   47   49   47   13   41   35   34   44   16   30   32   49   39   24   42   36   15   12   22   29   19   33   17   45   50   21   26   40   43   37   42   18   20   38   31   12  
  21   35   36   20   25   32   22   47   41   43   28   29   50   50   40   31   15   26   19   16   14   42   39   30   47   48   44   24   12   34   46   18   17   22   11   48   26   27   26   37   23   48   13   33   45   29   38   50   27   49  
  15   18   18   33   29   47   41   19   21   38   36   27   39   12   40   30   37   23   50   41   36   44   34   45   11   26   14   20   24   46   13   42   21   43   35   32   17   50   48   12   16   25   22   44   11   44   28   49   48   31  
  22   16   46   13   32   31   49   25   15   36   45   19   24   37   35   47   21   32   34   28   38   42   34   47   37   18   34   31   30   23   31   27   50   14   26   20   39   29   48   31   44   45   33   43   11   17   40   41   12   14  
  23   30   19   49   39   47   26   15   29   15   50   28   29   31   23   11   36   33   41   20   23   31   40   46   25   15   35   24   28   43   45   17   22   12   42   21   18   28   38   37   14   27   20   13   32   44   34   16   48   42  
  50   18   19   28   24   30   12   49   31   23   45   41   15   13   27   46   23   11   32   43   44   13   22   35   14   47   34   14   38   19   20   26   40   39   33   38   17   45   36   42   30   37   25   48   16   19   29   16   21   32  
  24   16   27   38   20   49   40   41   41   45   12   50   21   50   18   17   42   39   22   24   50   44   33   11   47   33   30   41   32   23   25   31   38   34   45   14   40   13   36   43   37   26   35   15   34   19   48   28   46   29  
  18   19   26   30   20   29   40   34   45   38   35   29   42   27   16   27   23   33   43   16   29   44   24   29   40   13   41   21   17   15   49   31   22   39   50   27   37   32   25   14   12   45   46   31   47   38   48   36   11   28  
  16   23   13   32   17   48   45   36   17   46   33   29   20   30   14   35   40   22   24   26   12   15   20   38   27   36   25   49   44   21   43   41   31   32   41   41   39   18   47   37   50   28   38   19   46   11   34   42   17   20  
  13   34   27   36   38   14   28   37   40   11   12   31   29   15   30   17   16   21   35   23   18   43   50   41   18   42   25   45   44   19   50   50   48   20   28   26   38   47   50   22   36   39   33   24   38   36   48   49   32   46  
  42   45   14   14   47   34   28   15   21   14   16   38   39   17   22   26   25   11   31   33   46   43   32   27   49   47   44   37   12   13   41   25   20   50   24   17   33   19   50   18   48   29   36   12   35   30   23   20   30   40  
  14   47   41   23   25   36   48   37   12   38   21   26   44   33   49   15   30   18   40   27   34   20   45   25   42   32   43   40   24   22   31   31   25   13   46   39   17   19   40   29   30   35   37   15   29   28   11   50   48   16  
  47   18   35   12   50   22   41   15   42   31   17   19   27   21   24   12   38   33   37   33   14   36   46   34   30   27   27   32   28   32   41   23   39   29   22   49   44   13   40   11   43   16   48   45   22   20   26   22   25   50  
  21   18   13   33   20   17   26   16   36   28   27   23   45   50   15   11   29   14   46   41   48   19   12   35   37   32   43   41   42   27   31   44   34   18   39   25   50   36   46   26   22   49   40   30   36   24   47   11   43   38  
  49   23   27   32   34   47   12   31   28   40   44   46   22   19   16   33   39   15   21   17   20   18   14   15   11   43   13   21   50   25   26   42   31   30   21   16   29   38   41   48   42   36   37   35   34   45   17   41   50   24  
  38   25   47   36   35   30   24   39   23   44   17   41   46   47   13   40   18   19   26   48   25   34   43   49   32   27   45   12   45   14   20   15   39   29   28   38   50   16   46   11   12   22   20   31   39   33   42   21   38   37  
  43   46   22   29   49   36   41   16   41   25   33   47   14   19   42   35   21   12   22   41   34   28   36   40   15   32   30   43   23   38   37   17   27   31   39   37   11   48   20   18   13   50   38   45   49   26   15   44   37   24  
  19   17   36   41   24   41   37   11   13   28   38   48   45   37   40   47   46   43   42   16   32   28   26   44   25   12   49   20   39   16   23   16   30   21   18   34   33   19   29   27   22   41   13   50   35   11   26   15   31   14  
  11   37   24   27   16   38   12   30   39   36   15   21   49   25   26   16   40   43   39   46   28   13   20   48   32   45   34   35   18   23   39   16   42   50   31   29   14   41   44   47   21   39   17   40   33   14   19   28   49   22  
  13   45   32   17   48   35   22   25   25   20   12   15   43   40   49   37   41   26   39   11   21   19   24   36   17   23   28   46   50   34   33   47   39   44   31   15   34   27   16   36   26   14   38   43   29   18   30   48   42   26  
  35   25   12   45   15   36   21   23   15   34   26   22   29   20   16   39   42   47   27   14   38   24   49   32   12   36   44   12   29   18   16   37   11   31   40   28   12   30   46   50   17   19   33   25   13   48   30   43   41   46  
  25   37   21   21   12   35   41   37   41   28   43   29   13   45   48   34   18   22   38   30   32   20   26   23   15   20   44   38   23   40   42   36   36   50   50   31   47   33   24   19   49   27   17   46   37   39   11   14   16   18  
  49   28   14   24   44   30   40   46   38   23   29   13   19   39   21   43   33   22   50   42   16   28   25   48   31   47   22   45   34   37   32   27   41   18   20   17   50   26   26   22   15   35   31   28   24   46   11   12   48   36  
  42   37   50   35   45   16   11   33   22   46   24   16   39   31   27   47   26   15   36   27   34   17   26   48   49   14   50   19   28   20   13   30   23   36   12   40   31   26   29   44   16   21   25   43   31   41   18   32   23   38  
  26   16   39   31   27   32   43   34   38   25   15   40   39   36   19   35   16   21   22   17   42   14   42   18   45   37   23   48   24   49   33   29   37   46   34   20   44   41   13   50   32   30   11   28   17   47   34   42   15   12  
  29   41   11   42   42   16   50   26   38   21   37   20   45   22   18   31   42   43   34   15   22   39   13   28   33   27   47   41   34   17   14   36   30   24   40   49   26   22   25   18   19   23   12   48   17   44   35   46   48   32  
  19   21   40   32   49   26   20   14   33   38   17   44   43   47   35   29   30   22   34   37   27   33   24   45   32   20   45   15   24   32   28   28   42   41   39   42   12   46   17   13   48   26   31   50   16   25   23   11   18   36  
  11   39   29   27   13   21   48   23   15   20   19   44   38   50   42   35   41   14   12   48   22   46   16   34   36   41   33   40   49   31   41   19   37   47   32   12   16   41   17   24   22   44   30   25   49   26   43   28   45   18  ] 
BUDGETS : [    5   11   20   24   26   27   28   36   36   37   41   43   44   47   51   52   54   55   59   62   69   69   74   76   78   79   80   81   81   82   83   89   89   90   91   93   97   99  100  104  104  104  106  108  110  111  112  113  113  116  117  117  120  122  122  124  124  126  126  127  133  134  137  137  139  139  140  142  142  143  145  147  147  149  150  157  158  159  162  163  169  170  170  170  171  174  175  177  179  182  187  190  190  191  192  193  194  197  197  198  ] 
