K : 100
I : 50
PREFERENCES : [   38   49    0    0   34    0   30   47    0    0    0   31    0    0    0    0    0    0    0    0    0   32   50   40   46    0   39    0   36   31   29   42   37   31    0   41   44    0   35    0    0    0    0    0    0   33   48   50   45   43  
  43    0   30   39    0    0   33    0    0   37    0   48   42   45   31   34    0   39    0    0   40    0    0    0    0   50   35   29   46    0   46    0   41   32    0    0   49    0   38    0    0    0   36    0   48    0    0   44   47    0  
   0    0    0   45    0   29   41    0   49   30    0    0   38    0    0    0   39   50   37   43    0   46   38    0   48    0    0    0    0   35    0   44    0    0    0   43   33   47   36   40    0   42    0   34    0    0    0   32   31   42  
   0   47    0    0   50   46    0   49   34    0   33   43   47   31   37    0   41   29    0    0    0    0   36    0    0    0   38    0   33    0    0    0    0   40   32   44   48    0   35    0    0   39   42   37   45    0    0    0   30    0  
  39   50   37   43   47   46    0   29    0   34   31   49    0    0   45   40    0    0   42    0   36    0   48    0   44    0   35    0   40    0    0   40   32    0    0    0   33    0    0   38    0    0   46   30    0    0    0    0   41    0  
  38    0   39   37    0   45   46    0   33    0    0   49    0    0    0   47   48   32   49   36    0    0    0    0   41    0    0    0    0   34   30   42    0    0    0    0    0    0    0   43   50   40   39    0    0   31   44   35   29   46  
   0    0   49    0    0   30   40   41    0   48   34    0   44   40    0    0    0   31   43   36    0   32   45    0    0   47    0   50    0    0   37   29    0   33   29    0   35    0   39    0    0    0   39    0   46   42    0   38    0    0  
   0    0    0    0    0   45    0   37    0   34   43   50    0   32   30   46   42   40   41    0    0    0    0    0    0   49   45    0   31    0   44   37   39   33    0   47    0   35   48    0    0    0   29   45    0   36    0    0   38    0  
  46    0   36   39   43   29   34   33   47   32   41   42    0    0   37    0    0    0    0    0   49    0    0    0    0   35   50    0   45    0    0   42   31   30    0    0   40   38    0   48    0    0    0    0   44    0    0   35    0   29  
  29   45   34   37   46   36    0   41    0    0    0    0   32    0    0   40    0   49   35    0   44   44    0    0    0   38    0   47    0   39   30    0   48    0    0    0   34    0    0   43    0   34   31   33    0   50    0    0    0   42  
   0    0   35    0   46    0    0   38   37    0   34    0    0    0   43   49   33    0   43   45   41   29    0   48    0   32   50   44   47    0    0    0    0   31   38    0    0    0   40    0   36    0   30    0   42   39   46    0    0    0  
   0    0   39   42    0    0    0    0   35   34   33    0   38   46   44    0   30    0   36    0   48   37    0    0   50    0   38    0   29   38    0    0    0    0   49    0    0    0   43    0   33   32   31    0   47   41   45   40    0    0  
   0    0   43    0    0    0   37   35    0   49   30   38    0   40    0    0    0   30    0    0   36    0   46   42   45   47   39    0    0    0    0    0   34    0   48    0   44   47    0   41    0   31   32    0    0   50    0   33   50   29  
  35    0    0   40   48    0   29    0   45    0   34    0    0   38   47    0   37   30   46   49   50    0    0    0    0   48   44   39    0   43   41    0    0   31   49    0    0    0    0   42    0   36    0   32   43    0    0    0   33    0  
  39   37    0    0    0   38   40    0   36   30   37    0    0    0    0    0   30    0    0   35    0   46    0    0    0    0    0    0   36    0   33   42   50    0   34   31   43   29   45   47   44    0    0    0   41   48   32    0    0   49  
   0   38    0    0   33    0   36    0    0   31    0   34   39   44   35    0   47   32    0   30   46    0   37    0   45    0   43    0    0    0   50    0   38    0    0   46   48   29    0   42    0    0   40   49    0    0   31    0   41    0  
   0    0   32   36    0   49   41   33    0   37   42    0   40    0   48   43    0    0   44    0    0   46    0    0   50    0    0    0    0    0    0   30    0    0    0   34   33   39   29    0   38   48   45    0    0   35   31    0   47   43  
   0   48    0    0   42   45    0    0    0   39    0    0   47    0   49    0   42    0    0    0   31    0   43   46   37    0    0   32    0   38    0   40    0   44   29    0   41   35    0   50   30   33    0   36    0   38   32    0   34    0  
  41   47    0   44    0    0   41   35    0    0   45    0    0    0   41   36    0   40   39    0    0    0   37   48    0   42    0    0    0    0   29    0   32   43    0   31    0   30   50   46    0    0    0    0   41   49    0   34   38   33  
  35   29    0   34    0    0   38   39    0   41    0   48   31   45    0   32   40    0    0    0   47   31   44    0   49   37    0    0    0    0    0    0   33   43   40    0    0    0    0   50    0    0   45   30   42    0   36   46    0    0  
   0    0    0   42    0   47   48   33    0   46   41    0    0   34    0    0    0    0   41    0    0   31    0   36   37    0    0   35   36    0   47    0    0    0   39   32   49   38   45    0   44    0    0   30    0   43    0   40   50   29  
  37    0    0    0   50   29    0   41   31    0    0   49    0   35    0    0   33   39    0   33   45    0   38   43    0    0    0   47   46   34   36    0    0   50    0    0    0    0    0    0   41    0    0    0   44   42   40   30   48   32  
   0   40   49    0   45   33   44   30    0    0    0   34   42    0   35    0    0   36   38    0   39    0    0    0    0   41   29   39   31    0   33   47    0   48    0    0   34    0    0    0   37   43   32   50   46    0    0    0    0    0  
   0    0   49    0    0    0   29    0   41   44   33    0    0    0   31   32   40    0    0   42   38   30    0    0    0    0   48   43    0    0   36   37   39   47    0   35    0    0    0   30   50   45    0   34   46   41   44    0    0    0  
   0   40    0   44   31    0   50   34    0   37   35    0    0   43   37   49   46   30   42   41    0    0    0    0   29    0   39    0    0    0   48    0    0    0   45   36    0   32   44   47    0    0   38    0   39    0    0    0   33    0  
   0   42   46   32   49    0    0   36   30   45    0    0    0    0    0   35   29    0   41   31    0   34    0    0    0   40    0    0   33    0   50    0    0    0   44   39    0   48    0    0   41   50   43   37   38    0   37   47    0    0  
  43   48   46   37   35    0    0    0   34   32   29    0    0   48    0    0    0    0   47   38    0   40    0   45   31    0    0    0    0    0   39   31   44    0   42    0    0    0    0   50    0   33   36   30    0   49    0   41   31    0  
  40   42   37   45    0    0    0   46   41    0    0    0    0    0   33   32   29    0    0   49   36    0    0    0   47    0   50   44   30   39   38    0    0    0    0    0   34   31    0   46   35    0   48   43    0   33    0    0   39    0  
  35   41    0   39    0   40    0   42   33    0   45   37   46    0    0    0   30    0    0   32   50    0   44   40   49    0    0    0    0   36    0    0    0   43   38    0   31   47   34    0   29    0    0    0   29   48    0    0   44    0  
   0   40   30    0   49   43   47   33   38   44   41   34   39    0   29    0    0   46    0    0    0    0    0    0   50    0   32    0    0    0   45   35   38    0    0    0    0    0   48   42    0    0   33    0   37    0   31   32   36    0  
   0    0   39    0   43   32   45    0   45    0    0   41    0    0    0   34    0   42    0    0    0    0    0    0    0   38   44    0    0    0   47   29   40    0   46   29    0   36   49   37   33   45    0   30   35   50   48    0   31    0  
  37    0   43    0   38    0   29   45    0   49   48    0   47   32    0   33    0   30    0   31   40    0   44    0    0    0   41   42   45   46    0    0   36    0    0   35    0    0    0    0    0   43    0   50    0   48    0   34   39    0  
   0    0    0   35   38    0   39   31   49    0   40    0    0   44   41   36   32   33    0    0    0    0   34    0   34   48    0    0    0    0    0   33   32    0    0   42   30    0   46   45   29    0   43   47   50    0    0    0   37    0  
   0    0    0    0    0    0    0   37   34    0    0   48   47    0    0   49   29    0   30   42   36   41    0   39   50    0   45   44    0   46    0   32   31    0    0   35    0   43   38   40   33   41   33    0    0   45    0    0    0    0  
   0    0    0   37   42    0    0    0    0    0    0   43   50   29   46   34   45   35   49    0   34    0   48    0    0   43    0   41    0   44   38    0   47    0   32    0   30   33    0   39    0   40    0    0   36   31   43    0    0    0  
  32   32    0   43   41    0    0   36   38   50   46   29   33    0    0    0    0    0   44   37   30    0    0    0   31    0    0   40   30    0    0    0   35   48    0   34    0    0   39   49    0   33    0    0   42    0    0   45   47    0  
  48    0    0    0   43   38   45   50   29    0    0    0    0    0   31   32   39    0   44   36    0   30    0   50    0    0    0    0   43    0   34    0   40   39    0    0   41    0   46    0   49   42    0    0    0   37   33   47    0   35  
   0   34    0    0    0    0    0    0   29   38    0   43   44   46   34    0   48    0   50   39    0    0   47    0    0    0   49    0    0    0   45   42   32    0    0   40   36    0   30   41    0   35   31   47   33   34    0    0   37    0  
  41   29    0   42    0   41   40    0    0    0    0   49    0   46    0   36   48    0    0   48   43    0   38   30    0    0   37    0    0   39   50    0   44   31   35   32    0    0    0    0    0    0    0   45   34   45   47   33    0    0  
  40    0   32   32    0    0    0   50   43   34   45   31    0    0    0    0    0   48   33   46    0   29   36    0    0    0    0   38   30   35    0   42    0   41    0    0   49   34   37   47    0   50    0    0    0    0    0    0   44   39  
  50   48   43    0   39   47    0    0    0   39    0   49   30    0    0    0   37   38   45   41    0   35   44   42    0    0    0    0    0    0    0    0   34   32   40   46    0    0    0   31   33    0    0    0   35    0   30   29   36    0  
   0    0   31   50   41   30    0   29    0    0    0   46   32    0   44   45   47    0    0    0    0    0    0   40   34   49    0   47    0   48   36   43    0   33   37   29    0    0    0    0    0   42    0   35   36    0    0   39    0   38  
  49   38    0   50    0    0   44   41   39   29    0   40   30    0   31    0    0    0    0   30   47   37   43    0   33    0    0   45    0    0    0   35    0   32    0    0    0    0   42    0   48    0    0    0   46   36   39    0   34   34  
   0    0   45   48   50    0   46   36   35    0    0   29   30   38    0    0    0   39   29    0    0   41   44    0    0    0    0   33   31    0    0   50    0    0   35   37   49    0   32    0    0   34    0   47   42    0   40    0   43    0  
   0    0    0   47   41   32   39    0   42   34    0    0   44   37   36    0   30    0    0    0    0    0   33   35   45   46   48    0    0    0   31   50    0   32    0    0   49   38    0    0    0    0   40   33   33    0    0   29   43    0  
  37    0    0   30   35    0   33    0   45    0   38   30   34    0   39    0   29    0   49   44    0    0    0    0    0    0   40   42   43    0    0    0   35    0    0   31    0   41   36    0    0    0   46   48   47    0   37   50    0   32  
   0    0   46    0    0    0   43    0   47    0   42    0   50    0   36   39    0    0    0    0    0   41    0    0   37   34   32    0    0   33   45   32   30   29   38    0    0   49   40    0   44    0    0   29   35   48    0   49   31    0  
   0   38   50    0    0    0   39   47   30   46    0   37   49   31    0   42   43    0    0   48   35   32   34    0    0   41   45    0    0   33    0    0    0   29    0    0    0    0   40    0    0   36   36   36    0    0    0    0   31   44  
  35    0   40    0    0   32   34    0    0   47   49    0   33    0    0   50    0   38   30    0   34    0   48    0   30    0    0   45   43   40   36   29    0    0    0    0    0    0   44   31    0    0   46   39    0    0   42    0   41   37  
   0    0    0    0   37   43    0    0    0    0    0   46    0    0    0   44    0   49   47    0   33   30   42    0    0    0    0   36   47   41    0   48    0   44   39   32   31   45   35    0    0    0   40   34    0   41   50    0   29   38  
  38    0    0    0   37   45   42    0   49    0   40    0   31    0    0   36    0   32    0   47    0   30    0    0   46    0    0   35    0   43   49   33    0   34    0    0    0    0   29    0   44   50   41   39    0   39    0   49    0   48  
   0    0   41    0   47   31    0    0   33    0   42   35   43   32   30   37    0   39   46   29   44    0    0    0    0    0    0    0   34    0    0   38    0    0    0   48    0    0    0   36   46   50   45   40    0   49    0    0   29   33  
  38   30   43    0    0   50    0   31    0    0    0   48    0    0   34    0   32    0   31    0   35    0    0   38   37    0   40   44   47    0   41   30   29   42    0    0    0    0    0   46   33    0   49   39   45   36    0    0    0    0  
   0    0    0    0   32    0   38    0   35    0    0    0   36   33    0   44   31   43   41    0    0   34   31    0   36   30   45   47    0   46   50    0   39    0    0    0    0   48   37   40   42   49    0    0   29    0    0    0   33    0  
   0    0   47    0    0    0    0    0   47    0    0   41   43    0    0   38    0   42    0   45    0    0   46   49   29   32   34    0   33   37   48   35    0    0    0   36    0   50   33   30    0   40   44    0   39   40   31    0    0    0  
  40   48   46    0   33   29   31   32   47    0    0    0    0   41    0   35   43   42    0   36    0    0    0    0   34    0   33    0    0    0   44    0   38   39   50   50   49   30    0   37    0    0    0    0    0    0    0   45    0   48  
   0   48    0   40    0    0    0   43    0    0    0   32    0    0   32   44   46    0   31   49   41   35    0   45   29   39   39    0    0   50   37    0    0   30   43    0   42   47    0    0    0   33   36    0   34    0   38    0    0    0  
   0   38   37    0   47    0   41   45    0   40   50    0    0   37    0    0   32    0   39    0    0   34    0   42   29    0    0    0    0    0    0   48   33   36    0   30    0   31    0    0   44   46    0    0   43   34   35   49    0   47  
   0    0   46    0    0    0   48    0    0   38   49   31    0    0    0   30   29    0    0   36   47   40    0    0   32   35   36   50   33    0    0   34   42   40   43    0    0   41    0   45   44    0    0    0    0   39   37   40    0    0  
   0   31    0    0    0   37    0    0    0   38    0   38   42    0   30   46    0    0   45    0    0    0    0    0    0   43   40   33   39   32   48    0   36   50    0   35   49   44    0   29    0   41    0   47    0   31   30    0   34    0  
  38    0    0    0    0   31   41    0   33   40   38    0   32   40   35   36    0   49   42   48    0    0    0   45    0   30    0   46   29   44    0    0   34   37    0    0    0   39   50    0    0    0    0    0   42    0    0    0   47   43  
   0   50   47   36    0    0    0   29    0   46   48    0   38   42    0   43    0    0    0    0   45   34    0    0   39   32   49    0   30   37    0    0   44   35    0    0    0    0   33    0   45    0    0   46   40   34   31   41    0    0  
   0    0    0   37   44   47    0   43   46    0    0    0    0    0   31   50   45   32    0    0    0   49   34    0   35    0   48   42   40    0   29    0    0    0   32   30    0   33   38    0   41   32   39    0    0   29    0    0    0   36  
   0    0   33    0   44    0   46    0   37   32   29   36   31   31    0   30   48   40    0    0    0    0   42    0   38    0   49    0    0    0   39    0    0    0   43   35   34    0    0    0    0   45   41    0   34    0    0   50   47   34  
  38    0   34   37   47    0   46    0    0   32    0   33    0    0    0    0    0    0   49   40    0   42   43    0    0   48    0   44    0   41   45   33   50    0   33   34   31    0   29    0    0    0    0   39    0   35   30    0    0   36  
   0    0    0   29   36   50    0    0   42   33   46   40    0   31   37    0   38   41    0   49    0   30   31    0    0    0   48   32    0   47   39    0    0    0    0   43    0    0   34    0   35    0    0   44   49    0   45    0   36    0  
   0   29    0    0    0    0   39    0    0   46    0   47   37   40    0    0   32   35   36   41   30    0   36   38    0   34    0   37   31   50   42   49    0   33    0    0    0    0    0   45   31    0    0    0    0    0    0   44   48   43  
   0    0    0   31   37   44    0   32    0   43   38   34   30    0   44    0    0    0   35   50   29    0   49    0    0   34    0   42   36   46   40    0    0   47    0    0   41    0    0   45    0    0    0   39   48   33    0    0   43    0  
   0   43   34    0   29   33    0    0    0    0   49    0    0   37   39   44   40   50    0   30   30   47    0   35   45    0    0    0   48    0   46   42    0    0    0    0   39    0   31   32   38    0    0   36    0   41   45    0    0    0  
  44    0    0   32   40   37    0   34   38   42    0    0   49    0    0   31    0   30    0   41    0   43   40    0    0   46   39   29    0    0    0   35    0   36    0   39    0    0   38   50    0   47   45    0   33    0   48    0    0    0  
  47   30    0   38   41    0   38    0   34    0   36    0    0   45    0   42   31    0    0   40    0   39   49   46    0    0   48   35    0   43   37    0   32    0   29    0   50    0    0    0    0    0   50   45    0    0    0   44    0   33  
  42   46    0   34   29    0    0    0   38   31   39   32    0   43    0    0    0   48   36   33    0    0   40   30    0   47    0    0   37   49    0    0   41   35   31    0    0   45    0    0    0    0   44    0   50   42    0    0   45    0  
   0   31   49    0   34    0    0   43    0   35   36   37   42    0   30    0   32    0    0   46   41    0    0   47    0   44    0    0    0    0   50    0    0    0    0    0   39   48   30   46   33   38    0   37    0    0   40   45   29    0  
   0    0   44   29   49    0    0   30   40   46    0   47    0   39    0    0    0   36   35    0   45    0    0   32   33   42    0   41   38   37    0   48    0   34   45   42    0    0   45   43    0   50    0    0    0   31    0    0    0    0  
  50    0   41   30    0   43   48    0   35   37    0    0   46    0   42   38    0    0   49   39   36   45    0   44    0    0    0    0   40    0    0    0    0   31    0   29    0    0   34   49   38   45   32   33    0    0    0    0   47    0  
   0    0   44    0   31    0    0   43   50    0   30    0   42    0   49    0   41   47    0    0   43   32   39   34   45    0   49   38    0   29   40   46    0   30   37    0   33   36    0    0    0    0    0   35    0    0   48    0    0    0  
  42   46   37    0    0    0    0    0   44   29   33    0    0   41    0   43   39    0   48    0   35    0   34    0   39   49    0    0   41    0   47   32    0    0   45   31    0    0   38   40    0   30    0   36    0    0    0   49   50    0  
  32   30   39    0    0    0    0    0    0    0   42   43    0   29   46    0   48   34   37   50    0    0    0    0   35    0    0   50    0   40    0   38    0    0   49   39   47    0    0   29   33   45    0    0    0   44   36   41   31    0  
  44   33    0    0    0   41    0    0    0    0   45   42    0    0    0    0    0   41   50    0   40    0    0    0   37   46   47    0   48   38   34   30    0   29   32    0   31   48    0   49    0   36   41    0    0    0   43   35    0   39  
   0    0   45    0    0    0    0    0    0    0   33    0   34    0   44   30    0   48   29    0   49    0   40    0   31    0   38    0   37    0    0    0   47   36   35    0    0   48   46    0   47    0   43   42   32   41   37    0   50   39  
   0    0   47    0    0   41    0    0   48   38    0    0   50    0   36    0   33    0   31    0    0   35   42   45   49    0    0   46    0   32   43    0    0   40   34   39    0    0   30   44    0   49    0   30   29    0    0    0   29   37  
  45    0   34   30    0   41    0    0   50    0    0    0   32   47   29   43    0    0   33   40    0   46    0    0   31   37   33    0    0    0    0   39    0    0   35    0   42    0    0   49   44    0   36   45    0    0   38   33   48    0  
   0   41   44    0   49   29    0    0    0   37    0    0    0    0   43   31    0   42   36    0   38    0    0   47   34   31   46   39    0    0    0    0   48    0   30   40   50   32   38    0    0   34    0   35    0   33    0    0   45    0  
   0    0    0   40    0   44   41   34   42    0    0   31    0    0   43   38   50   48   49    0   32   29    0   30    0   36   33    0    0    0    0    0   39    0   45   37    0    0   46    0    0   42    0   47    0    0   42   42    0   35  
  36    0    0    0   45   30    0    0    0    0   29    0   40   38    0   33    0    0   39    0    0   42    0   50   41    0   32   38    0    0    0    0   48   43   34   44   49    0   46    0   47    0   43    0    0   37    0   35   47   31  
  39   46    0    0   47    0   29   38    0    0   30   33    0    0    0    0    0    0   37   42    0   48   44    0    0    0   39   35   36    0   50   32    0    0    0    0    0   34   45   31   46   49    0   43    0    0   40   35    0   41  
   0   38    0    0    0   42   36    0    0   39    0   29   32   50    0   35   48    0    0   36    0    0   33    0    0    0   41    0    0   30   47   49    0    0   31    0    0   46   34   44    0   45    0   37    0    0   40   43   34   35  
   0    0   43   46    0    0    0    0   40    0   47    0   29   31    0   42    0    0    0    0   35   48    0    0   49   37   45    0   33    0   50    0    0   44    0   38   32   48    0   30    0    0   36   34   35   35    0   39    0   41  
   0    0    0    0   48   38    0    0   37   33    0   50   50    0   35   34   47    0    0   39   45   49   43    0    0   44   46   41   30    0    0    0    0   36    0   29   40    0   31   32    0    0    0    0   49   42    0    0    0   44  
  48    0   34    0    0   37    0    0    0   45   39    0    0   46    0    0    0    0    0    0   32   49   29    0   33   44   34   41    0    0   30   42    0   36   47   35   50    0   31    0    0    0   37    0    0   40   38   46   43    0  
  47    0    0    0   42    0   37   39   35   29    0    0    0   46   40    0   38    0    0   34    0   50   30    0   31   43    0   45    0    0    0   32   43    0   44    0    0    0   48    0    0   37   36    0   41   49   31    0    0   33  
   0    0   36    0    0    0    0   49   29    0    0    0    0   29   47    0   45    0   46   34    0    0   38    0   39   35   30   31   40   48   29    0   43   50   49   42    0    0    0    0   33   41    0    0    0    0    0   32   44   37  
  41    0    0   34   44   30    0    0    0   35    0    0    0    0   45    0    0   35    0   29   46   40   32   38   37    0   47    0   50   43   42    0    0    0    0   36    0   39   31    0   45    0   46    0    0   49   48    0   33    0  
  46   40    0    0    0    0   45    0   48   31    0    0   42    0    0    0    0   41   37    0   38    0   47   44   33    0    0    0   46   32   30   35    0   29   49   36   47   43    0    0   50    0    0    0   39   46    0    0   34    0  
  43   37    0    0   42   32   47    0   48    0   45    0   31   41    0    0    0   30   39   46    0   36    0   33   30    0   48   50    0    0    0   46    0   49    0   40   35   44    0    0   34    0    0    0    0    0   29   38    0    0  
  38    0    0    0   49   44   42    0    0   40    0   46    0    0   33    0   31   48   37   38    0   39   29    0    0   50    0    0    0    0    0    0    0    0   36   43   35   41   30   34   47    0   45    0   40    0    0   32   40    0  
  30    0    0   42   49    0    0    0   36   32    0   47    0    0    0   45    0   34   46    0    0   31   39    0    0   29    0    0   39    0   46    0   38    0   35    0   41    0   40   33    0   43   50   48   37    0   36    0    0   44  
   0   43    0    0   35    0   32    0   29    0   34    0    0   40   31   47    0   41    0    0    0   45    0   37   39   33   48    0   43    0    0    0    0    0   30    0   49   50   42    0    0   29   34    0    0   36   44   46    0   38  
  39   44   45   47   36   35    0    0   40    0    0    0   49    0    0   46   41    0    0    0   33    0    0   32    0   30   32   37    0    0    0    0    0   43    0   29    0    0   48   31    0    0   48   48   38   34    0    0   50   42  
  46    0   34    0    0   38   40    0   44   40    0    0   41    0   41    0    0   47   49    0   37    0    0   45    0   43    0    0   29   50    0    0   30    0    0    0    0   41   35   36    0    0    0   42   33   39    0   48   31   32  ] 
BUDGETS : [    2    3    8    8   12   14   14   17   17   19   20   23   23   26   27   28   29   30   36   37   43   44   48   48   60   67   67   69   70   70   71   71   80   81   82   83   83   83   83   84   84   84   87   88   89   89   89   91   91   99  101  101  105  107  107  110  110  111  113  114  114  117  118  120  122  126  127  130  134  139  141  142  144  146  147  148  149  151  152  152  153  155  156  157  161  165  165  165  170  170  172  173  174  175  175  181  189  192  192  193  ] 
