K : 100
I : 50
PREFERENCES : [   40   12   28   30   38   11   34   29   14   18   13   25    4   26   45   20    7   39   43   36   37   17    9   50   46   49   10   13   21   31    5   19   24   32   41   44   22    8   16   33   15   27   23   27   21   47   42   48    6   35  
   9   23   25   16   10   11   29   33   41   42   50   15   13   24   46   26   38   38    6   19   30   28   45   22   44    7   49   20   31   14   47   34   32    4   39   17   27    8   46   37   35   30   43   21   18    5   48   40   36   12  
  19   13   27   37   29   24   36    6   49   15   47   18   39   25    8   20   44   33   46    9   11   43   12   14    9   45   42   23   17   41   38   34   48   21   28   40    4   22    5   26   32   38   31   10   15    7   50   35   16   30  
  21   12   42   47   25   39   41    5   11   19   32   48   38   40   28   29   30   20    4   35    6   13    8   46   44   34   46   37   17   31   15   49   43   36   45   22   26   27    9   18   10   23    7   24   16   33   28   12   14   50  
  41   13   50   18   33   21   35   47   12    4   30   48   23   44   11   29   17   46   39   10    6   36   43   28   29   49   37   31   32    5    8   20    7   14    9   16   38   23   42   19   27   37   45   40   25   15   26   34   24   22  
  23   21   26   38   49   27   25   43   39    5    4   18   10   13   18   44   45   50   33   32   28   19   16    9   12   36   15    8    7   42   22   37    6   29   24   41   31   40   11   17   46    9   48   47   14   34   30   15   35   20  
   4   18   41   36   21   32    7   37    6   47   42   45   35   17   34   14   26   43   29   20   44    8   24   31    9    4   25   40   49   13   28   15   50   19    5   16   46   23   37   11   12   27   48   30   33   10   22   18   38   39  
  30   34   20   27   14   26   44   42   41   35   18   37   47   50    7    8   11   12   24    6   19   21   48   40   49   38   46    5   45   47   32    6   43   23   36   29   13   28   25   39   16   15   22   31   10    9   22    4   33   17  
  27   29   23   48   10   50    4   24   41   40   38   17   14    9   44    6   25   16   35   21   32   13   31    5   11   28   12   49   15    7   42   47   19   25   18   34   46   24   37   43   26   30   36   33   20    8   22   10   45   39  
  29   15   50   44   20   11   31   38    7   21   25    5   26   21   17   48   18   42   35   18   12   14   49   10    9   22   45    6   48   34    4   40   32   19   24   39   37   16   36   13   33   47   28   23   46   27   30   41   43    8  
  44   13   40   50   20   38   26   18   33   47    5   30    7   37   46   32    8   49   45   27   19   42   10   41   16   43   48   14   15   21   35   29   24   12   39    9   36   23    6   22   11   11   34   17    4   31   28   41   25   14  
  11   35   28   38   24   44   22   43   17   33   46   50   36   25   14   13   16    7   42   18   40   30   15   39   10   41   23    5   31   26    9    8   49   48   32   33   47   12   34    4   21   20    9    6   45   29   37   27   19   36  
  12   25   22   44   27   10   26   48   34   49    8    7   50   46   14   11   15    6   17   43   41   32   30    6   23   36   16   18   24    9   20   29   47   39   29   35   42   38    5   45   21   37    4   40   39   28   19   33   31   13  
   5   15   18    8   13   12   38   33   27   32   44   28   26   11   23    5   47   31   45   37   21   10   35    4   25    9   24   17   49   10   29   30    6   19   41    7   40   48   16   22   42   43    5   34   39   36   14   46   50   20  
  17    8   18   31   46    9   37   44   20   36   29   49   24   50   43   15   25   45   19    7   27   21    6   41   34   10   28   33   14   40   32   11   23   38    4   47   12   42   30   20   16   17   50   13   22    5   39   48   26   35  
  43   44   25   40    7    9   33   30   10   13    4   38   41   42   47   29   31   17   49   37   36   32   23   24   45   28   34   21   26   34   11   18   22   14   38   35   27   50   46    5    6   27   20   48    8   19   15   12   16   39  
  11   47   45   37   48   30    8   24   49   43   39   50   15    5   38   22    9   43    6   27   29   17    4   26   10   12   28   19   21   42   36   35   46   18   41   25   20   31   44    6   47   13    7   40   16   32   33   34   14   23  
  30   24   20   27   22    8   21   50   43   28   37   47   36   23   14   17   10   45   39   49   11   48   44   34   33   41    5   44    6   38    4   31   32   10   44   42   19   46   15   35   26   25    7   18   29   16   12   13   40    9  
  42    4    9   23   37    6   38   27   46    7   39   12   29   41   19   48   30   32   18    8   35   23    5   40   17   34   28   24   15   49   31   25   47   26   20   21   50   13   11   44   22   33   10   16   36   45   19    6   14   43  
  33   21   32    9   23   20   50   19    5   22    7   38   47   26   25   13   41   28   43   15   35   44   45   34   18   30   10   48   36   11   36   39   14   16   46   42   39   17   40   29    8   24   40   49   31    6   37   12    4   27  
  36   38   19   34   33   30   10   15   43   21   47    7   50   17    4   27   42   18   23   20   37   11   41    9   28   42   24   49   44   13   16   23   31   25   12    8    6   29   40   35   26   39   45   48   32    5   14   26   46   22  
  18   24    9   41   20   31   12    5    4   33   19   30   39   12   35   44   13   40   26   14   46   50   16   29    7   27    6   23   42   45   43   49   47   38   25   13   34    8   11   17   10   37   22   21   40   15   28   48   36   32  
   8   14   16   28   31   29   12   44   30    7   42    6   50   33   26   11   13   30   40   19   48   37   39   45   43    9   41   36   38   42   27   18   21   15   21   34   35    5   17    4   49   24   32   20   47   25   23   46   10   22  
  15   39   44    9   45   23   12   10   26   18   22   36   40   21    7    4   30   20    8   19   11   43   31   41   43   48   29   16   13   37    5   33   35   10   25   28   34   14    6   49   38   44   50   17   27   42   24   46   32   47  
  40   11   47   48   46   40   27   35   15   22   18   36   25   28   37   33   20   38   44   31    6    8   23   10   43    4   24   50   21   26    7   37   39    5   34   13   32   17   12   29   16   49   14   26    9   42   41   45   19   30  
  31    5   26    6   49   19   35   16   33   25   23   10   32   29   24    4   41   21   12   43   50   18   22   13   15   14   37   20   11   17    8   38   47   13   48   42   34   39    9   28   40   27   36   46    7   14   39   45   30   44  
  10   16   17    4   36    5    6   28   40   45   15   47   30   44   24   20   50    9    8   32   27   33   25   29   39   11   21   37   19   34   35   13   48   42   12   49   36   26   14   22   43   25   31    7   38   41    8   18   23   46  
  36   17   41   27   14   35   28   20    9   17   46   32   22    6   45   50   44   16   43   38   13   26   10   24   12    5   34   11   39   18   47   40   15    4   38    8    7   19   30   25   49   33   23   42   21   31   39   48   37   29  
  37   32    7   39   18   16   43   23   26   15   35   49   11   28   31   36   46   10   24    9   42    4   48   40   25   49   27   29   14   48   50   13   17    8   33   20   19   28   44   30    5    6   21   45   34   38   47   22   12   41  
  39   33   44   12   16   43    9   13   37    6   30    7   46   19   26   17   32   45   18   49    7   24    4    8   22   31   10   41    4   34   36   25   29   21   38   50   48   15   27   11   14   20    9   28    5   35   47   23   40   42  
  30   18    4   31   29   39   32   38   10    9   41   48   37   27   20    8   28   19   50    7   34   49   42   21   17   25   43   36   24   44   30   40   33   35    5   30   15   26   11   32   16   47   23   12   22   45   46    6   14   13  
  17   23    4   16    9   25   27   47   42   11   12   32   19    7   39   45   43   33   10   36   44   21   15   13   50   46   49    8    5   35   28   24   41   26   47   30   38   48    6   18   31   14   22   40   29   41   34   37    7   20  
  20   49   36   31   17   26   37   19    5   22   18   38   41   11   40   46   30   25   50   16   32   43   14    9   33   34   24   29   15   17    4    7   47   28   27   48   13   12   44   39   45   21   10    8   23    6   30   13   35   42  
  35   46   45   37   40   10   15   35   22   21   11   23    7   43   16    9    4   49   47   32   42   33   20   44   24   31   30   12   41   19   38   18   14   29   28   27   50   36   39    6   26   34    5   48    8   25   43    8   13   17  
  17   25   22   43   26   50   10   46   11   24   41    6   12   32   44    8   13   49   38   29   14   20   27    9   26   48   49   27   23   39   45   33   19   40    5   15   16   36   35   31   28   37   42   30    7   21   18   34   47    4  
  28   25   37   33   11   45   33   47   36   24   12   29   31   15   32   16   38    8    6   35    5   19   49   13   34   10   14   48   42   17   21   23   48   46   30   18   40   41   43   22    4   39    9   44   20   27   35   50   26    7  
  16   38   24   50   28   45   26   18   11   21   37   42    4   23   10   32   44   27    9   30   49   33   46   47   14   43   17    6   40   29   25   13   36   41   39   19   35   12   15   31    5   48    8    6   20   46   46   34   22    7  
  23   50   49   16    9   45   50   29   43   32   37   39   40   13   22   25    8   37   20   41   17   28   35   24   46   12   33    4   26   38   14   18   30   17   47   19   10    6    5   21   44   48   15   36   27   31   11   34   42    7  
   6   22   23   25   43   31   46   18    4   12   42   41    8    7   21   33   37    9   44   30   15   22   20   29   16   32   48   17   36   26   27   10   24   39   50   14   35   47   29   28   11   45   13   10   49   19    5   34   38   40  
  47   29   41    9   11   13   48    8   31   34   12   40   18    6   24   19   10    4   28   17   43    5   26   42   25   22   21   45   27   39   49   49   23   37   16    7   46   39   38   33   30   50   14   15    5   36   35   20   44   32  
  39   37   14   38   17   30   35   48   33   43   20   36   24   46   32   49   50   42   15   40   27   31    9   13    4   45    8   23   47   23   10   28   41   21   22   44   11   41   34   14   16    6   25   29   19    5   26   18   12    7  
  16   38   21   45   29   32   13   19    4   24   42   34   26   50   12   30    9   44   11   10    6   23   31   47   15   27   25   46   12   37   39   36   18   38   40   20   28   22   35   43   14    8   12    7   17   49    5   48   33   41  
  15   49   48   23   27   10   47   13   30   31   19    5   25   18   45   42   12   35   26   28   37   40   17   44    6   14   34    7   33    4   38   39   20   41    7   28   46   24   29    8    9   43    5   21   50   36   11   32   22   16  
  23   26   12   44   37   30   13   34   40   25   46   41   47   10   49   15   33   38   47   32    9   16   45   39   43   18   19   14   31   20   50   23   36   42   34    5    7   11   21   35    4   28   22   48   17    6   27   24   29    8  
  37   49   30   35   24   31   41    4   13   23   36   25   42    8    4   15    6   29    5   44   43   16   21   23   47   46   39   40    9   12   25   50   45   48   34   17   28   19   22   27   20    7   18   11   26   32   14   10   38   33  
  40   17   35   16   13   14   24    5   38   12   29   10   36    7   19   25   20    9   39   31   48   49    6   45   27   21   43   50   18   32   28    8   23   26   22   37   11   33   13   41   42   29   47   15    4   44   46   34   30   40  
   8   38   17   33   36   14   11   20   34    9   18   23   10   32   27   13    5   19   50   15   31   37   41    4   21   30   29   21   22   49   33   46   39   43   26   12   16    6   42   40   44   48   25   24   28    7   35   34   47   45  
  18   40   41   50   44   46   36   14   49   27   42    8   16   31   29   33   48   32    4   19   45   11   20   28   33   25   13   26   21   22   30   34   33   37   47   17   15   39   24   10    7   23   12    9   38    9   43    5   35    6  
  17   41   34    8   25   26   29   21   47   48   44   35   24   13   35   42   27   23   20   14    7   19   37   10   36   28   45   30   16   15   38    4    6   32   39   49   50   12   31   16   40    9   44    5   46   22   11   43   33   18  
  41    7   22   28   37   45   40   47   26   44   13   31   10   15   33   50   25   39   27   42   14    9   35   49   46   48   11   36   16   18   43   20   21    6   23    5   29   32   30    8   12   44    4   19   13   24    9   17   34   38  
  14    5   15   31   49   16   32   23   21   29   22   37   35   44   28   36   46    7   43   20   41   34   47    9   39   42   43   13   17   45   19   11   40   18   48    8   38    4   33   10   26   25   27   27   12    6   30   24   50   38  
  38   40   35   14   41   48   27   18   13   26   36    8   12   16   39   22   44   10   26   34    5   47   24   43    4   37   32   31    9   45   29   33    6   19   28   16   16    7   49   46   25   20   30   23   42   15   21   17   11   50  
  12   37   27   50   19   17   47   15   15   26   18   20    5    4   31   39   34   40   23   25   32   38   30   42   33   24   40   21   41   45   44   28   36   13   10    6   14   11   16   48    7   29   35   22    8   18    9   49   43   46  
   8   18   15   27   13   40    4   28   31   30   49   27   25   20   38    7   16   43   48   41   37   10    6   12   32   39   45   21   33   35   24   20   26   46   44   23   14   42   36   47   11    5   22    9   19   11   17   29   34   50  
  28   23    8   39   40    4   32   11    6    5   20    7   18   34   14   49   46   21   16   37   47   46    9   30   44   45   10   41   22   25   36   17   50   42   31   13   19   43   24   27   18   15   30   38   29   35   48   26   33   12  
  48    7   16   33    6   34   42   41   49   25   40   46   13   22   48   49   20   50    8   39   19   37   26   15   30   29   21   10   27   31   47   45   17    5   36   12   14   22   35    9   11   24   23   32   38   18   43   28   44    4  
  48   45    8   29    6   49    9   47   39   35   27   50   25   18   46   16   13   26   15    7   17   34   43   33   20   23   37   10   23   44   42    5   40   12   19   41   36   30   21   14   31   28   10   11   24   35   38   32   22    4  
  14   12   22   41    7   38   10   50   49   13   35    5   19   27   43   21   40   26   31   44   45    8   33   16   30   36    9   23   27   42   24   47   29    6   48   11   39   29    4   25   32   18   28   15   17   37   46   20   27   34  
  50   29   18   27    4   46    8   33   22   34   11   13   36   14   47   28   35   12   31   21   24   37   39   48    5   44   19   45    7   41    9   15   16   49   23   40    6   26   42   49   10   30   43   32   20   25   38   44    9   17  
  27   28    7   35   44   29    6   37   43   22   45    9   39   28   42   10   34   16   47    4   40    5   41   38   49   13   25   11   17   23   46   48   30   14   42   19   21   20   50   36   31   32   15   12   28   24   33   18   26    8  
  18   10    7   44   37   23   28    8   23   22   36   32   17   11   15   39   40   14   41   47   38   29   21    9   16    5   33   25   12   42   20   23   49    4   35    6   45   50   27   48   24   43   30   26   12   46   31   34   19   13  
  34   36   38   40   50   37   49   39    7   47   46   20   10   28    6   25   16    8   19   12   43   35   22   18   11   12   32   48   13   44   31   41   23   42   14   29   33   30   31   27   26    7   15    5   45   17   24   21    9    4  
  14   16   31   50   26   40   47   35   44    8   49   48   21   12   19   30   25   42   36   28   13   41   17    7    9   43   42   24   46   22   39    6   47   11   25   37   32    5   18   20   15   23    4   34   33   10   38   27   45   29  
  50   43   15   46   33    5   47   32   23   26   49   35   41   36   10   24    4    6   44    9   30   17   14   28   21   22   42   42   11   12   40    7    8   39   31   39   25   13   29   45   20   31   38   19   48   34   27   37   16   18  
  50   47   14   31   41   43    6   10   37   28   18   38   32   17   36    5   22   24   33   46   39   40   45    7   19   41   29   26    8   30   35   42    9    4   25   44   27   21   50   13   48   12   11   23   15   20   13   34   16   49  
  37   10   18   50    5   16   41   28   50   39   21   48   23   33   49   26   32   40   43   17   34    9   23    4   12    6   22   25   15   30   31   47   14   42   11   44    7   33    8   38   27   13   24   35   20   29   46   45   36   19  
  16    5    5   10   11   34    8   18   38   25   33   27   47   12   45   20   48   31   41    7   28   13    4   15   43   42   46    9   24   26   40   39   23   32   21    6   36   30   50   35   44   43   22   29   19   17   21   37   14   49  
  35   39   20   31   10   49   26   15   38   14   22   30   45   46   41   34   44   29    4   16   25   47    8   48   23    4   33   18    5   50   28   42    6   12   23   40   24   43   13    7   44   17   36   21   37   11   27   32    9   19  
  35   14   16   40   33   19   34   38   27   24   11   23   38   50   29   15   30    7   22   10   43   28   47   32   15   41    6   42   44   39   18    8   21    5   48   20   40   31   37   12   13   49   36    9   45   25   17   46    4   26  
  36   43   15   28    9   22   29   37   38   10    6   35   13   48   27   45   40   30   19   41   33   14   16   31    8   18   11   39   10    5   12   17   47   20    4   34   49   46   25   32   24    7   23   21   42   44   25   50   18   26  
  21   18   22   15   43    6    4   14   48    7   24   39   45   38   41   23   11   24    8   49   42    5   26   17   29   46   20   32   47   21   30   50   28   31   33   16    9   35   40   12   19   13   34   10   18   27   36   37   25   44  
   4   22   12   17   19   46   50   13   16   27   33   32   14   34   25   18   39   43    6   44   15   37   24   47   40   49   45   20    5    7   26    8   35   23   38   41   29   16   31   48   11   30   15   10    9   28   36   42    7   21  
  49   13   29    8   47   44   14   45   33   24   28   17   18   34   20   29    4   37   39   11   40   12   42   10   30   38   41   36   27   43   23   19   16   35   22    6   48    9   22   13   21   31   46   50   15    5   25   26    7   32  
  39   38   17   42   22   25   49   13   22   49   46   50   29   24    5   47   48    7   19   27   11   37   41   44   43   33   23   14   20   45    8    4   31    9   36   25    6   28   32   15   26   21   10   34   30   16   18   12   35   40  
  39   24   16   15   47    5    4   19    9   13   48   31   19   38   34   44   35   26   12   45   33   29   21   50    6   11   22   10   32   23   36   42    8   36   30   40   28   18   27   17   20   37   46   20    7   25   14   49   41   43  
   9   25   29   15   16    6   27   35    7   23   47   46   18   24   40   20   39    4   32   31   30   37   22   12    5   50    8   17   44   21   48   43   36   30    8   49   10   14   34   15   33   26   45   42   19   38   11   13   28   41  
  48   23   23   37   19   11   30   21   16   20    7   44   38   50   26   17   42   50   33   43   16   41   34   46   25   31   40   12   15   49   47   35    8   22   28   29    6   10   27   45   39   24   36   14    9   18   32    4    5   13  
  32   39   33   18   44    8   28   20   12   48   19   40   36   34    7   13   38   16   42   40   37   31   10   14   50   26   23   35   21   27   24   47   46    9   22   43   29   15   45   41   47   30    4   11   49   16    5   17   25    6  
  43   29   16   37   49   13    8   42   48   36   39   23   38   47    9   34   11   24   30   27   19   13   12   33   26   10   40   18   46   32   14   41   25   28   50   15    7   44   17   22   21    5    6   20    4   40   35   45   50   31  
   7   47   20    8   36   41   14   37   13   49   46   26   34   21    9   40   49    5   22   30   32   31   45   18   44   27   49   23   39   42   10   17   25   33   24   45   38   11   29    4   35   50   12   15    6   16   43   19   28   48  
  37   22   32   30   29   11   50   18   49   27   36   26   16   43   21   28   29   10    4    9   42   15   47    8   40   48   14    6   24   17   23   25   38   19   35   41    7   13   31   26   45   46   39   20   12   35   44   33   34    5  
  34   32   11   15   25   14   28   26   35   23    4   40    7   48    5   20    8    6   13   21   39   27   31   45   16   19   31   30   36   10   49   44   12   41    9   37   43   29   29   42   17   33   46   45   47   38   24   50   18   22  
  23   34   10   40   32   17   39   48   33   15    7   37   31   28   12    6   44   16   36   41   29   50    4   14   45    8   46   22   47   35   18   30   13   19   24   49   27   20   36   43   25   29    9    5   26   42   21   38   42   11  
  34   19   35   16   50   47   36   43   42   29   26   49   23   45   40   48   15    7   38   44   33   20   31   17   41   25   10   32   30   25   11   39   37   18   10   27    9   39   22    8    6    4   14   12   28   46   13    5   24   21  
  26   50    8   25   36   31   49    6   14   45   45    4   15   49   23   34   18   47   21   16   35   33   12   40   19   30   41   11    5   37   20   38    9   27   46   48    7   10   44   13   42   32   29   11   39   24   43   28   17   22  
  47   27   33   23   23   14    7    5   38   30   22    4   10   37   42   43    8    9   17   49   32   30   25   41   39    6   40   36   14   24   16   31   46   15   44   45   28   11   26   20   13   19   50   34   21   12   29   48   18   35  
   7    9   46   45   27   26   38   25   48   13   42   23   35   44   41   29   29   21   19    5   47   31   10    8   15   28   11   34   49   18    6   43    4   39   30   20   40   49   24   14   17   37   33   12   36   32   16   22   10   50  
  14   49    5   37   47   29   32    4   31    9   12   48    7   43   50   28   16   17   41   27   25   46   44   36    6   21   39   19   18   13   15   33   45   42    8   35   26   22   12   24   34   23   43   30   20   28   11   38   40   10  
  14   35   39   42    4    5   25    8   36   49   34    6   41   13   50   17   31   48   44   40   11   28    7   46   16   20   12   47   23   30   19   24   24   21   38   14    9   32   27   22   38   37   45   26   10   15   43   29   33   18  
  10   28   27   12   26   37   36   38   48   44   20   30   34   39    8   41   49   31   46   23   19   11    6   22   35   43   13   21   24   50    4   33   22    7   16   18    5   23   32   45   14   50   29   42   17   47   15    9   40   25  
  10   45   19   26    6   20   38   40   21   19   30   27   41   24   48   18   29   25   34    9   23   35   11   17   49   14   39    5   32    4   34   38    8   50   13   22   47    7   46   36   33   42   44   28   43   37   16   12   31   15  
  16   23   50    4   48   44   41    8    9    6   20   38   34   39   47   35   26   33   43   22   10   18   27   11   40   14   17   37   19    7    5   46   42   30   15   32   25   21   36   41   30   28   49   13   12   18   45   24   31   29  
  41   13    5    8   36   21   34   18   46   40   45    6   37   43   25   29   47   19   10   12   28   26   32    9   18   30   42   35   23   31   14   22   44   11   33    7    4   39   38   49   24   14   50   15   16   48   20   27   17   36  
  34    9   49   42   38   13   37   41   48   19    7   10   27   20   31   16   35   46   30   14    6   39   44   29   12    6   47   26   37   36   40   23   45   18    5    8   17   43   50    4   15   32   24   21    6   33   22   11   28   25  
  26   41   12   50    4   23   18   35   14    8   38   39    6   49   40   48   13   45   21   37   43   44   10   16   27   29   33   36   41    9   30    5   47   15   46   16   31   17   34   11   22   25   32   28   24   20   42   19   23    7  
  40   50   20   42   37   33   30   38   22   46    7   27   48   32   34   14   19   35   27   47   29    6   44   18   26   39    8   15   36   21    9   49   28   40   11   43    4   24   12   17   31   23   13   41   25   10   33   16   45    5  
  46   38   33    5   26   49   50   40   24   27   39   35    4   20   36   19   28   45    9   12   13    7   31    8    7   48   37   22   41   32   18   17   12   43   30   11   23   37   14   21   16    6   10   47   29   44   15   42   25   34  
  15   47    7   45   40   36    4   24   18   14   47   43    8   16   26   22   34   42   11   11   28   21   32   44   20   31   36   35   10    6   13   27   12   39   50    9   19    5   33   25   49   41   30   46   23   17   29   37   48   38  
  34   27    8   39   14   16   37   11   47   21    9    7   25   19    4   11   32   49   22   23   10   50   26   40   42   12   35   20   44    6   48   39   17   45   18   36   46   33   41    5   28   38   31   29   30   13   43   15    5   24  
  38   42   50   16   20    9    8   40   39   19   41   33   31   32   43   38   36   30   36   25   12   18   21   17   27   14   19   47   48   26   22   11   49   34   45   44   15    6    5    4   13   24    7   37   29   46   23   28   10   35  ] 
BUDGETS : [    2    4    7   10   11   12   13   15   15   17   17   18   19   24   27   28   28   29   33   39   43   45   45   48   50   50   59   60   60   65   67   70   71   72   73   74   76   78   79   80   81   84   86   86   94   95   96   96  100  100  102  105  109  111  112  116  122  123  124  129  132  135  137  138  142  143  145  146  147  147  148  152  152  152  154  155  155  156  158  159  161  163  166  170  176  181  183  184  186  187  189  190  191  194  194  196  199  199  199  200  ] 
