K : 100
I : 100
PREFERENCES : [   97   92    0    0    0    0    0   93    0    0    0    0    0    0    0   87    0    0   99   88    0    0    0    0    0   94    0    0    0    0   85   87    0    0    0   96    0   90    0    0   84    0    0   95    0    0    0    0    0   86   83    0    0    0    0    0    0    0    0    0    0    0    0    0    0    0    0    0    0    0    0    0    0    0    0   91    0    0    0    0   98    0    0    0    0    0   89    0    0    0    0  100    0    0   82    0    0    0    0    0  
   0   99    0   99    0    0    0    0    0    0    0    0    0    0    0   92    0    0    0    0   97    0    0   83    0    0  100    0    0    0   85    0    0    0    0    0   86    0    0    0    0    0    0    0    0    0   96   84    0    0   93    0   88   91    0    0    0    0    0   95   90    0    0    0    0    0    0    0   82    0    0    0    0    0    0    0    0    0    0    0    0    0    0    0    0    0    0   87    0    0   94    0   89    0    0    0    0    0   98    0  
   0    0    0    0    0   91    0    0    0    0    0    0    0    0    0    0   89    0    0    0   98    0    0    0    0   95    0    0    0    0    0    0    0    0    0    0   94    0    0    0    0    0    0    0    0    0   97    0   82   96    0    0    0    0    0   87    0    0   90   99    0    0    0    0    0   84   96    0    0  100    0   93    0    0    0    0    0   83    0    0    0    0   88    0    0    0    0    0    0    0    0    0   85   92   86    0    0    0    0    0  
   0    0    0    0    0    0   93    0    0    0    0    0    0    0    0    0    0    0    0   88   85    0   83    0  100    0    0    0    0   84    0    0    0    0    0    0    0    0    0    0    0    0    0    0   86    0   92    0    0    0   82    0   94    0    0    0    0    0   99    0    0    0    0    0   89   90    0    0   87   96    0    0    0    0    0   91   97    0    0    0    0    0    0    0   98    0   95    0    0    0    0    0    0    0    0    0    0    0    0   96  
   0    0    0    0   95    0    0    0    0    0    0    0    0    0   92    0    0    0    0    0    0    0   96    0    0   88    0   83    0    0    0    0    0    0    0    0    0    0   84    0    0    0    0    0    0    0    0    0    0    0    0    0    0    0   82   85    0    0    0    0    0   97    0    0    0    0    0    0   98    0   87    0   91    0   89    0    0    0    0   90    0    0    0   93    0   93    0    0    0    0    0   99    0   94    0    0    0   86  100    0  
   0    0    0    0    0   92    0    0   88    0    0    0    0    0   89    0   99    0    0    0    0    0    0    0    0    0    0   86   94    0    0    0    0    0    0    0    0    0   97    0    0   96    0    0    0    0    0    0    0   87    0   83    0    0    0    0   90   93    0   85    0    0    0   97    0    0    0    0   98   91    0    0    0   82    0    0    0    0    0    0    0    0    0   95    0    0    0    0    0    0    0    0    0    0    0   84  100    0    0    0  
   0    0    0    0    0    0   84   91    0   99    0    0    0    0    0  100    0    0   89    0    0    0    0    0    0    0    0    0    0    0    0    0   87    0   93    0    0    0    0   85   98    0    0    0    0    0    0    0    0    0   86    0   82    0    0    0    0   96    0    0   88    0    0    0    0    0    0   83    0    0    0    0   95    0    0    0    0    0    0    0   94    0    0   94   90    0    0    0    0    0    0    0    0   92    0   97    0    0    0    0  
  92    0    0    0    0    0    0    0    0    0    0   99    0    0   93    0    0    0    0    0    0    0    0    0    0    0    0    0    0    0   82    0    0    0    0    0    0    0    0   94    0   96    0    0   95    0    0    0    0    0    0   85    0    0    0    0    0    0    0   90   88   87    0    0    0    0    0  100    0   83   98    0    0    0    0    0    0   95    0    0    0    0   84   97    0    0   89    0    0    0    0    0    0   91    0    0   86    0    0    0  
   0    0    0   98    0    0   83    0    0    0    0    0    0   84   93   89   85    0    0    0    0    0    0    0   95    0   82    0    0    0    0    0    0    0    0   86    0    0    0    0   94    0   87    0    0   97    0    0    0    0    0    0    0    0   96    0    0    0    0    0   93    0    0    0    0    0    0    0    0    0    0   92    0    0    0    0    0    0    0   99   90    0  100    0    0    0    0    0    0    0    0    0    0   91    0    0    0   88    0    0  
   0    0    0    0   89    0    0    0   90    0    0    0   83    0  100    0    0    0    0    0    0    0    0    0    0    0    0    0    0    0   96    0   99    0    0    0   87    0    0    0    0    0   92    0   98    0    0    0   91    0    0    0    0    0    0    0    0    0   82   94    0    0   85    0    0    0    0    0   97   92    0    0   88    0    0    0    0    0   84    0    0    0    0    0    0    0   93    0    0    0    0    0    0    0    0   86    0    0    0   95  
   0    0    0   85    0    0   86    0    0    0    0    0    0    0    0    0    0    0   89   87    0    0    0    0    0   82    0    0    0    0   92   97    0    0    0    0    0    0    0    0   99   98  100    0    0   84    0   91    0    0    0   93   83    0   94    0    0    0    0    0   88    0    0    0    0    0    0    0    0    0    0    0    0    0    0    0    0    0   90    0    0    0    0    0    0   87    0    0    0    0   96    0    0    0    0   95    0    0    0    0  
   0   87   83    0    0    0    0    0    0    0    0   84    0   86  100    0    0    0    0   98    0    0    0    0   91    0    0    0    0    0   96   94    0    0    0    0   95    0    0    0    0   99   82    0    0    0    0   97    0    0   88    0    0    0   90    0    0    0    0    0    0    0    0    0    0    0    0    0   95    0   92    0    0    0    0    0    0    0   93    0    0    0    0    0    0    0    0    0    0    0   89    0    0    0    0    0   85    0    0    0  
   0    0   97   99    0    0   83    0    0    0    0   89    0    0    0    0    0   92    0   98   84    0    0   82    0    0    0    0    0    0    0    0    0   87    0   90    0    0    0    0    0   94    0   96    0    0    0   83    0  100    0    0    0    0    0    0    0    0    0    0    0   85    0    0    0    0    0   86    0    0    0    0    0    0   93    0    0    0    0    0    0    0    0    0    0    0   91   95   88    0    0    0    0    0    0    0    0    0    0    0  
   0    0   97    0    0    0   99    0    0    0    0    0    0    0    0    0    0    0    0    0    0   91    0    0    0    0    0    0    0    0    0    0    0   95   98    0   85    0   92    0    0   88    0    0    0    0    0   90   89   93    0    0    0    0    0    0   86    0   83    0    0    0    0    0    0    0  100    0    0    0    0    0    0    0    0    0    0    0   94    0    0   96    0    0    0    0    0   87    0    0   84    0   99    0    0    0    0   82    0    0  
   0    0    0    0    0    0   95    0    0    0   93    0    0    0    0    0    0    0    0   89    0    0    0    0   90   91    0    0   83    0    0    0    0    0    0    0    0   96    0    0    0    0    0    0   88    0    0    0    0   82    0   92    0   86    0   97    0   94    0    0    0    0    0    0    0    0   89    0    0    0    0    0    0    0   85    0    0   98    0    0    0    0    0    0    0    0    0    0    0  100   99    0   84    0    0    0   87    0    0    0  
   0    0    0    0    0    0   83    0    0    0    0    0    0    0   82   93    0    0    0    0    0    0    0    0   99    0    0    0    0    0    0    0    0    0    0   87    0    0    0    0  100    0    0    0    0    0    0   84    0   98    0   88   95    0    0   90    0    0    0   91    0    0    0    0    0    0    0    0   89    0   94    0    0    0    0   96   86   97    0    0    0    0    0    0    0    0   85   92   82    0    0    0    0    0    0    0    0    0    0    0  
   0    0    0    0    0   98    0    0    0    0    0  100   95    0    0   91    0    0    0    0    0    0    0    0   92    0   90    0    0    0    0    0    0   96   91   87    0    0    0    0    0    0    0    0    0    0   84    0    0    0    0   97    0   83    0    0    0    0    0    0    0    0    0    0    0    0    0    0   88    0    0    0   99   94    0    0    0    0    0    0    0   85    0   86   82   93    0    0    0    0    0    0    0    0    0    0   89    0    0    0  
   0    0    0    0   91    0   86    0    0    0    0    0   90    0    0    0    0    0    0    0    0    0    0    0    0    0   97   88    0    0    0    0   93    0   99    0    0    0    0    0    0    0    0    0    0    0    0    0    0    0    0    0    0    0   96    0    0    0   98    0   89    0    0    0   87    0    0    0    0   82    0   84    0  100   92    0    0    0    0    0    0    0    0   83    0   85   94    0    0    0   90    0    0    0    0    0    0   95    0    0  
   0    0    0    0    0    0    0    0    0   86    0    0    0    0    0    0    0    0    0    0    0    0    0   88   96    0    0    0    0   83    0    0    0   89   99    0   90    0    0    0    0    0    0    0    0    0    0    0    0   82    0    0    0    0    0    0    0    0    0    0   87   98    0    0    0    0   91    0    0    0  100    0    0    0    0    0    0    0   95   84    0   93    0    0  100    0    0   94    0    0    0   85   92   97    0    0    0    0    0    0  
  90    0    0    0   99    0    0    0  100    0    0    0    0    0    0    0    0    0   91    0    0   95    0   94   87    0    0    0    0    0    0    0    0   83    0    0    0    0    0   98   97    0    0   82    0    0    0    0    0    0   89    0    0    0    0    0    0    0    0    0    0    0   85    0    0    0    0   92    0    0   93    0    0    0    0    0    0    0   96    0    0    0    0    0    0    0    0    0    0    0    0    0   86    0    0    0   88    0   84   82  
   0    0    0    0    0   94    0    0    0   90    0   87    0    0    0    0   95    0    0    0   88    0    0    0    0   91    0   89    0    0    0   96    0    0   86   92    0    0    0  100    0   84    0    0    0    0   84   85   99    0    0    0    0    0    0    0    0    0    0    0    0    0    0    0    0    0    0    0    0   97   82   83    0    0    0    0    0    0    0    0    0    0    0    0    0    0    0    0    0    0   98    0    0    0    0    0    0   93    0    0  
   0    0    0    0    0    0   95   86    0    0    0    0   90    0    0    0    0    0    0    0    0    0    0    0    0    0    0    0   97    0    0   89   85    0    0    0    0    0  100    0    0    0   99    0    0   83    0    0    0    0    0    0   94    0    0   82    0   98   87    0   85    0    0    0    0   88    0    0   84    0    0    0   96    0    0    0    0    0    0    0    0    0    0    0   92    0    0   93    0    0    0    0    0    0   91    0    0    0    0    0  
  88    0    0    0    0    0    0    0    0    0   83    0   97    0    0   99    0    0   89    0    0    0    0    0    0    0    0    0    0    0    0    0    0    0   88    0    0    0   93    0    0   96  100    0    0    0    0    0    0    0    0   95    0   92    0    0    0    0    0    0    0   98    0    0    0    0    0    0    0    0   91   90    0    0    0    0    0   82    0    0    0    0    0   85   86    0   94    0    0    0    0    0    0   87    0   84    0    0    0    0  
  88   93    0    0   90    0    0    0   84    0    0    0    0    0    0    0   97    0   95    0    0    0    0   85   99    0    0    0    0    0   89    0    0    0   83    0    0    0    0    0   82    0    0    0    0    0    0    0    0    0    0   96    0    0    0    0    0    0    0    0    0    0    0  100    0    0    0    0    0    0    0    0    0   91   86    0    0    0    0    0    0    0    0    0    0    0    0    0   94   87   98   92    0    0    0    0    0    0   90    0  
   0    0    0    0    0   87   98    0    0    0    0    0    0    0   82    0    0    0    0    0    0    0   94    0   97   90   99    0    0    0    0    0    0    0    0   96    0    0  100   95    0    0    0    0    0    0   85    0    0    0   84    0   89    0    0    0    0    0   93   88    0    0    0    0    0   92    0    0    0    0    0    0    0   83    0    0    0    0    0    0    0    0    0    0    0    0   86   91    0    0    0    0    0   97    0    0    0    0    0    0  
   0    0   92    0    0    0    0   85   94    0   91    0    0   95    0    0    0    0    0    0   86    0    0    0    0    0    0    0    0   89    0    0   96   85    0    0    0    0    0    0    0    0   90    0    0   87   98    0    0    0    0    0   93    0    0    0    0    0    0   88    0    0    0    0    0    0    0    0    0    0    0    0   82    0    0    0    0    0    0   83    0    0    0   97    0   84    0    0    0   99    0    0    0    0  100    0    0    0    0    0  
   0    0    0    0    0    0    0    0    0    0    0    0    0    0    0    0    0    0    0   88    0    0    0    0    0   95    0   94   98    0    0    0   86    0    0    0    0    0    0    0    0    0    0   87    0    0    0    0   83   90   92   85    0    0   97    0    0    0   96    0    0    0  100    0    0    0   84    0    0    0    0   82    0    0    0    0    0    0   99    0   89    0    0    0    0    0   84    0    0   93    0    0    0    0   91    0    0    0    0    0  
  96   83    0   92    0    0    0    0    0    0    0    0    0    0    0   99    0    0    0    0    0   99    0    0    0    0    0    0    0    0    0   94   86    0    0    0    0    0    0   84    0   91    0    0    0    0    0    0    0   90    0    0   98   85    0    0    0    0    0    0    0    0    0    0    0   89    0    0    0    0    0    0    0    0    0   87    0    0   88    0   93    0   97    0    0    0    0   95    0    0    0    0    0    0    0    0    0   82    0  100  
   0    0   90    0    0    0    0   85    0    0   95    0   98    0    0    0    0    0    0   92    0    0   97    0    0   84    0    0    0    0    0    0    0    0    0    0   96  100    0    0    0    0    0    0    0    0    0    0    0    0   88    0   87    0   91    0    0    0    0    0    0    0    0    0   93    0    0    0   82    0    0    0    0    0    0    0    0    0   99    0    0    0   86    0   91    0    0   94    0    0    0    0    0   89    0   83    0    0    0    0  
   0    0    0    0    0    0   98   86   96    0    0    0    0   94    0    0    0    0    0    0    0    0   89    0    0    0   87    0    0    0    0    0    0    0    0    0    0    0    0    0  100    0    0    0    0    0   97    0    0    0    0    0    0    0   90    0   85    0    0    0    0   93    0    0    0    0   83   95    0   88    0    0   82    0    0    0    0    0    0   96    0    0   84    0   99    0    0    0    0   91    0    0    0    0    0    0    0    0    0   92  
   0   94   91    0    0    0    0    0    0    0    0    0    0    0    0    0    0    0   86    0    0   99    0    0    0    0    0    0  100    0    0    0    0    0    0    0   83    0   87   83    0    0    0    0    0    0    0    0    0    0    0    0    0   97   96    0    0    0    0   90    0    0    0   84   85    0    0    0    0    0    0   89   98    0   95    0   92    0    0   93    0    0    0    0    0    0    0    0    0    0    0   82    0    0    0    0   88    0    0    0  
   0   88    0    0   85    0    0    0    0    0    0   85    0    0    0    0    0    0   93    0    0    0    0    0    0    0    0   91    0    0    0    0    0    0  100    0    0    0    0    0    0    0    0    0    0    0    0    0    0    0   82    0   87   95   86    0    0   96   90    0   99    0    0   92    0    0    0   97    0    0    0    0    0    0    0    0   98    0    0    0    0   89    0    0   83    0    0    0    0    0    0    0   84    0   94    0    0    0    0    0  
   0    0    0    0  100    0    0   97    0    0    0    0    0   88    0    0    0    0   90    0    0    0    0   89    0   82    0    0   86    0   94    0    0   91    0   96   92    0    0    0    0    0    0    0    0    0    0    0    0    0    0   85    0    0    0    0    0    0    0    0    0    0   84    0    0    0   95    0    0   98   83    0    0    0   99    0   93    0    0    0    0    0    0    0    0   87    0    0    0    0    0    0    0    0    0    0    0   91    0    0  
   0   90    0   93    0    0   99   97    0    0    0    0  100    0    0   98    0    0    0    0    0    0    0    0    0    0    0   87   94    0    0    0    0    0    0    0    0    0    0    0    0    0    0    0    0    0    0    0    0   92    0   82   95   91    0   89    0   84    0    0    0    0    0    0    0    0    0    0    0    0   85    0    0    0   86    0    0    0   88    0    0    0    0   83    0    0    0    0    0    0    0    0    0    0    0   99   96    0    0    0  
   0    0    0    0    0    0    0    0    0    0    0   86    0    0    0    0   93    0    0    0    0    0   99    0    0    0  100    0    0    0    0    0    0    0    0   84    0   84    0    0    0   94    0    0    0   85    0    0    0   92    0   83    0    0   98    0    0    0    0    0    0    0    0    0    0    0    0   95    0   89    0    0   87    0   97    0    0    0    0    0    0    0    0    0   96    0    0    0    0    0    0    0    0   82   90    0    0    0   88   91  
   0   93    0    0    0    0    0    0   83    0    0    0   91    0    0   92    0    0    0   94    0    0    0    0    0    0    0    0   82    0   97    0   94   96    0    0    0    0    0    0    0    0   84    0    0    0   86    0    0   99    0    0   98    0    0    0    0    0    0   88    0    0    0    0    0   85    0    0    0   90    0    0   87    0    0    0    0    0    0    0    0    0  100    0    0    0    0    0    0    0    0    0    0   95    0    0    0    0   89    0  
   0    0    0    0    0    0    0    0    0    0    0    0    0    0   89    0   86    0    0   91    0   87    0   97    0    0   88    0    0    0   96    0    0   94    0    0    0    0    0    0    0    0    0   84    0    0    0    0    0    0    0   85    0    0    0    0    0    0    0    0    0   93    0    0    0    0    0   90    0    0    0    0    0    0    0    0   95    0    0   82    0    0   98    0    0    0    0    0    0    0    0    0    0   83    0   92   99    0  100   86  
   0   98   87    0    0    0    0    0    0    0    0    0    0    0    0   93    0    0    0    0   94    0    0    0    0    0    0   95    0    0    0  100    0    0    0    0    0   90    0   85    0    0    0    0    0   90    0    0   99    0   84    0   96    0   86    0   89    0    0    0    0    0    0    0   91    0    0   83    0    0    0    0    0    0    0    0    0    0    0    0    0    0    0    0    0    0   92    0    0    0    0   88    0    0    0    0   82    0   97    0  
   0    0    0    0    0    0    0    0    0    0    0   84    0    0    0    0    0   91    0    0    0    0   93    0    0    0   96    0    0    0   86    0    0   96    0    0    0    0    0  100    0   90    0    0    0    0    0    0   85    0    0    0   97    0    0    0   94    0   88    0   95   92    0   82    0    0    0    0    0   83   89    0   87    0    0    0    0    0    0    0    0    0    0    0    0    0    0   98    0    0    0    0    0    0    0    0   99    0    0    0  
  94    0    0    0   96    0    0   91    0    0    0   93   92   89    0    0    0   98    0   82    0    0    0    0    0    0    0    0    0    0    0    0    0    0    0    0    0   83    0   99    0    0    0    0    0    0   90    0    0    0    0    0    0    0    0    0    0   86    0    0    0    0   85    0    0    0   83    0    0    0   84    0    0    0    0   97    0    0    0    0   87    0    0    0    0    0    0    0    0   95    0   88    0    0    0    0    0    0  100    0  
   0    0   84    0    0    0    0   85    0    0    0    0    0    0    0    0    0    0  100    0    0    0    0    0    0    0   98   99    0    0    0    0   95    0    0   83    0    0   92    0    0    0   91    0    0    0    0    0    0    0   97    0   82    0    0    0   89   93    0   87    0   86    0    0   90    0    0    0    0   94   88   96    0    0    0    0    0    0   97    0    0    0    0    0    0    0    0    0    0    0    0    0    0    0    0    0    0    0    0    0  
   0    0    0    0    0   88    0    0    0    0    0    0    0   91    0    0    0    0    0    0   86    0    0    0   93    0    0  100    0    0    0   87    0    0    0    0    0    0    0    0    0    0    0    0    0   92    0   99    0    0    0   91   98    0    0    0    0    0    0   82    0    0    0    0    0    0    0    0    0   97    0   89    0    0    0    0    0   85    0    0    0   95    0    0    0    0    0    0    0    0    0   83   90    0   96    0    0   84    0   94  
   0    0    0    0   86  100    0   85    0    0   83    0    0    0    0    0    0    0   90    0    0    0    0   82   98    0    0   91   99    0    0    0   95    0    0    0   88    0    0    0    0    0    0    0    0   93    0    0    0    0    0   97    0   89    0    0   90    0    0    0   96    0    0    0    0    0    0   84    0   92    0    0    0    0    0   87    0    0    0    0    0    0    0    0    0    0    0    0    0    0    0    0    0    0    0    0    0    0   94    0  
  92    0    0    0    0    0    0    0    0    0    0    0    0    0    0    0   99    0    0    0    0   84    0    0    0   96    0    0    0    0    0    0    0   86    0   94    0    0    0    0   85    0    0   92    0   97    0    0   88    0    0    0    0    0  100    0   89    0    0    0    0    0    0    0   83    0    0   98    0    0    0   91    0    0    0    0    0    0    0    0   87    0   95    0    0    0    0    0    0    0   82    0    0    0    0    0    0   93   90    0  
  99    0    0    0    0    0    0    0    0    0    0    0    0   90    0    0    0    0   98    0    0    0    0    0    0   91    0    0    0   87    0    0    0    0    0    0    0    0    0    0    0   89    0    0    0    0    0   96   97    0    0    0   93    0    0   86   83    0    0    0   85    0    0    0    0    0    0    0   92   84    0   95   82    0    0    0    0    0    0    0    0    0    0   88   83    0  100    0    0    0    0    0    0   94    0    0    0    0    0    0  
   0    0   94   97    0    0    0    0    0    0    0   93    0    0    0   83    0    0    0    0    0    0    0    0    0   91    0   82    0    0    0   85    0    0    0   89    0    0   92    0    0    0    0   84    0    0    0   88   86    0   96    0    0    0    0    0    0    0    0    0   98    0    0    0    0    0   95    0    0    0    0    0    0    0    0    0  100    0    0   99    0   87   90    0    0    0    0    0    0    0    0    0    0   95    0    0    0    0    0    0  
   0    0   99    0   82    0    0   94    0    0   96    0    0   91    0    0    0    0    0    0    0    0    0   90    0    0    0    0    0    0   89   98    0    0    0  100    0    0    0    0    0    0    0    0    0    0    0   84    0    0   92    0    0    0    0    0    0    0    0    0   86   91    0    0    0    0    0    0    0    0   93   85    0    0    0    0    0   88    0    0    0    0    0    0   97    0    0    0   95   87    0   83    0    0    0    0    0    0    0    0  
  96    0    0    0    0    0    0    0    0    0    0    0    0    0    0    0    0    0    0    0    0    0   98    0    0    0    0    0    0    0    0    0   93    0    0   97    0    0    0    0    0    0    0   94   87   92    0    0   99    0    0   97    0    0    0    0   90    0    0    0    0    0   84    0    0   91    0    0    0   88   85    0    0    0    0    0    0   95    0    0    0    0    0    0   89    0    0   83   82    0    0    0    0    0    0    0  100    0   86    0  
  97    0    0    0    0    0    0    0    0    0    0    0    0   94    0    0   95    0   85    0    0    0    0    0    0   90   86    0    0    0    0   96    0    0    0    0    0    0    0    0   83    0    0   96   82   92    0    0   98    0   87    0    0    0    0    0    0    0    0    0    0    0    0    0    0    0    0    0    0    0   84    0    0   99    0    0   93    0    0    0    0    0    0   91    0    0    0    0    0    0    0    0   89    0  100   88    0    0    0    0  
   0    0   82    0    0    0    0    0    0    0   84    0    0   94    0    0    0   87    0    0    0    0   95    0    0    0    0   98    0   92    0   88   83    0    0    0    0    0    0   86    0    0    0    0    0    0   90    0    0   89   85    0    0    0   93    0    0    0    0    0    0    0    0    0    0   99    0    0    0    0   96  100    0    0    0    0   91   97    0    0   97    0    0    0    0    0    0    0    0    0    0    0    0    0    0    0    0    0    0    0  
   0    0    0    0    0    0    0    0    0    0   97    0    0    0    0    0    0    0    0   94    0    0    0   92    0    0    0   87    0    0    0    0    0    0   95   82    0    0    0    0    0    0    0    0   83    0   86   96    0   93    0    0   99    0    0    0   89    0    0   84    0    0    0    0    0    0    0   85    0    0    0    0   91   98    0    0    0    0  100    0    0    0    0    0    0   87    0    0    0    0    0    0   90    0    0    0    0    0   88    0  
   0    0    0    0   97    0    0    0    0    0   84    0    0    0    0    0    0    0    0   95    0    0   88  100    0    0    0    0    0    0    0    0    0    0    0   91    0    0    0    0    0   90    0    0   89    0   92   85    0    0    0    0    0    0    0    0   84    0    0    0   82   94   99    0    0    0    0    0   93    0   83    0    0    0    0   98    0    0    0    0    0    0    0    0    0    0    0    0    0    0    0    0    0   96    0   86   87    0    0    0  
   0   95  100    0   83   89    0    0    0   96   87    0   93   91    0   88    0    0    0   82    0    0    0    0    0   86    0    0    0    0    0    0    0    0    0    0    0    0    0   99    0    0    0    0   97    0    0    0    0    0    0    0    0    0    0    0    0   94    0    0  100    0    0    0    0    0    0    0    0    0   92    0   84    0    0    0    0    0    0    0    0    0    0    0    0    0    0    0    0    0    0    0    0    0   85   98    0   90    0    0  
  95   82    0    0    0    0   84    0    0    0    0    0   97    0    0   91    0    0    0   98   85    0    0    0    0    0   86    0    0    0    0    0    0    0    0    0   99   92    0    0    0    0    0    0    0    0    0   96    0    0   89    0   94    0    0    0    0    0    0    0   83  100    0    0    0    0    0    0    0    0    0   88   90    0    0    0    0    0    0    0    0    0    0    0    0    0    0    0    0    0    0    0    0    0    0    0   99   93   87    0  
   0    0   95    0   85    0    0    0    0    0    0    0    0    0   84    0    0    0    0    0    0   94    0    0  100   96    0    0    0   87    0    0    0    0    0    0    0    0    0    0   86   82    0    0    0    0   91    0    0    0   89    0    0    0   90    0    0    0    0    0    0    0    0    0    0    0    0    0    0    0    0   99    0   88   92   98    0    0    0    0    0    0    0   93    0    0    0   83    0  100    0    0    0    0    0   97    0    0    0    0  
   0    0    0    0    0    0    0    0    0    0    0    0    0    0    0    0    0   93   83    0   82    0    0    0    0    0    0    0    0    0   91    0    0    0   87    0    0    0    0   84    0    0    0   92    0    0   98    0  100    0    0    0    0    0    0    0    0   88    0   94    0    0    0    0    0   95   89    0    0   96    0   84    0    0    0    0   86    0    0    0   90    0    0    0    0    0    0    0   99    0    0    0   85    0    0   97    0    0    0    0  
  89    0   91    0   94   90    0    0   86    0    0   90    0    0    0    0   88    0    0    0   82    0    0    0    0    0    0    0    0   84   85    0    0    0    0    0  100    0   99    0    0    0    0    0    0    0    0    0    0    0    0    0    0    0    0    0    0    0    0    0    0    0    0    0    0   96    0    0    0    0   87   92   97    0    0    0   83    0    0    0    0    0    0    0    0    0    0   93   95    0    0   98    0    0    0    0    0    0    0    0  
   0    0    0    0    0    0    0    0    0   92    0   96    0    0    0    0   82   86    0    0    0    0    0    0    0    0    0    0    0    0    0    0    0    0   88    0   91    0    0    0   94    0    0    0    0    0    0    0    0    0    0    0    0    0    0   87    0   93    0    0    0    0    0   85    0   89    0    0    0    0    0   97    0    0    0    0  100    0   90   95   84    0    0    0    0   83    0    0   88   99    0    0    0   98    0    0    0    0    0    0  
   0    0    0    0    0    0    0   94    0    0    0   88    0   87    0   92    0    0   91   95   97    0   99    0    0    0    0    0    0    0    0    0    0    0    0  100    0    0    0   98    0   83    0    0    0   82    0    0   96    0    0    0    0    0    0    0    0    0    0    0    0    0    0    0    0    0    0   86   85    0   90    0    0   89    0    0    0    0    0    0    0    0    0    0    0    0    0    0    0   90    0   93    0    0    0    0    0   84    0    0  
  92    0    0    0    0   93    0    0   82    0    0    0    0    0    0   90    0    0    0    0    0    0    0    0    0    0    0   96   85    0    0  100    0    0   95    0    0    0    0    0    0    0    0   87   97    0    0    0   89   91    0    0    0    0    0    0    0    0   86    0    0    0    0    0    0    0   99    0    0    0    0    0    0    0    0    0   88    0    0    0    0   88    0    0    0    0    0    0    0    0    0   83   84    0   98    0    0   94    0    0  
   0    0    0    0    0    0   98    0    0    0    0    0   88    0    0    0    0    0    0   99    0    0    0    0  100    0    0   97    0   94    0    0    0    0    0   92    0   86    0    0   93    0    0    0    0    0    0   95    0    0    0    0    0   85    0   87   89    0    0    0    0   83    0    0    0    0   84    0    0    0    0    0    0    0    0   96   86    0    0    0   82    0    0   91    0    0    0    0   90    0    0    0    0    0    0    0    0    0    0    0  
   0    0    0   87    0    0    0   88    0    0    0    0    0    0    0   95    0    0    0    0    0    0    0   84    0    0    0    0    0    0   85    0    0    0    0    0    0  100   97    0   99    0    0    0    0    0    0    0    0    0   82    0    0    0    0    0    0    0   92    0   90    0    0    0    0    0    0    0    0    0    0   89    0   83   94    0    0   97    0    0    0    0   93    0    0   98    0    0   86   96   91    0    0    0    0    0    0    0    0    0  
   0    0    0    0    0    0    0    0    0    0    0    0    0    0  100    0    0    0   97    0    0    0   95    0    0    0    0   90    0    0   87    0    0    0    0    0    0    0    0    0   93    0    0    0   89    0    0   86    0    0    0   85   89    0    0   84    0    0    0    0    0    0   88    0    0    0    0   82    0    0    0    0   94    0    0    0    0   98   83    0    0    0    0    0    0    0    0    0    0   92    0    0    0   91    0    0    0   99    0   96  
   0   91    0    0    0    0    0    0    0    0    0    0    0    0   95    0    0  100    0    0    0    0    0    0   89    0    0    0    0    0    0    0    0    0    0   93    0   92    0    0    0    0    0    0    0    0    0   86    0    0    0   98    0   97   84    0   99    0    0    0    0    0   94    0    0   92    0    0    0    0    0    0    0    0   90    0   82    0    0    0    0    0    0    0    0    0    0   85    0    0   88    0   83   87    0    0    0    0   96    0  
   0    0    0    0    0   87    0    0    0    0    0    0    0    0    0    0    0    0    0    0    0    0    0    0   86    0   90   98    0    0    0    0    0   82    0    0  100    0    0    0   93    0    0    0    0    0    0    0    0    0    0    0    0    0   95   94    0    0   97    0    0   84    0   89    0    0    0   96   92    0    0    0    0    0   91    0    0    0   83    0    0    0    0   89    0    0    0    0   85    0    0    0    0   88    0    0   99    0    0    0  
  84    0    0    0   88    0    0    0    0   87    0    0    0    0    0    0    0    0    0   92    0    0    0   99    0    0    0   89    0    0    0   90    0    0   93    0    0   96   87    0    0    0    0    0    0    0   85    0   97   94    0    0    0    0    0    0   82    0    0    0    0    0    0    0    0   86    0    0    0    0    0    0   91    0    0    0    0    0    0   83  100    0    0    0    0    0    0    0    0   95    0    0    0    0    0    0    0    0   98    0  
  84    0    0    0    0    0   90   86    0   97    0    0    0    0    0    0    0    0    0   87    0    0    0  100    0    0   85    0    0    0    0    0   96    0   96    0    0   92    0    0    0    0    0    0    0    0    0    0    0    0    0   82    0    0    0    0    0    0   98   89    0    0    0    0    0    0    0    0    0    0    0   83    0    0    0    0    0   94   93    0    0    0    0    0    0    0   99    0   91    0    0    0    0    0    0    0   95    0    0   88  
   0    0    0    0    0    0    0   98    0    0    0    0    0    0    0    0   85   90   94    0    0    0    0   93   99   86    0    0    0    0    0   85    0    0    0    0    0    0   95    0    0   97    0    0   96    0    0    0   87    0    0    0    0    0    0    0    0    0   84    0    0    0   82    0    0   88    0    0    0    0    0    0    0    0    0    0    0    0   92    0   91    0  100   89    0    0    0    0    0    0    0    0    0    0    0    0    0    0   83    0  
   0   88    0    0    0   92    0    0   98    0    0    0    0    0    0    0    0    0    0    0    0    0    0    0    0    0    0    0   94    0    0    0    0    0   97    0    0    0    0    0  100    0    0    0   85   96    0    0   99    0    0    0    0   84    0    0    0    0    0    0    0    0    0    0   82    0   86    0    0    0    0    0    0    0    0   95    0   89   87    0    0    0   93    0    0    0    0    0   89    0    0    0   90   83    0    0    0    0    0   91  
   0    0    0    0    0    0    0    0    0    0   98    0    0    0   95   89    0    0    0    0    0    0   94    0    0    0    0    0    0   90    0    0    0    0    0   91   96    0    0    0    0    0    0    0    0    0    0    0    0   98   85    0    0    0    0    0   86    0    0    0    0    0    0    0    0    0    0    0    0    0   82    0    0   97    0   92  100    0    0    0   88    0    0   93    0    0    0    0    0    0   84   83    0    0   87    0    0    0    0   99  
   0    0    0    0    0    0   86   88   95    0    0    0    0    0    0    0    0   99    0   83    0    0    0    0    0    0    0   84    0    0    0    0    0    0    0    0    0   87    0    0   96    0    0    0    0    0    0    0   98    0   93    0    0    0    0    0    0    0    0    0    0    0   84   89    0    0    0    0    0    0    0  100    0    0   82    0    0    0   91    0    0   92    0   97    0   90   85    0    0    0    0    0   94    0    0    0    0    0    0    0  
  91    0    0    0    0    0    0    0    0    0    0    0   92    0    0   82    0    0    0    0   88    0    0    0   93    0    0    0    0    0   86    0  100   97    0    0    0    0    0    0    0    0   83    0    0   94    0    0    0    0   95   87   99    0    0    0   90    0    0    0    0    0    0    0    0    0    0    0   85    0    0    0    0    0    0    0    0    0   89    0    0    0   84    0   89    0    0    0    0    0    0    0    0   98    0    0    0   96    0    0  
   0   90    0    0    0    0    0    0    0    0    0    0    0    0    0    0    0    0    0    0   93    0   96    0    0    0   88    0    0    0   85    0    0    0   89  100    0   86    0    0    0   83    0    0    0    0    0    0   98   92    0   82   94    0    0    0    0    0   97    0    0    0    0    0    0    0    0   91   98    0    0    0    0    0   87   84    0    0    0    0    0    0    0    0    0    0    0    0    0    0    0    0    0    0    0    0    0   95   99    0  
  87   99    0    0    0    0    0    0    0  100    0   88   94    0    0    0    0   86    0    0    0    0    0    0    0    0    0    0    0   85    0    0    0   95    0    0    0    0    0    0   93    0    0    0    0    0    0    0    0    0    0    0    0    0    0    0    0    0    0    0    0   84    0    0    0    0    0   92    0    0    0   96   98    0   90    0    0   91    0   83    0    0    0    0    0    0    0    0   94    0    0    0   97   82   89    0    0    0    0    0  
   0  100    0   84   95    0    0    0    0    0    0    0   87    0    0    0    0    0    0   94   86    0    0   93    0   82    0    0    0    0    0   91    0   98    0    0    0    0    0    0    0    0   96    0    0    0    0   82    0    0    0    0    0    0    0    0    0    0   90    0    0    0    0    0    0    0    0    0    0   92    0    0    0    0    0    0    0   97    0   99    0    0    0    0    0    0   85    0    0    0    0    0   83    0    0   89    0   88    0    0  
  84    0    0   99    0   98    0    0    0    0   92    0    0    0   83    0    0    0    0    0   95    0    0    0    0  100   93    0    0    0   98    0    0    0    0    0   88    0    0   89    0    0    0    0    0    0    0    0   91    0    0    0    0    0    0   82   94    0    0    0    0    0   90    0    0    0    0    0    0   96    0    0    0    0   85    0    0    0    0    0    0    0    0    0   97    0    0    0    0   87    0    0   86    0    0    0    0    0    0    0  
  87   99    0    0    0    0    0    0    0    0    0    0    0    0    0    0    0   97   94    0    0   91    0    0   84    0    0    0    0    0    0    0    0    0    0    0    0    0    0   93    0   85    0    0    0    0    0   95    0    0   86    0    0    0    0    0    0   87    0    0    0    0    0    0    0    0  100    0   83    0    0    0   89    0    0    0    0    0    0    0    0   92    0    0    0    0   96   98    0    0   82    0   90    0    0    0   88    0    0    0  
   0    0   97   84    0    0    0    0    0    0    0    0   99    0    0    0    0    0    0    0    0    0    0    0    0    0    0    0    0    0   89    0    0    0   86    0    0   93    0    0    0    0   87    0    0    0   85  100    0    0    0    0   96    0    0   92    0    0    0    0    0    0    0    0    0    0    0    0    0    0    0    0    0    0   94    0    0   90    0    0    0    0   95   82    0    0    0    0    0    0    0    0   84    0    0   91   88   98   83    0  
   0    0   88  100    0    0    0    0   89   84    0    0   83    0    0    0    0    0    0    0   90    0    0    0    0    0    0    0    0    0    0    0    0    0   86    0   93    0    0    0    0   94    0    0    0    0    0    0    0    0    0    0    0    0    0    0   82   99   87    0   92   97    0    0   95    0    0    0    0    0    0    0    0    0    0    0    0    0    0   91    0    0    0    0    0    0   92    0    0    0    0    0    0    0   96    0   85    0    0   98  
  87    0    0    0    0    0   83    0   89    0    0   90    0    0   84   85   88   97   99    0    0    0    0    0   86    0    0    0    0    0    0    0    0    0    0    0    0   95    0    0    0    0   98    0    0    0    0   96    0    0    0   92    0    0    0    0    0    0    0    0    0    0    0   94    0    0    0    0    0    0    0    0   82    0    0    0    0    0    0    0   93    0    0    0    0    0    0    0    0    0    0    0  100    0    0    0    0   91    0   91  
   0    0   88    0    0    0   87    0    0    0    0    0    0   96   91    0    0    0    0    0    0    0    0    0  100    0    0    0    0    0    0    0    0    0    0    0    0    0    0    0    0    0    0    0    0    0    0   95   98   83    0   97   92    0   92   99   94   84    0    0    0    0   85    0    0   90    0    0    0    0    0    0   93    0    0    0    0    0    0    0    0    0    0    0    0    0    0    0    0    0   82    0   89    0    0    0    0   86    0    0  
   0    0    0   98    0    0   83    0    0    0    0    0   95    0   89    0    0    0    0    0    0    0    0    0   97    0   91    0    0    0    0    0    0   92    0    0    0    0    0    0    0    0    0    0   93   88    0    0  100    0    0   82    0    0    0    0    0   86   99    0   96    0   90    0    0    0    0    0    0    0    0    0    0   87    0    0    0   85    0    0   94    0    0    0    0    0    0    0    0   84   84    0    0    0    0    0    0    0    0    0  
   0    0    0   99    0   94   96    0    0    0   87    0    0    0    0   87    0    0    0    0    0    0    0   86    0    0    0   85    0   82    0    0    0    0   97    0    0   83   88    0    0    0  100    0    0    0    0    0   92    0    0    0    0    0    0    0    0    0   91    0    0    0    0    0    0    0    0    0    0   93    0    0    0    0    0    0    0    0    0   84    0    0    0   90    0    0    0    0   89    0    0    0   95    0    0    0    0    0    0   98  
  93   87   86   97    0   86    0    0    0    0    0    0    0    0    0    0    0    0   90    0    0    0    0    0    0    0   99    0   89    0   91    0    0    0    0   82    0    0    0    0    0    0    0    0    0    0   85    0    0    0    0    0    0    0    0    0    0  100    0    0    0   84    0    0    0    0    0    0    0    0    0    0   95    0    0    0    0   98    0    0    0   94    0    0    0   92   88    0    0   83    0    0    0    0    0    0    0   96    0    0  
   0    0   98    0    0    0    0    0    0    0    0    0    0    0    0    0    0    0    0    0   85    0    0    0    0    0    0    0    0   97    0    0    0   87    0   94    0    0   82    0    0    0    0    0    0    0    0    0    0   84   91   88    0   93    0    0   92    0    0    0   86   85    0    0   96  100   95    0    0    0    0    0    0    0    0    0   83    0    0    0    0   90    0    0    0    0    0    0    0    0   89    0    0    0    0    0    0    0    0   99  
   0    0    0    0    0    0    0    0    0    0   98    0    0    0   83    0    0  100    0    0    0   87    0    0   85    0   84    0   91   88    0    0    0    0    0    0    0    0    0    0   96    0    0    0    0    0   89    0   97    0    0    0    0    0    0    0    0    0    0    0    0    0   94    0    0    0    0   99   93    0    0    0    0    0    0    0    0   90    0   92    0    0    0    0    0    0    0    0    0    0   84    0   95    0    0    0    0   82   86    0  
  84    0    0   86    0    0    0   88    0    0    0    0    0    0   90    0    0    0    0    0    0    0    0   97  100    0    0    0    0    0    0    0   94    0    0   95    0   83    0   92    0    0    0    0    0    0    0   82    0    0    0    0    0    0    0   85    0    0    0    0    0    0    0    0    0    0    0   87    0    0    0    0    0    0    0    0    0    0    0   89    0    0    0    0    0   93    0   96   98   95   91   99    0    0    0    0    0    0    0    0  
   0    0    0    0    0    0    0    0    0    0    0   82    0    0    0    0    0   96    0    0    0    0   89   86   96    0    0   83    0    0    0    0   91    0    0    0    0   92    0    0   95    0   90    0    0    0   88    0    0    0    0    0   94    0    0    0    0    0    0   93    0    0    0    0    0   99   98    0    0    0    0   87    0   84    0    0    0    0  100    0    0    0   85    0    0   97    0    0    0    0    0    0    0    0    0    0    0    0    0    0  
   0    0    0    0    0    0   98    0    0   85   98    0   82    0    0   86    0    0    0    0    0    0    0    0    0    0    0    0    0    0    0    0    0    0    0    0   87   91    0    0    0   83    0    0  100    0    0    0   97    0    0   94    0   90    0    0    0   92    0   96    0    0    0   88    0    0    0    0    0    0    0   99    0   89    0    0    0    0    0    0    0    0    0    0   95    0    0    0    0    0    0   84    0    0    0    0   93    0    0    0  
   0    0    0    0    0    0    0    0    0    0    0    0    0    0    0    0    0    0    0    0    0    0    0    0    0    0    0   92    0    0    0    0    0    0    0    0   86   82    0    0   93   87    0    0   82    0   88    0    0    0    0    0    0    0   89    0   84    0   97    0    0   90    0   99    0    0   95    0    0    0    0   85    0    0    0   98    0    0    0    0    0    0    0    0  100    0    0    0    0    0    0    0   94   96    0    0    0   91    0   83  
   0    0   91    0   82   87    0  100   90    0    0    0    0    0    0    0    0   95    0    0    0    0   98    0    0    0    0    0    0    0    0    0    0    0    0   88    0   86    0    0    0    0    0    0    0   89    0    0    0    0    0   88    0    0    0    0    0   94    0   92   85    0    0    0   83   97    0    0    0    0    0    0   84    0    0    0   99    0    0    0    0    0    0    0    0    0    0    0   93    0    0    0    0    0   96    0    0    0    0    0  
  98    0    0    0   95    0    0    0    0    0    0    0    0    0    0    0    0    0    0    0    0    0    0    0    0    0    0   88    0   97    0    0    0    0    0    0   82   89    0    0    0    0    0    0   83    0   91    0   86    0    0    0    0   85   91    0    0    0    0   99    0    0    0    0    0    0    0    0    0    0    0    0    0    0    0    0  100    0    0    0    0    0    0    0    0    0    0    0   93    0   87    0    0   84   92   94    0   96   90    0  
   0    0    0   89    0   91    0    0    0    0    0    0    0    0    0    0    0    0    0    0    0    0    0    0   85    0    0    0    0    0   87    0   94    0    0    0    0    0   97    0    0    0   82    0  100    0    0    0    0    0    0    0   99    0   96   83   88    0    0   84    0    0    0   86    0    0    0    0    0    0    0   89    0    0   98   95   93    0    0    0    0    0    0    0   92    0    0    0    0    0    0    0    0    0    0    0    0    0   90    0  
   0    0    0    0   97    0    0    0   84    0    0    0    0    0   91    0    0    0    0    0    0    0   95    0   88   98    0    0    0    0   94    0    0    0    0   92    0    0    0    0   82   85    0    0   96    0    0    0   90    0    0    0    0    0    0    0    0  100    0    0    0    0    0   83   89   90    0    0    0    0    0    0    0    0    0    0    0    0    0   86    0    0    0    0    0    0   99    0    0    0    0    0    0    0   93   87    0    0    0    0  
   0   93   97    0   88   95   82    0    0    0    0   84    0   86   94    0   96    0    0    0   90   92    0    0    0    0    0    0    0    0    0   85    0    0    0   91    0    0    0    0    0    0   99    0    0    0   89    0    0    0    0   88    0    0    0    0    0    0    0    0    0    0   98    0    0    0    0    0    0    0    0    0    0    0    0    0    0    0    0    0    0    0    0    0    0  100    0    0    0    0    0    0    0    0    0   87    0    0   83    0  
   0   96    0    0    0    0    0    0  100    0    0   87   98    0   82   83   97    0    0    0    0    0    0    0    0    0    0    0    0    0    0    0    0    0    0   94    0    0    0    0    0    0    0    0   93    0    0   85    0    0    0    0    0    0    0   88   89    0    0   92    0    0    0    0    0   90    0    0    0   95    0    0    0    0    0    0    0    0    0    0    0    0    0   99    0    0   84    0    0   91    0    0    0    0    0    0   86    0    0   94  
   0    0    0    0    0    0    0    0    0    0    0    0    0   96   84    0    0    0    0    0    0   99    0    0    0    0    0    0   85    0    0   92   88    0    0   91    0    0    0    0    0   87    0    0    0    0    0    0   86    0    0   83    0    0    0    0   93   97   95    0    0    0    0   94   98    0   89    0    0    0   91    0    0    0    0   82    0    0   90    0    0    0    0  100    0    0    0    0    0    0    0    0    0    0    0    0    0    0    0    0  
   0   94    0    0    0    0    0    0    0    0    0    0    0   96    0    0   98   86    0    0    0    0    0   92    0    0   85    0    0    0   97    0    0    0    0    0    0   89    0  100    0    0    0    0    0    0    0    0   92    0   93    0    0    0    0    0   84    0    0   88    0    0    0    0    0    0    0    0    0   82    0   91   83    0    0    0   90    0   87    0    0    0    0    0    0    0   95   99    0    0    0    0    0    0    0    0    0    0    0    0  
   0    0   97    0    0    0    0    0    0    0    0    0    0  100   93    0    0    0    0    0    0    0    0    0    0    0   95    0   97    0   82    0   87    0   85    0    0    0    0    0    0    0    0    0    0    0    0    0    0    0   88    0    0    0    0    0    0    0    0    0    0    0    0    0    0    0    0    0   99    0    0    0    0   90   83   98    0    0    0    0    0    0    0   94   96   89    0    0   86   91   92    0    0    0    0    0   84    0    0    0  
   0    0    0    0    0    0    0    0    0    0    0    0    0    0    0    0    0    0    0    0   95    0    0   96    0    0    0    0    0    0    0    0    0   91    0    0   89    0   90    0    0    0   88    0    0    0    0    0    0   83    0   92    0   84   93    0    0    0    0   98   85    0    0   94    0   99   82    0    0    0    0    0    0    0    0    0    0   87    0    0    0    0    0    0    0  100    0    0    0    0    0    0    0   98   97    0    0    0   86    0  ] 
BUDGETS : [    2    7   13   15   22   24   25   34   34   36   37   54   56   57   59   60   62   69   71   72   74   74   75   75   75   77   78   81   85   89   90   91   94   95   99  100  102  103  105  107  107  111  114  116  118  124  124  124  126  128  134  134  134  136  139  140  141  142  143  143  143  144  145  146  148  148  148  149  152  155  157  160  161  165  165  169  170  171  172  173  174  177  178  183  184  184  186  186  188  189  189  190  190  193  193  193  195  196  199  200  ] 
