K : 100
I : 50
PREFERENCES : [   17   50   22    7   14   48    8   10   33   31   34   41   28   12   11   31    9    6   27   37   30   13   43   24   39   15   40   25   38   19   47   23   45   29   46   12   36   20   35   26   43   42   21   18   16   44   32   49   40   27  
  42   25   13   28    7   24   33   47   16   13   29   34    9   37   10   18    8   35   19   38   17   30   13   44   48   27   15    9   19   43   32   40   23   46   36   11   12   50   30   14   26    6   45   20   22   41   21   49   39   31  
  45   19   50   17   19   23   22    7   18   41   16   39   34   42   47   12   46   43   44   32   20   33   35   48    6   40   48   26   11   10   21   13    8   25   31   38   14   16   48   10   49   30   37   36   29   15    9   24   28   27  
  30   31    8   28   27   40   14   42   38   19   26   25    6   43   50   32   20   16   12   18   15   37   21   46    9   45   17   13   11   24   25   10   36   48   35   23   41   34    7   22   47   36    6   23   39   33   15   49   29   44  
   8   49   42   38   40   39    9   15   31   43   11   22   36   21   37   35   14   47   10   44   23   33   32   50   19   30    7   20   50   27   17   34   45   12   26   25   48   17   41   23   24   46   16   18   41   29   13    6   11   28  
  10   41   30    9   39   23   12   20   14   15   32   37   21   45   50   49   46   40    8   16   48    6   35   24   25    7   43   17   28   38   16   13   27   19   34   31   33   26   47   18   11   29   47   44   22   19   36   19   37   42  
  11   12   47   44   39   22   42   43   10   29   28   26   27   32   16   45   35   46    8   48   25   37    9   28   14    6    7   21   13   30   33   15   19   23   50   17   36   36   24   18   40   34   15   38   38   31   41   20   49   36  
  18   43   17   42   38   34   28   35    8   27    7   21   39   14   19    7   46   30   48   37   22   27   29   20   36   10    6   32   16   44   40   25    9   23   15   33   24   29   45   26   47   41   25   12   50   31   49   11   41   13  
  18   25   30   47    9   37   46   30   31    6   45   15   40    8   19    9   38   35   21   27   24    7   29   45   42   44   28   33   49   34   10   11   41   22   14   26   13   16   48   12   50   20   17   25   32   23   36   16   39   43  
  44   23   49   24    7   19   38   41   13   11   14    8   12   32   33   16   21   46   29   45   40   25   17   36   21   47   22   30   15   30   34   28   39    9   37   43   35   20   45   31   44   27   48   18    6   12   50   26   42   10  
  36   21   40   17    8   37   25   15   22   20    7   27   10   42   35   45   46   43   41   26   17    9    6   49   40   33   19   23   29   44   38   31   27   30   12   47   34   50   14   48   24   13   28   16   18   25   39   32   32   11  
  33   10   37   19   41   47    6   16   45   12    8   25   21   32   24   27   17   34   13   36   15    9   46    7   11   31   23   39   37   28   44   22   43   49   40    7   20   26   35   50   30   38   37   29   14   18   25   48   42   12  
  36   48   21    7   45   42   36   29   13   34   11   26   39   15    9   44   29   17   38   46   24   16   14   32    6   18   27   28   23    8   33   30   37   25   50   36   22   47   18   19   40   10   12   20   43   18   41   31   49   35  
  29   35    6   14   44   10   47   32   23   37   27   48   50   40   18   36   17    7    9   46   43   34   16   15   13   32   22   41   42    8    9   25   49   11   24   21   33   31   28   32   30   20   26   39   12   45   13   19   38   27  
  28   11   24   23   45   12   12   13   48   21   40   31   10   43   33    8   21   30   16    6   34   46   35   50   44   25   18    7   26   38   41    9   21   37   27   17   29   47   32   36   23   39   29   15   22   20   42   49   19   14  
  43   38   17   20   31   19    6   18    7   44   35   30   10   23   16   27   15   16   37   46   21   24   36   41    9   47   26   10   34   50    8   40   49   12   22   45   43   28   11   48   32   24   13   14   33   42   29   25   32   39  
  46   13   20   30   11   26   37   14   15   36   27   25   21    8   12   24   40    9   29   48   34   31   21   41   23   14   47   33   28   18    9   19   22    7    6   39   35   38   45   16   10   43   40   44   42   32   17   49   50   26  
  40   21   39   18   41   10   13    9    8   50   24   14   28   26   12   17   49   10   25   33   38    7   46   30   47   43   36   45   16   27   20   21   44    6   37   35   23   13   42   22   32   48   19   31   29    8   11   15   13   34  
  25   20   27   21   13   34   40   38   44   16   47   23    8   48   31   15   36   41   29   20   14   22   11   37   45   28   10   26   50   35   24   30   29   49   39   42   46   19   32   30   43   17   33    9   18   42   12    7   33    6  
  11   49    9   27   14   41   10   35   29   30   33    8   24   43   37   36   13   20   42   16   48   40   17   38    7   47   49   50    6   26   29   23   22   12   39   28   18   41    6   32   34   46    9   19   31   21   25   44   45   15  
  40   11   34    6   13   30   18   48    7   21   29   19   27   16   15   25   50   14   31   26   23   45   20   24   37   45   42   47   41   38   43   46    9    8   38   44   28   10   49   49   10   17   12   29   35   33   32   39   36   22  
  10   29   50   30   26   34   44   43   25   35   39   12   27   36   47   40   21    9   24   16   28   42   20   37   19    6   11   46    8   37   34   33   28   14   49   38   13   18   45   17   32   22   32   19   48   41    7   31   23   15  
  50   32   13   47   41   44   31   34   39   45   22   15   24   46   23   17   43   42   28    8   18   40   49   48   36   25   26   32   27   12   33   20   29   21   20   20    7    6   14   37   33   35   19   11   38   10    9   37   30   16  
   8   19   41   24   15   18   22   47   19   34   21   24   31   11   23   38   14    7   43   37   27    9   44   40   28    7   49   48    6   45   35   33   42   36   38   25   10   13   32   39   16   50   17   46   26   30   43   29   12   20  
  40   50   14   44   45   17   22   28   13   41   30    7   35   32   49   29   36    7   24   39   13   47   15    6   37   13   42   15   23   26   20    9   25   34   46   38   11   27   16   19    8   21   13   10   33   43   48   18   12   31  
  25   30   14   16    7   47   17   49   40   48   18   12   37   22   31   43   40   27   23   34    9   32   37   24   42   33   29   28   21   44   13   10   26   35   46   42   20    8   45   19   34   36   15   39   41   43   11   50    6   38  
  27   17   36   34   16   46   29   30   48   13    8   19    9   38   21   33   41   25   49   10   28   44   12   18   35   22    7   50   28   20   31    6   40   39   11   43    6   47   42   24   26   33   15   23   45   32   18    9   37   14  
  33   32   26   48   12   17   14   40   27   43    9   11   45   44   15   31   24   23   46   36   21   10   19   47   44   31   11   22   49   34   32   20   22   29   13   39   28   38   41   35   18    8   25   42    6   37   30   16   50    7  
  18   34    9   27   37   15   19   44   33   45   26   17   35    8   21    6   42   43   49   49   27   36   38    7   28   29   14   20   11   46   12   39   41   32   50   24   14   15   22   31   13   25   42   16   30   47   10   40   23   48  
   8   33   42   20    9   39   10   24   25   44   48   32   27   18   21   34   35   49   13   26   37   45   23   31    6   24   20   46   12   46   17   41   30   40   22   14   29    7   38   20   36   28   16   47   15   19   20   50   11   43  
  14   34    9   10   50   33   50   16   27    8   11   46   35   35   47   29   33   19   45   18   25   24   39    6   30   26   32   17   28   42   15   33    7   31   37   38   36   22   21   43   23   41   44   12   48   13   20   40   49   49  
  27   44   49   21   28   12   26   36   38   30   29    8   42    6   39   23   35   47    8   49   31   17   40   41    9   48   19   48   10   43   22   34   24   33   37   16   46   11   45   20   25   13   18   14    7    8   32   50   35   15  
  26   42   39   20   34   44   11   41   25   34   50   18   32   31   21   17   16   38   40   23   15    8   36   13   30    7   10   19   28   45   24   22   47   33   46   14   49   29   43   12   32   48   35   23   39    6    9   27   37   38  
   6    8   23   36   20   13   43   49   26   50   48   40   34   24   31   35   17    9   37   25   18   22   19   33   32    7   30   24   37   45   38   42   21   44   46   37   10   13   14   27   41   11   47   28   12   29   17   15   39   16  
  13   38   27   19   34   14   15   40    9   47   23   48   24   31    8   33   27   30   39   44   11   18   29   10   43   45    7   44   26   35   38   42   46   12   35   37   36   49   41   17    6   21   25   28   16   22   15   50   20   32  
  33   13    8   48   21   46   28   39   38   24   44   14   43   35   11   40   32   25   45   28   41   48   34   16    9   37   47   19   31   28   29   17   18   46    7   22   49    6   50   36   12   20   10   30   23   15   42   27   41   26  
  20   33   48    9   50   15   37   31   13   13   35    8   34   13   16   42    6   12   32   17    7   29   14   11   47   44   45   43   18   39   10   36   21   46   27   23   37   30   25   22   33   26   24   19   41   38   49   23   40   28  
  22   40   20   12   30   22   43   49   35   33   31   37   25   15   48   17   49   36   44   32   10   28   38   39   41   26   26   19   29   42   11   14    7   10   27   50   23   46   34    8   21   18   47   45   13    9   24    6   16   46  
  28   31   37   21   10   35   41   43   17   48   44    6   50   32   33   11   12   16   39   40   15   36   26   42   29   26   45   34   22   18   23   38    9   13    7   27   49   46   19   25   47   24   30   14   22   10    8   20   14   26  
  19   38   15    9   30    8   48   47   29   21   49   31   40    7   14   31   43   20   14   10   30   41   23   27   39    6   25   12   29   17   16   42   50   22   26   45   24   18   46   28   32   44   39   11   36   33   37   13   34   35  
   7   46   11   44    6   24   36   25   18   43   20   21   49   24   42   27    6   14   19   48   26   45   31   30   28   15   34   35   27   32   41   39   40    9   17   10   13   50   16   16   33   37    8   47   22   29   12   23   31   38  
  29   47   22   21   18   40   45    7   41   49   26   31   43    9   36   32   48   35   20   31   17   42   46   19   34    8   33   38    6   11   46   37   14   49   10   30   50   39   13   37   16   25   28   15   24   12   23    9   27   44  
   9   22   33   42   44   37   21   41    6   36   13   24   28   48   20   13   31   15   47   12   23   10   48   46   25   50   16   40   26    7   14   32   18   10   19    8   49   34   35   43   11   45   17   30   41    8   29   27   38   39  
  46   45   26   29   38   14   33   15   49   18   37   22   44   43   17   47   24   13   41   12    6   39    9   19   10   34   50   11   36   37   32   23   35   27   10   21   42   48   40   20   46   37   28    8   31   25   34   30   16    7  
  20   25   21   30   25   40   44   31    7   50   16   41   28   42   13   37   27   39   15   26   32   22   48   45   30   33   19    8   14   23   43   50   24   47   17   11   10   38   29    6   44   46    9   12   36   23   49   35   18   34  
  45   16   23   40   23   19   49   29   11   17   50   15   46    9   18   30   28   13   34   35   42   26   44   49   12   37   10   22   14   39   24   38   31   25   32   20    7   43   25   21   41   32   36    8   48   27   33    6   41   47  
  33    6    8   12   43   36   17   21   32   20   46   26   39   25   18   41   39   21   27   45   10   38   22   13   35   27   48   28    8   37   15   47   50   29   40   11   49   44   16   34    7   14   42    9   30   38   19   24   23   31  
  35   47   38   33    9   13   24   48   46   28   45   41   34   42   25   19   50   34   23   18   27   17    7   21   16   36   40   37   49   12   48   11   15   39   27   29   31    6   19    8   20   26   22   32   50   43   44   30   10   14  
  30   21   19   18   16    8   44    9   33   38   29   47   10   45    6    6   23   14   17   42   15   34   37   43   49   24   11   48   12   39   13   32   36   26   35   27   12   31   40   24   28   22   50   30   41   20   22   46   25    7  
  14   49   32   16   43   10   34   50   21   28   44   11   48   18   14    6   38   26   40   45   42   25   30   46   47   11   27   39   17   15   29    9   31   23   19   35   20    7   12   33    8   10   11   31   41   36   37   22   24   13  
  11   34   17    6   42   24   33   36   21   38   44   46   10    7   43   47   30   35   28   26   25   19   31   37   20   23   45    6   15   41   49   11   22    9   32   48    8   13   39   18   40   12   16   28   29   22   14   50   21   27  
  27   38   28   35   50   20   32   31   19   24   46   45   39   23    6   29   30   34   42   21   33    9   13   12   48   25   18   22   37   41   17   11   47   44   47   26   49   36    7   15    8   35   10   14   16   43   37   40   25   10  
  20   39   46    6   13   33   38   47   25   16   10   26   15   18   21   14   11   41   38   36   32   28   37   24    8   22   50   40   12   35   29   11   27   30   17   19    7   44   23   45   43   13   48   39   49   42   31   32   34    9  
  31   24   48    8   25   18   19   43   46   27    6   41   14   35   29   50   38   17   40   15   13   33   32   44   30   42   16   36   49   50    7   10   20   31   23   38   28   31   12   21   18   45   34   11   37   22   47   39    9   26  
  44   42   35   24   18   34   33   14   37   43   12   20   19   48   10   21   46   49   28   29   39   26   50   23   16   14   20   27   43   46    6    7   25   36   32    8   22   17    9   41   46   47   11   40   30   15   38   45   31   13  
   7   31   22   30   47   12   14   10   38   29   36   33   49   37   23   34   42   20   13   11   39   24   41   21   17   27   46   25   16   50   30    6   40    9   28   35   45   30   32   18   15   48   43   26   32   44    8   39   47   19  
   7   39   10   30   19   33   43   35   21   31    8   49   42   14   45   32   37   50   24   46   27   23   44    8   22   13   16   20   12   26   34   44    9   15   25   11   46   40   17   38   29   42   47   48    6   28   49   36   18   41  
  11   38   15   32   12   42   25   31   17   33   44   47   49    8   27   36   14   23   26   19   20   46   13   43   48   38   34   41   28   37   50    6   45   21    7   24   22   11   18   29   16    9   49   10   39   19   30   33   35   40  
  38   43   14   34   42   24   15   20   20   25   44   11   29    9   16   21   17   32    8   49   23   50   40   28   48   12    7   13   18   37   35   31   39   19   45   47   30   27   36   41   12   10   26   33   46   50   50    6   22   18  
  35   40   10   32   48   36   20   49   10   41   28   46   33   41   50   47   14   45   15   48   17   31   24   30    7    8   13   34   21   19    9   18   35   37   22   11   44   16   38   27   12   25   35   43    6   29   39   42   26   23  
  12   34   49   24    7   40   48   17   17   35   43   15   22   30   41   10   44   19   26   23   42   13   41   37   36   45   27   28   18   32    8   47   46   21   33   16   38   29   38   14   49    6   39   50   11   31   20    9   25   14  
  46   35   49   15   29   23   39   20   22   42   28   37   45   21   50   30   36   43   48    9   25   10   33   41   14    7   22   42   32   44   17   26   12   29   38   40   18    6   13   31   16   19   24   27    8   45   47   11   34   45  
  14   15   12   47   37   33   10   41   18   42   32    9   19   22   22   42   50   49   38   35   23   46   11   36    6   29   50   45   40   34    7   14   20   30   17   31   39   39    8   48   24   43   26   27   25   13   44   21   16   28  
  28   37   13   13   14   49    6   26   23    7   23   34   13   33   30   16   19   38   15   21   34   47    9   50   22   11   12   29   39   10   43   36   17   20   46    8   44   24   41   31   18   45   42   32   35   25   40   27   48   28  
  22   17    9   10   16   40   49   30   43   20   14   19   48   39   23   14   28   26   24   40    8   33   21   44   42   11    7    6   41   12   27   34   15   45   29   18   31   50   32   15   38   25   46   36   13   35   47    8   25   37  
  28   28   41   39   29   20   31   27   12   14   17   40   16   19   41   25   36   10   48   47   32   43    9   35   11   33    8   18   44   22   28   24   45   48   42   49   46   38   37   23    7   36    6   13   30   15   26   34   21   50  
  29   15   31   10   21    7   27   34    8   22   24   18   47   40   12   44   16   46   11   28   34   31   36   42   26   20   39    6   39   19   13   49   14   30   29   48   25   50   41   43   17    9   32   45   23   38   35   33   26   37  
  40   28   23   39   11    8   25   48   17   43   46   19   13   13   44   38   32   16   42   34   19   14    7   22   24   28   36   15   49   21   47   20   45   37   24   41   30   26   12    9   10   50   29   27    7   31   33    6   35   18  
  48   50   42   44   24   10   49   49   36   46   14   25   40   33    9   26   47   45   17   43   13   41   12   19   20    6   34   23   12   21   18   15   27   35   48   19   28   31    8   38   37   32   22   16    8    7   11   29   39   30  
   8   10   14    6   17   42   24   31   46   49   12   36   23   19   40   34   20   43   15   25   36   22   18   13   36   16   13   27   37   41   45   39   11   44   38   30   35   21   48   32   47   35   50   26   29    9   33    7   15   28  
  48   34   45   24   42   21   39   18   32   10   14   50   15   36   38   28   29   19   44   17   35   13   41    9   47   46   33   30   20   26   44   43   25    7    7   48   31   44   37   12   23   16   39   49   27   11   40    8   22    6  
  19   30   49   15   42   28   36   35   25   11   31   27    8    9   11   41   12   29   18   16   10   46   39   26   44   40   33   28   50   48   43   22   17   38   11   13   21   47   34    6   14   23   20   37    7   45   32   48    8   24  
   9   43    6   24   27   44   47   33   15   22   19   34   21   25   46   48   45    8   38   31   30   41   11   27   29   49   36   20   40   32   10    7   18   26   14   30   12   42   50   17   23   37   41   35   39   13   16   35   28    6  
  15   32   33   14   19   30   16   45   38   40   25   26   49   48   37   29   10   22   13   11    9   39   36   28   44   45   41   18    7   31   43   12   11   15    6   47   21   23   20   34   17   46    8   31   42   27   35   50   24   48  
  11   14   15   28   25   46   37   16   18   34   31   23   35    8   36   26   33   20   49   38   32   41   29   44    6   22   11   17   21   45   10   39   18   40   30   27   13   50   48    9   12   22   19   42    7   43   24   49   47   27  
  17   12   46    8   31   27   49   20   11   36   45   14   19   38   35   47   16   30   33   23   39   42   35   47   37   13   34   29   25   18   28   22   50    9   21   15   40   24   48   26   43   44   32   43    6   12   40   41    7   10  
  19   30   15   49   40   47   23    9   28   11   50   25   29   31   21    6   37   34   42   16   20   32   41   47   23   10   36   22   27   44   46   13   18    7   42   18   14   26   39   38    9   24   17    8   33   45   35   12   48   43  
  50   16   18   27   23   30    7   50   30   22   45   42   12    8   26   47   22    6   32   44   44    9   21   35   11   48   34   10   38   18   19   25   41   40   33   39   15   46   36   43   29   37   24   49   14   17   28   13   20   31  
  17   11   19   33   13   47   35   37   38   43    7   49   14   50   11   11   40   34   15   18   48   42   26    6   46   25   22   39   24   16   19   23   32   28   44    9   36    8   30   41   31   19   29   10   27   12   47   20   45   21  
  14   15   21   29   16   27   39   34   44   37   34   28   41   22   12   23   18   33   42   11   26   43   19   29   39    8   40   17   13   10   49   30   17   38   50   24   36   32   20    9    7   45   46   31   47   37   48   35    6   25  
  11   20    8   28   12   48   44   33   14   45   30   25   17   26    9   32   38   19   21   22    7   10   18   36   23   34   21   49   43   19   42   39   27   29   40   39   37   15   47   35   50   24   36   16   46    6   31   41   13   16  
   8   28   21   30   34    8   22   33   37    6    7   26   24    9   25   11   10   16   29   17   12   40   47   38   13   39   19   42   41   14   50   48   45   15   23   20   33   43   49   16   31   36   27   18   35   32   44   46   26   43  
  41   44   12   10   47   34   28   13   21   11   14   38   39   16   22   26   25    6   31   33   45   42   32   27   48   46   43   37    8    9   40   26   19   49   24   15   34   18   50   17   47   29   36    7   35   30   23   20   31   40  
   9   46   42   18   21   34   48   35    7   37   17   23   44   31   49   11   27   14   39   23   32   16   45   22   43   30   43   40   19   18   29   28   20    8   46   38   13   15   41   25   27   33   36   10   26   24    6   50   47   12  
  46   13   34    8   50   18   40   10   42   29   12   14   25   16   21    7   37   32   36   32    9   35   45   33   28   23   24   31   26   30   41   21   38   27   20   48   44    9   39    6   43   11   47   44   19   15   22   17   22   49  
  16   12    7   30   15   11   22   10   32   25   23   18   44   50    9    7   26    8   46   39   47   14    7   32   35   29   41   38   40   24   28   43   31   13   36   20   49   34   45   21   17   48   37   27   33   19   47    6   42   36  
  48   21   25   31   34   47    7   29   26   39   45   47   20   16   11   32   38   10   19   14   17   15    9   10    6   44    8   18   49   23   24   43   30   28   20   12   27   37   41   48   42   35   36   35   33   46   13   40   50   22  
  34   20   47   31   30   25   19   37   18   42   13   39   45   46    9   38   13   14   21   48   19   29   41   49   27   22   44    8   43   10   15   11   36   24   23   34   50   12   44    6    7   17   16   26   35   28   40   16   33   32  
  43   46   16   23   49   30   38   10   39   19   27   47    8   13   41   29   15    7   16   40   28   22   31   37    9   26   24   42   17   36   33   11   21   25   37   32    6   47   14   12    8   50   35   45   48   20    9   44   34   18  
  19   16   37   43   24   42   38    6   10   30   40   49   47   39   41   48   48   46   45   15   34   29   27   46   25    8   50   20   40   13   23   14   32   21   17   35   35   18   31   28   22   44    9   50   36    7   26   12   33   11  
   6   36   22   25   14   37    7   29   41   35   11   19   48   23   24   13   42   44   40   45   26    8   18   47   31   45   33   34   16   21   39   12   44   50   30   28   10   43   44   46   20   38   15   42   32    9   17   27   49   21  
   8   44   31   13   47   34   19   22   22   17    7   11   43   40   49   37   41   25   39    6   18   16   21   36   14   20   27   45   50   32   31   46   39   44   30   10   33   26   12   35   24    9   38   43   28   15   29   48   42   23  
  34   24    9   44   13   36   19   21   12   33   25   20   28   18   14   38   41   47   26   12   37   22   49   32    7   35   43    8   29   16   14   36    6   31   39   27   10   30   45   50   15   17   33   23   11   48   30   42   40   46  
  23   34   19   18    7   32   41   36   40   26   43   27    8   44   47   31   14   19   37   28   30   17   24   21   10   16   43   36   20   39   42   34   33   50   49   29   46   31   22   15   48   25   12   45   35   38    6    9   11   13  
  48   26    9   19   41   27   37   43   35   18   27    8   13   36   15   40   31   16   49   39   10   27   21   47   29   45   17   42   32   35   30   24   38   12   14   11   50   22   23   16    9   33   28   25   20   44    6    7   46   34  
  41   36   49   33   44   10    6   31   17   45   20   11   38   30   25   46   23    9   34   24   32   12   22   47   48    8   50   14   26   15    7   27   19   35    7   39   28   22   27   43    9   16   21   42   29   40   13   30   18   37  
  22   12   39   27   23   28   44   33   38   21   11   40   39   35   16   34   13   18   19   13   42    9   41   15   46   36   20   49   21   50   30   25   37   47   32   17   45   41    8   50   29   26    6   24   14   48   31   43   10    7  
  26   39    6   41   40    9   50   22   36   16   35   15   45   18   13   28   42   43   32    9   17   37    7   25   30   24   46   39   31   11    8   34   27   21   38   49   23   19   21   12   14   20    7   47   10   44   33   46   48   29  
  13   16   38   30   49   21   15    9   32   36   11   43   42   47   34   25   26   17   33   35   23   31   19   44   29   14   45    9   19   28   24   23   40   39   37   41    7   46   12    8   48   22   27   50   10   20   18    6   12   35  
   6   34   25   23    8   17   47   20   10   16   15   42   33   50   40   31   36    9    7   48   19   45   11   30   31   38   29   35   49   27   37   14   32   46   28    6   12   39   13   21   18   43   26   22   50   22   41   24   44   14  ] 
BUDGETS : [    5   11   20   24   26   27   28   36   36   37   41   43   44   47   51   52   54   55   59   62   69   69   74   76   78   79   80   81   81   82   83   89   89   90   91   93   97   99  100  104  104  104  106  108  110  111  112  113  113  116  117  117  120  122  122  124  124  126  126  127  133  134  137  137  139  139  140  142  142  143  145  147  147  149  150  157  158  159  162  163  169  170  170  170  171  174  175  177  179  182  187  190  190  191  192  193  194  197  197  198  ] 
