K : 100
I : 10
PREFERENCES : [   10    5    8    6    5    4    4    9    5    7  
   7    5    9    6    7    7    7   10    4    8  
   5    4    5    8    9    7    6    4   10    4  
  10    7    8    4    6    9    4    5    8   10  
   9   10    8   10    5    4    7    6   10    6  
  10    5    4    7    6    5    9    8    5    5  
   4    8   10    9    9    5    7    6    4    9  
   8    4   10    5    9    7    6    9   10   10  
   9    7    4    8    7    6    5   10    4    4  
   6    4    9    5    8    4    9   10    7    6  
   9    8    7    6    7    5    9   10   10    4  
   5    4    6    4    4    7    9    8    4   10  
   4    9    6    5    4    8    7   10    4    8  
  10    7    5    6    4    8    9   10    6   10  
   7    6    8   10    7    9    5    4    7    4  
   7    7    5   10    4    6    9    4    4    8  
   6    4    9    8    9   10    4   10    5    7  
   4    8    9    8   10    5    8    6    4    7  
   5    5    8    8    7   10    6    7    4    9  
   5    6    9   10    5    9    4    8    9    7  
   6    9    9    4    7    5   10    8    8    8  
   6   10   10    4    5    4    7    5    9    8  
   9    8    4    8    7   10    7    7    5    6  
  10    9    8   10    6    4    4    7    7    5  
  10    6    5    7    5    8    7    6    9    4  
   7    4    5    9    6    8    6    9   10    4  
   9   10    8    8   10    4    7    5    5    6  
   6    7    8   10    5    4    7    9   10    7  
   5    4    4    5    8    7    6    9    4   10  
   4    4    8    9    6    5    7   10    4    4  
  10   10    6    9    8    7    5    8    5    4  
   7    9    5    4    4    6   10    9    8    8  
  10    7    8    9   10    5    6    4    8    9  
   9    6    7    5    6    5   10    7    8    4  
   7    5    9    8    9    5   10    6    7    4  
   8    6    4    9    5    7   10    4    5    5  
  10    8    8    7    8    9    4    6    5    9  
   5    6    8    6    4    8    7    4   10    9  
   9    9    6    9   10    5    4    5    8    7  
   6    8    6    4    5    5    7    8   10    9  
   4    7   10    5    8    9    5    8    9    6  
   5   10   10    6    4    8    4    9    6    7  
   7    4   10    7    9    8    5    6    6    7  
   4    8    6   10    5    5    9    5    5    7  
   8    7    6    8   10    9    5    9    4    4  
   8    9    5   10    6    7    5   10    6    4  
   9    5    6   10    5    9    4    7    8    8  
  10    4    8    5    9    4    7    4    6    7  
   8    6    8   10    4    5    9    6    5    7  
   6    7    9    5   10    6    4    4    8    4  
   9    9    4   10    8    7   10    8    6    5  
   9    8    4    5    5   10    8    6    4    7  
   4    6    4    9    9    8    7    9   10    5  
   9    6    4   10    9    8    8    7   10    5  
   9    4   10    6    7    8    5    8    9    5  
  10    8    5    7    8    6   10    9    4    7  
   8    4    7    6    7    7    9    5    9   10  
   6    5    7   10    7    9    4    4    5    8  
   9    9   10    5    4    7    8    6    7    7  
   4    8    7   10    9    6    7    9    5    8  
   5    9    4   10    5    6    8    7   10   10  
   4   10    6    7    6    4    8    9   10    5  
   5    8    5    5   10    5    9    4    7    6  
   9    4    6    5    8    9    6   10    7    4  
   5    4   10    9    6    8    4    7    7    9  
   8    8   10    8    4    6    5    7    8    9  
   6    4    7   10   10    5    9    8   10    6  
   8    8    9    7   10    9    8    6    5    4  
  10    9    5    6    7    7    5    7    4    8  
   4   10    9    6    7    9    8    7    5    5  
   5    7    8    9   10    5    9    7    4    6  
   7    4    7    9    8    5   10    6    5    7  
   5    9    9    8    6   10    4    9    7   10  
   9    8    4   10    6    7   10   10    5    8  
   5    5    8    6    7    8   10    4   10    9  
   5    7    8    4    9    7    9    6   10    7  
   9    8    6    7    5    4    6   10    7    5  
   7   10    6    8   10    4    9    5    7   10  
   4    6    8    5    4   10    9   10    4    7  
   7    9   10    5    8    4    5    4    6    9  
   4    8    7    6    9   10   10    5   10    8  
   5    6    4    7    6   10    6    9    7    8  
   8    5    8    6    8   10    8    7    4    9  
  10    6    5    8    8    7    9    9    7    4  
   7   10    8    5    7    4    7    9    6    6  
  10    4    6    8    9    8    5   10    5    7  
   9   10    7    9    8    6    4   10    5    7  
   4    5    6    8   10    6    9    7    6    5  
   8   10    7    9    4    7   10    5    6    7  
   7    8    6    5    5    4    9    9   10    4  
   9   10    7    7    7    8    6    8    4    5  
  10    5    7    9    5    8    5    8    4    6  
   9    5    9    6   10    4    8    8    7    7  
   6    9    7    4    8    5   10    4    7    5  
   8   10    5    9    6    4    9    7    7    5  
   6    5    7    5   10    9    5    7    4    8  
   4    8    7    7    7    9    5    6    5   10  
   8    9   10    4    6    8    5    7    8    9  
   7    6    6   10    6    8    9    4    6    5  
  10    7    4   10    5    9    6    9    6    8  ] 
BUDGETS : [    1    2    3    7    9    9   11   12   13   16   16   19   20   23   25   26   26   28   29   30   30   33   33   34   35   36   38   40   41   43   45   46   49   52   55   55   55   58   60   60   67   72   75   77   77   78   82   87   93   93   94   95   96  101  101  103  106  110  114  114  118  119  121  124  126  127  128  133  133  134  137  141  146  150  152  153  153  154  156  158  161  161  165  167  168  169  171  173  174  176  184  185  186  187  193  195  196  197  198  200  ] 
