K : 100
I : 10
PREFERENCES : [   10    5    8    6    6    2    3    9    4    7  
   7    3   10    4    8    5    6   10    2    9  
   5    3    6    9   10    8    7    2   10    4  
  10    5    6    3    5    8    2    4    7    9  
   7    9    6    8    3    2    5    4   10    3  
  10    6    2    8    7    3    9    8    4    5  
   3    6   10    9    7    4    5    4    2    8  
   5    2    9    2    6    4    3    7    8   10  
   9    6    3    8    7    5    4   10    3    2  
   5    3    8    3    7    2    9   10    6    4  
   8    7    6    4    5    3    8    9   10    2  
   5    4    6    2    2    7    9    8    3   10  
   3    9    6    5    4    9    7   10    2    8  
   8    5    3    3    2    6    7   10    4    9  
   7    5    8   10    6    9    4    2    5    3  
   7    6    4   10    2    5    9    2    3    8  
   5    2    9    7    8   10    3   10    4    6  
   2    8    9    7   10    4    9    5    3    6  
   3    4    7    8    7   10    5    6    2    9  
   4    5    9   10    3    8    2    6    7    5  
   3    9    8    2    4    2   10    6    7    5  
   6    9   10    3    4    2    7    5    9    8  
   9    7    2    8    6   10    5    7    3    4  
  10    8    7    9    4    2    3    6    5    3  
  10    5    3    7    2    8    6    4    9    2  
   6    2    4    9    5    7    5    8   10    3  
   8    9    6    7   10    2    5    4    3    5  
   4    5    7    9    3    2    6    8   10    6  
   5    3    2    5    8    7    6    9    4   10  
   3    4    8    9    6    5    7   10    4    2  
   9   10    5    9    7    6    3    8    4    2  
   6    9    4    2    3    5   10    8    8    7  
   9    5    6    7   10    3    4    2    5    8  
   9    4    7    3    5    3   10    6    8    2  
   6    4    9    8    8    3   10    5    7    2  
   9    7    2    9    5    8   10    3    4    6  
  10    6    6    5    7    8    2    4    3    9  
   4    5    9    6    2    8    7    3   10    9  
   8    7    4    9   10    3    2    4    6    5  
   6    9    5    2    4    3    7    8   10   10  
   2    5   10    3    7    9    4    6    8    4  
   4   10    9    5    3    8    2    9    6    7  
   7    2   10    6    9    8    3    4    5    6  
   2    8    6   10    5    3    9    5    4    7  
   8    6    5    7   10    9    4    8    3    2  
   7    8    3   10    5    7    4    9    6    2  
   9    4    5   10    3   10    2    6    8    7  
  10    3    8    5    9    2    7    4    6    7  
   7    5    8   10    2    4    9    6    3    6  
   7    8   10    5   10    6    4    3    9    2  
   8    8    2   10    7    5    9    6    4    3  
   9    8    2    4    5   10    7    5    3    6  
   2    5    3    9    8    7    6    8   10    4  
   8    4    2   10    9    7    6    5   10    3  
   8    2   10    4    5    6    3    7    9    2  
   9    7    3    6    6    4   10    8    2    5  
   7    2    6    4    5    6    9    3    8   10  
   6    4    7   10    8    9    3    2    5    8  
   9    8   10    3    2    5    7    4    6    7  
   2    8    6   10    9    4    5    9    3    7  
   3    8    2    9    4    5    7    6   10    9  
   2    9    4    6    5    3    7    8   10    3  
   5    8    3    4   10    3    9    2    7    6  
   8    2    6    4    8    9    5   10    7    3  
   4    2   10    9    5    8    3    7    6    9  
   6    7   10    5    2    3    2    4    8    9  
   5    2    6    9   10    3    7    7    8    4  
   6    7    9    5   10    9    8    4    3    2  
  10    9    4    5    6    7    3    6    2    8  
   2   10    9    5    6    9    8    7    3    4  
   3    7    8    9   10    4    9    6    2    5  
   6    2    7    9    8    4   10    5    3    7  
   3    8    8    6    4   10    2    7    5    9  
   7    5    2    9    3    4    8   10    2    6  
   3    4    7    5    6    7   10    2    9    8  
   3    4    7    2    8    5    9    3   10    6  
   9    8    6    7    4    2    5   10    6    3  
   5   10    4    7   10    2    8    3    6    9  
   2    6    7    5    3    9    8   10    4    7  
   7    9   10    4    8    3    5    2    6   10  
   2    7    5    4    7   10    9    3    8    6  
   3    5    2    7    4   10    6    9    8    9  
   6    3    7    4    8   10    6    5    2    9  
  10    4    3    8    7    6    9    9    5    2  
   8   10    9    3    7    2    6    9    4    5  
  10    2    5    7    8    6    3    9    4    6  
   7   10    5    8    7    4    2    9    3    6  
   2    4    5    9   10    7    9    8    6    3  
   8    9    6    8    2    7   10    3    4    5  
   6    7    5    3    4    3    8    9   10    2  
   9   10    6    7    5    8    4    8    2    3  
  10    5    6    9    4    8    3    7    2    5  
   8    3    9    4   10    2    8    7    6    5  
   6    9    7    2    8    4   10    3    7    5  
   8   10    4   10    5    2    9    6    7    3  
   5    3    7    4   10    9    3    6    2    8  
   2    8    7    6    7    9    3    5    4   10  
   7    8   10    2    4    7    3    5    6    9  
   7    5    6   10    3    8    9    2    4    2  
  10    6    2    9    3    8    5    8    4    7  ] 
BUDGETS : [    1    2    3    7    9    9   11   12   13   16   16   19   20   23   25   26   26   28   29   30   30   33   33   34   35   36   38   40   41   43   45   46   49   52   55   55   55   58   60   60   67   72   75   77   77   78   82   87   93   93   94   95   96  101  101  103  106  110  114  114  118  119  121  124  126  127  128  133  133  134  137  141  146  150  152  153  153  154  156  158  161  161  165  167  168  169  171  173  174  176  184  185  186  187  193  195  196  197  198  200  ] 
