K : 100
I : 10
PREFERENCES : [    8    9    9    7    6    7   10    6   10   10  
  10    6    7    6    9    6    9    9   10    8  
   9    6    8   10   10    6    7    9    6    6  
   9    8   10    6    6   10   10    6    7    6  
   9    7    7    6    7   10    9    9    7    8  
   7    7    7    9    7    7    6   10    8    7  
   8    9   10    7    8    6    8    7    7    6  
  10    8    7    6    9   10    9    8    6    9  
   9    6    8    7    9   10    7    6    8    7  
  10    6    7   10   10    9    6   10    8    9  
   8    9    7    9   10    6   10    7    8    8  
   9    6   10   10    8    9    8    6    7    7  
   9    6    9   10    6    9    9   10    8    7  
   9    8    9    7    8    6    8    6    9   10  
   9   10    7    8    6    9    8    7    7   10  
   9    6    7    6    8    8    9   10    6    9  
  10    7    9    9    9    6    8    8    9    9  
   6    9   10    7    8    9    8    7    7   10  
   7    8    9    7   10    6   10   10   10    8  
  10    6    8    9    7    8   10    9    6    8  
   9    6    8   10    8    8   10    8   10    7  
   7   10    6    7    9    7    8    8   10    6  
   9    6   10    6    8    9    7    6    6    9  
  10    8    8    9    9    7    6    6    6    8  
   8    8    6    9    7   10    9    8    6    6  
   6    9    7    8    7    7    7   10    8    7  
  10    9   10   10   10    7    8   10    7    6  
   8   10   10    6    9    9   10    9   10    7  
  10    6   10    7   10    7    8    8    9   10  
   7    8    6    7    6   10    6    7    9    8  
   6    7   10    8    6    7    8   10    9    8  
  10    9    8   10    9    6    9    7    9    8  
  10    8    9    7    6    7    7    8    8    6  
   9    7    8    9    8   10    8    6    9    6  
  10    6    6   10    7   10    9    8    9    6  
   9    9    9    8    7    9    8    6   10    9  
   7    8    6   10    6    9    6   10    9    6  
   7    9    7    8    6    6    6   10    7    7  
   9   10    6    8    8    6    6    8    7    6  
   9    9    6    8    9    9    9   10    7    9  
   7    6   10    9   10    9    9    8    9   10  
   9    9    6    9    8    8    7    9   10    9  
   8    9    9    6   10    6   10   10    7    9  
   6   10   10    7    7    9    6    7    8    8  
  10   10    7    7    9    8    6    6    9    8  
   9    9    8    9    6    9    7    9   10    9  
   8   10    9    9    9    8    7    6    9   10  
  10   10    8    7    9    7    6    9    6    7  
   7   10    9    9    6    8   10   10    9    6  
   8    7    7   10    9    6    8    8    8    9  
   8   10    7    8    8    7    9    7    7    6  
   6    7    9   10    6    6    9    8    6    6  
   8    9    6    6   10    8    9   10    7   10  
   8    6    8    7    8   10    8    8    9    9  
   6    9    7    9    7    9    9    8   10    9  
  10    8    9    8    8    7   10   10    6    9  
   7    9    9    8    9   10    6   10    9   10  
   7    9    8    7   10    9   10    6    6    6  
   9    7    9    6    9   10    9    8    9    8  
   7    9    9    8    6   10    7    9    7    7  
   6    6   10   10    9    8   10    7    9   10  
   8   10    6    6    6    9   10    7   10    8  
   9    6    9   10    7    9    9    6    7    8  
   7    8   10    9    8    8    9    6    8   10  
  10    6    9    8    8    8    8    8    7    8  
   6    8    9    9    7   10    9    6   10    6  
   6   10   10    7    6    9    9    8   10   10  
   6    8    8   10    6    7    9   10    9   10  
   9    9    6    9    7   10    9    8   10    9  
   7    6   10    6    8    6    9    9    9    6  
   6    6    9    8   10    6    7    6    7    6  
   6   10    9    9    9    9   10    8    7   10  
   7    6   10    7    8    8    6    6    9    7  
   7    7    8    9    9   10    6    8    8    7  
   8    8    9    6    7    6    6   10    7    6  
   7    9    9    9    9    9    9    8    6   10  
   8    9    7   10    9    7    7    7    6    7  
  10    9    6    8    7    8    8    9    7    8  
   6    6    8    9   10    8    8    6    6    7  
   7   10    7    7    9    9    7    6   10    8  
   9    9    8    8    9    7    7   10   10    6  
   8    8    8   10   10    6    9    7    7    9  
  10    8    7    8    7    6   10    8    8    9  
   9    9    9    8    7    6   10   10   10   10  
   6   10    8    9    8    6    8    7    7    7  
   7    6   10   10    8    9    8    6    7   10  
   7    8    9    6    8    9    9    7   10   10  
  10    9    9    9    9    9    6   10    7    8  
  10    6    8    8   10    8   10    7   10    9  
   7    6    8   10    6    6    6    9    6    9  
   8    9    7    6    9   10    6    6    6    7  
  10    7   10    7    9    9    7    8    8    6  
   8    6    9    7    8    9    7    9   10    8  
   6    9    6    6    7    8    9    9   10    7  
   6   10    8    7    8   10    9    9    6    8  
   8   10    6    8   10   10    7    9    7    6  
   6    8    7   10   10    7    8    8    9   10  
   7    6    8    9   10    8    9    9    7    8  
  10    6    8    9   10   10    8    6    7    8  
   8    7    6    8    7   10    7    9    7    8  ] 
BUDGETS : [    6    9    9   11   11   12   14   15   17   18   20   22   23   25   32   33   33   35   36   36   38   45   49   49   51   53   56   60   61   67   68   70   70   74   76   78   80   81   83   85  100  104  107  108  108  109  117  119  120  120  121  121  123  126  127  132  133  133  139  139  139  140  141  141  142  142  146  146  148  152  153  153  154  155  155  159  160  160  161  162  163  164  166  166  167  171  172  173  177  179  179  188  188  189  189  190  192  195  195  199  ] 
