K : 100
I : 100
PREFERENCES : [    0   92    0    0   90    0   97   87   88    0    0    0    0    0    0    0    0    0    0   93   86   95   83    0    0    0    0   84    0    0    0    0    0    0    0    0    0    0    0    0    0    0    0    0   98    0    0    0    0    0    0    0    0    0    0    0    0    0    0    0   89    0    0    0    0    0    0    0    0    0    0   85   91    0    0    0   99  100    0    0    0    0    0    0    0    0    0    0    0   84   96    0   82    0    0    0   94    0    0    0  
   0   97   82    0    0    0    0   88    0    0    0   89    0    0    0    0    0   93    0    0    0    0    0    0    0    0   85    0    0    0   92    0    0   95    0   90  100    0    0   96    0   98   83   87    0    0   83    0    0    0    0    0    0   94    0    0    0    0    0    0    0    0    0    0    0    0    0    0    0    0    0   86    0   91    0    0    0    0    0    0    0   99    0    0    0    0    0    0    0    0    0    0    0    0    0    0    0    0   84    0  
  96    0    0    0    0    0   85   83    0    0    0    0    0    0    0    0    0    0    0    0    0    0    0    0    0   93    0    0   89    0    0    0    0    0   92    0   86    0    0    0    0    0    0    0    0  100   93    0    0    0    0    0    0    0   99   82    0   95    0    0    0    0   91   88    0    0    0   90    0    0    0   94    0    0    0    0    0    0    0    0   87    0    0    0   97    0   84    0    0    0    0    0    0    0    0    0    0    0    0   98  
   0    0    0    0    0    0    0    0    0    0    0    0   88   82    0    0    0    0    0    0   83    0    0   96    0    0   93    0    0    0    0   94    0    0    0    0    0    0    0    0    0    0    0    0    0    0    0    0    0    0    0    0   90   95   87   97    0    0    0    0    0   99  100   98    0    0    0    0    0    0    0   85    0    0    0    0    0    0    0    0    0    0    0    0    0    0   91    0    0    0   92    0    0   84   86    0   89    0    0   90  
   0    0    0    0    0    0    0   85    0    0    0    0    0    0    0    0    0    0   82  100    0    0    0   83    0    0    0    0    0    0    0    0   97    0   91    0    0    0   86    0    0    0    0    0   95    0    0    0    0    0    0    0   93    0   90    0    0    0   84    0    0    0   96    0   88    0    0    0    0   89    0   87    0    0    0    0    0    0    0    0   93    0    0    0   98    0    0    0    0    0    0    0    0    0   92   99    0   94    0    0  
   0    0    0    0    0    0    0    0   94    0    0   93    0    0    0    0    0   86    0    0    0    0    0    0    0    0   95    0    0    0   92  100   82    0    0    0    0    0   84    0    0    0    0    0    0    0    0   99   83   89    0    0    0    0    0    0   84   88   87   91    0    0    0    0    0    0    0    0   96    0    0    0   85    0    0    0    0    0    0    0    0    0   97    0    0    0    0    0    0    0    0    0    0    0    0   90   98    0    0    0  
   0    0    0    0    0    0   85    0    0    0    0    0    0  100    0    0   96   91    0   84    0    0    0    0    0    0    0    0   90   93    0    0   89    0    0    0    0    0    0    0   88    0    0    0    0    0    0   92    0   82   86    0    0    0    0    0    0   87    0    0    0    0    0    0    0   83    0    0    0    0    0    0    0    0    0    0    0    0    0    0    0   97    0   94   99   90   98    0    0    0    0    0    0    0    0    0    0    0    0   95  
   0    0  100    0    0   92    0   82   94    0    0    0   86    0    0    0   90    0    0    0    0    0    0    0    0    0   98    0    0   84    0    0    0    0    0    0    0    0    0   82    0    0    0    0   96    0    0    0    0    0    0    0    0   97    0    0    0    0    0    0    0    0   87    0   99    0    0   83   95    0    0    0   91    0   85    0    0    0    0    0    0    0    0   89    0   88    0   93    0    0    0    0    0    0    0    0    0    0    0    0  
   0    0    0    0   85    0    0   93    0    0    0    0    0    0    0    0    0    0    0   87    0    0   95    0    0    0   84    0    0    0    0    0    0    0    0   94    0    0   83   94    0    0    0   92    0    0   82    0    0    0    0   91    0    0    0    0    0    0    0    0    0    0    0    0    0    0    0    0    0    0    0   90    0    0   88    0   89    0    0    0    0    0   97    0    0   86   96    0    0    0    0    0   99    0    0    0   98    0    0  100  
  86    0    0    0    0    0    0    0   90    0    0    0    0   96    0    0   97    0    0    0    0    0    0    0   98    0    0    0    0   88    0    0    0    0   84    0    0    0    0    0    0    0    0   91    0    0    0    0    0   93    0    0    0   95    0    0    0    0    0    0    0    0    0    0    0    0    0    0    0   83    0   90   85   99    0    0    0   89    0  100    0    0    0    0   82    0    0   92    0    0   87    0    0    0    0   94    0    0    0    0  
   0    0    0    0    0   96    0    0    0    0    0   97    0    0    0    0  100    0   82    0   89    0    0    0    0    0    0    0    0    0    0    0    0   86   99    0    0    0    0    0    0   87    0    0   95    0    0   90    0    0    0    0   83    0    0    0    0    0    0   90    0   91    0    0   92    0   94   85    0    0    0    0    0    0   93   98    0    0    0    0    0   84    0    0    0   88    0    0    0    0    0    0    0    0    0    0    0    0    0    0  
   0    0    0   84    0    0    0   96    0    0    0    0    0    0    0    0    0    0    0   85    0   97    0    0    0    0    0    0   95    0    0    0    0    0    0    0    0    0    0    0    0   89    0    0    0   88    0    0    0    0   83    0    0    0   92    0   87    0    0    0    0    0   98    0   99    0    0    0    0    0    0   82    0   93   86    0   91    0    0    0    0    0    0    0    0    0    0    0   90    0   96    0  100    0    0    0   94    0    0    0  
   0    0    0    0    0    0   85   82    0    0    0    0   98    0    0    0   83    0    0    0    0    0  100    0   91   93    0    0    0   89   95    0    0    0    0    0    0    0    0    0    0    0    0    0   88    0    0    0    0    0   89   99   90    0    0    0    0    0   86    0    0    0    0    0    0   94    0    0    0    0   96    0    0    0    0    0   97    0    0    0    0    0    0    0   92   87    0    0    0    0    0    0   84    0    0    0    0    0    0    0  
  98    0    0    0    0    0    0   85   92    0    0   96    0   86   87    0    0    0    0    0    0    0    0    0    0    0    0    0    0    0    0    0    0    0    0    0    0   90    0    0    0   88   99    0    0    0    0    0    0    0    0    0    0    0    0    0    0    0    0  100    0    0    0    0    0    0    0    0   89   96    0    0    0   91    0   84    0    0    0    0    0   95   97   82    0    0    0    0    0    0    0    0    0    0   93    0    0   83   94    0  
   0    0    0    0    0    0    0    0   96    0    0    0    0    0    0    0    0    0   95    0    0   94    0    0    0    0    0    0   92   99    0    0    0    0    0    0    0   84   90    0    0    0    0   93    0    0    0    0    0   98    0   91   82    0    0    0   83    0    0    0    0    0  100   97    0    0    0    0    0    0    0    0   86    0    0    0    0    0    0   88    0    0    0   87    0    0    0   93   89    0    0    0    0    0    0    0    0    0   85    0  
   0    0    0    0   89    0    0    0    0    0    0    0    0    0   93    0    0    0    0    0    0   84    0    0   99   98    0    0    0    0    0    0    0   91    0    0    0   97    0    0   95    0   87    0    0    0    0    0    0    0    0    0    0   92    0    0    0    0    0   86    0    0    0   90    0    0    0    0   83    0    0    0   85  100    0    0    0    0    0   88   94    0    0    0    0   96    0    0   93    0   82    0    0    0    0    0    0    0    0    0  
  94   86    0    0    0    0    0    0    0    0    0    0    0    0    0    0    0    0    0    0    0    0    0   85   91    0   89    0   95    0   99    0    0    0    0    0    0    0    0    0    0   97   96    0    0    0    0    0    0    0    0    0    0    0    0    0   97    0    0    0    0    0    0    0   93    0  100   83    0    0    0   88    0    0    0    0    0    0   90    0   98    0   84    0    0    0    0    0    0    0    0    0   87   92    0    0   82    0    0    0  
  82    0    0    0    0   86    0    0    0    0   92    0    0    0    0    0    0    0   87    0    0    0   93    0    0    0   89    0    0    0    0    0    0    0    0    0    0    0   90    0   94    0    0    0    0    0   84   99    0    0    0   96    0    0   97    0    0   88    0    0    0    0    0    0    0    0    0    0    0    0    0   98    0    0   95    0    0    0    0    0    0    0    0    0    0    0    0    0    0    0    0   85    0    0   91   94    0    0   83  100  
   0    0    0    0    0  100    0    0    0   98    0    0    0    0    0    0   82    0    0    0   88    0    0    0    0    0   90   93   94    0    0   95    0    0    0    0    0    0    0   83    0    0    0   91    0   84    0    0    0   96    0    0   92    0    0    0    0    0    0    0    0    0    0    0    0   87    0    0    0    0    0    0   99    0    0    0    0   91    0    0    0    0    0    0    0   85   97    0    0    0    0    0    0    0    0    0   89    0   86    0  
   0    0   82   95    0    0    0    0   99   92    0    0   93    0   98    0    0    0    0    0    0    0    0    0    0    0   88    0    0    0    0    0   85    0   97   84    0    0    0    0    0   89    0    0    0    0    0    0    0    0    0    0    0    0    0    0    0    0    0    0    0    0   91   87    0    0    0    0    0    0   90   96    0    0    0    0    0   86    0    0    0    0    0   82    0    0    0  100    0    0    0    0    0    0    0    0    0    0   83   94  
  99    0    0    0    0    0    0    0   93    0    0    0    0    0    0    0    0    0   92    0    0    0    0   85   83   96    0    0    0    0    0    0    0   88   90    0   91    0    0   95    0    0   95    0    0    0    0    0    0    0    0    0   97    0    0    0   94    0    0    0    0    0  100    0    0    0    0    0    0    0   84    0    0    0    0    0    0   98    0   89    0    0   86   82   87    0    0    0    0    0    0    0    0    0    0    0    0    0    0    0  
   0    0    0    0    0    0    0    0    0    0    0    0    0    0   88    0    0    0   98  100    0   86    0    0    0    0    0    0    0   97    0    0   94    0    0    0    0    0    0    0    0    0    0    0    0    0    0    0    0   86    0    0    0    0    0    0    0    0   90   99    0    0    0   91    0    0    0    0    0   96    0    0    0    0    0    0    0    0    0    0    0   85    0   83    0   82    0    0   87   93    0   95    0   84    0    0   92    0   89    0  
   0    0    0   82    0    0    0    0    0   96    0    0    0    0   94    0    0    0    0    0    0    0   85    0    0   88    0    0    0    0   85    0    0    0    0    0    0    0   90    0    0    0    0   95    0    0    0    0   98    0   97   83    0   86  100    0    0    0    0    0   91    0    0    0   84    0    0    0    0    0    0    0    0    0    0    0    0   89    0    0    0   92   93    0    0    0    0    0    0    0    0    0   99    0    0    0    0    0    0   87  
   0    0    0    0    0    0    0    0   92   99    0    0    0    0    0    0    0  100    0    0    0   89    0    0    0    0    0   97    0    0    0    0    0    0    0    0   92    0    0   94    0    0   93    0   95    0   88   84    0    0    0    0    0    0    0    0    0    0    0    0   83    0    0    0    0   91   85   87    0   82    0    0   90   98    0    0    0    0    0    0    0    0    0    0    0    0    0    0    0    0    0    0    0   96    0   86    0    0    0    0  
  92    0   82    0    0    0    0    0    0    0    0    0    0    0   86    0    0    0    0   93    0    0    0    0    0    0    0    0    0   94   85    0    0    0    0    0    0    0    0    0    0    0    0    0    0   88    0    0    0    0   94    0    0   87    0   99    0   95    0    0   83    0    0    0    0    0    0    0   91   98    0    0    0    0    0  100    0    0    0    0    0   89    0   97    0   84   96    0    0    0    0    0    0    0    0    0    0    0    0   90  
  92    0    0    0   90    0    0    0    0    0    0    0    0   98   97    0    0    0   83    0    0    0    0    0    0   88    0    0    0    0   89    0    0    0    0   82  100    0    0    0   86    0    0    0   94   93    0   99    0    0    0    0    0    0   87    0    0   85    0    0    0    0    0    0   95    0    0   96    0    0    0   99    0    0    0    0    0    0    0    0    0    0    0    0    0   91    0    0    0    0    0    0    0    0    0    0    0    0    0   84  
   0    0    0   95    0    0   82    0    0    0    0    0    0    0   85    0    0    0    0   88    0    0    0   97    0    0   91    0    0    0    0    0    0    0    0    0    0    0   90    0   92    0    0    0    0    0    0   93    0    0    0    0    0    0    0   98  100    0    0   87    0    0    0    0    0   94    0    0    0    0    0    0    0    0    0    0    0   86    0    0   83    0    0   99    0   84    0    0    0    0    0    0    0    0   89    0    0    0   83   96  
   0    0    0    0    0    0    0    0    0    0   96   83    0   93    0    0    0    0    0    0    0   94    0    0    0    0    0    0  100    0    0    0   97    0    0    0   86    0    0    0    0    0   89   95   84    0    0    0   92    0    0    0    0    0    0    0    0    0    0    0   91    0    0    0    0   85    0    0    0    0    0    0    0   98    0    0    0    0    0    0   82    0    0   88    0    0    0    0    0    0    0   90    0    0   98    0   87    0    0   99  
   0   99    0    0    0    0    0    0    0    0    0    0    0    0    0    0   91   86    0    0    0    0   95    0    0    0    0    0   98    0   89    0    0    0    0    0    0    0    0    0    0    0    0   88    0    0    0    0  100    0    0   94    0    0    0    0    0   83   90    0    0    0    0    0    0    0    0    0    0    0   97    0    0   87    0    0    0    0    0    0   92    0   93    0    0    0    0    0    0    0   96    0   84    0   88    0    0   82   85    0  
   0    0    0    0    0    0    0    0    0    0    0   95    0    0    0   82    0    0    0    0    0   82   87    0    0   91    0    0    0    0    0    0    0    0    0    0   88   83    0    0    0    0    0  100    0    0    0   94    0   96    0    0   89    0    0    0    0   97    0    0    0    0    0    0   85    0    0    0    0    0    0    0    0    0   92    0    0    0   90    0    0    0    0    0    0    0    0    0    0    0   84    0    0   99    0    0   86   93   98    0  
   0    0    0    0    0    0    0    0   89   99    0    0    0    0   91    0   97    0    0    0    0    0    0    0    0    0   84    0  100    0    0    0   92    0    0    0    0    0   90    0    0    0    0    0    0    0    0   82    0    0    0    0   86    0    0    0    0    0    0    0    0    0    0    0    0    0    0    0    0   85    0    0    0    0   94   98    0    0   83    0    0   88    0    0    0    0    0   87  100    0    0    0    0   95    0   96   93    0    0    0  
   0    0    0    0    0   90   83    0    0    0    0    0    0    0    0    0   89    0    0    0    0    0   95   92    0    0    0    0    0    0    0    0    0   85    0   88    0    0    0    0    0    0    0    0   91    0   94    0    0    0    0    0    0    0    0  100    0   86    0   97   87    0    0    0   97   96   98    0    0    0    0   84    0    0    0    0    0    0   82    0    0    0    0    0    0    0    0    0    0    0    0    0   99    0    0    0    0   93    0    0  
   0    0   86    0    0    0    0    0    0   87  100    0    0    0    0   99   90    0    0    0    0    0    0    0   84    0    0    0    0   92    0   91    0    0    0   90    0    0   93    0    0    0    0    0    0    0    0    0    0   95    0    0    0    0    0    0   98    0    0   83   89    0    0   82    0    0    0   96   97    0    0    0    0    0   85    0    0    0    0    0    0    0    0    0    0   88   94    0    0    0    0    0    0    0    0    0    0    0    0    0  
   0    0    0   99   92    0  100    0   86    0    0    0   96   83    0    0    0    0    0    0    0   87   82    0    0    0    0    0    0    0    0    0   94    0   85   95    0    0    0    0    0   91    0    0    0    0    0    0    0    0    0    0    0    0    0    0    0    0    0    0    0    0   93   89   84    0    0    0    0    0    0    0    0    0   94    0    0   88    0    0    0    0    0    0   97    0    0    0    0   98    0    0    0    0    0    0   90    0    0    0  
   0   99   94    0    0    0    0    0    0    0   87    0    0   83    0    0    0    0    0  100    0    0    0    0   97    0    0    0    0    0    0    0   95    0    0   91    0    0    0    0    0    0    0    0    0    0    0    0    0    0    0   98    0    0    0    0   82    0   93    0    0    0    0   96   89    0    0   90    0    0    0    0    0    0    0    0    0    0    0   84   92   88    0    0    0    0    0    0    0   95    0    0   85    0    0    0    0   86    0    0  
   0   84    0    0    0    0    0   91    0   82    0    0    0    0    0    0    0   85   92    0    0   87    0    0   93    0    0    0    0    0    0    0    0    0   97    0    0    0    0   88    0    0    0   90    0   83    0    0   95    0    0    0    0    0   91    0    0  100   94    0    0    0    0   96    0    0    0    0    0    0   99    0    0    0    0    0    0   86   89    0    0    0    0    0   98    0    0    0    0    0    0    0    0    0    0    0    0    0    0    0  
  84    0    0    0    0   90   94   88    0    0   92   82    0    0   91    0    0    0   97    0    0    0    0    0    0    0   96    0    0    0    0    0    0    0    0   96    0    0    0  100    0   85    0    0   98    0    0    0    0    0    0    0    0    0    0    0    0    0    0    0    0    0    0   95    0    0   87   83    0    0   99   93    0    0    0    0    0    0    0    0    0    0    0    0    0    0    0    0    0    0    0    0    0    0   89    0    0    0    0   86  
   0    0   98    0    0    0   96    0    0   90    0   82    0    0    0    0    0    0    0   97    0    0    0    0    0    0    0    0    0    0    0    0    0    0    0    0    0    0   88    0   84    0    0    0   93    0   94    0   91   99   86    0    0    0   83    0    0    0    0    0   92    0   87    0    0    0    0    0    0    0    0    0    0   95    0    0    0   89    0    0    0    0    0    0    0    0    0    0    0    0  100    0    0    0   93   85    0    0    0    0  
  97    0    0    0    0    0    0    0   96    0   86   95    0    0    0    0    0    0   85    0    0    0    0    0    0    0    0    0    0    0    0    0   99   94    0   88    0    0   82    0    0    0    0    0    0  100    0   93    0    0    0    0   91    0    0    0    0    0    0    0    0    0    0   89   83    0    0    0   90    0   92    0    0    0    0    0    0    0    0    0    0    0    0   92    0    0    0   87    0    0    0   84    0    0    0    0    0   98    0    0  
   0    0    0    0    0   90    0    0    0    0    0    0    0    0    0    0  100    0    0    0   89   85    0   92    0    0   83    0   97    0    0   94   96    0    0    0   84    0    0    0   99    0    0    0    0    0    0    0    0    0    0    0    0   88    0    0    0    0    0   96    0    0    0    0   93    0    0    0    0    0    0    0    0    0   87    0    0   98    0    0    0    0    0    0    0    0    0    0    0    0   95   82    0    0    0   86   91    0    0    0  
   0    0    0   90    0    0    0   94    0    0   89    0    0    0    0    0    0    0    0   93    0    0    0    0    0    0    0    0    0    0    0    0    0    0   86    0    0    0    0    0    0  100   85    0    0    0    0    0   95    0   88    0    0   91    0   96    0    0    0    0    0    0    0   97    0    0   92   84    0   87   82    0    0    0    0    0    0    0    0    0    0    0    0  100   83    0    0    0    0    0    0   98    0    0    0    0    0    0    0   99  
   0    0    0    0    0    0    0    0    0   84    0    0    0    0    0    0    0    0    0    0    0   96    0    0    0    0   92    0    0    0   93   91    0   95    0    0    0    0    0    0    0    0   88    0    0    0   97    0    0    0    0    0   94    0    0    0    0   83    0    0   99   85    0    0   86    0    0  100    0    0   90    0    0    0   87    0    0   98    0    0    0   82    0    0    0    0    0    0    0    0    0   82    0    0    0    0   89    0    0    0  
  83    0    0  100   90   94    0    0    0    0    0    0    0   84    0    0    0    0    0    0    0    0    0    0    0    0   86    0   89    0    0    0    0    0    0    0    0    0    0    0    0    0    0    0    0   84    0    0    0   96    0    0   97    0    0    0   88    0    0   95    0    0   87    0    0    0   85    0   82    0   91    0    0    0   98    0    0    0    0    0   92    0    0   99    0    0    0    0    0    0    0    0    0    0    0   93    0    0    0    0  
   0   83    0    0    0    0   85    0    0    0    0    0    0    0    0    0    0    0    0   97   87    0   90    0    0   98    0    0   84    0    0    0    0    0    0    0   96    0    0    0   86    0    0    0    0   93    0    0    0    0    0    0    0    0   91    0    0    0   87    0   88    0    0    0    0    0    0   89    0    0    0   95   82    0    0    0    0  100    0    0    0    0    0    0    0    0    0   94    0   92    0    0    0    0    0    0    0   99    0    0  
   0    0   98    0    0    0    0    0    0    0    0    0   84    0    0    0    0   90    0    0    0    0    0    0    0   96    0    0    0    0    0    0    0   97    0    0    0  100    0    0    0   82    0    0   86    0    0    0    0    0    0    0   82    0    0    0    0    0    0    0    0    0   87   99   89   95    0   88    0    0    0    0    0   93    0   94    0   85    0   83    0    0    0    0    0    0    0    0    0   91    0    0    0    0    0   92    0    0    0    0  
  95   84    0    0    0    0    0    0    0    0    0    0    0    0    0   93    0    0    0    0   82   99    0    0   90   85   88    0   92    0    0    0    0    0    0    0    0    0    0    0    0    0    0    0    0    0    0    0    0    0    0    0  100   89    0   86    0   87    0   94    0    0   91    0    0    0    0    0   96    0    0    0   83    0    0   98    0    0    0    0    0    0    0    0    0   97    0    0    0    0    0    0    0   82    0    0    0    0    0    0  
   0    0    0    0    0    0  100    0    0    0    0   93    0    0    0    0    0   96    0    0    0   97    0   90    0   95    0    0    0   87    0   82    0    0    0    0    0    0    0    0    0    0    0    0    0    0    0    0   99    0   83    0    0    0    0    0    0    0    0    0    0    0    0    0   91   98   89    0   88   83    0    0    0    0    0   84    0    0    0    0    0    0    0    0    0    0   86    0    0    0    0    0    0   92    0    0   85   94    0    0  
   0    0   93    0    0    0   94    0    0    0    0   83   85    0    0    0   89    0   90    0    0    0    0    0    0   95    0   96    0    0    0    0    0    0    0   92    0   87   98    0    0    0    0    0    0    0    0    0   84    0    0    0   82    0    0    0    0    0    0    0    0    0    0    0   91    0   86    0    0    0    0    0    0    0   88    0    0    0  100   99    0    0   97    0    0    0    0    0    0    0    0    0    0    0    0   91    0    0    0    0  
  95   91    0    0    0    0   82   90    0   85    0    0    0    0   93    0   84    0    0    0    0    0    0    0    0    0    0   88    0    0    0    0   87    0    0    0    0    0    0    0    0    0    0    0   92    0    0    0   97    0    0    0    0    0   96    0   89    0    0    0    0    0    0   83    0    0  100    0    0    0    0    0    0   99    0   94    0    0    0    0    0    0    0    0    0    0    0    0    0    0    0    0    0    0  100    0   98    0   86    0  
   0    0    0    0    0    0    0    0    0    0   99   94   86    0    0    0    0    0    0    0    0   87   82    0    0    0    0  100   98   95    0    0   84    0    0    0    0    0    0    0    0    0    0   89    0    0    0    0    0    0    0    0    0    0    0   97    0   90   92    0    0   83    0   96    0    0    0    0   88    0    0    0    0    0    0    0    0   85    0    0    0    0    0    0  100    0    0   93    0    0    0    0    0    0    0    0   91    0    0    0  
  96    0    0    0    0    0   97    0    0   92   83    0    0    0    0    0    0    0    0    0    0    0    0    0    0    0   86    0    0    0    0    0    0   82   84    0    0    0    0    0    0    0    0    0   93   88   99    0    0    0    0    0    0    0   84   85    0    0   87    0    0    0    0    0  100    0   90    0    0    0    0    0   95    0   98    0    0    0    0    0    0   91    0    0   89    0    0    0    0    0    0    0    0    0    0    0    0   94    0    0  
  92    0    0    0    0    0   93    0    0    0    0    0    0    0    0    0    0    0    0    0    0    0    0    0   85    0    0    0    0    0    0    0    0    0    0   89    0   96   88   98    0    0    0   84    0    0   91    0    0    0    0    0    0    0    0    0    0    0    0    0   86    0    0   83    0   97    0    0    0    0   82    0  100   91    0   87    0    0    0    0    0    0   95    0    0   99    0    0    0    0    0    0    0    0    0    0   90   94    0    0  
   0    0    0    0    0    0    0    0    0    0    0    0   91   97    0   96    0    0    0    0    0    0   98    0    0    0    0   95    0    0    0   94    0    0    0  100    0   92    0    0   83    0    0    0    0    0    0   84    0    0    0    0   82    0    0    0    0    0    0    0   99   82    0    0    0    0    0    0    0    0    0    0    0    0    0    0    0   85    0   89   90    0   86    0    0    0    0    0    0    0    0    0   93    0    0    0   88    0    0   87  
   0    0    0    0    0    0    0    0    0    0    0    0    0    0    0    0    0   93    0    0    0    0    0    0   99    0   89   97   94    0    0   84    0   85    0    0   82   83    0    0   90    0   90    0    0    0    0    0    0    0    0   96    0    0    0   86    0    0    0    0   91    0    0    0    0    0    0   87    0    0    0   92    0    0    0    0    0    0    0    0    0    0   88    0   98    0    0    0    0    0    0  100   95    0    0    0    0    0    0    0  
   0    0    0    0    0    0    0   94   97    0    0   93    0    0    0    0    0    0    0    0    0    0   95    0    0    0    0    0    0    0    0    0  100   92    0    0   93    0    0    0    0    0    0    0   87    0   84    0    0    0    0    0   96   90   99    0    0    0   88    0    0   82    0    0    0    0    0    0    0    0    0   98    0    0    0    0    0    0   86    0    0   89    0    0    0   85   83   91    0    0    0    0    0    0    0    0    0    0    0    0  
   0    0    0    0   86    0   93   88    0    0    0    0    0    0    0   92  100    0    0    0    0    0    0    0   96    0    0    0    0    0    0    0    0    0    0    0    0    0    0    0    0    0   98   99    0    0    0   84    0    0    0   83    0   98    0    0    0    0    0    0    0   91    0    0    0   90    0    0    0   89    0    0    0    0    0    0   82    0    0    0    0    0   95   97    0    0    0    0   94    0    0    0    0    0    0    0   87   85    0    0  
   0    0    0    0   96    0   95    0   90    0    0    0    0    0    0   99    0  100   84    0    0    0    0   92    0    0   98   91    0    0    0   87    0    0   93    0    0    0   86   82    0    0    0    0    0    0   89    0    0    0    0    0    0    0    0   94   83    0    0    0    0    0    0    0    0    0    0    0   85    0    0    0    0    0    0    0    0    0    0   94    0    0    0    0    0    0    0    0    0    0    0    0    0   97   88    0    0    0    0    0  
   0    0   86    0    0    0    0    0    0    0    0    0   89    0   84    0    0    0    0    0    0    0    0    0    0   95    0    0   97    0    0    0    0    0    0    0    0   88    0    0    0    0    0   93    0    0    0  100    0    0   98   91   82    0   94    0   85    0    0    0    0   83    0    0   90    0    0    0   92   99    0    0    0    0   84    0    0    0   87    0    0    0    0   96    0    0    0    0    0    0    0    0    0    0    0    0    0    0    0    0  
   0    0    0    0    0    0   82    0   85    0    0    0    0    0   99    0    0    0    0    0   87    0    0   93   99    0    0    0    0    0    0   98    0   83    0    0    0    0    0    0    0    0    0    0   88   90    0    0    0    0    0    0    0   97    0    0   96    0    0    0    0    0    0    0    0    0  100   84    0    0    0   89    0    0    0   91    0    0    0    0   95   94    0    0    0    0    0    0    0   92   86    0    0    0    0    0    0    0    0    0  
   0    0    0    0    0   92    0    0    0    0    0    0    0    0    0    0    0    0   86    0    0    0    0    0    0    0    0    0    0   90    0    0   92    0    0   97    0    0   88    0    0   94    0   96   93    0    0    0    0    0    0    0    0    0   84    0    0    0    0   95    0    0   91    0    0    0   83    0    0    0    0    0  100    0    0    0   89    0    0   82    0    0    0    0    0    0   85    0    0    0   99    0    0   87    0    0    0    0   98    0  
   0    0   85   89    0    0    0    0    0    0    0    0   94    0    0    0    0    0    0   84    0    0    0    0    0    0    0    0    0    0   97    0    0    0   96    0    0    0    0    0    0    0    0    0    0    0    0    0   90    0    0    0   99    0  100    0   87    0    0    0   93    0   92    0    0    0    0    0   82    0   97    0    0   95    0    0   83    0    0    0   91    0    0    0    0   86    0   88    0    0    0   98    0    0    0    0    0    0    0    0  
   0    0    0    0   87    0    0    0    0   99    0   91    0    0   99    0   95    0    0    0    0    0    0    0    0    0    0    0    0    0   94    0    0    0    0    0    0    0    0    0    0   85    0    0    0    0   84    0    0   97    0    0    0    0    0    0    0    0    0    0    0    0    0    0    0    0   89    0    0    0   83    0    0    0    0   86    0    0  100    0   88    0   93    0   90    0   98    0    0    0    0    0    0    0    0    0   96    0   92   82  
  97    0    0    0    0    0    0    0    0   92    0    0  100    0    0    0    0    0    0    0   98    0    0    0    0    0   93    0    0   82   88    0    0   87    0    0    0   95    0    0    0    0    0    0    0    0    0   94    0    0    0    0    0    0    0   93    0    0    0    0   90    0    0    0    0    0    0    0    0    0    0   85    0    0   99    0    0    0    0    0   83    0    0   96    0    0    0   89    0   91    0   84    0    0    0    0    0    0    0   86  
   0    0   98    0    0    0   85    0   94    0    0   93    0    0    0    0    0    0    0   83    0    0    0    0    0   97    0    0    0    0    0   89    0   91    0    0    0    0    0    0   93  100    0    0    0   87   86    0    0    0    0    0    0   90    0    0    0    0    0    0   88    0    0    0    0   84    0    0    0   82    0    0    0    0    0    0    0   92    0    0    0   99   96    0    0    0    0    0   95    0    0    0    0    0    0    0    0    0    0    0  
  99    0   93    0    0    0    0    0    0    0    0    0    0   89   82   94    0    0    0    0    0   82    0  100    0    0   98   84    0    0    0    0    0    0    0   90   83    0   95    0    0    0    0    0    0    0    0    0    0    0    0    0    0    0    0   85    0    0    0    0   96    0    0    0    0    0    0    0    0    0    0    0    0    0    0    0    0    0    0    0    0   88   97    0   87    0   91    0   92    0    0   86    0    0    0    0    0    0    0    0  
   0    0   92    0    0    0   86   84    0    0    0    0    0    0    0    0    0    0    0    0    0    0   98    0    0    0   82    0   90    0    0    0    0   99    0  100    0    0    0    0    0    0    0    0    0    0    0    0    0    0    0   88    0   82    0   85    0    0   89   87    0    0    0    0   96    0    0    0    0    0    0    0    0    0    0    0    0    0    0   97    0   94    0    0    0    0   93    0    0   83   95    0    0    0    0    0    0    0   91    0  
   0    0    0    0    0    0    0    0    0    0    0    0    0    0    0    0    0   98    0    0    0   87    0    0    0   94    0    0    0    0    0   87    0    0   86    0    0    0    0    0    0   96    0    0    0    0   92    0    0    0    0    0    0    0    0    0   89   88   83   91    0    0    0    0   84    0    0    0    0    0    0    0   99    0   82    0    0  100   93   85    0    0    0    0    0    0    0   97    0    0    0    0    0    0    0    0   90   95    0    0  
   0   94    0    0    0    0    0    0   93    0    0    0    0    0    0   82    0    0   86    0   99    0    0   84    0   92    0    0    0    0    0    0   95    0    0    0    0    0    0    0  100   88    0    0    0    0    0    0   87    0    0    0    0    0    0    0    0   89    0    0    0    0    0    0   96    0    0    0    0   91    0   85    0    0    0    0   90    0   83    0    0    0    0    0    0    0    0   97   98    0    0    0   91    0    0    0    0    0    0    0  
   0    0   99    0    0   87    0    0    0    0    0    0   94   95    0   85   84    0    0    0    0    0    0    0    0    0    0    0    0    0   90    0    0    0    0    0   83   82    0    0    0    0    0   92    0  100    0    0    0   86   93    0   89    0    0    0    0    0    0    0    0    0    0    0    0   98    0    0    0    0    0    0    0    0    0    0    0    0    0   88    0    0    0   91   98    0    0   97    0    0    0    0    0    0    0    0    0    0   96    0  
   0    0   84    0    0    0    0    0    0    0    0    0    0   97    0    0    0   88   86   85    0  100    0    0    0   92    0    0    0    0    0   96    0   90    0    0    0    0    0    0   93    0   91    0    0   82    0    0    0    0    0    0    0    0    0   94   99   87    0    0    0    0    0    0    0    0   83    0    0    0   98    0    0   89    0    0    0   97    0    0    0    0    0    0    0    0    0    0    0   95    0    0    0    0    0    0    0    0    0    0  
   0    0    0    0    0    0    0    0    0    0    0    0    0   90    0   97    0   92   86    0    0    0   91    0   82    0    0    0    0   94   85    0    0   96    0    0    0    0    0    0    0    0    0   88    0    0   83    0   93    0    0    0    0    0    0    0    0   95    0    0    0   98    0    0    0    0    0   98    0    0    0   99    0    0    0    0   89    0    0   87    0    0    0    0    0    0  100    0    0    0    0   84    0    0    0    0    0    0    0    0  
   0   85    0    0   87    0   86    0    0    0    0   84    0    0   99   94    0    0    0    0   90    0    0    0    0    0    0   95    0    0    0    0    0    0   82    0    0    0   93    0   92    0   83    0    0    0    0    0    0    0   88   97  100    0    0    0    0    0    0    0    0    0    0    0    0    0    0   89    0    0    0    0    0    0    0   96    0    0    0    0    0   91    0    0   89    0    0    0    0    0    0    0    0   98    0    0    0    0    0    0  
   0    0    0    0    0   96    0    0   84    0    0    0    0    0    0    0    0    0   89   97   91    0  100    0    0    0    0   82    0    0   93    0    0    0    0    0    0    0    0   98   90    0    0   88    0    0   86    0    0    0    0    0    0    0    0    0   87   95    0    0    0   94    0   92    0    0    0    0    0    0    0    0    0    0    0    0    0    0    0    0    0    0    0    0    0    0    0   83    0   85    0    0   82    0    0    0    0    0   99    0  
   0   89    0    0    0    0    0    0   82    0    0    0   84    0    0    0    0   95   93    0    0    0    0    0    0    0    0    0    0    0    0    0    0    0    0    0    0    0   88    0    0   85    0   90    0    0   97    0  100   96    0    0    0   83    0    0    0    0    0    0   91    0    0    0    0    0    0    0    0    0    0   99   92   87    0    0    0    0    0    0    0    0    0    0   86    0   98    0  100    0    0    0    0    0    0   94    0    0    0    0  
   0    0    0    0    0    0    0    0    0    0    0    0    0   85    0    0    0   87    0   84   88    0    0    0    0    0    0    0    0    0    0    0    0    0    0    0   90    0   97   91    0    0   82    0    0    0    0    0    0   96   94    0    0    0   91    0    0    0    0   93    0    0    0    0   83    0    0    0   98    0    0    0   86    0  100    0   89    0    0    0   95    0    0    0    0   99    0    0    0    0    0    0    0   92    0    0    0    0    0    0  
   0    0    0    0    0    0    0    0    0    0    0    0    0    0    0   89    0    0    0   84    0    0    0    0    0   95    0    0    0    0    0    0    0    0    0    0    0    0   90    0    0   85    0    0    0    0    0    0   97    0    0    0    0   88    0    0    0   83    0    0    0    0    0    0   93    0    0   91    0    0    0    0   99    0    0   90    0    0    0    0    0    0    0   98   94   92    0   82    0   86    0    0    0   87   96    0    0    0  100    0  
   0    0    0    0   85  100    0    0    0   92    0    0    0    0    0    0   93    0   89    0    0   98    0    0   82    0   95    0    0    0    0    0    0    0    0    0    0    0    0    0    0    0    0    0    0    0    0    0   86    0   97    0    0    0    0    0    0    0    0    0   99    0    0   87    0    0    0   91   88    0   82    0    0    0    0    0    0    0   94    0    0    0    0    0   84    0    0   90   83   96    0    0    0    0    0    0    0    0    0    0  
   0    0   87   93    0    0    0   95    0    0    0   99    0  100    0    0    0    0   89    0    0    0    0    0   83    0    0   90    0    0    0    0    0   85   88    0    0    0   86    0    0    0   96    0    0    0    0    0    0    0    0    0    0    0    0    0    0    0    0   92    0    0    0    0    0    0    0    0    0    0    0    0   82   84   98    0    0    0    0    0   94    0    0    0   82    0    0    0    0   91    0    0    0    0    0    0   97    0    0    0  
   0   92    0    0    0    0    0    0    0   85    0   97    0    0    0    0   95    0   99    0    0    0   88    0    0    0    0    0    0    0    0    0    0    0    0    0    0    0    0    0    0    0    0    0    0    0    0    0    0    0    0   82    0    0    0   91    0    0    0    0  100    0   87    0    0   96    0    0    0    0   89   86    0    0    0    0    0   84    0    0    0   90    0    0    0    0    0    0    0    0    0   94    0   92    0   93   83    0   98    0  
   0    0    0    0    0    0    0   99    0    0    0    0   95    0    0    0    0   83   96    0   85    0    0    0    0    0   82    0    0    0    0   91    0    0    0   84    0    0    0    0    0    0   98    0    0    0    0    0   97    0    0   87    0    0    0    0   92   89    0   90    0   86   88    0    0    0    0    0    0    0    0   89    0    0    0    0    0    0    0    0    0    0    0    0    0    0    0   94    0    0    0   93    0    0    0  100    0    0    0    0  
  97    0    0    0    0    0    0    0   93    0    0    0    0    0    0    0   92    0    0    0    0    0    0    0    0   89    0    0    0   88   96    0   85    0    0    0    0   82    0    0    0   91   90    0    0    0   94    0    0    0    0    0    0    0    0    0    0    0    0    0    0    0    0    0    0    0   86    0    0    0    0    0   84    0   98    0    0   83    0    0    0    0   87   95    0   99    0    0    0    0    0    0    0    0    0    0   93  100    0    0  
   0    0   97   86    0   96   87    0    0    0  100    0    0    0    0    0    0    0   82    0    0    0    0    0    0    0    0    0    0    0    0    0    0    0    0    0    0    0   91   94    0    0    0    0   93    0    0   98    0    0    0    0    0    0    0    0    0    0    0    0    0   90    0    0   95   99    0    0    0   85    0    0    0    0    0    0   89    0    0    0    0   88    0    0    0    0   83    0    0    0    0    0    0   83    0    0   92   84    0    0  
   0    0    0  100    0    0    0    0   89    0    0    0  100    0    0    0    0   99    0   83    0    0   98    0    0    0    0    0    0    0    0    0    0    0    0   93    0    0   82    0    0    0   91    0    0    0    0    0    0    0    0    0    0    0    0    0    0    0   94   95    0    0    0    0   92    0    0    0    0   84    0   90    0    0    0   85    0    0    0    0   88   97    0    0    0   86   87    0    0    0   96    0    0    0    0    0    0    0    0    0  
   0    0    0    0    0   99    0    0   88   83    0    0    0    0    0    0    0    0    0    0    0    0    0    0    0   93   90    0    0    0    0    0    0    0    0   92    0    0    0    0    0    0    0    0  100   86    0    0   84    0    0   94    0    0    0   99    0    0    0    0    0   85    0    0    0    0    0   87   82    0   96    0    0    0    0    0    0    0    0    0    0    0   89    0   91   95    0    0    0   97    0    0    0    0    0    0   98    0    0    0  
   0    0    0   92   99    0    0    0    0   93    0    0    0   97   87    0    0    0    0    0    0   90    0    0    0    0    0    0    0    0   85    0    0    0    0    0    0    0    0    0   84    0    0    0    0    0    0   83    0    0    0    0    0    0   88    0    0    0    0   95    0    0    0    0   87    0    0    0    0    0    0    0    0    0    0   86    0   96    0    0    0    0   98   94   91   82   89    0    0    0    0    0    0    0    0    0    0    0  100    0  
  83    0    0    0    0   99    0    0    0    0    0  100   90    0    0    0   88    0    0    0    0   85    0    0    0    0    0    0   95    0   89    0    0    0    0    0    0    0    0   98    0    0    0    0    0    0    0    0    0    0    0    0    0    0   84    0    0   87    0    0    0    0    0    0    0   82    0    0    0   93   86    0    0    0    0   96    0    0    0    0    0   94   89    0    0    0    0    0    0    0    0    0    0   92   91    0   97    0    0    0  
   0    0    0   97    0    0    0   85    0    0    0    0    0    0    0    0    0    0    0   83    0    0    0   92    0    0    0    0    0    0    0    0   94    0    0    0    0   89    0    0    0    0    0   87    0    0   96    0    0    0   91    0    0    0    0   89    0    0    0    0   95   99    0    0   84  100    0   82    0   93   98    0    0    0    0    0    0   86    0    0    0    0    0    0    0    0    0    0    0    0    0    0   90    0    0    0    0   88    0    0  
   0    0   87   87    0    0    0    0    0   96    0    0    0    0    0    0    0    0    0    0    0    0    0    0    0    0   82   97   92   94    0   98    0    0   86    0    0    0    0    0    0    0    0    0    0    0   91    0    0   90    0   88    0    0    0    0    0    0    0    0    0    0   83    0   85    0    0    0    0    0    0    0    0    0    0    0    0   89    0    0    0    0   93    0    0   84    0    0    0   99    0    0    0    0    0   95    0    0  100    0  
  97    0    0    0    0    0    0   82    0    0    0   84    0    0    0    0    0    0    0    0    0   87   99   85    0    0    0   86    0   93    0    0    0  100    0   95    0    0    0    0    0   82    0    0    0    0    0   94    0    0    0    0    0   90    0   98   88    0    0    0    0    0    0    0    0    0    0    0    0    0   91    0   89    0    0   92   96    0    0    0    0    0    0    0    0    0    0    0    0    0    0    0    0    0    0    0    0   83    0    0  
   0    0    0    0    0    0    0   96    0   92    0    0    0    0   88    0    0    0    0    0    0    0    0    0    0    0    0   96    0    0    0    0    0   87   99    0    0    0    0    0    0    0    0   86    0    0    0    0    0    0   85    0    0    0    0    0   94    0    0    0    0   91    0    0    0    0  100    0   82    0    0    0    0    0    0    0   95    0    0    0    0   89    0   97    0    0   84   98    0    0    0    0    0   83    0   90    0    0   93    0  
   0    0   87    0    0    0    0   93   91   86   82    0    0    0    0    0   98    0   90    0    0    0    0    0    0    0    0   96    0    0    0    0    0    0    0    0    0    0    0    0    0    0    0  100    0    0    0   84   99    0    0    0   94    0    0    0    0   89   95    0    0    0   92    0    0    0    0    0    0    0    0    0   83    0    0    0    0   85    0    0    0   88    0    0    0    0    0   93    0    0   97    0    0    0    0    0    0    0    0    0  
   0    0    0   89   99    0    0    0   83    0    0    0    0   91    0    0    0    0    0    0   92    0    0    0    0    0    0    0   88    0   85    0    0    0    0    0    0    0   97    0    0    0    0    0    0    0    0    0    0    0    0    0    0   84    0   93  100    0    0   95    0    0    0    0    0    0    0   90    0    0    0    0   96   82    0   89    0    0    0    0    0    0   87    0   98    0    0    0    0    0    0   86    0    0   94    0    0    0    0    0  
  97    0    0   87   94    0    0    0    0    0    0    0    0   85    0    0   92    0    0    0    0    0    0   96    0    0    0    0   83    0    0   90    0    0    0    0    0    0    0    0    0    0    0    0    0    0    0    0   95   98    0   89   93    0   91   86    0    0    0    0   88    0    0    0    0    0    0    0   99    0    0    0    0    0   93    0  100    0    0    0    0    0    0    0    0    0    0    0   82    0    0    0    0    0    0    0    0    0   84    0  
   0    0    0   98    0    0    0    0   94    0    0    0    0    0   83    0    0    0    0    0    0    0    0    0   88    0    0    0    0    0    0    0    0    0    0   85    0    0   99    0    0   92    0    0    0    0    0    0   82    0    0    0    0    0    0    0    0    0   86    0   87    0    0    0    0   96    0    0    0   91   89   92    0    0    0    0    0    0    0    0   97   90  100    0   95    0    0    0    0    0    0   84    0   93    0    0    0    0    0    0  
   0    0    0    0    0    0    0    0    0   94    0   86   96    0    0    0    0   97    0    0    0    0    0    0   82    0    0    0    0    0   93    0    0    0    0    0    0   84    0    0    0    0   88    0    0    0    0    0    0    0    0    0   89  100    0   86    0   90    0    0    0    0    0    0    0    0    0    0    0    0    0    0    0   83    0    0    0    0   99    0    0    0    0    0    0   98   92    0    0    0   95    0    0    0   91    0   85   87    0    0  
   0    0    0    0    0    0   94   91    0    0    0    0    0    0    0   84    0    0    0    0    0   90    0    0    0   97   92   85    0    0    0   95    0  100   93    0    0    0   99    0    0    0    0    0   86    0    0   96    0    0    0   82    0    0    0    0    0    0    0    0    0   87    0    0    0    0    0   85    0    0    0    0    0    0    0    0    0    0    0    0    0    0   83    0    0    0    0    0   88    0    0    0   98    0    0   89    0    0    0    0  
   0    0   99    0    0    0    0    0    0    0    0    0   90    0    0    0    0    0   93    0    0    0   89    0    0    0    0   96    0    0  100    0    0   88    0    0    0   98    0    0    0    0    0   97    0    0    0   86    0    0    0   85    0   84   94    0   92    0    0    0   95    0   84    0    0    0    0    0    0    0    0    0    0    0    0    0    0    0   83   82    0    0    0    0    0    0    0    0    0    0   91    0    0    0    0    0    0    0   87    0  
   0    0    0   84    0    0    0    0    0   91    0    0    0    0   90    0    0   94    0    0    0    0    0    0    0    0   85    0    0   95    0    0    0    0    0    0    0  100    0    0    0    0    0    0    0    0    0    0    0    0    0    0   83    0    0   96    0    0    0    0    0    0    0    0    0   82   98    0    0    0    0    0    0   89    0    0    0   84   92   86    0    0    0    0   97    0    0    0    0    0   93    0    0    0   88    0    0    0   87   99  
   0    0    0    0    0    0   96   97   94    0    0   88    0   93    0    0    0    0    0    0    0    0   95    0    0   89    0    0   87    0   92    0   83    0    0    0    0    0    0   84  100   82    0    0    0   85    0    0    0    0    0   85    0    0    0    0    0   86    0    0    0    0    0    0    0    0    0    0    0    0    0    0   90    0    0    0   99    0    0    0    0    0    0    0    0    0    0    0    0    0    0    0    0    0    0    0   91    0    0   98  
  90    0   95   87    0    0    0    0    0    0    0   92    0    0   83    0    0    0    0    0    0    0   94    0    0   97    0   99    0    0    0    0    0    0    0    0    0    0    0    0    0    0    0  100   88    0   91    0    0    0    0    0    0   86    0    0    0    0   93    0    0    0    0    0    0   98   85    0    0    0    0    0    0   89    0    0    0    0    0    0    0   82    0    0    0    0    0    0    0    0    0   84   96    0    0    0    0   93    0    0  ] 
BUDGETS : [    1    2    7   12   14   15   15   18   19   22   23   24   24   28   28   32   32   32   33   35   36   36   38   39   42   47   48   49   51   51   54   56   60   61   61   63   65   69   72   75   79   81   82   82   83   85   87   90   96  100  105  106  109  111  114  118  121  123  124  125  126  127  128  130  134  135  142  142  143  143  144  147  149  149  149  150  153  155  160  164  165  172  173  177  177  179  181  181  181  184  189  189  190  191  192  192  193  193  196  199  ] 
