K : 100
I : 100
PREFERENCES : [    0   99   74   87    0    0    0   84   72    0   66   60   73    0    0   64    0   66    0    0   65    0    0   62    0    0    0    0    0    0   68   88   59    0  100    0   95   82    0    0   70    0    0   89    0   71   81   58   90    0   77   83    0  100   82    0   57    0    0   61   94    0   75   85   59    0    0   93    0    0   78    0    0   91    0   56   79   63    0   98   86   96    0    0    0    0    0   76    0   67   80   69    0    0    0    0   93   97    0   92  
   0   91    0   93    0    0    0    0    0   60   82   78    0   88    0    0    0    0   88   56   70    0    0    0   84    0   96    0   62    0  100    0    0   95   75    0    0    0   66   98   94   65   86   57   72    0    0   64   74    0    0   81    0    0    0    0   99   78   59   97    0    0    0   90   95    0   77   63   58    0    0    0    0    0    0   85   73    0   69   61   87   79    0    0   68   67   77    0    0    0   80   76   83    0    0   71   92   89   89    0  
   0    0    0   90    0   83   77    0    0   66   69    0   59    0   77    0   91   80   85    0    0    0    0   61   75    0    0   63   89   70    0    0   76   88   60    0    0   78   84    0   71    0    0    0   74    0    0    0    0   98   86   77   87   67    0   82    0    0    0    0   94    0   93   72    0   56    0    0   58   86    0   92   62    0   56   73   57    0    0    0    0   95    0   97    0   79   65   80   99    0    0    0  100   96   68    0    0    0   81   64  
  66   84   79   56   59    0    0    0    0    0   80   89  100    0   96    0   73   92   57   62   99   61    0    0    0    0   91   68   83   72   71    0   60    0    0    0    0   93   70   69    0    0   78    0    0   95    0    0    0   86    0   76   75   63   58    0    0   85   94    0    0   90    0    0   87    0   82   73   64   67   77    0    0    0   98    0   87    0    0   74    0    0    0    0   85    0    0   65   62   88    0   81    0    0    0    0   97    0    0   96  
   0   77    0   74    0    0    0   98   92   76    0    0   66   90   84   85    0   92   58   73    0   68   75   70   96   78    0   63    0    0    0   87   79   56    0  100   93    0    0   91    0   56    0    0   72   58    0    0   76    0   71   94    0    0    0   69    0    0    0    0    0    0    0   60   67    0    0   74    0    0   95   65    0   82    0   64    0   88   99    0   86    0   81    0    0   62   80   61    0   59   89    0    0   97    0   57    0   83    0    0  
   0   91    0    0    0   65    0    0   60   71   93    0   77   78    0    0   96    0   94   92   68   87   69    0    0   56    0    0    0   66    0   89   81    0    0   82    0    0   79   66   96   57   72   59   62  100   85    0    0    0    0   64   62    0    0   90    0   83   97   63    0    0   58    0    0   86    0   97   84   70    0   61    0    0   74    0    0    0    0    0   88    0    0   73    0    0   98   75   85    0    0   95   67   99   76    0    0   80    0    0  
   0   87    0    0    0   99    0   94    0    0   68   60   63    0   56   62   86   82    0   58   71   69   58   79    0   72    0   75    0   77    0    0   70   64    0    0   96   95    0   61   66    0    0    0    0   84    0    0    0    0    0   57   93    0   98   69    0    0   85    0    0   97    0    0   65    0    0   60   73    0    0   91    0   59    0   90   70   81    0    0   88   62    0   80   74   92    0  100    0    0   83   89    0    0    0   76   78   67    0    0  
   0    0    0    0    0    0   86   69   90    0    0    0    0   95    0   73    0   92    0   72    0   59    0    0    0    0    0    0    0   61   88    0   81   94   66   79    0   99    0    0    0    0    0    0    0    0    0   93   98   82    0    0   87   63   58   97   61   75   68    0   95   85   64    0   80   76   83   96    0   57   72   74    0    0   71    0   89   77    0    0   84    0   62   91    0   78    0   70  100   65   56    0   60   63    0   96    0    0    0   67  
   0   73    0   65   75    0    0   91    0    0   60    0    0   83    0   58   72   81   70    0    0   80    0   97    0   90    0    0   66    0   99   67    0    0   88   84    0    0  100    0   64   79    0    0   76    0   58    0    0   57    0    0    0    0    0   61   68   91    0   86    0    0   98   74    0   59    0   92   89    0   82   96    0   94   67   78    0   62    0   87   56   69    0   71    0   93    0    0   63    0    0   95   77   85    0    0   87   96    0    0  
  94    0   77   87    0   72  100    0   83    0    0   64    0   56    0   63   68    0    0    0    0   81    0    0   91    0   94    0   97    0   96   75    0    0   86    0    0   69   78   78    0    0    0   59   95   66    0   71    0   84   90   98   74    0    0    0   82   89    0   85   78   65   73    0    0    0    0   60    0   58    0   67    0    0   80    0    0    0   79   68   76   93    0   90    0    0    0   88   57   62    0    0    0   70   92   61    0   99    0    0  
   0   99   63   61    0   56    0   83   90   80    0   66   62   71    0    0   84   88   96   75   67    0   70    0    0   76   74    0   94   85    0   64   60    0    0   82    0  100    0    0   58   57    0   69    0    0   68    0    0    0    0   97    0   79   61    0   91    0    0    0   67    0    0    0    0    0   77   81    0    0    0   72    0   73   89    0   99    0   93    0    0   58    0   78   95   86    0   98   99   59    0   87   65   92    0    0    0    0    0    0  
  93    0   59    0    0   74   85   78   65   56    0   73   62   57   99   81   84    0   75    0    0   97    0   99   60    0   92    0   91    0    0   64   88    0   94   63    0    0    0    0   58  100   75    0   78    0    0    0    0   66   70   70   79   68   87    0   67    0    0   72   98   82    0    0    0    0   89    0    0    0   83    0   77    0    0   96    0   69   95   79    0    0    0    0   61    0    0   76   86    0   80    0    0   90    0    0   71    0    0    0  
  83   72   62   98   81    0    0    0   86   83   65    0    0   82    0    0    0    0    0   77   58    0   66    0   67   99    0   76    0   56   88   84   80  100    0    0   94   68   96    0   62   64    0    0    0   87    0   59    0    0   71    0   70   85   61   57    0    0   73   90   89   78   79    0    0   91   63    0    0   97   95    0    0    0    0    0    0    0   67    0    0    0   93   60    0   65   75    0   93    0    0    0    0    0   92    0   69    0    0   74  
  67    0    0   90   71   85   62   72    0    0   73    0   66    0    0    0    0   82   90   93   98   59    0    0    0   96   58   76   65   97   99   95    0   75   84    0   63    0   87    0    0    0    0    0   89   91   57    0    0   77    0    0   80   96    0    0    0   56    0    0   94    0    0   75   68    0    0    0    0    0   69    0   64   74   83    0   78   60    0    0    0   81    0   86   79    0    0   70   66   92    0    0    0  100   61    0    0    0   69   88  
   0    0   83    0    0   71   88   80   74   90   85   60   98   76    0   89   68   75    0    0   99    0    0   61   69   80    0    0   86  100   62    0    0   70    0   91    0    0   65    0   61    0    0    0    0   81   56   76   75    0   94   97    0    0    0    0    0    0    0    0   57   72    0    0    0   96    0    0   66   63    0    0    0   78   79   59   87   95    0   82    0   67    0   93   58   64    0    0   77    0   83    0   92   84    0   73    0    0    0    0  
  56   90   61    0    0   65   62   70   96   93    0   79    0    0   91    0   91    0   59   89    0   94   97    0    0   78   81    0   78    0   85   68   72    0   73  100    0   58    0   69   99   64   75    0   92    0    0    0    0    0   76    0    0    0    0    0    0   71    0    0    0    0    0    0    0   66   87    0    0   95    0   63   86   57   88   74    0    0    0   63   98   82    0    0   89   84   70   67    0   80    0    0    0    0    0    0   60    0   83   77  
  57   64   75    0   59   60   85    0   97    0    0   66   98   73   88    0    0    0    0   56   68    0    0    0   64    0   75   69    0   71    0   82   86   95   84    0   58   92   89   80    0   65  100   94    0    0   76   87    0    0   67    0    0    0    0    0   81    0    0    0   83    0   96    0   89   77    0   62   93   74   61   85   78    0    0    0    0    0   99   72    0   79    0    0   56    0    0   90    0    0    0    0   70    0    0    0   91   63    0    0  
   0   66   77   79    0    0   73    0   94    0   59    0   91   59   72    0   57    0   68   89   69    0    0    0    0    0   96   86   64   88   81   62    0   57    0    0   75   85    0   92   71   80   87   70    0   74    0   75    0   93    0   67   78   76   79   60    0   99    0    0   97   65    0    0   82    0    0    0    0    0    0    0    0   61   56    0   90   83    0  100    0    0    0    0    0    0   98    0    0    0   95    0    0    0   84   58    0   59   63    0  
  65    0   89    0   73    0    0    0   64    0    0    0    0    0    0   60   70    0   71   66   74   98   92   94   70   62   77    0   83    0   95   75    0   68    0    0   96    0    0    0   76   99    0   59    0  100    0   80    0   72    0    0    0    0   58    0    0    0   86    0   97    0   78    0   61    0    0   82   93    0    0    0   67   68    0    0   88    0   84   87    0    0    0   59    0    0    0   91   85   63   58   90    0   79   69   57   81   72   56    0  
   0   76   78   69    0    0    0    0   77   58    0   58    0    0   77    0   93  100   74    0    0   94    0   68   73    0    0    0   98    0   56   90   89   60   65   91   85   71    0   66   96    0   84    0    0   97    0   88   99   79    0   62   61   72   87    0    0   67    0    0   63   80    0   75    0    0    0   70   64   57    0    0   83   82    0   96    0   59    0    0   86    0    0    0    0    0    0    0    0    0    0    0    0   95   81   92    0   58    0   58  
  72   86   66    0   93   61   77   97    0   58   67    0   59    0   75    0   89   90   83    0    0    0   81    0   69    0    0    0   85   65    0    0   87   80    0   57    0    0   84    0   85   71   56   91   95   88   76    0    0    0    0    0    0    0   73   70    0   78    0    0    0   93    0    0    0   72    0    0   82   60    0   63    0    0    0    0   99  100    0   62   68   61   74    0    0    0   79   64    0    0    0   96    0    0   98    0   92   85   94    0  
  98   60   88   93   69    0    0    0   89    0    0    0   77   81   74   82    0    0   56    0    0   76    0    0    0    0   62  100    0   94    0   78    0    0    0   61   71    0   83    0    0   90    0    0    0    0   58   84    0   73   66    0   64   70   80   85   88   91    0   96    0    0   67    0    0   71   99    0    0    0   59    0   86   97    0   75   68    0    0   72    0   99   92   87    0   95   65    0    0    0    0   63   89    0    0    0    0   90   79   57  
  79   63    0    0    0   93    0    0    0   90   85   77    0   61    0    0   83    0    0    0    0   82   60    0   88   58   96    0   70   76    0   87   74   64    0    0   89    0    0   80   62    0    0    0    0   81   92   66    0    0   80   95    0    0   73    0    0    0    0    0    0    0   89   75    0   91   68    0    0   59   99   57    0    0  100   98   86   71   96    0   72    0    0   67   78   65    0   97   95    0   56   94   56   69    0    0    0    0    0   84  
  94   56   93    0    0    0    0    0   91   80    0   71    0   90   67  100   81    0   73    0   68   90    0   59    0   82    0  100    0    0    0   89   69    0    0    0    0    0    0    0   96   87   65   75    0    0    0   92    0    0    0    0    0   60    0    0    0    0   70    0    0   74   83   86    0   77   63    0   97   79    0    0    0    0    0   57   84   66    0   64    0   99    0   88   64   95   98   78   61   60   85   87   62    0   76   72    0    0    0   58  
  76    0    0    0   63   67   58    0    0   79   62    0    0   98    0    0   65    0   96   82   90   77    0    0    0    0    0   68   88    0    0    0    0    0    0   64   93   95   73   83    0   85    0    0    0    0    0   99    0   61    0   74   91   60    0   59    0   86    0    0    0   85   81    0    0   71    0   97   89    0   57   70   72   87    0    0   78    0    0    0    0   69    0   80   66    0    0   74   84  100   94    0    0   56   92   84   65   75    0   71  
   0    0    0    0    0   74    0   80   83    0   91   81    0    0    0    0    0   62    0   86   94    0   92   69    0    0    0   60   72    0   85   63    0    0    0    0   76   61   79    0    0   61   71   73   59    0    0    0    0   98   77   65    0    0    0    0   64    0    0   58   75   68    0   88    0    0   78    0   65   56    0   70    0    0   59    0    0   67   87   90   93   57   94   61   96    0    0   95  100    0    0   66   89   82    0   99    0   97    0   84  
  89    0    0   72   82    0   66    0    0    0    0   92   62    0   78   65  100    0    0    0    0   60   74    0    0    0   94   64    0    0    0   68   56    0   98   81    0   77   91    0   59   74    0   88   99    0    0   69    0    0    0    0    0    0   88   90   80    0    0   67   61   58   71   83   57    0   76    0    0   97   62   89   87    0    0    0   63   79   75    0    0   95   96   85    0   70    0    0   73    0    0   93   77    0    0   84    0    0    0   86  
 100    0   70   85    0   98    0   84    0    0    0    0   95    0   84   73    0    0   60    0    0   57   75    0    0    0   83    0    0   90    0    0   99    0    0   66   82   56   82    0   93    0    0   65   80    0    0    0   58   92    0   92   64   91    0    0    0    0   75   62   96    0    0   68   89   67   82   61   59    0   87   74    0    0   72   71    0    0    0    0    0    0    0   86    0   79   94   81    0   88   76   77    0    0   97    0   78   63   69    0  
   0    0    0   71    0    0    0    0    0    0   75    0    0    0   56   95    0    0    0   90    0    0    0    0   60    0    0    0   68    0   81   58   83    0    0   92    0   91   73   56    0   82    0    0   80   70   78   77   98    0    0   66    0   62   88   99   69    0   84   74   64    0    0    0   96   85   56   61    0   79    0   94    0    0   69   73   65   89    0   93  100   67    0   59   63    0   57   72    0    0   62   76   97    0    0   86    0   87    0    0  
  58    0    0    0    0    0   71    0    0    0   84   94   65    0   85    0   80    0   66    0   98   82    0   90    0   81    0   60    0   56    0  100    0    0    0    0   73   97    0   72   77    0    0   99    0   69    0    0    0   87    0   96   89    0   61   95   67   62    0    0   79    0   91   63    0    0    0   92    0    0   83   76    0   57   81   75    0   85   80   93   88   64    0   70    0    0    0    0   74   97    0   68    0   59   91    0    0    0   78   86  
  85    0    0   79    0   78   92   88   56   67   75   69    0    0   83    0    0   96   84   87    0    0   64    0    0   72   81   57    0   73   90   63   71   66   91    0    0   92   59   97    0    0   58    0   81    0    0    0    0    0   86    0    0   82    0    0    0    0    0    0    0    0   65    0    0   99    0    0   68    0   96   76   60   80   93  100    0   85    0   94   70    0   95    0    0   61   98   99    0   77    0    0    0   89    0    0    0    0   62   74  
  92   61    0   79    0   74    0   64    0    0    0   93    0    0  100   84    0   56   85    0    0    0   99   87    0    0   60   81   67    0    0   94    0    0    0    0    0   76    0    0    0    0    0   92   81   71    0   65   59   88    0    0    0   58    0   98   62    0    0   89   66    0   75   78   95    0   96    0    0    0   91    0   63   83   85    0    0    0   90   80    0    0    0   74   70   73   73   86   68    0    0    0   69    0   72   77   57    0   82   97  
  71   88   97    0    0   61   83    0    0   60    0    0    0    0    0    0   94    0    0    0    0   82   90   89    0   77    0    0    0   96    0   81   66   91    0    0    0   74    0   87   86    0   72   62  100   92    0   67   84   63   99    0    0   89    0   69   72   95    0    0   95   70   78    0   79   80    0    0    0    0    0    0    0    0   57    0   73    0   65    0   93    0   76   75   64   59    0   98   85    0   98    0   58    0    0    0    0   73   56   68  
   0   95    0    0   76   85   94    0    0    0   59    0    0   58   87   65   93   97   63    0    0    0   80   70    0    0   80   75    0   73    0   83    0    0    0   64    0    0    0   93    0   74    0   62    0    0   86    0   90   96   79    0   82   88    0    0    0   59   61    0    0    0    0    0    0   77    0   92    0    0    0   82   89   60   91   57   72   99   81   98    0   71   66    0  100    0   84   68    0   75    0   78    0    0   69    0    0    0   67   56  
   0    0   87   86   89    0    0    0   72   97   87   87   80   61   70   66   64   69    0   71   63    0    0   87    0   79   82    0   68   73   91    0   98    0    0   57    0    0    0    0   96    0    0   95    0    0   84    0    0    0   90   74    0    0    0    0    0   88    0   81    0    0    0   67   58   78   92    0    0   62    0    0    0    0    0    0   60   76   85   93    0    0   75    0    0    0   83    0   56   77    0  100   65   94   75   99    0   59   72    0  
   0    0    0    0    0   63   94   73    0   82   67    0    0   70    0   88    0   78   57   66    0   85    0    0    0    0    0    0    0  100    0    0    0    0   74   64   61   97   91   87    0    0    0    0   89    0   92   62    0    0    0   66   71   76   77    0   96    0   68   86   75    0    0   61    0    0    0   60    0    0   69    0    0   93   98   83    0    0   59   56   81   84   65   79    0   90   72    0   71   79    0   95    0   99   80   58   65    0    0    0  
   0    0   73   72   82    0    0    0   79    0   90   99    0    0   78   77    0    0    0   88    0    0   81    0    0  100    0    0   74    0   93    0    0   64    0   89    0   84    0    0   85    0   63   63    0    0    0   71    0    0   62    0    0    0   97   61    0    0    0   70    0   69   83    0    0   68    0   91   58    0    0   86   87   95   92   70   60   75   65   96   67   59   98   63    0   72    0    0   80    0    0   66   57   56    0   94    0   97   76    0  
   0    0   81    0   62   99    0    0   66    0    0   84    0   94   85   92   75    0    0   69    0    0   67   91   79   58    0    0    0    0    0    0    0   98   83   61   59   60    0    0   86   80   57   87    0    0   72    0   77   97   56    0   78   58   99   76    0   65   73    0    0    0    0  100   68    0   96   64    0   90    0    0   70    0    0   89    0    0   86    0    0    0    0    0   93    0   59    0    0   71   95   82   88    0   74   63    0    0   73    0  
   0   94    0   88    0    0    0    0   79    0    0   64    0    0  100   69   76    0    0    0    0   63   82   67   66   77    0   89   61   71   77   70   90    0    0    0   75   73    0   96    0    0   84    0    0   68   87    0    0    0   92   57   98    0   69   70    0   80   62    0    0    0    0    0   81    0   72    0    0    0   85    0   86   97    0   74   78   87   83    0   60   90    0   59    0   65    0    0   91    0   99   56    0   93    0   95    0   58    0    0  
  73    0   59    0   57   60   77    0    0   92   70   88   87    0   67    0    0    0    0   81    0   97   72    0   95   83    0    0  100    0   65   56    0    0    0   81   91   75   81    0   66   97   71    0   84   85    0   74   93    0   64    0    0   98   94    0    0   82   58   62    0   80    0    0    0    0    0    0   78    0    0   63    0   69   68    0   76    0    0   97   61    0   96   81    0    0   79    0   90    0    0    0    0   99    0    0    0   86   89    0  
  59   70    0   88   85    0    0    0    0    0   76   84   56    0   90   72    0   86    0    0   93   82    0    0    0   87    0   80    0    0   63   66    0    0    0   62    0   60    0   78   61   64   79   97    0    0   89    0    0   84   95   63    0   74    0    0    0    0   84   94   91   57   81  100    0    0    0    0   77    0   92    0   84    0    0   83   67   75    0   58   71   65   99   68    0   96   59    0    0    0   69   73    0    0    0   98    0    0    0    0  
   0    0    0   77    0    0    0    0    0   73   91    0   76    0   89   87    0    0    0   84    0    0   60   98   57   67   63    0    0   71    0    0   99   70   92   85   97   72    0   94   95    0    0   82    0    0   80    0   68   98    0    0    0   66    0    0   92    0   90   81    0   74   69   95    0  100    0    0   64    0   59    0   56    0   88   83    0   93    0   67   62   86   96    0    0   79    0   58   65   75    0   90   61    0    0   78    0    0    0    0  
   0   74   78   88   65   97    0    0    0    0   58   58   92    0    0   93    0   57   66    0    0   69    0   95   86   56   65   91    0    0   96    0   76   83   72    0   63   89   61    0    0    0    0   68    0    0    0   56   82   62   79    0   63   84   99   81    0    0    0   71   64    0    0    0   77    0   80   70    0   59   85    0    0   98    0   67    0    0    0    0   90   73    0    0   87   75    0    0    0    0    0    0    0  100   94    0    0   73    0   60  
   0    0   92    0   88   93    0    0   79   60    0   81   77   76   71   95    0    0    0   73   72    0    0   59    0   75    0   85   57   96   80   61    0   91    0   99    0    0   81    0    0   84    0   82   69    0    0    0   83    0  100    0   69    0    0   89   90   66   56    0   86    0    0    0    0   68    0   78   98   87   63    0    0    0    0   64   98   65    0    0    0    0    0   73    0   94    0   74    0   97   92    0   70    0    0    0   67   62    0   58  
   0   71   59    0   98   85    0   64   78    0    0   83    0   68    0    0   72   81    0   62    0    0   82    0    0    0    0  100    0   76   91    0    0   60   56    0    0    0    0   97    0   73    0   92   89   88    0   77   57   65   74   77    0   96   67   76   84    0   70    0    0    0    0   66   87   80    0   95   99   94    0   78    0    0    0   68    0   75    0   79    0   63   69    0    0    0    0    0   86    0    0    0    0   90    0   62   61    0   58   93  
  68   92    0   61    0    0   59    0   78    0    0    0    0    0    0   70    0    0   82   62    0   77   82   57   86   90  100    0   91    0    0   89   64    0    0    0   62    0    0    0    0    0   56    0    0   95    0    0   85    0    0    0    0    0   79    0    0   84   76   99    0   74   60   67    0    0    0    0   80   93    0   98    0   69   96   66    0   61    0   65   83   88   81    0   72   63   87   75   97   66    0   60    0   94    0   58    0   71    0   73  
  91    0   63    0   73   80    0    0    0   86   97    0   87   79   99    0    0   90    0   59   78   70   75    0    0    0   92    0   76   93   81   82    0    0    0   85   95    0   66   77   65    0    0   84    0    0    0    0    0    0   98    0    0   96   68    0   88   62    0    0   74   88   76    0   72   89   67    0    0   60   94    0   62    0    0   67    0    0    0    0   71   83    0    0   58    0   61  100    0    0   76    0   56    0    0    0   64    0   69   57  
   0   56   96   87   90   74   98    0    0   76   58    0    0    0   62    0    0   73   92   99    0   86    0   64    0   58   59   82   58   81   93    0    0   77    0    0   95   61   57   79   69    0    0   85   91   97    0    0    0    0   75    0    0    0   60    0   90   63    0   89    0    0    0    0    0   71   98    0    0   68    0    0    0    0    0   72    0    0   67    0    0    0   83   65    0   66    0    0   74    0   78   94   70    0   84   80    0  100    0   88  
   0    0   75   73   71    0    0   72    0   78   93   74   97    0    0    0   84   89    0    0    0    0   77   95   87    0   96    0    0   79    0   91    0    0   66    0   69   67   85    0    0    0    0    0    0   90   95   88    0   86    0   70    0    0    0    0   86    0    0    0   82   76    0   65   57   64    0    0   63    0  100   94    0   98    0   56   84   80    0   60    0    0   81   68    0   84    0   83   58   98    0    0    0   99   59   61    0   92    0   62  
   0   68    0   93   66   71    0   86    0    0   62   89    0    0   63    0   91    0   85   77   89   81   84    0    0   58    0   83   59   98    0    0    0   60   74    0    0    0    0    0   78    0   99   69    0    0   97   72   90    0    0    0    0   72   67  100    0   67   96    0   73    0    0   80   61    0   56    0    0   82    0    0   95    0   65   76   57    0    0    0   92   75    0    0    0   64   94   79    0   70   87   88    0   97   98    0    0    0    0    0  
  86    0   90   89    0   85   62   56    0   71   72    0    0   70    0    0   93   68    0    0    0   78   64    0    0   94   79  100    0    0    0   74   81    0   98    0    0   59    0    0   73   95    0    0    0    0   84    0   67    0    0   61   84    0    0   69   63    0    0   58   65   82    0   80    0    0    0    0   60   96    0   87    0    0   63    0   91   99   75   92   76   66    0    0    0    0    0   66   83   77    0    0   97    0    0   88   57   64    0   61  
   0   66   58   81   84   62    0    0    0   78   90   90   97    0    0    0   63    0    0   93   61    0   87   67    0    0   75   74    0   86    0    0  100    0    0   71   77    0   92   76   85   98   63    0    0    0   98    0   94   68    0    0    0    0   72   99   95    0    0    0    0   60   83   65   70    0    0    0   73    0   91   79    0   56   80    0   96    0    0    0    0   69   89   76   88    0    0    0   82   59    0    0    0   64    0    0   96   57    0    0  
   0    0    0    0   56    0   83   83   78   58    0    0   60   95    0  100   81   71    0   87    0   98    0    0    0   59   77    0   68    0   93    0   64   61    0    0    0    0    0    0    0   80   94    0    0    0    0    0    0   73    0    0   84    0    0   79   69    0   99   85   62   91    0    0   86   98    0   67   75    0   70    0   66   72    0    0   96   89   92   90   74    0   68   97   82    0   76   88   65   81   57    0    0    0    0    0    0    0   63   90  
   0   66   62    0   82    0   57   93   94    0    0    0   68    0   65   69   58    0    0   73   96    0   84   75   56   85    0    0   78    0   91   79    0   83    0   71    0    0    0   81    0    0   67  100    0   97   70    0   76   61    0   80    0   72   95    0    0    0    0    0    0    0   77   69   74   99    0   90   88   60    0    0   63   87    0   92    0   59    0    0    0    0   86   64    0   62    0    0    0    0    0    0   59   89   96    0    0   93   98    0  
   0   60    0    0    0    0   90   63   57    0   67   78   56    0   70   86   59    0  100   76    0    0   96    0    0   75    0    0    0   98   72   64    0   61    0    0    0    0   82    0    0   73    0    0    0  100   66   91    0   95   70   99   96    0   74    0    0    0   62   68    0   87    0    0   69    0   83    0   94    0   89   81   99   65   93    0   71    0    0   84   88    0   92    0    0   77   80    0    0   79    0   79    0    0   97    0    0   58    0   85  
   0   84    0    0   76   82   63   66   68    0    0    0    0   90   65   94   58   60   69    0    0    0    0    0    0    0    0    0   56   67    0   88    0    0    0    0   85   79   83   93   68   77    0   65   72    0   96   65   99   98    0    0  100    0   86   97   62   74    0   91    0    0    0    0    0    0   81   80    0    0   70   75    0    0   73   92    0    0    0    0    0    0   78    0    0    0    0    0    0   64   89   87   59    0   88   71   57   95   61   87  
  81   92   61   88    0   89   66   62    0   91    0    0   78   72   59   63   65    0   57    0    0    0    0    0   69  100    0   60   70    0   90   84    0    0   87    0   59    0    0   98    0   85   86    0    0    0    0    0   91   76   77    0    0   96    0    0   95    0   71    0    0   75   91   56   58    0   67    0    0    0   83    0   99  100    0   68   97   79    0    0   73   74    0   64    0    0    0   93   82    0    0    0    0    0    0   80   94    0    0   86  
   0   78    0    0   84    0   67    0    0    0   73   86    0    0    0    0   76    0   60   89   75   90   98    0   85    0    0    0    0   62   88   66   92   70   80   87   64   74    0   96    0    0   93   94    0    0    0   83   84    0   61    0   82    0   89   58    0   71  100    0   95    0    0    0   85    0    0    0   69    0   79    0    0   59   57   91   56   92    0   65   72   63    0   75    0    0   81   68    0    0    0    0    0   77   99    0    0    0    0   97  
  88   65   76    0    0   93    0    0   62   73    0   82    0   70   94    0   86    0   60    0    0   90   97    0   95   91    0   74    0    0   83    0   87    0   56    0    0   80    0    0    0    0    0    0    0    0   69   63   66    0    0    0    0   92    0   75    0    0   79   72   61   89   68    0    0  100    0    0    0    0   89   61    0   87    0   59   67    0    0   96    0   81   64   85   93   78   84   57    0    0   58    0    0    0   77   71   73    0   98   99  
  82    0    0   68   83    0    0   95   78    0   58   92    0    0   76   94   59   93    0    0    0   65    0    0  100    0   77   87   90    0    0    0   67    0    0    0   57   56   80   69  100   88    0   89   81   71    0    0    0   79    0    0   99    0    0    0   79    0   84   80    0    0   64   63   75   66   91    0   85    0    0    0   62   96    0   97   75    0   86    0   98   70    0    0    0   72    0   61    0    0    0    0    0    0    0   57    0   73   74   60  
   0    0    0    0    0    0   79    0   61    0   88  100   75    0    0   87    0   70   58   90   82   60    0    0   94    0    0   73   81   56    0    0    0    0   59   72    0    0   84   99    0    0   87   62    0    0   83   93   78    0    0    0   77   65    0   89   80   68   67    0    0    0   58    0   85    0   95   92    0   97   74    0    0   57    0   81   89   71    0    0    0   66   78   64    0   63   98    0    0    0    0   86   69    0    0   76   96    0   91    0  
  90   87   88   58    0    0    0   96   63    0   95   65    0    0    0    0    0   92    0   93   70    0   72    0    0    0    0    0    0    0   85   73   60   67    0    0   78   83    0    0   80    0   97    0   75    0    0   82    0    0    0   85   78    0    0   81   68   61   62    0    0    0   66   86  100   78    0    0    0   79    0    0   71    0    0   69   59    0    0    0   91    0   99   98   77    0    0   89   57   56    0   84   76    0   99   94   64   74    0   69  
  94   76   64   94   73    0    0   96    0   93   80   94   65   60   77   66   87    0    0   62    0    0    0    0   71    0    0    0   90    0   92    0  100   95    0   72    0   97   59    0    0    0   95   84    0    0    0   68   81    0    0    0   70   58   57   88    0    0    0   67   85   83   61    0   79    0   98    0   89   91    0    0    0   63   82    0   86   95    0    0   75    0    0   69    0   78   56    0   74    0   99   82    0    0    0    0    0    0    0    0  
   0    0    0    0   83    0    0    0    0   92   69    0    0   86    0    0   94   73   64   82    0    0   70   98   84    0    0    0   61    0   63    0   67    0   60   76   93   81    0    0   99   74   96    0   77    0   71    0    0    0   85    0    0   99    0    0    0   58    0   87  100   81   75   59   95    0   78   90   72   79   89    0    0   62    0    0   57   96   66   80    0    0   59    0   91    0    0   65   88   68   67    0    0    0    0   97    0    0    0   56  
   0   57    0    0   90   66   86    0   67    0    0   95    0   78    0   70   65    0    0   59    0   93    0   64    0    0   85    0    0    0   88    0  100   63    0    0    0    0    0   72    0   74   87    0    0   58   80    0    0    0   96   97   99   70   84    0   89   94   60   66    0    0   69    0    0    0    0    0   81    0    0    0   87    0   76   68    0   75  100   83   98   73    0   77   82    0   82    0   71   79    0   62    0    0   56    0   61   91    0   92  
  77   62   64   85    0   91   66    0    0    0    0   59   90    0   84    0    0    0    0   94   75   78   98   73    0    0   71    0   80   93   97    0    0    0    0   74    0   88   67   69   81    0   82    0    0    0    0   83   94    0    0    0    0   60    0    0   99   58    0  100    0   61    0   92    0    0   98    0   63   71   56   79    0   57    0    0   76    0   89   65    0    0   86    0   68   72    0   62    0    0   95    0    0   70    0   64    0    0   96   87  
  57   92    0    0   87   61    0    0   66    0   99   68   93    0   77    0    0   70   71   69    0   90    0   59    0   81   67    0    0    0    0    0   56    0   85    0    0   83   62   82   86    0   60   84    0   89   96   76    0    0    0    0    0    0   98    0    0    0    0   80    0   67    0   78   88    0   89  100   74    0    0   79    0   73    0    0   64   91   65    0   94    0   97   72   74    0    0    0   75   95   99    0    0   73    0   63    0    0   58    0  
 100    0   65   91    0    0    0    0   75   89    0    0   85    0    0   78   62   66   72    0   63   96   61    0    0    0   77   98   99    0    0    0    0    0    0   87    0   82    0    0   73   75    0    0   88   64    0   70    0    0   71    0    0    0   76    0    0    0    0   69   57    0   57   92   90   68   81    0    0   58    0    0   67    0   95   68   56    0   94    0    0    0    0   59   86   97   74   65   76   79   60   93   83    0   80    0    0    0   84    0  
   0   93    0   94    0   74    0   70    0   87    0   67    0   63    0   77    0   62    0    0   98   88    0   65    0   72    0   85   79    0    0   88    0   82   84    0   68    0    0   95    0   56    0    0    0    0   91    0   92    0    0   98    0    0   64   99   76    0   57   56    0   56    0   86    0   66   75   71   61    0   80   78   97    0   83    0    0    0  100   59   90    0    0   89   58   98    0    0   96    0   69    0   60    0   73    0    0   81    0    0  
   0   86   66    0    0   58    0   72    0   94   69   63   98   85   57    0   67    0    0   84    0   88    0    0    0   83    0   77    0    0    0    0   75   82   97   99    0    0   71   59   97   70   73    0    0   88   78    0   64    0   92   76    0    0    0   62   74    0   96    0    0   87  100    0   80   68   65   98   61    0    0   93    0    0    0   81    0    0   57    0    0    0    0    0    0    0    0    0   79    0    0   89    0   90   91   60   95   56   61    0  
  86    0    0   85    0    0   99   95   64    0    0   58    0    0    0   72    0   96    0   93   56    0    0    0    0   74    0    0   73   98    0    0   94   59    0    0    0    0    0    0   67   81   68   60   65   84   87    0   66   78    0    0   83    0    0   70    0   97    0   89    0    0    0   63    0   76    0   80    0   71   64   90    0   62    0    0    0    0    0   88    0    0   92   82   99  100    0    0   64   57   91   61   98   98    0    0   75   79   77   69  
   0    0    0    0   75    0    0    0   56    0   78    0    0   82   68    0   90   66    0    0   98   88    0   90   91    0   71    0    0  100    0   59    0    0   84   80    0   77    0    0   67   97   63    0    0    0   89    0   73   92    0   62    0   83    0   64   86    0   70   93   92    0    0    0    0   66    0   65   85   95    0    0    0    0   69   81    0   99    0    0   96    0   84   94   72    0   72   61   60    0    0   74    0   58   79   76    0   87    0   57  
   0    0   87   95   66   58   92   60   76   56   88    0    0   82    0    0   74    0   93    0    0   77    0   70    0   98   81   64    0   91   57    0    0    0    0   62    0    0    0   59  100    0   99   68    0   72    0   79   96    0    0    0    0   80    0    0   61   69   71   70    0   85   66    0    0   67   68    0    0    0    0    0    0   73   67    0    0    0   89    0    0    0    0   90   98    0   65    0   63   75    0    0    0   84   83   97   94   78   86    0  
   0   73   98   79    0   57   90   76    0   61   88   91   64    0    0    0   72    0   95    0   74   78   89   65   75   73   68    0    0   91    0   82    0    0   62   56    0    0   93  100   59   88    0   92   92    0   81    0    0    0   86   87    0    0    0    0   85    0   60    0    0    0   95    0    0   83    0    0   97    0   77    0    0   84   69    0   80    0   96    0   70   67   99    0    0   71    0   58    0    0    0    0    0   66    0   94   63    0    0    0  
  90   92    0    0    0    0    0    0   93   88   63    0   80   57   79    0   87    0   81   69   99   96    0  100   56   78   62   98   89   73    0    0    0    0   67   95    0    0    0   90    0   74    0    0    0   76   68    0    0   84    0    0   61   91    0    0    0    0    0    0   75    0   76   93   64    0    0    0    0    0   72    0   86    0   66   94    0   70    0    0   85   65   97    0   59   77    0   82    0   60    0   78    0    0   83    0   82   58   71    0  
   0   76    0   65    0   73    0   75    0    0    0    0    0    0   69   56   74   61   88   89   81    0    0    0    0    0    0    0   70    0    0   87   97    0   77   95    0  100    0    0   58   66    0    0    0   97   64    0   96    0   64   79   60   84    0   78    0   91    0   71   90   63    0    0   62   92    0   57    0    0   98   93   86   73   56   68    0   85    0   82   80   59    0    0   72    0    0   99    0    0    0   68    0   94   83    0    0    0   67    0  
   0    0   85   77    0   64    0   56   82   97   78   89    0   63    0    0   93   76    0   91    0    0    0    0   74   69   85   81   70   94   87   67    0    0   93    0    0    0    0   58   95    0    0   75   59    0   62    0    0    0    0    0    0    0    0   88   92    0    0    0    0   98    0    0   79   57    0    0   80    0   68    0   86    0    0   73    0  100    0   61   85   99    0    0   96   60    0   66    0    0   84   82   71   67    0    0   65   90   83   72  
  74    0    0    0    0   84   93    0   63    0   56   96   87    0  100    0   64    0   89    0    0    0    0   68    0    0    0    0    0    0    0   91    0   80    0    0   76   77    0   76   86   75    0   87    0    0   78    0   65   82   60   92   73   70    0   88   98    0   79   94   70    0   99   72    0    0   58    0    0   56    0    0    0    0   94    0   71   97   83   95   69   85   90   81    0   59    0    0   67   66   57    0    0    0    0   62    0    0   61    0  
  71   65   88   93   81    0    0    0    0   72   67    0   62   76   57   79   94    0   99    0   91   97    0    0   63    0    0   69    0    0    0    0    0    0   87   80   98   59    0    0   60    0    0   97   94    0    0    0    0   96   73    0    0    0   86   89   61    0   98    0   82   70    0   77    0    0    0    0   66    0    0    0   75    0   64    0    0    0    0   74   95   78    0   58   56   85    0    0   85   92   68   83    0   90    0   78  100    0    0   84  
  76   95    0    0    0   76    0    0    0    0   81    0    0    0    0    0   75    0   79    0    0   70   84   77    0   90    0    0   58   59   73   87   96   66   63    0    0    0   88    0   65   93   96    0    0   97    0   92   60    0    0   83    0   82    0   80   61   68  100    0   99    0    0   72   86    0    0   89    0   91    0    0   78    0    0    0   62    0   56   94   69   89    0   85    0    0    0   98    0   67    0    0   80    0    0   68   71   57   74   64  
  62    0   64    0   98   61   87    0    0    0    0    0    0   84    0   57   81    0   89   77   82   89    0    0   94    0   99    0  100    0    0   75    0    0    0    0   90    0   56   96   79    0   70    0   66    0   85   88    0    0    0    0   95   99   72    0    0   86   76    0   59    0   93    0   88    0   85   63    0    0   65    0    0   78    0    0   91   73   60   81   80   68   69    0    0    0    0   58    0   83   97   67   92    0    0    0    0    0   71   74  
  70    0    0    0   85    0    0    0   90   76    0   60    0    0   99    0   65    0    0   73    0   71    0   87   83    0   79    0    0    0   86    0    0    0    0    0   68   86   96   92   72    0   57   58    0   78    0    0    0  100   82    0   84    0   62    0   69    0   75    0   95   66    0   89   71   63   95    0   77   97   59    0   94    0   81    0    0    0    0    0   80   61   58   93    0   64   74    0    0    0   67    0   98    0   91   56   58   88    0    0  
   0    0    0    0    0    0    0    0   95    0   84   78   65    0    0    0   70   88   76  100   90   91    0    0   69   80   96   97    0   70   92   89    0   66    0   98   61   83    0    0    0   71    0    0    0   56   94    0   68   70    0   69   57   58   77    0    0    0    0    0   87   64    0    0    0   75   60    0   63   93   62   99    0    0   67   82    0    0    0   79   63   86   85    0   73    0   81   74    0    0    0   99   59    0   72    0    0    0    0    0  
  67    0    0    0   70    0    0   81   62   71   66   97   56    0    0    0   79   60    0    0   88    0   57    0    0   77    0   95    0    0    0    0   72   94   99    0    0   62   58    0    0    0   92    0  100    0    0    0    0   74   90   98    0    0    0   75    0    0   83    0    0   65    0   80    0   78   68   85    0   63   62    0    0   69   76    0   61   83    0    0    0   87   82    0   93   86    0   89   85    0   84   96    0   64   59    0    0   91   85   73  
  75    0   98    0   82   94   88    0    0   96   92    0    0   72   64   97   86    0    0    0   73   90    0   85    0    0   95   84   79    0    0    0    0   56   77   60    0   69   74   67    0    0  100    0    0    0   65   74    0    0    0   68   70    0   87    0    0    0   99   91    0   76   91   63   86   66    0    0   59   80    0    0    0   81    0    0    0    0   57   78   83    0    0   61    0   93    0   62    0    0   99   71    0    0   58   89    0    0   82    0  
  59    0   71    0   57    0    0   94   88   69   67    0    0    0    0    0   58    0   60    0    0    0   73   83   90   81    0   86   62   84   64   68   61    0   79    0    0    0    0    0   91    0   97    0    0   95    0   89   85    0    0   78   77    0   75    0    0   87    0    0   76    0    0    0   63    0   65    0   98    0    0   92   82    0   66  100   72    0   70   80   96   93    0    0   81   74    0    0    0   99   85    0    0   56    0    0   68   73    0   85  
   0    0    0    0   83   60    0   89   78   58    0   79    0    0   85   73   77    0   96    0   59   88   66    0    0    0   57    0   81   70    0   90    0   71    0    0    0   83   80   64    0    0  100   92    0   74    0   56    0    0   87   93    0    0    0   63    0   76   78    0    0   62    0   65    0    0   86   69   75   72   67   98    0    0   82   99   95   97    0    0    0    0   76   61   68   75   84    0    0    0    0   91   90    0    0    0   94    0    0    0  
  97    0   92    0    0   68   86    0   90    0   60    0   77    0   59   64   94    0   76    0    0    0    0   59   93    0    0    0   80   84    0   56    0   81    0   89    0    0   61    0    0   62   72   78    0    0    0   67    0    0   58    0    0    0   79    0   63    0    0   75    0    0   73    0   91   69   88   71    0   83    0   70    0   65   68   98    0   57   72   87   74    0    0   82    0   85   99    0    0   95    0    0   86    0    0    0  100   96   66   74  
  69    0   66   58    0   90    0    0   68   99   87    0    0   73   78   75   82    0    0   72    0   85    0    0    0   59    0   89    0    0   84    0    0   56   70   62    0    0    0    0   76   86   77   88   97   72    0   65    0   64    0   95    0   63   83  100    0   78    0    0    0   81   67    0    0   96    0    0    0    0   61    0   74    0   67    0   91    0    0    0    0    0   92    0   57    0    0   98    0   94   80   69   60    0    0   93   71   79    0   56  
   0   60   77   79    0   88    0    0   97   96   63   88   73   80    0    0   67    0    0    0   87   91    0   75   56   83    0    0   98    0   73    0   62    0    0    0    0    0   65   70    0    0    0   57    0  100   64    0    0    0    0   90    0    0   93   82   78    0    0   74   92   66   81   59   71   58    0    0   85    0    0    0   77    0   72    0   69   86   76   61    0    0   95    0    0    0    0   57    0    0   68   94   89    0    0    0    0   84   99   59  
   0   84    0    0   74   90    0    0   99    0    0   80   58   82   66    0    0   75   77   96    0   57   86   79    0   89    0    0   56   87    0    0   62   78    0   76   81   70   65   85   59    0    0    0   88    0    0    0   98    0    0    0   69    0   61    0   92   64    0   71   60    0    0   56   68    0    0    0   63   93  100    0   72    0   94    0    0   95    0   87   93    0    0   73   83   67   96   93    0   91    0    0    0    0   97    0    0    0    0    0  
  82    0    0    0    0   65    0    0   70    0    0   67   95   59   74    0    0    0   89   94    0    0   99   86    0   81   90    0   79    0   83   80   61    0   58   88   68   98   63    0   84   71    0    0    0    0    0    0   75    0   78   68    0    0   77   62   64    0    0    0   57    0   69   95   93   85    0   87   97    0    0   98   59  100    0   90    0    0    0   96   92    0   66   76    0    0   73   56   91    0    0   72    0    0    0    0    0    0    0   60  
  87    0   80    0    0    0    0    0   90    0   96   83    0    0    0    0    0   97    0   59   82    0   78   68    0   65    0   62   88    0   61    0   84    0    0   74   70    0   73   60    0   98    0   85   80    0   91    0    0    0   72   71   81   99    0    0    0   58   95    0   93   89    0   77    0   97    0    0   94    0    0   57   75   92    0    0    0    0   67   99   56   76    0    0    0    0    0    0   64    0   87    0   69   79   84   63   86   66  100    0  
   0   77    0    0   71    0   81   98    0   73    0   93   76    0    0   85   84   72    0    0    0   96   56    0   82    0   74   71    0   60    0   92   75   68   89    0   71   86    0   72    0    0  100   63   87    0    0    0    0    0   80   57    0    0    0    0   67   78   69   65    0    0   62   83    0    0    0    0   94   58   95   70   64    0    0    0    0    0    0   57    0    0    0    0   59   97    0    0    0   79   91    0    0   88   67    0   66   90   61   99  
   0   69   99   95    0   99    0   83    0    0   80    0    0    0   96   68   92   67   72   56    0    0    0   65    0    0   97   84   86    0    0    0   75    0   70    0   72   59   77   74   62    0    0   87   58    0   89    0   85   57    0    0   82    0   88   94    0   93    0    0    0    0    0   61    0    0    0   86   81   60   63   91   64    0    0   68    0    0    0    0   71   79    0   90  100    0    0   78   98   66    0    0    0    0   85   73   76    0    0    0  
  84   72   86    0    0   89    0   65    0    0    0   97    0   59   64   67   60    0   70   99    0    0   60   62    0    0   61    0    0   78    0   85   56   81   67    0   91    0    0    0    0   94   75   83    0    0    0   84   73    0   80   62   98    0    0    0   74    0   58    0    0   63   93    0    0   96   88    0    0   95    0    0    0    0    0    0   68   69   79    0   90    0   76    0    0   92    0   87    0  100    0    0   71   66   82    0   57   88    0   77  
   0    0   74    0    0   63    0   71   65   65    0   92    0   69  100   85    0    0    0    0   97    0    0    0    0    0   83    0   68   93   63    0   90   98    0   64   62   60   59   56    0   88   66   87   78   80    0   96    0    0    0    0   67   94   57   81    0    0    0   87    0   61    0    0   81    0   95    0    0   91    0    0   70   89   56   82   72    0    0   73    0    0    0    0   76    0   58   79   75   86   84    0    0   77   99    0    0    0    0    0  
  86   66   75   58   61    0   83    0   71    0   58   85   59    0   88   97    0    0    0  100   57   91    0   98   69    0   82    0   79    0   72    0   94    0   60   77   95   64    0   78    0   68   60   90    0   87    0    0    0   56    0    0   92    0    0    0    0   74    0   81   70    0    0   90   96    0   61   73    0   80    0    0   99   65   93    0   84    0    0    0   63    0   67   62    0    0    0   89   97    0    0    0    0    0    0    0    0    0    0   76  
   0    0   73   71   56    0   69   80   70    0   93   72   96   81    0   87    0    0    0   90   74    0    0   63    0   64    0    0    0    0   65   98    0   66   62    0    0    0    0   78   89   97   80   92    0    0   82    0    0    0    0   75   77    0   79   76   67    0   73    0    0    0   95    0   99   60    0   86  100   57   73    0    0    0   83   58    0    0   59   88   84    0   80    0    0   85   94    0    0   91   61   79    0   68    0    0    0    0    0    0  
  95   95  100   59   68   81    0    0    0    0    0   73   66    0    0   71    0    0   84    0    0   91    0    0    0    0   94    0    0   86    0    0    0   82   76   63   80   65   83   67    0   64   69    0    0    0   72   89    0    0   90    0    0   70    0    0   85   58   77    0   79   93    0   56   89   88   87    0   96    0    0   78    0    0   99   98    0   92    0   60    0    0   57    0    0   62    0   74   75    0   94    0    0   97    0    0   64   61   70    0  ] 
BUDGETS : [    1    1    4    6   11   13   17   20   20   24   29   32   35   36   37   38   39   40   41   43   45   48   48   50   53   56   62   68   72   72   73   74   75   76   76   78   79   81   86   96   97   97   98  100  100  102  102  103  103  104  107  107  110  114  114  115  116  117  117  118  119  120  120  125  126  127  136  137  141  142  143  144  145  145  145  146  147  149  150  152  154  155  155  160  161  162  163  163  165  166  170  174  186  186  187  189  190  192  194  196  ] 
