K : 150
I : 75
PREFERENCES : [    0    0    0   75    0    0    0    0   68   71    0    0    0   70    0    0    0    0    0    0   70   67   69    0    0   68    0    0   73    0    0    0   74    0    0    0    0    0    0    0    0    0    0    0    0    0    0    0    0    0    0    0    0    0    0    0   73    0    0    0    0    0   72    0    0    0   75   66    0    0    0   72    0    0    0  
   0    0    0    0    0    0    0    0    0    0    0   74    0    0    0    0    0    0    0   67   74    0   75    0    0    0    0    0    0    0    0    0   66    0    0    0    0    0    0    0    0   71   75    0    0    0    0    0   72    0   67   70    0   74    0    0    0    0    0   68    0    0    0    0    0    0    0    0    0   73   75    0    0    0   69  
   0    0    0   75    0   71    0    0    0    0    0    0    0    0    0    0    0    0    0    0    0    0   67    0    0   70    0    0   74    0    0    0    0   66    0   69   74    0    0    0    0    0   73   72    0   68    0    0    0   71    0    0   75    0   74    0    0   70    0    0    0    0    0    0    0    0    0    0    0    0    0    0    0    0    0  
   0    0    0    0    0   68    0    0    0   72   66    0    0   69    0    0    0    0    0    0    0    0    0   73    0    0    0    0    0    0   70    0    0   69    0    0    0    0   74   71    0   67    0   69    0   75    0    0    0    0    0    0    0    0   75    0   69    0    0    0    0    0    0    0    0    0    0    0    0    0    0    0    0   75    0  
   0    0    0    0    0    0    0   70   74    0    0   72    0    0    0    0    0    0    0    0    0    0    0    0    0   74    0    0    0   73    0   74    0    0    0    0    0   66    0    0   75   74   67   68   67   69    0    0    0    0    0    0    0    0    0    0   71    0    0    0   71    0    0    0    0    0    0    0    0    0    0    0    0    0    0  
  72    0    0    0   75    0    0    0   67   68    0    0    0   68    0   66   72    0    0    0    0    0    0    0   68    0    0    0    0   69    0   68    0    0    0    0    0    0    0    0    0    0    0   70    0    0    0   73    0    0    0    0    0    0    0    0    0    0    0    0    0    0    0    0    0    0   75    0    0   74    0    0    0   71    0  
   0    0    0    0   66    0    0   67    0    0    0    0    0    0    0    0    0    0    0    0   75    0    0    0    0    0    0    0    0   74   68   74    0    0    0    0   66   71    0    0    0    0    0    0   69   72   75    0    0    0    0   73    0    0    0    0    0   75    0    0   69    0    0    0    0    0    0    0   70    0    0    0    0    0    0  
  69    0    0   66   68    0    0    0    0    0    0    0    0    0    0    0   74   68    0    0    0   72    0   66    0    0    0    0    0    0    0    0    0   68    0    0    0    0    0    0   75    0    0    0    0    0    0   68    0    0   70    0    0    0    0    0    0    0    0    0    0    0    0    0   67   68    0    0    0    0    0   73   71    0    0  
  75    0    0   71    0    0   66    0    0    0    0    0    0   72    0    0    0    0    0    0    0    0    0   67    0    0    0    0    0    0    0   73    0    0    0    0   67    0    0    0    0    0    0    0   75    0    0    0   74   68    0    0   69   72    0    0    0    0    0    0    0    0    0    0    0    0   74   70    0    0    0    0    0   70    0  
   0    0    0   68    0    0   66    0    0    0    0    0    0    0   74    0    0    0    0    0    0    0    0    0    0    0    0   68    0    0   70    0   75    0   71    0    0   70    0    0    0    0    0    0    0   68    0    0    0   70    0   72    0    0    0    0    0    0    0   68    0    0    0    0    0    0   69    0    0   73    0    0   67    0    0  
  75   67   66    0   69    0    0    0    0    0    0    0    0    0    0    0    0    0    0    0    0   73    0    0    0   72    0   70    0    0   71    0    0    0    0   68    0   75    0    0    0    0    0   72    0    0    0   68    0   69    0    0    0    0    0    0    0    0    0    0    0    0    0    0    0    0    0    0   72    0    0    0   74    0    0  
   0    0    0    0   75    0   68    0    0    0   72    0    0   74    0    0   70    0    0   74   69    0    0    0    0   66   71    0    0    0    0    0    0    0    0   73    0    0    0    0   66    0    0    0   67    0    0    0    0    0    0    0   75    0    0   68    0    0    0    0    0    0    0    0    0   67    0    0    0    0    0    0    0    0    0  
   0    0    0    0    0    0    0    0    0    0   69    0    0    0    0    0   70   71    0    0    0    0    0    0    0   73    0    0   70    0   68    0    0    0    0    0   73    0    0    0    0    0    0    0    0   71    0   74   69    0    0   67   66    0    0    0    0    0    0    0    0    0    0    0    0    0   75   68   72    0    0    0    0    0    0  
   0    0   75    0    0    0   70    0    0    0    0    0    0    0   69    0    0    0    0    0   70    0   75    0    0    0    0    0   70    0    0    0    0    0   67   68    0    0   66   69    0    0    0   71    0    0    0    0    0    0   74    0    0    0    0    0   73    0    0    0    0    0    0   68    0    0    0    0    0    0    0    0    0   72    0  
   0   72    0    0    0   73    0    0    0    0    0    0    0    0    0    0    0    0    0    0    0    0    0   66   68    0    0    0   67    0    0    0    0    0   70    0   71   69   74    0    0    0    0    0    0    0    0    0   74   66    0    0    0    0    0    0    0    0    0    0    0   75    0    0   67    0    0    0    0    0    0    0   73    0   67  
   0    0    0    0    0    0    0    0   74   72    0    0    0    0    0   71    0    0    0    0    0   71    0   70    0    0    0    0    0    0    0    0    0    0   68    0    0    0    0   72    0    0    0   75   68    0   66    0    0    0    0   69    0    0    0    0    0    0   73    0    0    0    0   66    0    0    0    0    0    0    0    0   71   67    0  
   0    0    0    0    0   66    0    0   69    0    0    0    0    0    0    0    0    0   70    0    0    0    0    0    0    0    0   69    0    0    0    0    0    0    0   73   74    0    0   66    0    0   68   72    0    0    0    0   72    0    0    0    0   69   75    0    0    0    0    0   71    0    0    0    0    0    0    0    0    0    0    0   67    0   66  
   0    0    0   70    0    0   71    0   75    0    0   67    0    0    0    0    0    0    0    0    0    0    0   72   74    0    0    0    0    0   73    0    0    0    0   69   74   72   70    0    0    0    0    0    0    0   72    0    0    0    0    0    0    0    0   66   68    0    0    0    0    0    0    0    0   70    0    0    0    0    0    0    0    0    0  
   0   69    0    0    0    0    0   71    0    0   67    0    0   70    0    0    0    0    0    0    0    0    0    0    0    0   74   68    0    0    0    0    0    0    0    0    0    0    0    0   67   71    0    0    0    0    0    0    0    0    0    0    0    0    0    0    0   71   75   72    0   71    0    0   73    0    0    0    0    0   66    0    0    0   67  
   0    0   70    0    0    0    0    0   73    0    0    0    0    0    0    0    0    0    0    0    0    0   69    0    0    0    0    0    0    0    0   73    0    0   73    0    0    0   66    0   74   68   70    0    0    0    0   70    0   70    0    0    0    0   75    0    0    0    0    0   71    0    0    0    0    0    0    0    0   67    0    0   72    0    0  
   0    0    0    0    0    0    0    0   67    0   68    0    0    0    0    0    0    0    0   67    0    0    0    0   70   71    0    0   69   74   73    0    0    0   70    0    0    0    0    0    0    0    0    0   66    0    0    0   75   67    0    0    0    0    0   69    0    0    0    0    0   73    0    0    0   72    0    0    0    0    0    0    0    0    0  
   0    0    0    0   70    0    0    0    0    0    0    0    0    0    0    0    0    0    0    0   72    0    0    0    0    0    0    0    0    0    0   70   74    0    0   66    0    0    0    0    0    0    0    0    0    0    0    0   69    0    0   73   71    0   68    0    0    0   72   69    0    0    0   69    0   74    0    0    0    0    0    0   67   75    0  
   0    0   72    0    0    0    0    0    0    0    0    0    0   74    0   68    0    0    0   69    0    0    0    0   72    0   66    0    0    0   66    0    0    0    0    0    0   73    0    0    0    0    0    0    0    0   73    0    0   67    0   75    0    0   70    0    0    0    0    0    0    0    0    0    0    0    0   66    0    0    0    0   71    0   66  
  73   75    0    0    0    0    0    0    0   74    0    0   73    0    0    0    0    0    0    0   69    0   66    0    0    0    0    0    0    0    0    0    0    0    0    0    0    0    0    0    0    0   67    0    0    0    0    0    0   72    0    0    0    0    0    0   69    0    0   68    0    0   72   72    0    0   70    0   66    0    0   71    0    0    0  
   0    0    0    0    0    0   70    0   71   75    0    0    0   67   66    0    0   73    0    0   69    0   74    0    0    0    0   73    0    0    0    0    0    0    0    0    0    0    0    0   68    0   72   69    0    0    0    0    0    0    0    0    0    0   67    0    0    0    0    0    0   66    0    0    0   67    0    0    0    0    0    0    0    0    0  
   0    0    0    0    0    0   71    0   68   66    0    0    0    0    0    0   74    0    0    0    0    0    0    0    0    0    0   70    0    0    0    0    0    0    0   66    0    0   67   69    0    0    0    0    0    0    0    0    0    0    0    0    0    0    0    0   69    0    0   67    0   68    0    0   73   75    0    0    0   73   72    0    0    0    0  
   0   74    0    0    0    0   67    0    0    0    0    0    0    0   74    0    0    0    0    0    0    0    0    0    0    0    0    0    0   69    0    0   66    0    0    0    0    0    0    0   73    0    0    0    0   68    0    0   74    0    0    0   72   73    0   75    0    0    0    0   70    0    0    0   75    0    0   71    0    0    0    0   75    0    0  
   0    0    0    0    0    0    0    0    0    0    0   72    0    0    0    0    0    0    0    0    0    0    0    0   74    0    0   75    0    0    0    0   71    0    0    0    0    0   73    0    0   66    0    0    0   71   70   70   68    0    0    0    0    0    0    0    0   67    0    0   69   75    0    0    0    0    0    0   67    0    0    0    0    0   72  
   0    0   74   71    0    0   68    0    0    0    0    0   66    0   75    0    0    0    0    0    0    0    0    0    0    0    0    0    0    0    0   72   69    0   67    0    0    0    0    0   69    0   70    0    0    0    0    0   71    0    0    0   75   75    0    0    0   72    0    0    0    0    0    0    0   73    0    0    0    0    0    0    0    0    0  
   0    0    0    0    0    0    0    0    0   75   74    0    0    0    0   73    0    0   66   74    0   70    0    0    0    0    0   67    0    0    0   69    0   71    0    0    0   74    0    0    0    0   74    0    0    0    0    0    0    0    0   68    0    0    0    0    0   68    0    0    0    0    0    0    0    0    0    0    0   71   72    0    0    0    0  
   0    0    0    0    0    0    0    0   67    0    0    0    0    0    0    0    0    0    0    0    0    0    0   68    0    0    0    0    0    0    0    0    0    0    0    0    0   72    0    0   71    0    0    0    0   68    0    0    0    0   74   68    0    0    0    0    0    0    0    0   69    0   75   70   73   66    0   70    0    0    0   70   67    0    0  
   0    0   68   69    0    0    0    0   69    0    0    0    0    0    0    0   74    0    0    0    0   66    0   71    0    0    0    0    0    0    0   68   69    0    0   75    0    0    0    0    0    0    0    0    0    0    0    0   71   73    0    0   71    0   67    0    0   72    0    0    0    0    0    0    0    0    0    0    0    0   70    0    0    0    0  
   0   72    0    0    0   75    0    0   73    0   73    0    0   72    0    0    0   72    0    0   74    0   71    0    0    0    0    0    0    0   70    0   68    0    0    0    0    0    0    0    0    0    0    0    0    0   69    0    0    0    0    0    0    0    0   75    0    0    0    0    0    0   66    0    0    0    0   70   67    0    0    0    0    0    0  
   0    0   66    0    0    0    0    0    0    0    0    0    0    0   67    0    0    0   70   68    0    0    0    0    0    0    0    0    0    0    0   68    0    0    0    0    0    0    0    0    0    0    0    0    0    0    0    0    0    0   72   75   68   73    0    0   71    0    0    0   75    0    0   74    0    0    0    0   72    0    0   70    0   69    0  
   0   70   66    0    0    0   67    0    0   75    0    0   69    0    0    0    0    0    0   69   73    0    0    0    0    0    0   70    0    0    0    0    0    0    0    0    0   71    0    0    0    0    0    0    0    0    0    0   73    0    0    0    0    0    0   72    0    0    0    0    0    0    0   67    0   71    0    0   74    0   68    0    0    0    0  
   0    0    0    0    0    0    0    0    0    0    0    0    0   75    0    0    0    0   66   73    0    0    0   74   67   73    0    0    0    0    0   69   70    0    0    0   66   66    0    0    0    0    0    0    0    0    0    0   68    0    0    0    0    0    0    0    0    0   75    0    0    0    0    0    0    0    0    0   74   72    0    0    0   71    0  
  69   66    0    0    0   71    0    0    0    0    0    0    0    0   66    0    0    0    0   75    0    0    0    0    0    0   72    0   66    0    0    0   67    0    0    0    0   68   70    0    0    0    0    0    0    0    0    0    0    0    0    0   73   74    0    0    0    0   66    0    0    0   71    0    0   70    0    0    0    0    0    0    0    0    0  
   0    0    0   68    0    0    0    0    0    0    0    0    0    0    0   73    0    0    0    0   71    0    0    0    0    0    0    0   74   66    0    0   67   70    0    0    0    0    0   70    0   75    0    0    0    0    0    0    0    0    0   71    0   70    0    0    0    0    0    0    0    0    0   70    0   72   73   69    0    0    0    0    0    0    0  
   0    0    0    0   68    0    0    0    0   75    0    0   74    0    0   68    0    0   73    0    0    0    0    0    0    0    0    0    0   72    0   67    0    0    0   70    0   75    0   70    0    0    0    0    0    0    0   75   71   73    0    0    0    0    0    0    0    0    0    0   69    0    0    0    0    0    0    0    0    0    0    0    0   66    0  
   0    0    0    0    0   75   70    0   67    0    0   69    0    0    0   66    0    0    0   68    0    0   67    0   71    0    0    0    0    0    0    0    0    0   72    0    0    0    0    0    0    0   67    0    0    0    0    0    0    0    0    0    0    0    0   74    0    0    0    0    0    0    0   66    0   69   69    0    0    0   73    0    0    0    0  
  74   67    0    0    0    0    0    0    0    0    0    0    0   75    0    0    0    0    0   72    0    0   67    0    0    0    0    0    0    0    0   69    0    0   73    0    0    0    0    0    0    0    0    0    0   69    0   66   72    0    0    0    0    0   69    0   72    0    0    0    0    0    0    0    0    0   68    0    0    0    0   71    0    0   70  
   0    0    0    0    0   72    0    0    0    0    0   73    0   74   70    0    0    0    0    0   71    0    0    0    0   66   69    0   74   74    0    0    0    0    0    0    0    0    0    0    0    0    0    0    0    0    0    0    0    0    0    0   68    0    0    0    0    0    0   70    0    0    0    0   73    0   67    0    0    0    0   75   75    0    0  
   0    0    0    0    0    0    0    0    0    0    0    0    0   66   69    0    0    0    0    0   75    0    0    0    0    0    0    0    0    0    0   74    0    0    0    0   67    0    0    0    0   70    0    0    0    0    0    0   71   74    0    0    0    0   68    0    0    0    0    0    0   74    0    0    0    0   70    0   72   73    0    0    0   66   68  
   0    0   72    0    0    0   66    0   73    0    0    0    0    0    0    0    0    0    0    0    0    0    0   74   75    0    0    0    0    0    0   67    0   68    0    0   69   71    0    0    0   69    0    0   70    0    0    0    0    0    0    0    0    0    0    0    0   67    0   74    0    0    0    0    0    0   71    0    0    0    0    0    0   66    0  
   0    0    0    0    0    0   72    0    0    0    0    0    0    0    0    0    0    0    0    0   71   66    0    0    0   67   74    0    0   69    0    0   75   69   73    0    0   70    0    0    0   68    0    0    0    0    0   75    0    0    0    0   68    0    0    0    0    0    0    0    0    0    0    0    0    0    0    0    0    0    0    0   73    0   74  
   0    0    0    0    0    0    0    0    0    0   72    0    0    0    0    0   68   75    0    0   66   72    0    0    0    0    0    0    0   69   72    0    0    0    0   73    0   70    0    0   74    0    0    0    0    0    0    0   73    0    0   73    0    0    0    0    0    0    0    0    0    0    0    0   72    0    0    0    0    0    0   71   67    0    0  
   0    0    0    0    0   71    0    0    0    0    0    0    0    0    0    0    0   70   73    0    0    0   67    0    0    0   72    0    0    0   69    0    0    0    0   72    0    0   71    0    0    0   66    0    0   73    0    0    0    0    0   74    0    0    0    0    0    0    0    0    0    0    0    0   72    0    0   74   75    0    0    0    0    0   68  
   0   72    0    0    0    0    0    0    0    0    0    0   75    0   71   67   74    0    0    0    0    0    0    0    0    0   66    0    0   67    0    0    0    0    0    0    0    0    0    0    0   66    0    0    0    0    0   70    0    0    0   66    0    0   68    0    0    0    0    0    0   67   66   73    0    0    0   69    0    0    0    0    0    0    0  
   0    0    0    0    0   72    0    0    0    0    0    0    0    0   72    0   72   74    0    0    0    0    0   67    0    0    0    0    0    0    0    0    0    0    0    0   66    0    0    0   73    0    0   70   67    0    0    0    0    0   69    0    0    0    0   68    0    0    0    0    0    0    0    0    0    0   75   67   71    0   72    0    0    0    0  
   0    0    0    0   73    0    0    0    0   69    0   67    0   70    0   69    0    0   72    0    0   75   68    0    0    0   67    0    0    0    0    0   70   74    0   66    0   72    0    0    0    0    0    0   66    0    0    0    0    0   71    0    0    0    0    0    0    0    0    0    0    0    0    0    0    0    0    0    0    0    0    0    0    0    0  
   0    0    0    0   73    0    0    0    0    0    0   74   74    0    0   73    0    0   72    0    0    0    0    0    0    0    0   75    0    0   67    0    0    0    0    0   66    0   68    0    0    0    0    0    0    0    0    0    0    0    0    0    0    0    0    0    0    0   73   73    0    0   69    0    0    0   71    0   70    0    0    0    0    0   68  
   0    0    0    0    0   72    0   71    0    0    0    0    0    0   71    0    0    0    0    0    0    0    0    0   72    0   67   73   68    0    0    0    0    0    0    0    0    0    0   70   66    0    0    0   75    0    0    0    0    0    0    0    0    0    0    0    0    0   71    0    0   68    0   74    0    0    0    0   66    0   69    0    0    0    0  
   0    0   73    0    0    0    0    0   73    0    0    0    0    0   70    0    0   71   67    0    0    0    0    0    0    0    0    0   68    0    0    0    0    0   74    0    0    0    0    0    0   71    0    0    0    0   73   75    0    0   72    0    0    0    0    0    0    0   69    0    0   70    0    0    0    0    0   69    0    0    0    0    0    0   66  
   0    0    0    0    0    0    0    0    0   69   68   66   72    0    0    0    0    0   73    0    0    0    0    0    0    0    0    0    0    0   66    0    0   75    0    0    0    0   74    0    0    0    0    0    0   70    0    0    0    0    0    0    0    0    0   69    0    0    0   67    0   67   71   74    0    0    0    0    0    0    0    0    0   70    0  
   0    0   73    0    0    0   69    0    0    0   68   68   69    0    0   66    0    0    0    0    0    0   72    0   70    0    0    0   67   74    0    0    0    0    0   73    0    0   69    0   71    0    0    0    0    0    0    0    0    0    0    0    0    0    0    0    0    0    0    0    0    0    0   73    0    0    0    0    0    0   75    0    0    0    0  
  67    0   67    0    0   72    0   68   74    0    0    0   71    0    0    0   68    0    0    0    0    0    0    0   75   72    0    0    0    0    0    0    0    0    0    0    0    0    0    0    0    0    0   70    0    0    0    0    0    0    0    0    0    0    0   73   68    0    0    0    0    0    0    0    0    0   69   69    0    0    0    0    0   66    0  
   0   68    0    0    0    0    0   72    0    0    0    0    0   75    0    0    0   70    0   66    0    0    0    0   66    0    0    0   73    0    0   74   69    0    0    0    0    0    0   68    0    0    0    0    0   72    0   71   68    0    0    0    0    0    0    0    0    0    0    0    0    0    0    0    0    0    0    0   68    0   67    0    0    0    0  
   0   66    0    0    0   72    0    0    0    0    0    0   75   67    0   68    0    0   73    0   70   74    0    0    0    0   69    0    0    0    0    0    0    0    0    0   72    0    0    0    0    0    0    0    0    0    0    0   75    0    0    0    0   68   74   71    0    0    0    0    0    0    0    0    0    0    0    0    0    0    0    0    0   69    0  
   0   72    0   75    0    0    0    0    0   70   66    0    0   71    0    0    0    0    0    0    0   68   71    0   73    0    0    0    0   74    0    0    0    0    0   68    0    0    0    0    0    0    0   69    0    0    0   71    0    0   74    0    0    0    0    0    0    0    0    0    0    0    0    0   73    0    0    0   67    0    0    0    0    0    0  
  71   74    0    0   66   67    0    0    0   71    0    0    0    0   69    0    0   70    0    0    0    0    0    0    0    0    0    0    0    0    0    0    0    0    0    0    0    0   71   75    0    0    0    0    0    0    0    0    0    0   70    0    0    0    0    0   71   72    0    0    0    0   72    0    0    0   73    0    0    0    0   68    0    0    0  
   0    0    0   72    0    0    0    0    0    0    0   73    0    0   67   72    0    0    0   72    0    0    0    0    0    0    0    0    0    0    0    0   74    0    0    0    0    0    0    0    0   69    0    0   73    0   71    0    0    0   67    0    0    0   69   66   70    0    0    0   68    0    0    0    0    0    0    0    0    0    0    0   75    0    0  
   0    0   73   74   68    0    0    0    0    0   70    0    0   68    0    0    0   70   74    0    0    0    0    0    0    0    0    0    0    0    0    0    0    0    0    0   75    0    0    0    0   66    0    0   72    0    0   67    0    0    0    0   69   75    0    0    0   71    0    0    0    0   66    0    0    0    0    0    0    0    0    0    0    0    0  
   0    0   67    0    0    0    0    0    0   73    0    0    0    0    0    0    0   69   66    0   71    0    0    0    0    0    0    0   69    0    0    0    0    0    0    0    0    0    0   75    0   68   74    0    0    0   70    0   74    0    0    0    0   68    0    0    0    0    0    0    0    0    0    0   71   74    0    0    0   72    0    0    0    0    0  
   0    0    0   66    0   74    0    0    0    0    0    0    0   74    0   70    0   67    0    0   75    0   73    0    0    0    0   71    0    0    0    0    0    0    0    0    0    0    0    0    0    0   70    0   74    0    0    0    0    0    0    0   74    0    0    0    0   74    0    0    0    0   69    0    0    0   72    0    0    0    0    0   68    0    0  
   0    0    0    0    0   67    0    0    0    0    0    0    0    0    0    0    0   69   74    0    0    0    0    0   68    0    0    0    0    0    0    0    0    0    0    0   67   70    0    0   67    0    0    0    0   74    0   72    0    0   73    0    0    0   66   69    0   67    0    0    0    0    0    0    0    0   75   71    0    0    0    0    0    0    0  
  71    0    0    0    0    0    0   70    0    0    0    0    0    0    0    0    0    0    0   75    0   69    0   67    0    0    0    0   67    0    0    0    0    0    0   70    0    0    0    0    0    0    0   73   66   67    0   67    0    0    0   68    0    0    0    0    0    0    0    0    0   68    0    0    0    0    0   72   74    0    0    0    0    0    0  
  75    0    0    0    0   66    0    0    0    0    0    0    0    0    0    0    0    0    0   67    0   68    0   67    0    0    0   70    0   74    0    0    0    0   73    0    0    0   69    0    0    0    0    0    0    0    0    0    0    0    0    0    0   71    0    0    0    0    0    0   72    0    0    0   67   71    0    0    0    0   75    0   70    0    0  
  68    0    0    0    0    0    0    0    0    0   70    0   69    0    0    0    0    0    0    0    0   68    0   73    0    0    0   72    0    0    0    0    0    0    0    0    0    0    0    0   75    0    0    0    0   66    0    0    0    0    0    0    0   74    0    0    0    0    0    0   66    0    0    0   74   71    0    0   74   67    0    0    0   73    0  
   0    0    0   70    0    0    0    0    0    0    0    0    0    0    0    0    0    0    0    0   69   71    0    0    0    0   72    0    0    0   68   73    0   70    0    0    0    0    0    0    0    0   71   75    0    0    0    0   75   74   67    0    0    0    0   66    0    0    0   70    0    0    0    0    0    0    0   73    0    0    0    0    0    0    0  
   0    0    0    0    0    0    0    0    0    0    0    0    0    0    0    0    0   68    0    0    0    0    0    0    0    0   68   70    0    0    0    0    0   74    0    0    0    0    0    0   70    0    0   70    0   67    0   71   75    0    0   72    0    0    0   69    0    0    0    0    0   73    0    0    0    0    0    0   74    0   66    0    0    0   72  
  68    0   70    0    0    0   69    0    0    0    0    0    0    0    0    0   74    0    0    0   75    0    0    0    0    0    0   68    0   73    0    0    0   73    0    0    0    0    0    0    0    0   67    0    0   75    0    0    0    0    0    0    0    0    0    0    0    0    0   70    0    0   66    0    0    0   71   73    0    0    0   72    0    0    0  
  66    0    0   66    0    0   69    0    0    0    0    0    0    0   67    0   73   71    0    0    0    0    0    0    0    0   74   75   68   69    0    0    0    0    0   71    0    0   70    0    0   71    0    0    0    0    0    0    0    0    0    0    0   71    0    0    0    0    0    0    0    0    0    0    0   72    0    0    0    0    0    0    0    0    0  
   0    0    0   67   72    0    0    0    0    0   69    0    0    0    0    0    0    0    0   74    0    0    0    0    0    0    0    0   71   70    0    0    0    0   74    0   69   66    0    0    0    0    0    0    0    0    0   68    0   73    0    0    0    0    0    0    0   75    0    0   73    0    0    0   70    0    0    0    0   70    0    0    0    0    0  
  72    0    0    0   71    0    0    0    0    0    0    0    0    0    0   68    0   75    0    0    0    0    0    0   71   67    0   72    0    0    0   68    0    0    0    0    0    0    0    0    0    0    0    0    0    0   69    0    0    0    0    0   73    0    0    0   70    0   66    0   74    0    0    0    0    0    0    0   72    0    0    0    0   71    0  
   0    0    0    0    0   74   66    0    0    0    0    0    0    0   67    0   72    0   71    0    0    0    0    0    0    0    0    0   69    0    0   68   72   67    0    0    0    0    0   72    0   70    0    0    0    0    0    0    0    0   74    0    0    0    0    0    0    0    0    0    0    0    0    0    0    0    0    0   73    0   75    0    0   67    0  
   0   74    0   75    0    0    0    0    0   73    0    0    0   71    0    0    0    0    0    0    0    0   67    0    0    0    0    0    0    0    0    0    0   70    0    0    0    0    0    0    0    0    0   68    0    0   74    0   68    0   68    0   75   67    0    0    0   66   69    0    0    0    0   72    0    0    0    0    0    0    0    0    0    0    0  
  70    0    0    0   66    0    0    0    0   68   73    0    0   74    0   71    0    0    0    0    0    0    0   75    0    0    0    0    0    0    0    0    0    0    0    0    0    0    0   71    0    0   72   69    0   67    0    0    0    0    0   66    0   66    0    0    0    0    0   72    0    0    0   66    0    0    0    0    0    0    0    0    0    0    0  
  74    0    0    0    0    0    0   67    0    0    0    0    0   75    0    0   72    0    0    0   74    0    0    0    0    0   70    0    0    0    0    0   72    0   71    0    0    0    0    0   68    0    0    0    0    0    0    0   75    0    0    0    0    0    0    0    0    0    0    0    0   66    0   67    0    0   69    0   66    0    0    0    0   73    0  
   0   75    0    0   73    0   69   68    0    0   74    0    0    0    0    0    0    0   72    0    0    0   70    0    0    0    0    0   70    0    0    0    0    0    0    0    0    0    0   72    0   66    0   67    0    0    0    0    0   75    0   71    0    0    0    0    0    0    0    0    0    0    0   67    0    0    0    0    0    0    0    0    0   73    0  
   0    0    0    0    0    0    0    0   75    0    0    0   68    0    0   71   74    0    0    0   66   73    0    0    0    0    0    0   75    0    0    0    0    0   67    0    0    0    0    0    0    0   70    0    0   73    0   72    0    0    0    0    0   69    0    0    0   75    0    0    0   72    0    0    0    0    0    0    0    0    0    0    0    0   73  
   0    0    0    0    0    0    0    0    0   74    0    0    0   73    0    0    0    0    0    0    0    0    0    0    0    0   68    0    0    0    0    0   71    0   68    0   72    0    0    0   74   72    0    0    0   67    0   75   66    0    0    0    0    0    0   73    0    0    0    0    0    0    0   75    0   70    0    0    0    0   69    0    0    0    0  
   0    0    0    0    0    0    0    0    0   73    0    0    0    0    0    0    0   66    0    0    0    0   69    0    0    0    0    0   75    0    0    0    0    0   66    0    0    0    0    0   74   67    0    0    0   72    0    0   67    0   71    0   68    0    0    0    0   74    0   70    0    0    0    0    0    0    0   74    0   73    0    0    0    0    0  
   0    0    0    0   66    0    0    0   75    0    0    0    0    0   75   71    0    0    0    0    0   71    0    0    0    0   74   72    0    0    0    0    0    0    0   68    0   69    0    0    0   67    0    0   73    0    0    0    0    0    0   67    0    0    0    0    0   67    0    0    0    0    0   73   70    0    0    0    0    0    0    0    0    0    0  
   0    0    0    0    0    0    0   73    0    0    0   72    0    0    0    0    0    0    0    0   75    0   69    0   66   68    0    0    0    0    0    0    0    0   68    0    0    0    0    0    0    0    0    0   66    0    0    0   70    0    0    0    0    0    0    0    0    0    0    0   67    0    0    0   75    0    0    0   71   71    0    0   74   67    0  
   0    0    0    0    0    0    0    0    0    0    0   70    0    0    0    0   74    0    0    0    0    0    0    0    0    0    0    0   73    0   72    0    0    0    0    0    0   69    0    0   74    0    0    0    0   71   75    0   68   75    0    0   71    0    0    0    0    0    0    0    0   75    0    0    0    0    0    0   74    0    0    0   67    0   66  
  68    0    0    0    0    0    0   66    0   74    0    0    0    0   73    0   75    0    0   67    0    0   68    0    0    0    0    0    0    0    0    0    0    0    0    0   72    0   68   71    0    0    0    0    0    0    0    0    0   70   69    0    0    0   69    0    0    0    0    0    0    0   72   69    0    0    0    0    0    0    0    0    0    0    0  
   0    0    0    0    0   70    0   69    0    0   67    0    0    0    0    0    0    0    0    0    0    0    0    0    0   67    0    0    0    0   73    0   70   70    0    0   72    0    0    0    0    0    0    0    0    0    0   72   66    0    0    0   66    0    0   74    0    0    0    0    0    0   71    0    0   75    0    0    0    0    0    0    0    0   68  
   0    0   73    0    0   71   67    0    0    0   70    0    0    0    0    0    0   66    0    0    0    0    0    0    0    0    0    0    0    0    0    0    0    0    0    0    0    0    0   74    0    0    0    0    0    0    0   70    0    0   69    0    0   75   69   72    0    0    0    0    0    0   68    0   74    0    0    0    0   71    0    0    0    0   68  
  68    0    0    0    0    0   70    0    0   74    0    0    0    0   73   71    0    0   69    0    0    0    0    0    0    0   74    0    0    0    0    0   72    0    0    0    0    0    0   67   69    0    0    0    0   75    0    0   71    0    0    0    0    0    0    0   68    0    0    0   66    0    0    0    0   68    0    0    0    0    0    0    0    0    0  
   0    0    0    0    0    0    0    0    0    0    0    0    0    0    0    0    0    0    0   67    0    0    0    0    0    0   68    0    0    0    0    0    0    0    0    0   73    0    0    0    0   70   74    0    0    0    0    0    0    0    0    0    0   70    0    0    0    0   69    0    0   74   75    0   69   71    0    0   72    0   70   66    0    0   69  
   0   75    0    0    0    0    0    0    0   68    0    0    0   67    0    0    0    0   68    0    0   71    0    0    0    0    0    0   74    0    0    0    0   72    0    0   72    0    0    0    0    0    0    0    0    0   70    0   67    0    0    0    0    0   69   66    0    0    0    0   73    0    0    0   74   66    0    0    0    0    0    0    0    0    0  
   0   72    0    0   67    0    0    0    0    0    0    0    0    0    0    0    0    0   73    0    0    0    0    0    0    0    0    0    0    0   71   67    0    0    0    0    0    0    0   67   68    0    0   69    0    0    0    0    0    0   70    0   75    0   71    0    0    0    0    0    0    0    0   66    0    0    0   74    0   71   67    0    0    0    0  
   0    0    0    0    0    0    0    0    0    0   72    0    0    0    0    0    0    0    0    0    0    0    0   71    0    0    0   66    0    0    0    0   75   72    0   67    0    0    0    0   66    0    0   72    0    0   67    0    0    0    0    0    0    0    0    0   73    0    0    0    0   70    0    0    0    0   68   66   74    0   69    0    0    0    0  
   0    0    0    0   74    0    0    0    0    0    0    0    0    0    0    0    0    0    0    0    0    0    0    0   71   66    0    0    0    0   74    0   74    0    0    0    0    0    0    0   74    0    0    0   66    0    0   73   70    0    0    0    0    0    0    0    0    0   69   68    0    0   72   75    0    0    0    0    0   74    0   67    0    0    0  
   0    0    0   75    0    0    0    0    0   73   66    0    0    0    0   67   72    0    0    0    0    0   70    0    0    0    0    0   67    0    0    0    0    0   71   73    0    0    0    0    0    0    0    0    0    0    0    0    0    0    0    0    0    0   69    0   67    0    0   67   74    0    0    0    0    0    0    0   71   68    0    0    0    0    0  
   0    0    0    0    0   68    0    0    0   72    0   70    0    0   67    0    0    0   66    0    0    0    0    0   68    0    0    0    0    0    0   68    0    0    0    0    0    0   68    0   75    0    0   69    0    0    0   74    0    0    0   71    0    0    0    0    0    0   73    0    0    0   68    0   70    0    0    0    0    0    0    0    0    0    0  
   0    0    0    0   67    0    0   68    0    0    0    0    0    0    0    0    0    0    0    0   72   73    0    0    0    0   66    0    0    0   68    0    0   71    0    0    0    0    0    0    0   70    0    0    0    0    0    0    0    0    0   73    0    0    0    0    0   67    0   69   75    0    0    0    0    0    0    0    0    0   74    0   68    0   67  
   0    0    0    0    0    0    0    0   70    0    0    0    0    0    0   66    0    0    0    0    0   66    0    0   68    0    0    0    0    0    0    0   73    0    0   74    0   71    0    0   72    0    0    0    0   66    0    0   75   75   69    0    0    0    0    0   67    0    0    0    0    0    0    0    0    0   75   66    0    0    0    0    0    0    0  
   0    0    0   72    0    0   73    0    0    0    0    0    0    0   71   72    0   66   71    0    0   69   75    0   68    0    0    0    0   70    0    0    0    0    0    0    0    0    0    0   67    0    0    0    0    0    0    0    0    0    0    0    0    0    0    0    0   74    0    0    0   75   70    0   66    0    0    0    0    0    0    0    0    0    0  
  75    0    0    0   70    0    0    0    0   66    0    0    0    0    0    0   66   67    0    0    0    0    0    0    0   72   66    0    0   66    0    0   69    0    0    0    0    0    0    0    0    0    0    0    0    0    0    0    0   71    0    0   67   73    0    0    0    0    0    0    0    0    0    0    0    0   74    0    0   68    0   70    0    0    0  
   0    0    0    0    0    0    0    0    0    0    0    0   69   71    0    0    0    0    0   74    0   66    0    0   72    0    0    0    0    0    0   67   73    0    0    0    0    0    0   67    0   70    0    0    0    0   67    0    0    0    0    0    0    0    0   69    0    0    0   68    0    0   75   66   66    0    0    0    0    0    0    0    0    0    0  
   0    0    0    0    0    0   66    0   69    0    0   75    0   72    0    0    0    0    0    0    0    0    0   72    0    0    0    0    0   73    0   68    0    0    0    0    0   69    0   74    0    0    0   71    0    0    0    0    0    0    0    0    0    0    0    0   72    0    0    0    0   71    0    0   70    0   72    0    0    0    0    0   67    0    0  
  75   75   69    0    0    0    0    0    0    0   73    0   70    0    0    0    0    0    0    0    0    0    0    0    0    0    0   74   67    0    0    0    0    0    0    0    0    0    0    0    0    0    0   74    0    0    0   66   71    0    0    0    0   71    0    0   72    0    0    0    0    0    0   68    0    0    0   68    0    0    0    0    0   72    0  
   0    0    0    0    0    0    0   70    0    0    0    0   66    0    0    0    0   73    0    0   67    0    0    0   69    0    0   71    0    0    0    0    0    0    0   68    0    0   71    0    0    0   68    0    0    0    0   75    0   71    0    0    0    0    0    0    0    0    0   74    0    0    0    0    0    0    0    0   72   68    0    0    0    0   74  
   0    0    0    0    0    0    0    0    0    0    0    0    0    0   74   74    0   71    0    0    0    0    0    0    0    0   70    0    0   68    0   72   70   69   73    0   75    0    0   69    0    0   66   75    0    0    0    0    0    0    0    0    0    0    0    0    0    0   67    0    0    0    0    0    0    0    0    0    0   71    0    0    0    0    0  
   0    0    0    0    0    0    0    0    0    0    0    0   69    0    0    0    0    0    0   72    0    0    0   67    0   71    0   72   69    0    0    0    0    0    0    0    0    0    0   75    0   70    0   66    0    0    0   74    0    0    0    0    0    0    0    0    0    0    0    0    0    0    0   68    0   73    0    0    0   69   70   72    0    0    0  
   0    0    0    0    0    0    0   66   68    0    0    0    0    0    0    0    0   70    0    0    0   70    0    0    0    0   71    0    0    0    0    0    0    0    0   68   69    0    0    0   67    0    0    0    0    0    0    0    0   66    0    0   70    0    0    0    0    0    0    0   75    0    0    0    0    0    0   71    0   72    0   73   74    0    0  
   0    0    0    0    0    0    0    0    0    0   67    0   66    0    0    0    0    0   75    0    0   73    0    0    0   68    0    0    0    0    0   71    0    0    0    0   72   74    0    0    0    0    0    0    0    0    0   71    0    0   70    0    0    0    0   69    0    0    0    0    0    0   66    0   66    0    0   72    0    0    0    0   73    0    0  
   0    0    0    0    0    0   73    0    0    0    0    0    0    0   72    0    0    0    0    0    0    0    0    0    0    0    0    0    0    0    0   72    0    0    0    0   70    0    0   66    0    0    0    0   71    0    0   72    0    0    0   73   68    0   67    0   69    0   67   68   74   75    0    0    0    0    0    0    0    0    0    0    0    0    0  
  67   70    0   68    0    0    0    0   72   69    0    0    0    0    0    0    0    0    0    0    0    0    0    0    0   67   67    0    0    0    0    0   66    0    0    0    0    0    0   75    0    0    0    0    0    0    0    0    0   70   74    0   70    0    0    0    0    0    0    0    0    0    0   68    0    0    0    0   73    0    0    0   71    0    0  
   0    0    0    0    0   69    0    0    0    0   68    0   67   72   73   74    0    0    0    0    0   69    0   70    0    0    0    0    0    0    0   72    0    0    0    0    0    0   71    0    0    0    0    0    0    0    0    0   75    0    0    0    0    0    0    0    0    0    0    0    0    0    0   75    0   66    0    0   67    0    0    0    0    0   73  
  67    0    0    0    0    0    0    0   69   67    0    0   75    0    0   74    0    0   70    0    0    0    0    0    0    0    0    0   68    0    0    0    0    0    0   73    0   68    0    0   68   66    0    0   72    0    0    0    0    0    0    0    0   67    0    0    0    0    0    0    0    0    0   71    0    0    0    0    0    0    0    0    0    0   75  
   0   74    0    0    0    0   68    0    0    0   71   66    0    0   66    0    0    0    0    0    0    0    0    0    0    0    0   69    0    0    0    0   70    0    0    0    0    0    0    0    0    0   66    0    0    0   67    0    0    0    0    0    0   75   66   73   66    0    0    0    0    0    0   67    0    0   72    0    0    0    0    0    0    0    0  
   0   72    0    0    0   75    0    0    0   66   66    0    0    0    0    0   68   68   74    0    0   68    0   73    0    0    0    0    0    0    0    0    0    0    0    0    0    0   69    0    0   71   67    0    0    0    0    0    0    0    0    0    0    0    0    0    0    0    0    0    0    0   68   68    0    0    0    0    0   70    0    0    0    0    0  
   0   69    0    0    0    0    0   73    0    0    0    0    0    0    0    0    0    0    0    0   70    0    0    0    0    0   75    0    0    0    0   75   72    0    0   67   73    0   73    0    0    0    0   73    0    0    0    0    0    0    0    0    0    0   73    0    0    0    0    0    0   68    0    0    0    0    0    0    0   66   74    0   71    0    0  
   0   74    0    0    0    0    0    0   72    0    0    0    0    0   68    0    0    0    0    0    0    0    0    0   75    0    0    0    0    0   67    0    0   72   70    0    0    0   72    0    0   71    0    0   74    0    0    0    0    0   67   66    0    0    0    0    0   72    0    0    0    0    0    0    0    0    0    0    0   69    0   73    0    0    0  
  70    0   75    0   73    0    0    0    0    0   66    0   71    0    0    0    0    0    0    0    0   67    0    0    0    0    0    0   66    0    0    0   68    0    0    0    0    0    0    0    0   71    0    0    0    0    0    0    0    0    0   67    0    0    0   69    0    0    0    0    0   72    0   74    0    0    0    0    0    0    0   66    0   71    0  
   0   74    0    0    0    0    0    0    0    0    0    0    0    0    0   66    0    0    0    0    0    0    0    0    0   71   68    0    0    0    0   68    0    0    0    0    0    0    0    0    0    0    0    0   72   66    0    0    0    0   67   67   75   70    0    0    0    0   72    0    0   68    0    0    0    0   69    0   73    0    0    0    0    0    0  
   0   71   67    0   75    0    0   67    0    0    0    0    0    0    0    0    0    0    0    0    0    0    0    0   66    0    0    0    0   72    0    0    0   70    0    0    0    0    0    0    0    0    0   74    0   69   67    0    0    0    0    0    0    0   73   69    0    0    0    0    0   68    0    0    0    0    0    0   73    0    0    0    0    0   72  
   0   66    0   75   73    0    0    0    0    0    0   74    0    0    0    0    0    0    0   68    0    0    0   72    0    0    0    0    0    0   69    0    0   74    0   70    0    0   70    0    0    0    0    0    0    0    0    0    0    0   66    0    0   71   66    0    0    0    0    0    0    0    0   67    0    0    0    0   67    0    0    0    0    0    0  
   0   69    0   75   70    0    0    0    0    0    0    0   73    0   66    0    0    0    0    0   69    0    0   75    0    0   66    0    0    0    0    0    0    0    0    0    0    0    0   70    0   72   71    0    0    0    0    0    0   66    0    0    0    0    0    0    0    0    0   68    0   67   74    0    0    0    0    0    0    0    0    0    0    0    0  
   0   71   67    0    0    0    0    0    0    0    0    0    0   71    0    0   66   72    0    0    0    0    0    0    0    0    0    0    0    0    0   75   71    0    0    0    0    0    0   73    0   66    0   70    0    0    0    0    0    0   71    0    0    0    0    0    0    0    0   71    0    0    0    0   68    0    0    0   74   69    0    0    0    0    0  
  70    0    0    0   75    0    0    0    0   69   73    0   66    0    0    0    0    0    0    0    0    0   74    0    0    0    0    0    0    0    0    0    0   66    0    0    0    0   69    0    0    0   66    0   67   74    0    0    0    0    0   68    0    0    0    0    0    0    0   66   72    0    0    0    0   71    0    0    0    0    0    0    0    0    0  
  73    0    0    0    0    0    0    0    0    0    0    0    0    0    0    0    0    0   70   66    0    0    0    0    0    0   68    0   69    0    0    0    0   69    0    0   72    0    0    0    0    0   72    0   74    0    0    0   67    0    0    0    0    0    0    0    0   70    0   75    0   69    0    0    0    0    0    0    0   71    0   69    0    0    0  
   0    0    0    0    0    0    0    0    0    0    0   73    0   68    0    0   75    0    0   66    0    0    0    0    0    0    0    0   69    0    0    0    0    0    0    0   71   71    0    0    0    0    0    0    0    0    0   75   73   70    0   74    0    0    0    0    0    0    0    0   72   75    0    0    0    0    0    0    0   67    0    0    0    0   74  
   0    0    0    0    0    0   69    0   72    0    0   66    0    0   68    0    0    0    0    0   70    0   67    0    0    0    0    0    0    0    0   67    0   74    0    0    0    0   71    0    0    0   75    0    0   68    0    0    0    0    0    0    0    0    0    0    0    0    0    0   67    0    0    0    0    0    0    0    0    0   66   73    0    0   70  
   0   72    0    0   74    0    0    0    0   67    0    0   67    0   67    0    0    0    0    0    0    0    0    0    0    0    0    0    0    0   68    0    0    0    0   74    0    0    0    0   66   75    0    0    0    0    0    0    0    0   71    0    0    0    0    0    0    0    0    0    0    0   73    0    0   69   68    0    0    0    0   70    0    0   66  
   0    0   70    0    0    0    0    0    0   67    0    0    0    0   68    0    0    0   72    0    0   71    0   70    0    0    0    0    0   74    0   69    0    0    0   70    0   73    0    0    0    0    0    0    0    0    0   69    0    0    0    0    0    0    0    0   75    0    0    0    0    0    0   70   66    0    0   72    0    0    0    0    0    0    0  
   0    0    0    0    0    0    0    0   72    0    0    0    0    0    0    0    0    0   75    0    0   67    0    0    0    0    0    0    0    0   67   69    0    0    0   66    0   71    0    0    0   69    0    0   67   74    0    0    0   68    0   70    0    0    0    0    0    0    0   74    0    0   73    0    0    0    0    0    0    0    0    0    0   69    0  
  69    0    0    0    0    0    0    0    0    0    0    0    0    0    0    0   70    0   73   71   71    0   66   67    0    0    0    0   74    0    0    0    0   72   69    0    0    0    0    0    0    0    0    0    0    0    0    0   75    0    0   75    0    0    0    0    0    0    0    0    0    0    0    0    0   68    0    0    0    0   67    0    0   71    0  
   0    0    0    0    0    0    0    0    0    0    0    0   69    0    0    0    0    0    0   72    0    0    0    0   70    0    0    0   69    0    0   67   74    0   69    0   73    0    0    0    0    0    0    0    0    0    0   70   66   75    0    0    0   70    0    0    0    0   72    0    0    0    0    0   68    0    0    0    0    0    0    0   71    0    0  
   0    0    0    0   73    0   70    0    0   69    0   70   74   66    0    0    0    0    0    0    0    0    0    0    0    0   70    0    0    0    0    0   67    0    0    0    0    0    0    0    0    0   75    0    0   70   71    0    0    0    0   69   68    0    0    0    0    0    0    0    0    0    0    0   70    0    0    0    0   72    0    0    0    0    0  
   0    0    0    0    0    0    0    0   74    0    0    0    0    0    0    0    0    0    0    0    0    0    0    0   70    0    0    0   69    0    0    0    0    0    0   73    0    0    0   72    0    0   72    0    0    0   72    0    0    0   67    0    0    0    0    0   68    0    0   66    0   71    0   75    0    0    0    0    0    0    0   72   72   72    0  
  72    0    0    0    0    0    0    0   73    0   66    0    0    0    0    0    0    0    0    0    0    0   69    0    0    0    0   74    0    0    0   73    0    0   73    0    0    0   68    0    0    0    0    0    0    0    0    0    0    0   75   72    0   71   70    0    0    0    0    0   67    0    0    0   69    0    0   75    0    0    0    0    0    0    0  
   0    0    0    0    0    0   71   72    0   70    0    0    0    0    0    0   67   74    0    0    0    0   70    0   75    0    0    0    0   70   68   69    0    0    0    0    0    0    0    0    0    0    0   75    0    0   66    0    0    0    0    0    0    0    0    0    0    0    0    0   70    0   73    0    0    0    0    0    0    0    0    0    0    0   74  
   0   67    0    0    0    0    0   72    0   73    0    0    0    0   75    0    0    0    0    0    0    0    0   70    0    0    0    0    0   67    0   71    0   71    0    0   71    0   74    0    0   68    0    0    0    0    0    0    0    0   69    0    0    0    0    0    0    0    0    0   73    0   68    0    0    0   66    0    0    0    0    0    0    0    0  
   0    0    0    0    0    0    0    0    0    0    0    0   71   73    0   72    0    0    0    0    0    0    0    0    0   74    0   73    0    0    0    0    0    0    0    0   66    0    0    0    0   74    0    0    0    0   68    0    0   72    0    0   69    0    0   67   75    0    0   74    0   67    0    0    0    0    0   70    0    0    0    0    0    0    0  
   0    0   73   67    0    0    0    0   72    0    0    0    0    0    0   73    0    0    0    0    0    0    0    0    0   72   73   68    0    0    0    0    0   66    0    0    0    0   69    0    0   74   75    0   70    0    0    0    0    0    0   71    0    0    0    0    0    0    0    0    0    0    0    0    0    0    0    0    0    0   68    0    0    0   71  
  66    0   73    0    0    0    0    0   68   74    0    0    0    0   69    0    0   72   71    0    0    0    0    0    0    0   70    0   67    0   71    0   71    0   75    0    0    0    0    0    0    0    0    0    0    0    0    0    0    0    0    0    0    0    0   67    0    0    0    0    0    0    0    0    0   71    0    0    0    0    0    0    0    0   73  
   0   68    0    0    0    0    0    0    0    0    0    0    0    0    0    0    0    0    0    0    0    0    0    0    0    0    0    0   69    0    0    0    0   72   67   68   69   70    0    0   73    0    0    0   74    0    0   68    0    0   72    0   66   75    0    0    0    0    0    0    0    0    0    0    0    0    0    0    0    0    0   68    0    0   71  
   0    0    0    0    0   75    0    0    0    0    0   75    0    0   73    0    0    0    0    0   74   75    0    0    0    0    0    0    0    0    0    0   71    0   66    0   67    0    0    0    0    0    0    0    0   68    0    0   68    0    0    0    0    0   66    0   72    0    0    0   71    0    0    0    0    0   69    0    0   70    0    0    0    0    0  
   0    0   66    0   72    0    0    0    0    0    0    0    0    0    0    0    0   68    0    0    0   74    0    0    0   69    0    0    0   75    0    0    0    0    0    0    0    0    0    0    0   70    0    0    0   73    0    0   67    0    0    0    0    0    0   74    0    0   75    0    0    0   75   68    0   74    0    0   71    0    0    0    0    0    0  
  74    0    0    0    0    0    0    0   67    0   75    0   66    0    0   74    0    0    0    0    0    0    0    0    0    0    0    0    0    0   72    0    0   66    0    0    0   66    0   66    0    0    0   73    0    0    0    0    0    0    0   68    0    0    0    0    0    0    0   74    0    0    0    0    0    0    0   70   69   71    0    0    0    0    0  
  67    0    0    0    0    0   66    0    0    0    0    0   70    0    0    0    0    0    0    0    0    0    0    0   67    0   71    0   72   66    0    0    0    0    0    0    0    0    0    0   69    0    0    0    0    0   66    0    0    0    0   73   71    0    0    0    0    0   74   75    0   75    0    0    0    0    0    0    0    0    0   68    0    0    0  
   0    0   71    0    0    0   73    0    0    0   69    0    0   71   70    0    0    0    0    0    0    0    0   75    0    0    0    0    0   74    0   69   73   67    0    0    0    0   69    0    0    0    0    0    0    0    0    0    0    0    0   72    0    0    0    0    0    0    0   68   66    0    0    0    0    0    0    0    0    0    0    0    0   70    0  
   0    0    0    0    0    0    0    0    0    0   66    0    0    0    0    0   74    0    0    0    0    0    0    0    0    0   75    0    0    0    0    0    0    0    0    0   70   73    0    0    0    0    0    0    0    0    0    0   72    0   72   71    0   69    0   66    0   74    0    0    0   71    0    0    0    0    0    0   67    0    0    0    0   68   67  
   0    0    0   75    0   67    0    0   73    0    0    0    0    0    0   70   69   71    0   67    0    0    0    0    0   75    0    0    0    0    0   72    0    0    0    0    0    0    0    0    0    0    0    0    0    0    0   74    0    0   66    0    0    0    0    0    0    0    0    0    0   70    0    0    0    0   70    0   71   68    0    0    0    0    0  
   0    0    0    0    0    0   74    0    0   75    0    0    0    0   69    0    0    0    0   70   66   67    0    0    0   69   73    0    0    0    0    0    0    0    0    0    0    0    0    0   67    0    0   68   72    0    0    0    0    0    0    0    0    0    0    0    0    0   71    0   75    0    0    0   66    0    0   69    0    0    0    0    0    0    0  
  67    0    0    0    0    0    0    0    0    0    0    0    0   70    0   69   67    0    0   73    0    0    0    0    0    0    0    0    0   68    0    0    0    0    0    0    0    0   71    0    0   72    0    0    0   67    0    0   72    0    0    0    0   66   75    0    0    0    0    0    0    0    0    0    0    0   68   74    0   66    0    0    0    0    0  
   0    0    0    0    0   66    0    0    0    0    0    0    0    0    0    0    0    0    0    0    0   71    0    0   71    0   73    0    0    0   72    0    0    0    0    0   75    0    0    0    0    0    0    0    0   70    0   73    0    0    0    0    0   72    0    0   69    0    0   72   68    0    0    0    0    0   74   67    0    0    0   71    0    0    0  ] 
BUDGETS : [    1    4    7    8   16   16   32   32   39   40   45   46   46   47   49   51   52   54   55   57   57   57   59   59   61   65   68   68   68   68   69   71   73   75   77   82   84   88   89   89   91   92   92   94   96   96   97  100  100  112  112  114  114  115  116  116  119  124  125  125  126  139  142  144  145  149  149  150  153  158  159  163  163  163  164  165  167  167  167  170  172  173  174  176  178  178  182  182  184  185  185  186  187  188  189  189  192  192  194  194  199  200  200  201  204  207  209  216  219  222  223  230  230  232  233  234  235  238  238  239  246  251  251  252  255  259  259  260  263  263  264  267  268  272  275  275  277  278  278  278  279  283  286  289  291  294  296  299  300  300  ] 
