K : 150
I : 15
PREFERENCES : [    1    0    3    0    0    3    0    3    0    3    0    2    0    5    4  
   0    0    3    2    0    1    4    1    5    2    0    0    0    2    0  
   5    2    0    2    2    4    0    0    5    0    0    0    0    1    3  
   3    0    0    5    0    1    0    1    1    0    0    1    0    4    2  
   0    2    0    5    0    5    1    3    1    0    0    1    4    0    0  
   0    5    0    4    4    1    3    0    2    1    0    0    0    2    0  
   0    5    0    2    5    1    3    1    0    1    4    0    0    0    0  
   3    0    2    1    5    3    4    0    0    2    0    5    0    0    0  
   0    0    0    5    4    0    2    2    0    1    3    0    3    0    2  
   4    0    4    4    3    1    2    5    0    0    0    0    0    0    5  
   1    3    5    4    0    5    1    0    3    2    0    0    0    0    0  
   3    0    3    2    0    1    0    5    4    4    0    0    4    0    0  
   0    3    0    1    5    4    0    3    0    2    0    5    5    0    0  
   5    0    0    0    5    0    0    4    1    0    0    3    5    3    2  
   0    3    0    4    1    4    5    0    0    2    0    5    0    0    2  
   3    1    1    0    0    5    0    5    0    2    0    1    0    0    4  
   5    5    0    5    0    0    5    0    3    0    0    4    0    1    2  
   0    0    1    3    4    0    3    0    0    5    4    0    1    0    2  
   0    3    1    0    0    0    5    2    3    2    0    4    0    2    0  
   5    0    0    1    4    0    4    4    0    0    4    0    0    3    2  
   0    2    3    5    1    0    0    0    4    0    0    0    4    2    3  
   0    0    0    3    0    4    3    0    0    0    4    1    2    5    2  
   3    5    2    4    3    0    1    3    2    0    0    0    0    0    0  
   0    0    1    2    0    0    5    5    0    4    3    1    3    0    0  
   0    0    2    0    3    4    0    0    2    0    0    5    3    1    1  
   5    3    0    0    0    4    0    4    4    0    4    2    0    1    0  
   0    3    1    2    4    5    0    0    0    5    2    0    2    0    0  
   1    2    0    5    0    0    1    4    0    3    1    0    3    0    0  
   0    0    3    0    4    2    0    4    1    0    2    2    5    0    0  
   4    2    4    5    3    3    0    0    0    0    0    0    0    1    1  
   0    0    5    1    0    0    0    5    2    3    5    0    0    4    4  
   3    2    0    2    0    2    5    0    2    0    0    0    4    1    0  
   5    1    0    0    0    3    0    2    3    0    0    3    1    0    4  
   0    0    0    5    3    2    5    4    1    4    0    3    0    0    0  
   2    0    5    0    2    1    0    0    2    0    3    0    4    0    4  
   1    0    0    0    0    1    3    0    0    3    4    4    5    2    0  
   2    0    0    0    1    1    5    3    0    0    1    4    0    0    4  
   3    1    0    2    0    0    5    3    4    2    0    3    0    0    0  
   0    5    3    0    3    2    5    1    1    4    0    0    0    0    0  
   5    3    0    5    0    0    0    4    0    0    0    1    3    2    3  
   0    0    0    0    0    2    0    4    5    1    3    4    3    4    0  
   0    3    4    2    0    0    5    0    3    0    1    1    5    0    0  
   5    1    0    0    1    2    0    2    2    0    0    0    3    4    0  
   0    3    4    1    0    0    4    5    0    0    0    2    3    0    2  
   0    3    0    0    0    5    5    2    1    0    4    4    0    0    4  
   0    4    0    2    0    0    2    5    1    0    0    0    3    1    4  
   0    0    2    0    1    2    0    5    2    0    3    0    4    1    0  
   0    0    2    0    1    0    0    0    1    2    3    0    4    3    5  
   3    0    1    0    0    1    4    0    0    1    2    0    0    1    5  
   0    5    0    5    0    0    5    3    0    1    0    0    2    4    5  
   0    4    0    0    4    4    0    0    1    1    0    0    3    2    5  
   3    0    5    4    0    0    0    1    2    0    1    0    0    2    1  
   0    2    1    5    5    0    0    1    2    0    3    0    0    4    0  
   5    0    0    1    5    5    0    0    2    0    5    0    0    4    3  
   5    3    2    1    2    4    3    0    0    0    5    0    0    0    0  
   1    5    1    2    4    1    0    0    0    0    0    0    0    1    3  
   5    5    0    0    5    0    3    3    4    0    1    0    2    0    0  
   0    1    5    0    3    0    0    1    0    2    0    4    0    5    5  
   3    4    0    0    0    0    5    5    0    0    4    2    5    1    0  
   2    0    0    4    0    3    5    0    0    3    0    4    0    1    3  
   3    2    5    3    1    0    0    0    2    5    0    0    4    0    0  
   3    0    0    0    0    5    0    5    2    2    0    4    0    1    1  
   3    3    1    0    0    1    0    2    5    0    5    0    0    0    4  
   4    0    5    2    0    3    3    0    1    2    0    0    2    0    0  
   0    4    3    1    3    0    0    2    3    0    0    0    5    0    5  
   0    0    0    4    2    3    0    4    0    0    1    5    0    2    4  
   1    0    0    2    3    5    5    0    0    4    0    0    3    0    3  
   3    0    0    2    0    0    5    1    0    0    2    4    4    5    0  
   0    0    5    0    3    2    0    1    2    4    2    0    0    5    0  
   0    0    0    2    2    0    1    0    4    3    1    4    5    0    0  
   0    4    0    0    0    0    0    5    1    2    3    1    3    3    0  
   0    0    0    0    1    2    3    0    5    5    0    4    3    3    0  
   3    1    2    0    0    0    2    5    2    0    0    2    0    4    0  
   4    2    4    5    0    0    4    1    3    2    0    0    0    0    0  
   0    1    0    5    2    0    0    0    5    3    1    3    0    0    4  
   2    3    0    0    1    0    0    2    0    0    2    0    5    3    4  
   3    0    0    5    2    3    0    1    4    0    0    0    3    4    0  
   0    3    4    0    1    0    1    5    5    3    0    0    2    0    0  
   0    2    1    4    0    0    3    2    0    0    2    5    4    0    0  
   0    0    4    0    0    5    0    4    2    4    3    1    0    4    0  
   0    5    1    5    2    0    0    0    0    4    0    5    4    3    0  
   1    0    0    4    1    0    0    2    0    5    1    0    1    0    3  
   0    0    2    0    0    5    3    1    3    5    0    0    0    1    4  
   2    0    0    3    4    5    0    0    1    0    0    3    5    0    4  
   2    5    1    1    0    0    0    0    4    0    0    2    1    3    0  
   0    0    0    4    0    5    2    0    0    0    4    5    1    5    3  
   3    2    2    3    4    2    0    0    0    0    0    0    5    0    1  
   3    0    4    2    4    0    0    0    5    1    4    0    0    2    0  
   0    1    0    0    5    0    0    3    2    0    0    4    1    4    2  
   3    0    1    4    0    0    0    4    0    0    5    3    2    0    4  
   0    5    0    4    1    0    0    3    2    4    0    2    0    0    5  
   0    5    2    1    4    0    3    5    0    0    0    0    0    5    3  
   0    0    2    3    0    0    4    5    1    3    0    3    3    0    0  
   0    1    0    3    0    1    5    1    0    3    0    2    0    0    4  
   4    2    4    1    0    0    0    0    5    3    0    4    0    4    0  
   0    2    4    5    3    2    3    0    0    0    1    0    1    0    0  
   0    0    0    5    0    0    2    1    3    2    4    0    5    0    2  
   0    2    4    0    0    0    0    3    4    1    0    4    2    5    0  
   0    2    1    1    1    0    3    0    0    0    1    0    4    0    5  
   0    0    0    1    0    3    3    4    1    2    0    5    1    0    0  
   0    3    3    0    2    1    0    0    4    1    1    0    0    5    0  
   0    4    0    1    2    0    0    0    0    2    3    5    0    1    5  
   3    0    5    1    0    0    4    0    0    2    2    0    3    1    0  
   2    2    0    0    0    4    1    1    3    0    0    1    5    0    0  
   3    1    0    0    2    1    3    5    4    0    0    0    0    3    0  
   0    0    0    3    1    5    0    2    0    0    3    0    3    5    4  
   0    0    0    1    5    0    2    0    0    1    3    3    3    0    4  
   3    5    0    0    0    2    4    2    0    0    4    0    4    0    1  
   2    0    0    0    3    3    1    0    5    0    4    2    0    0    4  
   0    1    0    1    0    5    3    1    0    1    0    0    2    4    0  
   3    0    3    4    5    0    0    0    0    0    4    3    0    2    1  
   0    3    0    0    4    4    4    0    5    0    4    0    1    0    2  
   3    4    0    5    2    0    2    4    0    0    0    4    0    1    0  
   2    0    2    0    0    0    3    0    1    0    2    5    4    0    5  
   1    0    0    4    0    1    0    3    0    5    2    3    0    0    3  
   0    3    0    5    1    0    0    0    2    0    0    4    1    1    1  
   2    0    3    5    0    5    0    0    0    5    1    4    3    0    0  
   0    0    0    3    1    0    0    2    0    1    2    0    4    2    5  
   2    0    0    1    5    2    5    0    0    0    3    5    4    0    0  
   2    0    2    4    3    4    0    0    0    5    0    0    1    0    2  
   2    0    0    0    3    4    4    0    5    0    4    1    5    0    0  
   3    5    0    0    0    0    1    0    0    4    0    1    2    3    3  
   0    0    4    0    0    0    5    3    3    0    2    0    1    3    4  
   2    0    0    5    4    0    0    1    0    0    3    3    4    4    0  
   0    5    4    0    4    2    0    0    4    0    0    3    4    0    1  
   5    0    1    3    0    0    0    4    5    2    0    1    0    5    0  
   0    5    2    0    4    2    4    3    1    0    0    3    0    0    0  
   1    3    0    2    0    2    5    0    5    0    4    0    0    0    2  
   2    1    3    1    0    0    0    2    0    0    1    4    5    0    0  
   0    5    3    0    3    5    4    0    2    1    0    0    0    0    3  
   0    0    2    3    0    3    0    3    1    0    3    0    4    0    5  
   0    4    0    2    2    0    4    4    0    0    3    5    0    1    0  
   4    0    5    0    0    0    0    0    5    1    2    1    0    5    3  
   4    4    0    5    5    3    0    0    1    5    0    0    0    0    2  
   2    4    0    0    0    5    2    0    0    0    2    3    1    0    2  
   0    3    5    0    5    0    1    0    5    0    4    0    1    2    0  
   0    0    0    0    5    5    3    2    4    0    1    4    0    3    0  
   5    0    2    0    5    0    3    0    3    1    0    1    0    4    0  
   2    5    4    1    0    4    0    3    0    2    0    3    0    0    0  
   0    0    0    0    0    2    5    0    4    3    4    1    5    3    0  
   2    5    0    0    1    0    0    2    2    5    3    4    0    0    0  
   5    0    0    0    1    0    0    4    3    5    4    0    2    0    4  
   3    0    0    3    3    0    0    5    0    2    0    4    5    1    0  
   3    4    1    0    0    0    2    3    3    0    5    0    0    0    2  
   0    2    0    4    0    4    0    0    3    1    0    4    1    0    5  
   0    0    0    2    0    4    2    2    1    0    1    3    0    5    0  
   3    0    4    0    0    5    0    1    0    4    5    4    2    0    0  
   4    0    3    1    0    0    0    0    0    0    2    1    1    5    5  
   4    4    0    2    2    0    0    0    0    5    0    3    1    5    0  
   4    3    0    0    0    2    5    0    2    0    0    0    5    1    5  ] 
BUDGETS : [    4    9   10   11   11   12   12   12   16   25   32   33   36   37   43   43   44   44   46   47   48   48   51   55   56   59   59   60   61   61   61   63   63   67   72   72   75   75   78   82   82   83   84   84   85   88   90   92   96   98   99  100  103  104  105  105  106  110  116  117  120  122  123  125  126  127  128  128  132  138  140  140  144  144  146  147  148  150  150  150  153  154  155  158  161  164  166  169  170  172  177  180  180  182  184  185  187  187  193  195  201  203  205  206  211  212  212  214  215  215  220  220  222  224  224  229  229  233  234  234  235  239  241  245  246  252  253  254  255  256  256  260  263  267  267  267  269  274  275  279  280  282  284  285  288  289  289  289  294  297  ] 
