K : 150
I : 15
PREFERENCES : [    0    1    0    0    0    0    2    0    0    0    2    0    0    0    0  
   0    0    0    0    0    0    0    0    0    0    2    1    1    0    0  
   0    0    0    2    0    0    1    0    0    0    0    0    0    2    0  
   1    0    0    0    0    0    0    0    0    0    0    0    2    1    0  
   0    0    0    0    0    0    0    0    2    1    0    0    0    1    0  
   0    0    0    0    2    0    0    0    1    0    2    0    0    0    0  
   0    0    0    0    1    0    0    0    1    0    0    0    0    0    2  
   0    0    0    0    1    2    0    0    0    1    0    0    0    0    0  
   2    0    0    1    0    0    0    0    0    0    0    2    0    0    0  
   1    0    0    0    0    2    0    0    0    0    0    0    0    1    0  
   0    0    2    0    0    0    0    0    1    0    0    0    0    0    2  
   0    0    0    0    1    0    0    0    2    2    0    0    0    0    0  
   0    0    0    0    0    0    0    0    0    0    0    0    2    2    1  
   0    0    0    1    0    0    2    0    0    0    2    0    0    0    0  
   0    0    0    0    0    0    1    0    1    0    0    0    0    2    0  
   0    0    2    1    0    0    0    0    0    0    0    2    0    0    0  
   0    0    1    2    0    0    0    0    0    0    0    0    0    1    0  
   2    0    0    1    0    0    0    0    0    0    2    0    0    0    0  
   0    0    0    2    0    0    2    0    0    0    0    0    0    0    1  
   2    0    2    0    0    0    0    0    0    1    0    0    0    0    0  
   0    1    2    0    0    0    0    0    0    0    0    0    0    1    0  
   1    0    0    2    0    0    0    0    0    0    0    0    1    0    0  
   0    0    2    0    0    1    0    2    0    0    0    0    0    0    0  
   0    0    0    0    0    0    1    1    0    0    0    0    0    0    2  
   0    0    1    0    2    0    0    0    0    0    1    0    0    0    0  
   0    0    0    1    0    1    2    0    0    0    0    0    0    0    0  
   0    0    0    0    0    2    0    0    0    0    0    2    0    1    0  
   0    0    0    2    0    0    0    2    0    1    0    0    0    0    0  
   0    1    0    0    0    2    0    0    0    0    0    1    0    0    0  
   0    0    0    0    0    0    0    0    2    0    1    2    0    0    0  
   0    0    0    1    0    1    0    2    0    0    0    0    0    0    0  
   0    2    0    0    0    1    0    0    2    0    0    0    0    0    0  
   0    2    2    1    0    0    0    0    0    0    0    0    0    0    0  
   2    0    0    0    1    0    0    0    0    0    0    2    0    0    0  
   0    0    0    0    0    0    1    0    0    0    2    0    0    2    0  
   2    0    0    1    2    0    0    0    0    0    0    0    0    0    0  
   0    0    0    0    0    0    1    0    0    2    0    0    0    0    1  
   0    0    0    0    0    1    0    2    0    0    0    0    2    0    0  
   2    0    1    0    0    0    0    0    0    0    0    0    0    0    1  
   0    0    0    0    0    0    1    0    0    0    0    0    0    1    2  
   2    0    2    0    0    0    0    1    0    0    0    0    0    0    0  
   0    0    0    1    0    0    0    1    2    0    0    0    0    0    0  
   0    2    0    0    0    0    0    0    0    0    0    2    0    0    1  
   1    0    0    0    0    2    0    0    0    0    0    0    0    0    2  
   0    0    0    0    0    1    2    0    0    0    0    0    0    1    0  
   0    1    2    0    0    0    0    1    0    0    0    0    0    0    0  
   0    0    0    0    0    0    0    0    0    0    2    2    1    0    0  
   2    0    0    0    1    0    0    0    0    0    0    0    0    2    0  
   0    0    0    2    0    0    0    0    0    1    0    0    0    2    0  
   0    0    0    0    0    0    0    2    0    0    0    1    1    0    0  
   0    2    1    0    0    0    0    0    2    0    0    0    0    0    0  
   0    2    0    0    0    0    0    1    0    0    1    0    0    0    0  
   0    0    0    1    0    0    0    0    0    0    0    0    0    1    2  
   0    1    0    0    0    0    0    0    0    2    0    0    0    2    0  
   2    0    0    1    0    0    0    0    0    0    0    0    0    2    0  
   0    0    2    0    0    0    0    1    0    2    0    0    0    0    0  
   0    0    0    0    0    2    2    0    0    0    0    0    1    0    0  
   0    0    0    2    0    0    2    0    0    0    0    0    1    0    0  
   0    0    0    0    2    0    1    0    0    0    0    0    0    0    2  
   1    2    0    0    0    0    0    0    0    0    0    0    0    2    0  
   0    0    0    0    0    1    0    0    2    0    0    0    0    1    0  
   0    0    0    1    0    0    0    0    2    0    0    0    0    2    0  
   0    0    0    0    0    0    0    0    1    0    0    2    0    0    1  
   1    0    0    0    0    0    0    1    0    0    0    0    0    2    0  
   2    0    0    0    0    0    0    1    0    0    0    0    0    1    0  
   0    0    0    2    0    0    0    0    1    0    0    0    0    2    0  
   0    0    0    0    2    0    0    0    0    1    0    0    0    2    0  
   0    0    0    0    2    0    0    0    0    0    1    0    0    0    1  
   0    1    0    0    2    0    0    0    0    0    0    2    0    0    0  
   0    1    0    0    0    2    0    2    0    0    0    0    0    0    0  
   0    0    0    2    0    0    0    0    0    1    0    0    0    1    0  
   0    0    0    2    0    0    0    1    2    0    0    0    0    0    0  
   0    0    0    0    0    0    0    2    0    0    0    2    0    1    0  
   0    1    0    0    0    0    2    2    0    0    0    0    0    0    0  
   2    0    0    0    0    2    0    0    0    0    0    1    0    0    0  
   1    0    0    0    0    1    0    0    0    0    2    0    0    0    0  
   0    0    0    0    0    0    0    2    0    1    2    0    0    0    0  
   0    0    0    0    0    0    0    1    0    0    0    0    0    2    2  
   1    0    0    0    0    0    0    1    0    2    0    0    0    0    0  
   0    0    0    0    1    0    0    0    2    0    0    0    1    0    0  
   1    0    0    0    0    0    0    0    0    0    0    0    2    1    0  
   2    0    0    0    0    0    0    0    0    1    0    0    2    0    0  
   0    2    0    0    0    0    0    0    0    2    0    0    0    0    1  
   0    0    0    0    0    0    0    0    1    0    0    2    1    0    0  
   0    0    0    0    0    1    2    0    0    0    0    0    1    0    0  
   0    0    1    0    0    0    0    1    2    0    0    0    0    0    0  
   0    0    0    0    0    0    0    0    0    0    1    1    2    0    0  
   0    0    0    2    0    2    0    0    0    0    0    0    0    0    1  
   0    0    0    0    0    0    0    0    0    1    0    2    0    2    0  
   0    0    0    0    0    0    1    0    0    0    0    2    2    0    0  
   0    0    0    0    0    0    0    2    1    0    1    0    0    0    0  
   1    0    0    0    1    0    0    0    0    0    2    0    0    0    0  
   2    1    0    0    0    2    0    0    0    0    0    0    0    0    0  
   0    0    0    0    0    0    0    0    0    1    2    0    0    2    0  
   1    0    0    0    0    0    0    0    1    0    0    0    0    2    0  
   2    1    0    0    0    1    0    0    0    0    0    0    0    0    0  
   0    2    0    0    1    0    0    0    0    0    0    0    0    0    2  
   0    0    0    0    1    0    0    0    0    0    2    1    0    0    0  
   0    1    1    0    0    0    0    0    0    0    0    2    0    0    0  
   0    0    0    0    0    0    1    0    0    1    2    0    0    0    0  
   0    0    0    0    0    0    1    0    0    0    0    2    1    0    0  
   0    0    0    0    0    0    1    0    0    0    2    0    0    0    2  
   0    0    0    2    1    0    0    0    0    0    0    0    0    1    0  
   1    2    0    0    0    0    0    0    0    0    0    1    0    0    0  
   2    0    0    0    0    0    1    0    0    0    0    2    0    0    0  
   0    0    0    0    2    0    0    1    0    1    0    0    0    0    0  
   0    2    0    0    0    1    2    0    0    0    0    0    0    0    0  
   0    0    0    0    0    2    0    0    1    0    0    0    0    1    0  
   0    1    1    0    0    0    0    0    0    0    0    0    0    0    2  
   0    0    0    0    2    0    0    1    0    0    0    0    0    2    0  
   0    1    2    0    0    0    0    0    0    0    0    0    2    0    0  
   0    0    0    0    0    0    2    0    0    0    0    0    1    0    2  
   0    0    1    0    0    0    0    0    0    0    2    0    0    0    2  
   0    0    1    0    0    0    2    0    1    0    0    0    0    0    0  
   0    1    0    1    0    2    0    0    0    0    0    0    0    0    0  
   0    0    0    2    0    0    0    2    0    0    0    1    0    0    0  
   2    0    1    0    0    0    0    0    0    0    0    0    0    1    0  
   0    0    0    2    0    0    2    0    0    0    1    0    0    0    0  
   2    0    0    0    0    0    0    1    0    2    0    0    0    0    0  
   0    0    0    2    2    0    0    0    0    0    0    0    0    1    0  
   0    0    1    0    0    2    0    0    0    0    0    2    0    0    0  
   0    0    2    0    0    0    0    0    0    0    1    1    0    0    0  
   2    0    0    0    0    0    0    0    0    0    0    0    1    0    1  
   0    0    0    0    0    0    1    2    0    1    0    0    0    0    0  
   0    1    0    0    0    0    2    0    2    0    0    0    0    0    0  
   0    1    0    0    0    1    0    0    2    0    0    0    0    0    0  
   0    1    0    0    0    0    0    0    2    0    0    0    1    0    0  
   2    0    0    0    0    0    0    0    0    0    0    1    1    0    0  
   0    0    0    1    0    0    0    0    0    0    2    0    0    1    0  
   0    0    0    0    0    0    0    2    0    0    1    0    0    0    1  
   0    0    2    0    0    0    0    1    0    1    0    0    0    0    0  
   0    0    2    0    0    0    1    0    1    0    0    0    0    0    0  
   0    1    0    2    0    0    0    0    0    0    0    0    0    0    1  
   0    0    0    0    0    0    0    2    0    0    2    0    1    0    0  
   2    0    0    0    0    0    1    0    0    2    0    0    0    0    0  
   0    0    0    0    0    0    2    0    1    0    0    0    0    0    2  
   0    0    0    0    0    0    0    2    1    0    1    0    0    0    0  
   2    0    0    2    0    1    0    0    0    0    0    0    0    0    0  
   0    0    1    0    0    2    0    1    0    0    0    0    0    0    0  
   0    0    2    0    0    0    0    0    0    0    1    2    0    0    0  
   0    0    0    0    0    0    2    0    0    0    1    2    0    0    0  
   0    0    0    2    0    0    0    0    0    0    0    0    0    2    1  
   0    0    0    0    0    0    1    0    2    0    0    2    0    0    0  
   0    0    0    2    0    0    0    0    0    0    0    1    0    2    0  
   0    1    0    0    0    0    1    0    0    2    0    0    0    0    0  
   0    0    0    0    0    1    1    0    0    0    0    0    2    0    0  
   1    0    0    0    0    1    0    0    0    2    0    0    0    0    0  
   0    0    0    0    0    2    0    2    0    0    0    0    0    0    1  
   0    0    0    0    0    1    0    0    0    2    0    0    0    2    0  
   0    0    0    0    0    1    0    1    0    0    0    0    0    0    2  ] 
BUDGETS : [    2    3    4   10   14   19   19   23   25   26   26   31   33   33   36   39   41   46   46   46   49   50   55   58   58   61   61   65   65   67   70   71   72   72   74   75   77   77   79   86   89   90   96   98   98  103  104  106  109  112  113  114  116  120  120  121  126  126  128  129  131  131  132  133  136  137  140  144  151  152  155  156  158  159  159  160  161  163  163  166  174  174  174  176  176  177  181  183  183  184  184  186  187  188  194  194  195  198  201  201  202  204  204  204  204  208  208  211  214  214  217  219  219  223  226  234  236  237  237  237  241  241  243  243  246  250  252  253  254  254  260  262  262  262  263  263  265  265  267  269  269  274  274  274  276  277  279  284  293  299  ] 
