K : 100
I : 50
PREFERENCES : [   45   21   35   34   46   44   50   35   29   41   38   20   26   39   28   21   19   11   48   18   21   22   29   16   31   30   35   31   42   23   36   50   27   47   14   43   37   39   13   25   24   40   12   17   33   15   32   16   21   49  
  27   19   13   50   31   46   21   33   49   43   42   40   41   35   48   24   11   23   20   22   37   22   20   12   28   16   44   36   34   15   41   25   14   45   26   29   38   39   18   21   47   35   41   36   22   30   32   17   34   13  
  39   50   44   21   30   11   20   41   24   35   25   42   30   33   14   29   31   47   25   15   42   26   41   40   13   49   50   34   27   12   16   38   22   17   46   40   19   45   43   14   37   32   12   40   36   23   28   18   48   45  
  29   27   42   20   36   16   33   28   38   14   18   26   21   46   13   15   43   49   22   11   47   19   32   40   31   30   15   23   44   41   24   21   16   39   26   37   25   48   35   36   16   17   32   14   45   16   12   26   50   34  
  39   45   26   35   36   11   22   29   21   42   43   30   12   12   14   28   19   24   44   25   14   28   31   33   48   23   38   38   19   22   16   15   34   49   17   32   23   17   31   50   13   41   46   27   44   18   40   20   37   47  
  21   47   12   31   46   46   18   50   33   24   48   34   13   27   32   26   22   49   42   50   22   19   35   14   17   37   14   30   28   19   44   45   39   36   31   50   15   38   43   25   40   20   16   29   23   11   14   41   36   14  
  48   13   12   18   35   34   33   32   49   29   16   30   43   28   50   17   46   37   11   39   27   44   20   22   27   39   41   45   40   19   39   50   15   44   49   42   26   14   46   38   36   23   21   40   20   27   25   47   31   24  
  20   24   50   28   13   39   20   35   47   46   22   36   23   49   44   32   36   32   25   21   16   35   45   12   34   17   29   31   43   38   18   16   19   41   42   33   15   11   35   48   48   36   27   30   14   37   26   40   26   45  
  46   29   31   36   27   16   22   50   45   23   30   24   44   12   20   27   18   19   43   34   38   15   24   42   26   28   35   46   49   47   33   23   21   48   17   32   37   27   30   41   14   40   26   27   41   31   25   13   39   11  
  30   27   20   26   42   26   19   22   27   33   43   15   11   38   49   37   27   32   50   17   29   34   22   13   41   21   48   23   35   39   36   16   32   28   25   41   18   47   40   14   44   22   45   35   12   31   46   24   44   44  
  15   49   40   48   47   24   39   20   43   37   17   41   45   22   23   42   11   31   50   44   20   32   15   12   13   25   38   45   25   18   27   16   34   46   36   23   24   30   26   45   35   21   33   13   29   19   30   14   28   42  
  18   17   21   22   41   15   47   23   27   16   37   14   49   41   11   43   28   30   24   13   19   34   45   35   39   26   49   38   31   46   12   44   25   20   48   42   47   37   40   40   32   29   50   24   20   36   25   19   33   45  
  15   49   34   32   23   31   43   30   19   18   21   41   26   31   25   37   38   38   39   36   22   48   20   17   12   39   35   28   33   45   40   11   24   14   47   46   50   48   42   27   47   29   44   48   16   13   19   25   48   11  
  22   41   32   14   15   11   12   11   39   25   45   38   27   11   31   23   44   50   15   28   19   40   30   35   47   18   24   16   37   35   33   29   24   17   30   34   26   43   21   48   49   15   15   42   47   12   36   13   46   20  
  27   37   47   46   44   43   30   43   23   15   24   48   42   38   11   46   13   41   33   14   19   12   45   31   29   18   30   11   21   26   32   16   35   17   36   49   15   20   23   22   25   39   41   29   27   34   50   40   28   12  
  27   32   34   47   17   12   28   24   41   21   20   17   33   33   22   45   26   40   26   43   20   29   14   18   50   23   37   26   42   38   19   39   15   30   47   49   16   21   13   36   48   17   11   20   25   17   31   46   35   44  
  33   34   23   30   44   42   20   48   49   36   33   50   16   11   24   38   50   21   17   27   14   33   19   37   32   39   31   29   25   27   18   44   12   21   13   42   43   46   26   41   47   16   40   16   45   35   40   28   22   15  
  33   36   25   37   16   35   49   38   30   29   35   48   26   21   35   46   35   21   18   49   12   20   40   11   22   45   41   15   19   43   26   17   34   14   13   44   24   35   27   31   13   32   39   47   22   28   50   23   42   19  
  28   25   14   43   50   13   12   47   17   19   33   27   16   49   41   50   21   22   13   23   15   24   44   36   39   11   48   46   29   16   37   35   29   30   26   37   12   33   40   42   11   31   42   36   18   32   34   45   38   20  
  26   29   40   38   12   47   17   42   33   14   13   39   22   47   44   30   19   46   49   44   24   36   45   19   18   16   23   48   39   29   15   32   25   20   49   50   25   35   34   11   42   43   37   27   31   27   41   21   17   28  
  42   27   48   19   40   27   32   47   15   14   37   23   18   30   19   39   25   30   50   17   28   34   22   32   50   45   33   35   36   48   29   44   49   13   18   14   38   12   16   46   43   18   26   11   21   41   24   17   20   31  
  20   33   11   21   36   48   44   28   30   16   12   37   47   33   48   19   41   28   31   25   17   22   24   32   35   43   45   31   50   27   31   13   39   28   40   14   23   38   42   34   26   29   33   15   49   44   46   29   18   47  
  12   24   45   44   48   19   39   36   31   35   38   21   15   24   16   25   27   12   40   40   28   22   41   50   27   46   17   34   37   29   32   39   20   18   26   30   20   11   32   19   47   49   27   33   23   13   43   42   14   21  
  45   12   12   14   44   26   43   20   38   40   30   20   12   37   34   16   31   32   13   34   33   32   43   11   39   42   47   23   33   29   22   25   14   35   19   14   36   46   28   27   21   18   15   13   41   48   49   17   24   50  
  15   19   31   36   44   22   32   28   25   48   11   20   23   40   49   21   50   47   48   35   12   41   38   18   33   26   34   37   27   33   39   42   14   20   17   34   43   30   35   16   13   24   46   11   16   45   29   28   23   26  
  30   46   15   49   28   18   20   29   37   26   21   20   31   49   41   29   14   25   42   22   34   28   41   13   17   43   11   32   48   17   45   33   44   20   27   39   24   47   50   47   22   16   38   36   19   40   12   23   46   35  
  24   15   39   17   49   34   23   30   32   25   46   22   36   31   27   19   20   14   21   40   20   41   12   26   41   14   38   37   50   38   20   11   45   43   19   29   28   50   33   16   32   42   47   13   48   44   49   18   35   29  
  16   31   33   39   46   48   44   32   44   21   11   27   23   43   20   18   30   22   40   29   33   19   14   30   36   13   12   49   28   50   37   42   16   41   35   14   48   50   47   25   41   24   45   17   22   15   34   38   48   26  
  47   12   26   47   46   23   32   23   20   49   44   35   41   11   19   25   42   22   33   50   27   39   42   24   34   28   36   38   21   43   45   48   18   30   40   31   43   21   12   37   29   14   17   36   40   15   28   13   16   39  
  47   25   47   14   15   19   36   12   33   26   29   38   32   43   26   19   42   34   13   23   41   16   30   17   20   31   35   49   45   47   31   12   50   21   39   18   36   11   28   44   46   29   37   48   40   15   24   22   13   27  
  42   32   50   48   49   47   27   46   20   38   23   13   14   48   33   45   18   21   11   24   40   31   49   39   42   29   12   16   28   34   25   45   41   17   41   43   15   24   42   37   36   23   27   22   44   42   35   30   19   26  
  12   43   22   30   24   36   27   43   40   43   18   46   38   28   33   19   37   49   24   41   13   11   39   20   15   14   14   13   23   17   47   45   34   50   43   49   48   35   44   21   42   39   32   29   48   16   25   20   26   31  
  19   21   14   17   21   48   26   28   24   24   20   33   44   17   47   41   15   17   39   49   31   37   34   45   40   23   29   46   22   16   42   29   12   18   35   30   32   13   38   19   35   50   25   25   43   27   36   11   20   41  
  45   38   18   12   43   48   39   42   45   32   31   46   35   50   40   32   34   13   20   26   21   14   33   17   13   36   18   44   30   11   22   27   31   19   47   18   32   34   25   28   24   29   32   23   37   15   49   41   11   16  
  20   23   40   40   47   17   25   17   38   43   39   26   15   36   37   13   16   22   33   34   29   35   32   48   24   42   27   31   21   50   46   27   30   49   14   12   41   18   44   45   28   21   49   19   26   50   43   11   15   28  
  33   16   25   21   50   22   34   28   30   41   29   17   45   40   20   18   38   15   49   50   24   11   12   13   44   21   42   27   45   28   14   19   47   31   32   37   35   14   36   48   26   11   46   43   37   23   39   39   47   32  
  12   26   29   25   28   48   18   20   41   40   32   49   39   23   43   15   45   32   31   33   26   27   21   36   17   15   21   24   19   35   33   13   25   11   43   50   46   16   22   44   28   37   16   38   34   14   30   42   15   47  
  16   41   32   12   20   41   47   35   44   18   26   42   38   50   37   37   49   48   24   42   14   22   25   34   19   28   47   39   46   24   21   36   13   24   43   38   27   11   45   30   29   27   31   33   38   35   23   15   40   17  
  20   11   43   32   18   32   26   19   46   50   21   16   27   17   34   28   11   17   31   22   35   37   35   24   33   47   41   13   48   16   44   45   30   16   14   23   15   47   40   42   29   49   36   39   12   27   17   38   25   49  
  15   35   45   46   24   28   23   44   13   20   21   26   36   16   33   36   33   39   45   40   30   25   47   31   37   28   14   45   17   32   27   12   49   38   42   50   43   48   11   33   18   29   29   43   41   38   16   22   19   34  
  29   26   13   11   14   31   30   24   22   12   49   45   50   16   23   18   38   19   47   32   17   43   19   17   34   28   17   21   32   41   15   11   42   37   49   46   48   17   25   33   39   17   15   45   20   44   35   27   36   40  
  12   16   45   28   31   31   38   22   22   21   43   30   24   50   14   32   49   23   47   31   29   46   35   13   44   40   26   19   37   16   25   20   27   48   36   42   33   34   39   31   11   15   45   17   46   18   41   39   15   29  
  26   18   23   38   31   21   45   33   24   44   46   28   30   49   22   26   26   14   15   40   20   36   13   35   48   32   37   50   29   44   42   12   28   14   21   19   39   47   11   41   49   17   13   43   25   44   28   16   34   27  
  28   38   47   45   19   33   32   50   46   12   30   16   11   17   41   14   42   35   13   18   48   17   29   38   30   15   15   31   43   22   38   29   36   20   34   44   40   27   18   20   49   37   24   13   17   25   23   26   39   21  
  27   14   34   16   26   36   34   11   32   38   12   37   19   46   29   30   33   23   48   15   40   31   19   22   27   47   44   17   36   50   39   39   43   22   24   42   28   18   45   30   20   41   41   19   35   21   49   28   25   13  
  26   13   37   43   25   26   11   12   44   32   17   48   11   18   25   19   27   42   23   47   31   38   39   49   21   16   22   46   33   23   24   30   34   12   50   28   36   40   45   33   35   14   20   27   38   16   50   41   29   15  
  40   34   47   19   15   25   27   22   39   14   23   48   26   47   21   28   46   18   37   50   31   33   11   45   42   17   49   41   43   23   16   42   30   32   29   35   38   12   47   44   26   24   36   48   20   13   24   14   39   33  
  22   21   23   46   13   11   14   19   23   46   49   48   28   46   26   15   36   16   43   44   39   27   12   32   45   18   30   29   34   23   34   40   22   25   41   20   19   41   33   27   31   48   35   17   42   38   37   47   50   24  
  33   26   26   18   21   39   45   31   26   18   48   43   27   14   16   35   46   11   47   32   25   34   20   38   43   49   37   12   24   15   13   31   41   36   15   44   23   50   29   12   50   48   28   12   17   42   22   30   40   19  
  43   24   26   36   13   32   29   19   50   20   14   31   28   42   12   21   22   41   45   16   15   11   18   33   49   44   40   39   34   46   50   27   37   36   20   50   15   23   25   12   17   45   30   23   18   17   47   38   35   48  
  50   15   46   27   43   31   45   29   22   40   48   26   42   41   35   11   13   30   39   32   45   18   12   28   23   38   37   24   32   33   21   29   20   44   25   48   49   36   30   47   48   39   17   19   23   34   14   16   41   45  
  20   47   37   46   29   28   22   36   50   48   34   29   35   24   33   24   35   44   12   40   15   21   42   25   43   28   22   30   31   11   37   49   23   18   32   26   39   16   36   27   14   41   21   30   36   13   45   19   17   38  
  24   32   19   38   48   21   15   13   13   27   17   37   16   35   15   33   23   49   41   29   45   20   27   28   25   42   32   43   47   44   27   14   11   40   39   26   31   14   34   30   46   43   11   18   35   32   36   22   12   50  
  27   12   31   47   16   36   12   29   19   50   26   16   38   16   39   48   18   35   21   24   44   45   30   37   40   20   23   33   50   14   32   15   25   48   50   25   16   43   41   17   13   34   11   18   49   46   42   36   28   22  
  19   43   23   45   14   36   39   18   11   20   38   15   45   14   37   17   22   49   42   26   36   50   22   48   44   35   12   34   13   27   17   46   34   47   11   33   29   48   16   39   21   25   40   22   41   31   32   30   24   28  
  29   31   17   30   36   41   35   46   21   34   25   14   26   34   49   50   12   40   11   23   47   33   50   24   44   30   28   38   32   15   39   22   45   49   27   20   19   41   50   43   13   30   37   50   18   16   48   42   21   24  
  31   18   40   50   30   29   13   21   48   14   25   32   16   24   35   11   38   46   43   14   47   13   44   34   42   42   27   41   40   45   39   17   15   49   23   26   33   12   32   20   22   12   32   14   37   40   28   19   11   36  
  50   45   19   49   24   18   28   36   28   15   29   18   30   46   23   26   50   39   33   20   15   44   41   27   14   35   25   31   32   13   43   37   22   17   42   40   47   11   18   37   21   25   11   12   48   15   34   38   16   28  
  16   40   38   11   17   41   14   39   19   15   48   33   21   42   37   38   30   23   47   29   45   20   14   22   44   46   32   35   26   36   25   49   11   24   43   16   18   34   19   47   31   12   27   13   28   47   27   50   31   18  
  41   33   44   48   16   19   50   15   26   24   42   24   27   29   49   31   11   39   23   18   13   32   44   36   45   20   43   11   30   37   32   32   14   46   35   22   40   21   21   23   15   42   38   38   12   34   47   25   28   17  
  35   47   44   12   32   26   39   23   32   40   15   14   50   38   30   17   32   41   16   21   19   22   20   25   33   13   49   22   18   49   48   43   31   34   45   27   42   46   39   26   27   24   31   28   11   37   29   22   36   11  
  39   22   34   23   48   39   36   31   46   25   29   31   27   14   50   16   33   30   50   18   15   30   32   12   23   42   35   14   49   17   41   14   38   24   13   11   40   44   26   21   47   45   19   35   24   28   43   37   20   24  
  28   38   43   45   44   45   26   18   12   33   47   23   31   19   13   40   49   36   24   42   37   20   32   25   22   17   35   45   29   30   41   11   16   11   45   38   28   33   27   34   23   46   14   15   33   21   48   40   50   39  
  20   24   14   37   22   45   21   46   48   17   50   16   40   32   28   43   43   15   46   42   37   50   23   25   44   30   48   39   35   26   47   39   41   36   27   26   14   49   18   11   19   38   29   34   13   37   17   31   12   33  
  18   47   40   20   50   45   16   30   26   13   33   34   17   23   49   37   38   49   44   27   14   36   27   32   28   29   19   35   39   11   42   43   12   17   24   22   15   18   48   31   16   23   31   21   43   41   46   38   25   17  
  31   46   45   22   20   15   29   48   47   33   12   44   29   11   32   25   18   14   42   38   35   40   41   17   24   14   37   42   34   39   50   15   44   28   34   26   23   22   30   19   27   49   43   22   13   16   14   21   36   15  
  24   15   20   23   14   43   40   18   41   26   13   39   38   18   30   37   14   12   11   22   48   28   19   21   13   33   29   31   12   50   35   43   17   27   12   49   20   44   32   45   16   47   42   17   34   25   36   20   16   46  
  37   20   24   25   36   41   31   19   45   18   16   23   42   22   21   14   49   16   12   23   32   26   43   50   35   29   13   33   49   47   30   40   27   11   29   17   48   39   25   24   34   29   38   41   15   46   24   21   28   44  
  42   29   24   11   38   11   34   18   33   11   16   40   28   43   36   25   22   17   14   47   37   19   34   32   13   48   23   31   45   39   46   21   43   41   27   26   23   15   50   26   46   12   49   20   43   28   35   25   30   44  
  28   25   13   35   39   26   37   47   36   41   38   46   30   34   50   18   39   39   15   16   14   12   26   42   27   31   20   44   43   48   49   40   49   20   23   11   24   19   25   29   46   33   33   32   22   28   17   21   45   42  
  42   30   44   36   29   27   22   27   35   41   31   14   22   12   38   46   24   17   41   50   39   11   24   16   43   26   34   18   25   37   26   48   20   33   19   32   38   13   23   25   12   40   47   49   28   45   13   31   21   15  
  42   38   41   23   39   30   26   14   50   32   43   19   25   34   42   21   44   28   42   17   12   45   49   49   13   48   40   20   21   33   36   35   16   37   47   16   24   11   31   29   33   39   11   15   22   27   18   26   26   46  
  31   21   38   50   33   12   22   20   37   14   21   40   21   27   27   32   33   41   18   34   13   42   31   46   39   44   30   28   26   43   25   11   45   43   35   13   49   17   48   15   36   29   16   47   24   16   19   26   23   39  
  16   23   42   44   37   32   39   48   29   17   27   31   31   41   40   35   26   46   45   50   20   42   11   18   49   22   28   43   34   21   22   12   14   46   15   41   36   47   48   19   14   25   24   33   40   13   38   50   43   30  
  40   38   29   44   37   31   32   49   25   35   33   28   48   19   21   18   47   23   45   30   45   39   22   36   32   43   46   20   11   16   19   12   42   42   21   50   34   24   17   16   30   33   14   27   27   13   15   41   26   47  
  23   19   20   29   40   42   50   35   30   41   21   44   29   27   30   32   49   50   13   33   39   48   19   42   46   16   43   12   14   15   17   34   50   37   49   19   24   22   11   26   38   47   45   28   36   18   44   31   50   25  
  41   26   27   50   28   36   35   15   32   19   11   38   13   25   30   31   23   46   33   15   44   40   21   22   23   15   39   15   42   14   43   35   20   48   49   17   29   48   49   15   32   45   24   47   18   34   16   12   37   21  
  17   25   11   41   33   38   15   50   13   37   16   39   47   50   14   22   46   15   18   12   11   34   45   40   41   30   24   36   31   35   25   32   18   28   23   42   20   12   44   19   48   32   21   29   49   33   29   43   26   27  
  28   11   18   27   48   17   50   33   38   33   44   13   30   42   21   31   47   24   16   23   41   20   46   25   12   45   43   34   29   37   35   39   18   24   32   22   49   14   18   36   30   40   46   20   38   24   19   15   26   25  
  15   18   12   35   46   42   17   46   23   25   30   22   35   49   40   47   31   19   41   36   16   12   14   34   27   28   50   26   33   24   44   11   21   29   13   20   26   34   24   49   43   39   48   42   22   38   37   32   17   45  
  22   34   50   23   12   48   31   43   12   13   29   36   26   38   49   30   49   40   24   25   17   46   49   33   22   11   15   42   20   16   28   34   45   23   35   33   11   41   27   19   47   44   32   39   14   18   37   23   21   36  
  50   13   49   46   35   23   27   21   24   14   44   45   45   41   40   22   12   45   26   38   43   48   15   47   31   32   36   19   30   37   39   17   13   25   11   46   18   16   41   16   36   26   42   16   33   34   20   29   28   48  
  37   47   27   45   50   25   43   29   32   42   49   28   18   19   21   39   46   24   39   25   35   20   12   26   11   38   40   31   36   48   15   22   43   44   16   15   25   13   41   38   34   14   33   19   39   30   17   45   23   22  
  17   39   41   32   21   45   28   31   47   45   45   24   50   15   38   34   16   19   29   17   40   23   45   36   48   18   49   33   30   35   11   37   14   26   37   27   49   22   44   25   25   50   43   12   46   20   24   42   13   16  
  39   22   20   26   19   41   16   47   48   33   36   38   40   24   29   46   42   33   18   25   32   35   12   11   44   41   34   40   14   27   50   15   46   31   17   30   28   13   49   38   48   37   43   45   18   23   33   21   18   38  
  14   21   31   37   20   37   32   19   41   36   42   21   16   28   27   16   43   17   27   11   40   47   38   22   11   45   30   23   44   34   38   49   48   49   24   25   39   15   12   22   26   18   35   15   50   46   29   13   14   33  
  41   38   49   19   18   46   34   13   19   42   21   15   22   31   12   40   36   16   34   44   47   17   48   43   30   45   33   44   20   25   26   23   29   37   38   35   50   14   19   20   24   28   20   19   39   19   39   32   11   27  
  30   44   39   32   37   23   38   22   46   22   20   43   15   12   26   25   42   13   15   18   42   33   50   28   17   48   16   31   35   46   40   34   27   36   50   45   24   49   11   15   46   14   38   46   19   29   21   47   21   41  
  32   47   34   41   13   40   43   42   13   31   19   37   50   28   30   17   43   22   47   27   47   12   44   21   14   38   16   45   32   27   29   48   18   25   36   33   15   11   26   35   39   30   46   20   34   43   24   17   23   49  
  48   16   18   33   31   39   47   35   27   12   17   31   29   17   34   31   42   17   23   15   25   24   36   20   32   43   22   30   44   20   38   46   13   38   40   14   21   11   20   49   41   45   43   37   28   50   32   19   34   26  
  32   42   49   19   41   28   43   30   36   34   22   45   16   48   14   34   38   46   26   47   18   27   40   29   23   37   31   23   39   13   33   11   25   12   24   40   41   21   50   23   15   12   17   17   35   44   18   38   19   20  
  30   27   16   22   43   45   11   26   14   25   35   29   33   18   41   18   16   44   48   47   32   34   23   42   32   50   46   17   21   36   37   12   50   49   39   35   31   40   20   19   13   28   46   33   30   17   23   24   38   15  
  18   38   22   40   44   42   19   23   16   32   12   26   32   44   41   19   25   47   46   24   35   31   27   49   43   26   39   17   33   24   30   29   37   27   43   14   11   36   27   20   50   21   28   22   15   48   24   34   13   45  
  42   36   23   24   21   48   26   11   14   34   22   13   39   29   11   25   50   18   20   31   35   16   46   45   37   32   48   27   30   37   41   15   37   40   47   28   43   37   45   16   33   37   46   38   19   34   17   12   44   49  
  28   33   12   36   31   35   15   40   48   42   11   43   25   16   21   14   19   43   34   18   46   39   41   32   25   50   36   38   49   22   47   43   15   44   20   37   29   37   27   45   50   24   24   27   17   40   30   13   23   26  
  46   28   40   33   20   46   48   21   18   43   14   47   23   21   13   49   17   39   36   46   42   26   19   38   11   36   25   35   16   22   34   15   18   32   44   45   12   29   25   41   31   46   24   35   37   27   37   36   30   50  
  13   29   50   35   26   14   32   12   33   40   11   41   26   48   20   48   43   47   25   46   15   44   46   49   16   19   17   11   28   30   21   27   39   45   18   42   38   31   24   16   38   23   37   22   34   39   36   37   35   28  
  16   37   17   15   47   48   29   28   16   18   19   12   38   23   42   46   27   20   41   21   44   22   22   39   47   45   40   30   33   11   38   13   15   45   24   35   25   38   33   26   14   24   43   49   16   34   50   36   31   32  
  29   37   27   18   22   31   40   21   31   13   45   49   18   11   32   43   41   48   13   15   38   28   39   22   26   19   44   33   24   42   40   16   35   25   34   30   36   46   12   14   26   17   23   47   50   16   49   20   16   14  
  37   34   30   29   15   17   14   50   40   30   20   48   22   35   24   27   43   28   26   31   35   43   12   25   47   13   45   21   46   38   49   23   41   19   32   47   44   16   19   14   39   29   36   28   18   37   33   33   42   11  ] 
BUDGETS : [    6    8   13   14   15   18   19   20   21   22   24   27   28   28   33   33   37   37   38   40   41   43   44   45   45   49   52   55   56   57   59   67   67   67   68   68   70   71   72   73   76   77   77   79   83   84   85   86   89   91   92   93   94   94   94   94   97   98   98   99  102  104  104  106  107  111  111  112  115  115  117  126  127  130  133  134  136  137  142  149  153  153  155  158  161  164  167  169  170  173  174  174  178  178  181  182  184  188  199  199  ] 
