K : 50
I : 25
PREFERENCES : [    0    0    0   23    0   25   22    0    0    0   25   24    0    0    0    0    0    0    0    0    0    0    0    0    0  
   0    0    0    0    0    0   24   23    0   25    0    0    0    0    0    0    0   25    0    0    0    0    0    0   22  
   0    0    0    0   24    0    0    0    0    0   25    0    0   24    0    0    0    0    0    0    0    0    0   23   22  
   0    0    0    0    0   24    0   22    0    0    0    0    0    0    0    0   23    0    0    0   22    0    0   25    0  
  22    0    0    0    0    0   24    0    0   23    0    0    0    0    0    0    0   25    0    0    0    0   24    0    0  
  22    0    0   24    0    0    0   25    0   23   25    0    0    0    0    0    0    0    0    0    0    0    0    0    0  
   0    0    0    0    0    0    0    0    0   22    0   24    0    0    0   23   22    0    0    0   25    0    0    0    0  
   0    0    0    0   24    0   25   23   23    0    0    0    0    0    0    0   22    0    0    0    0    0    0    0    0  
  22   24    0    0    0   25    0    0    0    0    0    0    0    0   23    0    0    0   22    0    0    0    0    0    0  
   0    0   25   22    0    0    0    0    0    0    0    0    0    0    0   23    0    0    0   24    0    0    0   24    0  
  22    0   22    0    0    0    0    0    0    0    0    0    0    0    0    0    0   25    0    0   23    0   24    0    0  
  22    0    0    0    0    0    0    0    0   24    0    0    0    0   22    0    0    0   25    0   23    0    0    0    0  
  24    0    0    0    0    0    0   22    0    0   23    0    0    0   25    0    0    0    0    0    0    0   23    0    0  
  25   24    0    0   23    0    0    0    0    0   24   22    0    0    0    0    0    0    0    0    0    0    0    0    0  
   0   22    0    0    0    0    0   22   25    0    0    0   24    0    0    0    0    0   23    0    0    0    0    0    0  
   0    0   24    0   25    0    0    0    0    0    0    0    0    0    0    0   23    0   22    0    0    0    0   24    0  
   0    0   25   23    0    0    0    0    0    0    0    0    0   24   22    0   23    0    0    0    0    0    0    0    0  
   0    0    0    0    0    0    0    0   25    0    0    0   23   24    0    0    0    0    0    0    0   23    0    0   22  
   0   25    0    0   23    0   22    0    0    0    0    0    0   22    0    0    0    0    0   24    0    0    0    0    0  
   0   22   22    0    0    0    0    0    0   23    0    0    0    0    0   24   25    0    0    0    0    0    0    0    0  
   0    0    0    0    0    0    0    0    0   24    0    0    0    0    0   23    0   22    0    0   24   25    0    0    0  
   0   25    0    0    0    0    0    0    0   24    0    0    0    0    0    0   23    0   22    0    0   22    0    0    0  
   0   23    0    0    0   25   22    0    0    0    0    0    0    0    0    0    0    0    0    0    0    0    0   24   23  
   0   22    0    0   23    0    0   22   25    0    0    0    0    0    0    0    0    0    0    0   24    0    0    0    0  
  25   23    0    0   22    0    0    0    0   22    0    0    0   24    0    0    0    0    0    0    0    0    0    0    0  
   0    0   25   23    0    0    0    0   24   22    0    0    0    0    0    0    0    0    0    0    0    0   23    0    0  
   0    0   25    0    0    0    0    0   23   24    0   22    0   24    0    0    0    0    0    0    0    0    0    0    0  
   0    0    0    0    0    0    0   25   24   24    0    0    0    0   22    0    0    0    0    0    0    0    0   23    0  
   0   24    0    0    0   25    0    0   23    0    0    0    0    0    0   22    0    0    0    0    0    0    0   24    0  
   0    0    0   23    0    0    0    0    0    0   23    0   22    0   24    0    0    0    0   25    0    0    0    0    0  
   0    0    0    0    0    0    0    0   25    0    0   24    0    0    0    0   22    0   23    0    0    0   22    0    0  
   0   23   25   22    0    0    0    0    0    0    0   22   24    0    0    0    0    0    0    0    0    0    0    0    0  
  24    0    0    0    0    0    0    0    0   23   23    0    0    0    0   25    0   22    0    0    0    0    0    0    0  
   0    0   22   25    0    0    0    0    0   25    0    0    0   23    0    0    0    0    0    0   24    0    0    0    0  
   0   22    0    0    0    0    0   22    0    0    0   23    0    0    0    0    0    0   24    0    0    0    0    0   25  
  24    0   22    0    0    0    0    0   23    0    0   24    0    0    0    0    0    0   25    0    0    0    0    0    0  
   0    0   23    0    0   23    0    0    0    0    0    0   24    0    0   25    0    0    0    0    0   22    0    0    0  
   0    0    0    0    0   24   23    0    0   25    0    0    0    0   24    0    0    0    0   22    0    0    0    0    0  
   0    0    0    0   22    0    0    0    0   24    0    0    0    0    0    0    0   25    0   23    0   24    0    0    0  
  25    0    0    0    0    0    0    0    0    0   23    0    0    0    0   22    0    0    0   23    0   24    0    0    0  
  23    0    0    0    0    0   22   25    0    0   23    0    0    0    0    0    0   24    0    0    0    0    0    0    0  
   0   22    0    0    0   24    0    0    0    0    0    0    0    0   23    0    0    0    0   25    0    0    0    0   23  
   0    0    0    0    0    0    0    0   22    0   24    0    0    0    0    0    0    0   25   23    0    0    0    0   25  
   0    0    0    0    0    0    0    0    0    0   24    0    0    0    0    0   25    0    0   25    0    0   22   23    0  
   0    0    0    0   25    0    0    0    0    0   24    0    0    0    0    0    0    0    0    0    0   22   23    0   24  
   0    0    0    0    0    0    0    0   24   23    0   24   22    0   25    0    0    0    0    0    0    0    0    0    0  
  23    0    0    0    0    0    0    0    0    0    0    0    0   23    0    0    0    0   22   24   25    0    0    0    0  
   0   22    0    0    0    0    0    0    0   23    0    0    0    0   24    0    0    0    0    0    0   23    0    0   25  
   0    0    0    0    0    0    0    0   23    0    0   23   22    0    0    0    0   24   25    0    0    0    0    0    0  
  24    0    0    0   22    0    0    0    0    0   22   25    0    0    0    0    0    0    0    0    0    0   23    0    0  ] 
BUDGETS : [    5   10   12   13   14   15   16   18   21   25   31   32   34   38   39   39   42   43   49   50   52   57   58   58   60   60   61   63   65   68   69   70   71   76   76   80   80   83   85   86   87   87   87   88   92   93   97   98   99   99  ] 
