K : 150
I : 15
PREFERENCES : [    2    0    0    2    0    0    0    1    0    0    0    0    0    0    0  
   0    1    0    0    0    2    0    0    0    0    2    0    0    0    0  
   0    2    0    0    0    2    1    0    0    0    0    0    0    0    0  
   0    2    0    0    0    0    0    0    2    1    0    0    0    0    0  
   1    0    2    0    0    0    0    0    1    0    0    0    0    0    0  
   0    0    1    2    2    0    0    0    0    0    0    0    0    0    0  
   0    0    0    1    0    0    0    0    0    1    0    0    2    0    0  
   0    0    0    1    0    1    0    0    0    0    0    0    2    0    0  
   0    0    0    0    0    0    0    0    0    0    2    1    2    0    0  
   0    0    0    1    0    0    0    0    0    0    0    0    1    0    2  
   0    2    0    0    0    0    0    1    0    1    0    0    0    0    0  
   2    0    0    0    0    0    1    0    0    0    0    0    1    0    0  
   0    0    0    0    0    2    0    0    0    0    2    1    0    0    0  
   1    2    0    0    0    0    0    0    0    0    0    0    0    0    1  
   0    0    2    0    0    0    0    2    0    0    0    0    0    0    1  
   0    1    0    1    0    0    0    0    0    2    0    0    0    0    0  
   0    1    2    0    0    0    0    0    0    1    0    0    0    0    0  
   0    0    0    2    0    0    0    0    0    0    0    1    0    1    0  
   0    0    0    0    0    0    0    1    0    0    1    0    2    0    0  
   0    2    2    0    0    1    0    0    0    0    0    0    0    0    0  
   1    0    0    0    0    0    0    2    2    0    0    0    0    0    0  
   0    0    0    0    0    1    0    0    2    1    0    0    0    0    0  
   0    0    0    0    0    0    1    0    0    2    0    2    0    0    0  
   1    0    0    0    0    0    0    0    0    0    2    0    1    0    0  
   0    0    2    0    0    0    0    0    0    0    0    0    1    1    0  
   0    0    0    0    0    0    0    0    2    1    0    0    0    2    0  
   0    0    0    0    0    2    2    0    0    0    0    0    0    0    1  
   2    0    0    0    0    0    0    0    0    0    0    0    1    2    0  
   0    2    0    0    0    0    1    0    0    0    0    0    0    0    2  
   0    0    1    0    0    2    0    0    0    1    0    0    0    0    0  
   0    0    0    2    0    0    0    0    0    0    0    0    1    0    2  
   1    1    0    0    0    0    0    0    0    0    0    0    0    2    0  
   0    0    0    0    0    0    0    0    1    0    1    0    0    0    2  
   0    0    0    0    0    0    0    0    1    2    0    0    0    0    2  
   0    0    0    0    0    0    0    0    1    0    0    0    1    0    2  
   1    0    0    0    0    0    2    1    0    0    0    0    0    0    0  
   0    0    0    0    0    0    0    0    0    2    0    1    0    0    1  
   0    0    0    0    0    0    0    0    0    1    0    1    0    2    0  
   0    0    1    0    0    0    0    2    0    0    0    0    0    0    1  
   0    0    0    0    1    0    0    2    0    2    0    0    0    0    0  
   2    0    0    0    0    0    0    0    0    1    0    2    0    0    0  
   0    0    0    2    0    0    0    0    0    0    0    0    1    0    2  
   0    2    0    0    0    0    0    0    0    0    1    2    0    0    0  
   0    0    2    0    1    0    0    0    0    0    2    0    0    0    0  
   0    0    0    0    0    0    1    0    0    2    0    0    0    0    1  
   0    2    0    0    1    0    0    0    0    0    0    2    0    0    0  
   0    0    0    0    0    0    0    0    0    2    1    0    0    0    2  
   2    0    0    0    0    0    2    0    0    0    0    1    0    0    0  
   0    0    0    0    2    0    1    0    0    2    0    0    0    0    0  
   0    0    0    1    1    0    0    0    0    0    2    0    0    0    0  
   0    0    0    0    2    1    0    2    0    0    0    0    0    0    0  
   0    0    0    0    0    0    0    0    1    0    0    1    0    0    2  
   0    0    0    1    0    2    0    0    0    0    0    0    0    2    0  
   0    0    0    0    0    0    0    0    1    0    0    0    0    1    2  
   0    1    0    0    0    1    0    0    2    0    0    0    0    0    0  
   0    0    0    0    2    1    0    0    0    0    0    0    0    2    0  
   0    0    0    0    0    0    0    0    0    1    2    0    0    1    0  
   0    0    0    2    0    1    0    0    0    0    0    0    0    0    2  
   0    0    1    0    1    0    2    0    0    0    0    0    0    0    0  
   0    0    2    0    2    0    0    0    1    0    0    0    0    0    0  
   0    0    0    0    0    0    0    0    0    0    1    1    0    0    2  
   1    0    0    0    0    0    2    0    0    0    0    0    1    0    0  
   0    0    1    0    0    0    0    2    0    0    0    2    0    0    0  
   0    0    1    0    2    1    0    0    0    0    0    0    0    0    0  
   1    0    0    0    0    0    0    0    0    0    0    0    2    0    2  
   0    0    0    1    2    0    0    0    0    0    0    0    2    0    0  
   0    0    0    0    0    0    1    0    2    0    0    0    1    0    0  
   0    0    0    0    0    0    0    1    2    0    0    2    0    0    0  
   0    0    0    0    0    0    0    2    0    0    1    2    0    0    0  
   0    0    0    0    1    0    0    0    0    0    1    0    0    2    0  
   0    0    0    0    0    0    2    1    0    0    0    0    2    0    0  
   0    0    0    0    0    1    0    0    2    0    2    0    0    0    0  
   0    0    0    0    0    0    0    0    0    2    2    0    1    0    0  
   1    0    0    0    0    0    0    0    1    0    0    2    0    0    0  
   1    0    0    0    0    0    2    1    0    0    0    0    0    0    0  
   0    0    0    2    0    0    0    0    1    1    0    0    0    0    0  
   1    2    0    0    0    0    0    0    1    0    0    0    0    0    0  
   1    0    0    0    0    0    0    1    0    0    0    0    0    2    0  
   1    0    0    0    0    0    0    1    0    0    0    2    0    0    0  
   0    0    0    0    0    0    0    1    2    0    0    1    0    0    0  
   0    2    0    0    0    0    1    0    0    0    0    0    0    0    2  
   0    0    0    0    1    0    0    1    0    0    0    2    0    0    0  
   0    0    0    0    0    0    0    2    0    0    1    0    0    0    1  
   0    1    0    0    0    0    0    0    1    0    0    0    2    0    0  
   0    0    0    0    1    0    2    0    0    0    0    0    0    1    0  
   1    0    0    0    0    1    0    0    2    0    0    0    0    0    0  
   0    0    0    0    0    0    0    0    0    0    2    2    0    1    0  
   0    0    0    0    0    0    2    1    0    0    0    0    0    0    2  
   0    1    0    0    0    2    0    1    0    0    0    0    0    0    0  
   0    0    0    0    0    0    0    0    0    0    1    2    0    0    2  
   0    0    2    0    0    0    0    0    1    0    0    1    0    0    0  
   0    0    2    0    0    0    1    0    0    0    1    0    0    0    0  
   2    0    2    0    0    0    0    1    0    0    0    0    0    0    0  
   0    0    2    1    0    0    2    0    0    0    0    0    0    0    0  
   0    1    0    0    0    0    0    0    0    0    0    2    0    0    2  
   0    0    0    0    2    0    0    0    0    0    0    0    0    1    1  
   1    0    0    0    0    0    0    0    0    0    2    0    1    0    0  
   0    0    1    0    0    0    0    0    0    0    0    0    2    1    0  
   1    0    0    0    2    0    0    0    0    0    0    0    0    1    0  
   0    0    0    0    0    0    0    0    0    1    2    2    0    0    0  
   0    0    2    0    0    0    1    2    0    0    0    0    0    0    0  
   0    0    0    2    0    1    0    0    0    0    2    0    0    0    0  
   0    0    0    0    2    0    0    0    0    0    0    0    0    1    2  
   1    0    0    1    0    0    2    0    0    0    0    0    0    0    0  
   1    2    0    0    0    0    0    0    0    0    0    0    0    0    2  
   0    0    1    0    0    1    2    0    0    0    0    0    0    0    0  
   0    0    0    0    0    0    2    0    0    0    0    2    0    0    1  
   0    0    0    0    0    2    0    1    0    0    0    0    0    0    1  
   0    1    0    0    0    0    2    1    0    0    0    0    0    0    0  
   1    0    0    0    1    0    0    0    0    0    0    2    0    0    0  
   1    0    0    1    0    2    0    0    0    0    0    0    0    0    0  
   0    0    0    2    2    0    0    0    1    0    0    0    0    0    0  
   0    0    1    0    0    0    0    0    0    0    0    0    2    1    0  
   2    0    2    0    0    0    0    0    1    0    0    0    0    0    0  
   0    2    0    1    1    0    0    0    0    0    0    0    0    0    0  
   0    0    0    0    0    0    0    0    0    0    0    0    2    2    1  
   0    0    0    2    1    0    0    0    0    0    0    0    0    1    0  
   0    2    0    0    0    2    0    0    0    1    0    0    0    0    0  
   0    0    0    0    0    1    2    0    0    0    0    0    2    0    0  
   0    0    1    1    0    0    0    0    0    0    2    0    0    0    0  
   0    0    1    2    0    0    0    0    2    0    0    0    0    0    0  
   0    0    1    0    2    0    0    0    1    0    0    0    0    0    0  
   0    0    0    0    2    0    0    1    0    0    0    0    0    0    1  
   2    0    1    0    0    2    0    0    0    0    0    0    0    0    0  
   0    0    0    0    1    0    0    1    2    0    0    0    0    0    0  
   0    0    0    0    0    0    0    0    0    2    0    1    0    1    0  
   0    0    0    2    2    0    0    0    0    1    0    0    0    0    0  
   0    0    0    0    0    2    1    0    0    0    0    0    0    2    0  
   0    0    0    0    2    0    0    0    0    0    1    1    0    0    0  
   0    0    0    0    2    0    0    0    0    1    0    0    2    0    0  
   0    0    0    0    0    0    2    0    0    0    0    1    0    0    1  
   0    0    0    1    0    0    0    0    0    0    2    0    2    0    0  
   0    0    0    0    1    0    0    2    2    0    0    0    0    0    0  
   1    0    0    0    0    0    0    0    1    0    0    2    0    0    0  
   1    2    0    0    0    0    0    0    0    2    0    0    0    0    0  
   0    0    0    1    1    0    0    0    0    0    2    0    0    0    0  
   0    0    0    0    0    0    2    2    0    0    0    0    1    0    0  
   0    0    0    0    0    2    0    1    0    0    0    0    0    2    0  
   1    0    0    0    0    2    0    0    0    0    0    1    0    0    0  
   0    0    0    2    1    0    0    0    0    0    2    0    0    0    0  
   0    0    0    0    0    0    1    2    0    0    0    0    0    0    1  
   2    0    0    0    0    0    0    0    0    0    0    1    0    2    0  
   2    0    0    0    0    0    0    0    0    1    0    0    0    0    2  
   0    0    0    0    0    0    0    1    0    1    0    0    2    0    0  
   0    0    0    0    0    0    1    2    0    0    0    0    0    1    0  
   0    2    0    0    0    0    1    0    0    0    0    0    0    2    0  
   0    0    0    0    2    1    0    0    0    0    0    0    0    0    1  
   0    1    0    0    0    0    0    2    0    0    0    1    0    0    0  
   0    0    0    0    0    0    1    0    0    0    2    0    0    2    0  
   0    0    0    2    0    0    0    1    2    0    0    0    0    0    0  ] 
BUDGETS : [    5    9   10   16   20   21   23   24   27   29   31   33   35   36   39   39   39   46   53   55   57   59   63   68   72   76   78   80   81   83   85   86   86   92   92   92   95   97   97   99  104  106  108  108  109  110  115  118  120  123  124  128  129  131  132  132  135  137  140  141  146  147  148  150  152  154  155  159  160  162  163  166  168  169  172  172  184  186  187  187  188  188  191  193  194  195  200  203  205  205  205  210  211  216  216  217  218  218  219  219  219  221  223  223  225  226  229  230  232  234  235  236  238  239  243  245  248  250  252  252  257  259  261  264  266  270  271  273  274  275  277  279  279  279  279  285  286  286  286  290  290  291  292  292  295  296  298  298  300  300  ] 
