K : 50
I : 50
PREFERENCES : [   16    0    0    1    2    0   15    0    0    0   13    0    0    0   10   20   21    4    0    0    0    0    0   17    0    0   13   17    7    0    0   18    0    0   12    0    0   19    0    6   14   11    0    0   10    3    5    9    8   22  
   0    0   22   12    0    0    0   21    4    0   11    0    0    8   10   13    0   17   22    0    0    1    6    0   15    0    0    3    0   16    0    0   10    0    9    0   20   14    7    0   16   19   18    0    5    0    0    0    0    2  
  21    0   14    0    0   11    0    0   16    0    0   10    0   19    1    0    3    0    0    0    0    7   22   12    0    0   13    0    3    0    0    0   18    2    0   17    0   15    9    0    5    0    0   21    0    1    6    4    8   20  
   0    7   14    0    8    0   14    0    9   21   17    0    0    3   19    6    0    0    0    0    0   18    0    5   11    0    1   12    0   10   20    0    0    0    0   22   20    0    0    0   16    0    0    4   13   15   21    0    0    2  
   0    0   18    0    0    0    8   22    0    7   14    0   16    0    0    0    0   10    0   21    0    4    0    0    0    0    6    0   18    0    5    8    0    2   15    0   13    9    1   20    0   11    0   17    3   12   19    0    0   11  
  21    7    0    0    0    0    0   13    0    2    0    0    0    8    0   15   11   12    5    0    0    0    0    6   19   20    0    0    4    0    0   10    0    0   18    5    0   22   22    9   16    1   14   13    3   17    0    0    0    0  
  20    0    8    0    0    0    8   19    0    6    0   15    0    0    7   11    0    0   16   17    0   10    0   20   14   17   18    0    0    0    0   13    4    0   22   12    0    0    0    0    0    2    1    5    3    0    9    0    0   21  
  15   11    0    0    1    0    7    5   17    0    0    0    0    0    4    0   13   16   22   18    0    0   16    0    9   19   12    0    0    0    2   20    8    0   14   10    0    0    0    0   21    0    2   16    0    0    0    3    0    6  
   7    1    0    2    0   11    6   17    4    0    9   13    0   17    0   20   20   10    0    0    0    0   15   22    0    0    0   14    0   12   12    0    0    8    5   19    0    0   16    0    0    0    0    3    0    0    0    0   21   18  
   0   20    0   21   10    5    9   17    0   16   15    0    4    0   22    8   19    0    0    0    0    0    1   18    6    0    7    0    0   18    0    0    0   14    0    3   12    0    0    5    0   21    0   13    0   11    0    0    0    2  
  18   20   12    0    0    0    4    0    0    0    8    0    0    6   11    0    0   15    0   17    0   19    0    9    7    0   10    0    0   16    1   21    5    6   16    0   14    0    0    2    3    0   22    0    0    0    0    0   12   13  
   0    3    6    7    0    0    0    0    0    0   15    0    0    5   18   13    4   21    0    0    0    0   17    1   21    8    0   22   10    0    2   11    0    0    0    0    2    0   14    0    0    0    0   12    2   16    0   19    9   20  
   0    0    3    0    0    0   12   16   20    8    4    0    0    0   11    0    0   18    0    0   19    0    5    5   17    0   13    7   14   22   10    0    0    0    0    2    5    1    0    8   15   21    9    0    0    0    6    0    0    0  
   0   10    0    0    0    3    0    3    0    0    0   16    9    0   19    0   14    0    0    8   15    6    1    0   18   18   12    0    5   11    0    0    0   21    0    3    0    0    0    4   22    7   20    0   17    0   13    0    2    0  
   0    0   11   21    0    0    0    0    0    0    0    0   20    0    0    7    0    9    5   12    6    0    0   10    0    0    0    0   15   16    0   22    0   20    4    3    0    0   19    1   17    0    2    8    4    6    0   18   14   13  
  22    4    2    0    7   18   11   21    0   12   13    0    0    0   14   17   11    0    0    5    0   19    0    0    0    0    0   15    0   16    3    6    0    0    0    0   14    9    8   20    0    0    2    1    0   10    0    0    0    0  
   0    0    0    0    3    0    8   10    0   10   22    7    0    0    0   11    0    0    0   19    0    0    0    0    0    0    9   12    0   15   21    4    0    5    0    0    0    6   20   14   21    0   13   17   21   16    0    1    2   18  
  12   14    0    0    0    0    0   13    0    9    0    0    0    4    2    0    0    1   14   17   13    0    0    0    0    2    0   16   22    7   19    0    5    0   15    0    0    8    0    0    0    3   20    6   10    0   21   11    0   18  
   0   15    8    0   19    0    0    2    0    0    0    3   18    9    0    0   13    0    0    4   11   16    6    0    0   10    0    0    0   22   12    0   20    0    4    5   21   14    0    0    0    0    7    1    0   17    0    0   18   10  
  12    0   20   22    0    0    0    0    0    0    0    0   17   21    0    0    0    0    1    0   13    0   12    6   19    0   18    4    0    5   10    0    0    7    0    0   13    2    9   11   16   13    3    0    8   14    0   15    0    0  
  21    0    0   18    0   14    0   16    3    0    1   20    0   13    0   15    0   11    8    2    0    7    0    0    0   10    0    0   12    0    0    0   22    0    4    0   19    0    0    0    0    5    0    6    1   11   20    9    0   17  
   0   20    6    0    9    0   20    0    0   11    0    1    0    0   15    0    0   19   14    8    4    0    0    0    0    5    0    0    0   17   13   12    3    0   20   16    0    0   22    0   14    0    0    0   10    2   18    7    0   21  
  22    0   15    4    0    0   15    0    0    0    0    5   17    0   12    0    0    0    0    2    0   16    8    0    0   19    6    0    0   18    3   13   14    1    0    0   11   20    7   10    0    0    0    9   21   14    0    0    9    0  
   0    6    0    0   13    7    0    2    0    9    6   19   17   18   14    3   16    0    1    5    0    4   16    0    0   12    0    0    0    0    0   10   22   20    0    0    0    0   11   15    0    8   21    2    0    0    0    0    0    0  
   2   15    0   17    0    0    0    0    0    4    4   21   13    0   12    0   16    0    9    7    6   16   10   18    0    0   14    0   15    0    1    0    0    0    0    0    0    5   19   11    0    0   20    0   22    0    0    8    3    0  
  20    0    0   11    0    3    0    0    0    0    6    0    0   22   19    0    5   16    0    0    4   21   18   10    0    8    0    0    0   15    0    0    0   16    9    1   12    0    0   12    0    0   13   17    7   14    0    0   19    2  
  22   12   20    0    0   16    0    2    2    0   13    9   10    3    0    0   14   17    0    8   11    6    0    0    0   21    0    0    0    0    0    7   18    4    0    0   19    5    0    1    0   19    0    0   19    0    0   15    0    0  
  20    1    0    1    5   21   22    0    0   15    0   10    0    0   18    7   17    0    0   10    0   21    0    0   14    0   16    0    6    3    9    0    4    2   19   12   11    0    0    0    0    0    0    0    0   13    0    8    0    0  
   0    0   21    0    1    0    0   15    0    0    0    0    8   10    5    0    0    0    0    0    5    0    0    0    0   17    2    0   20    6   18    7    0    4   12   13   14    3    0    0   15    0    9    0    0    6   22   19   16   11  
  21    0   12    0    0    0    0   17   13    0    0   10   11    0    9    0   18   14    0   22    0    0    2   14    7    8    0    0    0    6    0    0   14    0    5    1    4   10    0    0    0    0    3   19    0    0   20   16    0   15  
  16    0    4   20    0    8   14    0    2   13   15    0   19    0    0    0    5   13    0    0   22    9    0    0    0    3    0    1    0    0   18    0    0    6   21    0    7    0    0    0    9   15   10    0   12    0   17    0   11    0  
  16    0   15    0   21    0   20   19    0    0    0    0    0    0    0    0   22    8    4    0    0   18    7   11    5    3    2    6    9   10   17    0    0    0    1    2   15    3    0    0    0   14    0    0   13    0   12    0    0    0  
   0    0    0    9   19    0   15    0    1    7    0    4    0    0    0    0    0    0   12    0   22   13   21   20    0   10    0    0   12    8   12    0   12    0    0    0   16    0   11   18   17    2    0    0   14    0    3    5    6    0  
  11    0   22   15   19    4    7   18   17    0    1    0    3    0   12   22    0    0    0    0    0    0   13    8   10    0    0    0   20   16    0    5    0    0    0    0    0    0    6   21    0    6    0    9    0   14   17    0    2    0  
   0    6    0   10   20    0    9    0   21    0   12    0   18    0   15   22    0    3    4   13    0    7    0    0    0    0   19    0    0   17   14    0    8    0    0    0    0    7    1   16    0    0   11    5   22    1    2    0    0    0  
  16   14    0   17    0    5    0   22   21    6    9    0    0    0   20    0    0   12    0   10    0    0   15    0    7    2    0    0   19    0   11    0    1   18    4   13    4    0    0    0    0    0   13    0    0    0    8   12    0    3  
  20   20    0    0    0    0   10    7    0   21    0    0   13   12   22    0   14    0    6    0    0    0   18    0   15   16    0    0    8    0   17    0    3    0    4    0   19    5    0    0   16    9    2    0    1   11    0    0    0    3  
   0   10    2   13    0    0   19   18    0    0   16    0    8    0    0    0    3    0    0    7   15    0   21    0    0    6    0   17   19    0   11    2    0    0    9    0   20    4   12    0    0    0    1    0   22   14    5    0   17    0  
  12    8    0    0   10   14   18   20   19    0    0    7    0    2    0   16    0    4    0   17   17    0    0   15    0    0    0    0    3    0    5   21   11    0    0    0    6    0   14    9   14    0    0    0    1    0    0   22    0   13  
   0   16    6    8    0    0    0   12    0   19   18    1    0    0    3    0   22    0    0    0   14   11   22    7    0    0    0    0    0    0   13    0    0    2    0    0   21    0    4    0    7   18    0    5   20   17    9    0   10   15  
  19    0    0    0    0   22    0    0    8    0    0    0    0    0   14    0    9   16    0   22    0    3   13    8    0    0   12    0    5   21    0    0    6   18    1    4    0    0    0    7    0    0   20    2    0   10   21   11   15   17  
   7    0    0    0    0   12    7    0    0   20    0    0    5    0    0    2   16    0    0    0    8   17    0    0    0    0    0   22    1    0   10    4   12    6   15   11    0    0   18   14    0   13   19   19    0   21    9    3    0    0  
   5   11    0    0   16    0   14    0    5   21    1    0    0    0    0   10    9    7    0    0   18    0    0    4   19    0    0    0   12    3   22   19    0    0    0    2   17    1   20    0    0    0    0    0    8    6   13    0    0   15  
  21    0    0    0    0   20   16   10    0   11    3    0    8    6    1   14    4   13    0    0    7    5    0   21    6   19    0   15    0    0    0    0    0    9   17   18    0    0    0    0   12    7    0    0    0    0    0   22    0    2  
   0    0    0    0    0   15   21    0    0   11    0   17    0    6    0   18   16    1   10    9    3    2   17    0    4    0    0    8    0    5    0    0   22   14   11   19    7   13   15    0    0    0    0    0    0    0    0    0   20   12  
   4    0   16    0   12    0    3    0    1    7   17    0   19   18    0    0    0    4   10    0    5    0    0   21    0    0    0    8   20   14    0    9    3    0    0    0   11   15    0    2    0    0    0    7   22    6    0   13    0    0  
   0   16   19    0   11    0    5   14   10    0    4    0    0   15    0   17    0   21    9    0    1    0   22    3    0    0    0    0    7    0   18    0   14   12    2   10    0    0    0   20    8    0    0    0    0    6   13    3    0    0  
  10    0    0    2    0   22   16   18    8   12    0    3    0    6    0    0   20    0    0   14   17    7    0    2    0    4    0    0    7   15   21    0    0   11    0    0   19   13    0    0    0    1    9    0    5    0    0    0   15    0  
   5    0   10    6   13    0    9    7   20   21    0    9   17    0    0    8    0    0   11   21    0    0    0    0    0   18    0    4   19    0   15    0   22    0    0    3    0   14   12    0    0    0    0    0   15    0   16    0    2    1  
   0    0    0    0    0    0   20    0    0   10    0    0   22    4    0   15    0    1   14    0   11    0   19    0   18   21   12    0    0    8    0   17    7    3   16    0    0   13    0    0    0   14    9    3   22    0    5    6    2    0  ] 
BUDGETS : [    1    2    3    9   11   13   13   14   18   21   29   29   30   30   33   35   38   44   44   46   46   47   49   54   55   59   61   63   64   65   67   68   68   69   69   71   74   77   78   83   84   84   87   88   88   91   94   95   97   99  ] 
