K : 100
I : 50
PREFERENCES : [    0   50    0    0    0   49    0    0    0    0    0    0    0    0    0    0    0    0    0    0    0    0   47    0    0    0    0    0    0    0   49    0   48    0   49    0    0    0    0    0   46   46    0    0    0   48    0   49    0    0  
  47    0    0    0    0    0    0   48    0    0    0    0    0    0    0    0    0    0    0    0    0    0    0   47   49    0    0    0    0   47    0    0    0   47    0    0    0   50    0    0    0    0   47    0    0   46    0   49    0    0  
  48    0   50    0    0    0    0    0    0    0    0    0    0    0   49    0   49   46   47    0    0    0    0   50    0    0   49    0    0    0    0    0    0    0    0    0    0    0   50    0   50    0    0    0    0    0    0    0    0    0  
   0    0    0    0    0    0    0   47    0    0    0    0    0   47   50    0    0    0    0    0    0    0    0   48    0   48    0    0    0    0    0    0    0   49    0    0   46    0    0    0   48    0    0    0    0    0    0   49    0   47  
   0   50   46    0    0    0    0    0    0   46    0    0    0    0    0    0    0   49    0   46    0    0    0   50    0    0    0    0   50    0    0    0   47    0    0    0   49    0    0    0    0   48    0    0    0    0    0    0    0    0  
   0    0    0    0    0    0    0    0    0    0    0    0    0   48   50   50   48    0    0    0   50    0    0    0    0    0   46    0    0    0    0    0    0    0    0    0    0    0   49    0    0    0   49   47    0    0    0    0    0   46  
   0    0   48   47    0    0   46   46    0    0    0    0    0    0    0   47    0   48    0   49    0    0    0    0    0    0    0    0    0    0    0    0    0    0   50    0    0    0    0    0    0    0    0    0    0    0   46    0   50    0  
   0   47    0   46    0    0    0    0    0    0    0    0    0    0    0    0   48    0   49    0    0    0    0    0    0    0    0    0    0   47    0    0    0    0    0    0    0    0   47    0   48   46    0    0   50    0   49    0    0    0  
   0    0    0   50    0    0   50    0    0    0   49    0    0    0    0    0    0    0    0    0    0    0    0   49   46   48    0    0   50    0    0    0    0    0    0    0    0    0   50    0   50    0    0    0    0    0    0    0    0   47  
  47    0   50    0    0    0    0    0    0    0    0    0    0    0    0    0    0   49    0   48    0    0    0    0    0   49    0    0    0    0    0    0    0    0    0   46    0    0   49    0   48    0   49    0    0    0   50    0    0    0  
   0    0    0    0    0    0    0    0    0    0    0    0    0   46    0   47   47   46   46    0    0    0    0   50    0    0    0    0    0   47    0    0    0    0    0   48    0   50    0   49    0    0    0    0    0    0    0    0    0    0  
   0    0    0    0   46   49    0    0   48    0    0    0    0    0    0    0    0    0    0    0    0    0   48    0    0    0    0    0    0    0   48    0   47   49    0    0    0    0    0   50    0    0    0    0    0    0    0   49   46    0  
   0   50    0    0   48   47    0    0    0    0    0    0    0    0    0   48    0    0    0   49    0    0    0    0    0    0    0    0    0    0    0    0    0    0   50    0    0   49    0    0    0    0    0    0   47    0   46    0   50    0  
   0    0    0    0   47    0   47    0    0    0    0   48   50    0    0    0    0    0    0   47   47    0    0    0    0    0    0   46   47    0    0    0   49    0    0    0    0    0    0    0    0    0    0    0    0   47    0    0    0    0  
   0    0    0    0   47    0    0    0   50    0    0    0    0   46    0    0    0    0    0    0    0   48    0   50   46    0    0    0    0    0   46    0    0    0    0    0    0   49    0    0    0    0    0    0    0    0   46   50    0    0  
  47    0    0    0    0    0    0    0    0   48    0    0    0    0    0    0    0    0    0   49    0    0    0    0    0   49    0    0    0   50    0    0   50    0    0   49   48    0    0   49    0    0    0    0    0   46    0    0    0    0  
  48    0    0    0    0    0    0    0    0    0    0    0    0    0    0    0    0    0    0   49    0    0    0   46    0    0   49    0    0    0    0    0    0    0    0    0    0    0   47    0    0   46    0   46   46    0    0   50   50    0  
   0    0    0    0   46    0    0    0    0   50    0    0    0    0    0    0   50    0    0    0    0    0   48    0   48   47    0   48    0    0    0    0   48    0    0    0    0    0   46    0    0   49    0    0    0    0    0    0    0    0  
   0    0    0    0    0    0    0    0   48    0   48    0    0   49    0    0    0    0    0    0    0    0    0    0   48    0    0    0   50    0    0    0    0   49    0   47   48    0    0    0   47    0    0    0    0   46    0    0    0    0  
   0   50    0    0    0    0    0    0    0    0    0    0    0   46    0    0    0    0   46    0   49    0    0    0    0   49   50   50    0    0    0    0    0    0    0    0    0    0    0    0    0   48    0    0    0    0    0   47   47    0  
   0    0    0    0    0    0    0   49    0    0    0    0    0    0    0    0   50    0    0    0    0   47    0    0    0   47    0   48    0    0   46   47    0    0    0   47    0    0   50   49    0    0    0    0    0    0    0    0    0    0  
   0    0   50    0    0    0   48   47    0    0    0    0    0    0   48    0    0    0    0    0    0   47    0    0    0    0    0   48    0    0    0    0    0    0   49    0    0    0   48    0    0    0    0    0   49   46    0    0    0    0  
  50    0    0   49   46   47    0    0    0   48    0    0    0   49    0    0   47   47    0    0    0    0   49   49    0    0    0    0    0    0    0    0    0    0    0    0    0    0    0    0    0    0    0    0    0    0    0    0    0    0  
   0    0    0    0    0    0    0   48    0    0    0    0    0    0    0    0    0    0   46    0    0    0   47    0    0    0   49   48    0   48    0    0   46    0    0    0    0    0    0    0    0   50    0   48    0    0   46    0    0    0  
   0   50    0   48   49    0    0    0    0   46    0    0    0    0   50    0    0    0    0    0    0   49    0    0    0    0   46    0    0    0    0    0    0    0   49    0    0    0    0    0    0    0    0    0    0   47   49    0    0    0  
   0    0    0    0    0   49    0   50    0   50    0    0    0    0    0   48    0    0    0    0    0    0    0    0   46    0    0    0    0   48    0    0    0    0   49    0    0    0   48    0    0    0    0    0    0   47    0   50    0    0  
   0    0    0    0    0   49    0    0   49    0    0    0    0    0    0    0   46    0   49    0    0   48    0    0    0    0    0   50    0    0    0    0    0    0    0   47    0   49   47    0    0    0    0    0   49    0    0    0    0    0  
   0    0    0   50    0    0    0    0    0   46    0    0   48   47    0    0    0    0   48    0    0    0    0   49   47    0    0    0   50    0    0    0    0    0    0    0    0    0    0    0    0    0    0   46    0    0    0    0   50    0  
   0    0    0    0    0    0    0   47    0   47    0    0    0    0    0    0   46   46   49   48    0    0    0    0    0    0    0    0    0   48    0    0    0    0   50    0    0    0    0    0    0    0    0    0    0   48    0    0    0   48  
   0    0   46    0    0    0    0    0    0   48   48    0    0    0    0    0    0   49    0    0    0   48    0    0    0    0    0   48    0   48    0    0    0    0    0    0    0    0    0    0    0    0    0   48    0    0    0   50    0   47  
   0    0    0    0   49    0   50    0    0    0    0   46    0    0   47    0    0    0   46    0    0    0    0    0    0    0    0    0    0    0    0    0    0    0    0    0    0    0    0   46    0    0   46    0   48    0    0    0   49   49  
   0   47   50    0    0    0    0    0    0    0    0    0    0    0    0    0    0   48    0   50    0    0    0    0    0   49    0   50    0   46    0    0    0    0    0    0   48    0   47    0    0    0    0    0    0    0    0   50    0    0  
   0   47    0    0    0   48    0   46    0    0   50    0    0    0    0    0    0    0    0    0    0    0    0    0    0    0    0    0    0   49    0    0   49    0   49    0   50    0   48    0    0   50    0    0    0    0    0    0    0    0  
   0    0    0    0    0    0   48   50    0   50   50    0    0    0    0    0    0    0    0    0    0    0    0    0    0    0    0    0    0   49    0   47    0   49   50    0    0    0    0    0   46    0   50    0    0    0    0    0    0    0  
   0    0    0    0    0    0    0    0    0   49    0   49    0    0    0    0    0    0    0   47    0    0    0    0   47   47    0   47    0    0    0   46   48    0    0    0    0   49    0    0    0    0    0    0    0    0    0   50    0    0  
   0    0    0   47    0   47    0    0    0    0   46    0   46    0    0    0    0    0   46    0    0   48    0    0    0    0   47    0    0    0    0    0    0   47    0    0   49    0   50    0    0    0    0    0    0    0    0    0    0    0  
   0    0   48    0   50    0    0    0    0    0    0    0    0    0    0   47    0    0    0    0    0    0    0    0   48   47   47   47    0    0    0    0    0   48    0    0    0    0    0    0    0    0    0    0   46    0   49    0    0    0  
   0    0    0    0    0    0   46   49    0    0    0    0    0    0   48    0   48    0   47    0    0    0    0    0    0    0    0    0    0    0    0    0    0    0    0   50    0   47    0    0    0    0   48   47    0    0    0    0    0   47  
   0    0    0    0    0    0   46   46    0   49   46    0   50    0    0    0    0    0    0    0    0    0    0   46    0    0   47    0    0    0    0    0    0    0    0    0   50   48    0    0   48    0    0    0    0    0    0    0    0    0  
   0    0    0    0    0    0   50   50    0    0   50    0    0    0    0    0   47    0    0    0    0   46    0    0    0    0    0    0    0    0    0   47   50    0    0   48    0    0   49    0    0   47    0    0    0    0    0    0    0    0  
   0   48    0   47    0    0    0    0    0   47    0    0   49    0   46    0    0    0    0   49    0   47    0    0    0    0    0    0    0    0   46    0    0    0    0    0    0   50    0    0    0    0    0   48    0    0    0    0    0    0  
   0   48    0    0    0    0   46    0    0   50    0    0   46    0    0    0   49    0    0    0    0    0   46    0    0    0    0    0    0    0   47    0    0   50    0    0   50    0    0    0    0    0    0    0    0    0    0    0    0   46  
   0    0    0   46   47    0    0    0    0    0    0    0    0   49    0    0    0    0   48    0    0    0   50   48    0   50    0    0    0    0    0    0    0    0    0    0   50    0    0   46    0   48    0    0    0    0    0    0    0    0  
  48   48    0    0    0    0    0    0   49    0    0    0   47   46    0   49    0    0    0    0    0    0    0    0    0    0   50    0    0    0    0    0    0    0    0    0   46   49    0    0   48    0    0    0    0    0    0    0    0    0  
   0    0    0    0    0    0   46    0    0   50    0    0    0    0    0    0    0    0    0    0    0    0   48   46    0    0    0    0    0    0   46   49    0   47    0    0    0    0    0    0   46   46    0    0    0    0   49    0    0    0  
  47    0    0    0    0    0   50    0    0    0   50    0   47    0    0    0    0    0    0    0   46    0   46   49    0    0    0    0    0    0    0    0    0    0    0    0    0   46    0    0    0    0    0    0   48    0    0    0    0   47  
   0    0    0    0   48    0    0    0    0    0   49    0    0    0    0   46    0    0    0   49    0    0    0    0    0    0   50    0    0    0    0   50   50    0    0    0   50   49    0    0    0    0   47    0    0    0    0    0    0    0  
   0   48    0    0    0    0    0   49   47    0   47    0    0    0    0    0   50    0    0    0    0    0    0    0    0    0    0    0   50    0   50    0    0    0    0    0    0    0    0    0    0    0    0    0   50   46   46    0    0    0  
   0    0    0    0    0    0   48    0    0    0    0   49    0   49    0    0    0    0    0   47    0    0    0   48   50    0    0   49    0    0    0    0    0    0    0    0    0    0    0    0    0    0   50    0   46    0    0   49    0    0  
   0   50    0    0   47    0    0   50    0    0   48    0   50    0    0    0    0    0    0   48   47    0    0   49   49    0    0    0    0    0    0    0    0    0    0    0    0    0    0    0    0    0    0    0   46    0    0    0    0    0  
   0    0    0    0   47    0    0    0    0    0   48   49    0    0   48   49    0    0    0    0    0    0    0    0    0    0   48    0    0   46   50    0    0    0    0   49    0    0    0    0    0    0    0    0    0    0    0   50    0    0  
   0    0    0    0   50    0    0    0    0    0   49   48    0    0    0    0    0    0   46    0    0    0    0    0   49    0    0    0    0    0    0    0   49   47   49    0   50    0    0    0    0    0    0    0    0   46    0    0    0    0  
   0    0   49    0    0    0    0   49    0    0    0    0    0    0    0    0    0   46    0    0    0    0    0    0    0    0   50    0    0    0    0    0    0    0    0    0    0   47    0   48   47    0   50    0   50   47    0    0    0    0  
   0    0   49    0    0    0    0   47   48    0    0    0    0    0    0   50    0    0    0    0    0    0    0   47    0   46    0    0   49   50    0    0    0    0    0    0    0    0    0    0    0   47    0    0    0    0   49    0    0    0  
  46    0    0    0    0    0    0    0    0   46    0    0    0   48    0    0   48   49    0    0    0    0   50    0    0    0    0    0    0   47    0    0    0    0    0    0    0    0    0    0   48   48    0    0    0    0    0   47    0    0  
   0    0    0    0   48    0    0    0    0    0    0    0   49    0    0    0   46    0    0    0    0    0    0    0    0    0   48    0    0   50    0    0    0    0    0    0   48    0    0    0    0   49   47    0    0   48    0    0   48    0  
   0    0    0    0    0    0    0    0    0    0    0   49    0    0   47    0    0   50    0   47    0    0   46    0    0    0    0    0    0    0    0   46    0    0    0    0   47    0    0    0    0    0   48   48    0    0   49    0    0    0  
   0    0    0    0    0   46    0    0    0    0   47   48   48    0    0    0    0    0    0    0    0   48    0   46   48    0    0    0    0    0   50    0   48    0    0    0    0    0    0    0    0    0   49    0    0    0    0    0    0    0  
   0   46    0    0    0    0    0    0    0    0   46    0    0    0    0    0    0    0    0   49    0   49    0    0   49    0    0    0    0    0    0    0    0    0   47   48    0    0    0    0    0    0    0    0   48   50   50    0    0    0  
   0    0    0    0   49    0    0   50    0    0    0   48    0    0   50   49    0   47    0   50    0    0    0    0    0    0    0    0    0    0    0    0    0    0    0    0   47    0    0    0    0    0    0   47    0    0    0   46    0    0  
   0    0   50    0    0    0   50    0    0    0   47    0    0    0    0    0   48    0    0    0   46    0    0    0    0   49    0    0    0    0    0   49   49    0    0    0    0    0    0    0   50    0    0   50    0    0    0    0    0    0  
  49    0   49    0    0    0    0    0    0    0    0    0   47    0   50    0    0   46   49    0    0    0    0    0    0    0    0    0    0   46    0    0    0    0    0    0    0    0    0    0    0    0    0    0    0   46   49    0    0   48  
   0    0    0   48    0    0    0    0    0    0    0    0    0    0    0   46   50   50    0    0    0   48    0    0    0    0   50   47    0    0    0    0    0    0    0    0    0    0    0   49    0   46    0    0    0    0   47    0    0    0  
   0    0    0    0    0   50    0    0    0    0    0    0    0    0    0    0    0    0    0    0    0   50    0   50    0    0    0    0    0    0   47    0    0    0   49    0   48    0   46    0    0   48   46    0    0    0    0    0   50    0  
   0    0    0    0    0    0   50    0   48    0    0    0   49    0    0    0    0    0    0    0    0    0    0   48   47    0    0    0   46    0    0    0    0   49    0    0    0   50    0    0    0    0   49    0    0    0   49    0    0    0  
   0    0    0    0    0    0    0    0    0    0    0    0    0    0    0    0    0    0   49   48    0   47    0    0    0    0    0    0   47    0    0    0   47   49   46   49   47    0    0    0    0    0    0    0    0    0    0    0    0   50  
   0    0    0    0    0    0    0    0    0    0    0    0   48    0    0   47    0   48    0    0    0    0    0   46    0    0    0    0    0    0    0   49    0    0    0   49    0   50   46   46    0    0    0   48    0    0    0    0    0    0  
   0    0    0    0    0    0    0   50    0   47   49    0    0    0   47    0    0    0   46    0    0    0    0    0    0    0    0    0   50    0   50    0   48    0    0   46    0    0    0    0    0   50    0    0    0    0    0    0    0    0  
  48   50    0   46    0    0   49   49    0   47    0    0    0    0    0    0   48   47    0   46    0    0    0    0    0    0    0    0    0    0    0    0    0    0   48    0    0    0    0    0    0    0    0    0    0    0    0    0    0    0  
   0    0    0    0    0   46    0    0   48   49    0    0    0    0    0    0    0   47    0    0    0    0    0    0    0    0    0    0    0   46   48    0    0   48    0    0    0    0   49    0   48    0   50    0    0    0    0    0    0    0  
  49    0   48    0    0    0    0    0    0    0    0   50    0    0    0    0    0    0   47    0    0    0    0    0   48   48    0    0    0    0   46    0    0    0    0   49    0   48    0    0    0    0    0   50    0    0    0    0    0    0  
   0    0   50    0   46    0    0    0    0    0    0    0    0    0    0    0    0    0    0    0    0   48    0    0   47    0    0    0   50   49   47    0    0    0    0    0    0   48    0    0    0    0    0    0    0   47    0   50    0    0  
   0   47    0    0    0   48   50    0    0    0    0    0    0    0   49   50   49    0    0    0    0   46    0    0    0   50    0    0    0    0    0    0    0    0    0    0    0   46   50    0    0    0    0    0    0    0    0    0    0    0  
   0    0    0    0    0    0    0   47    0    0    0    0   49   48    0    0    0    0    0    0    0    0    0    0   47   47    0    0    0    0   46    0    0    0    0   47    0    0    0    0    0   47    0    0    0    0    0   50    0   48  
   0    0    0    0    0   49    0    0    0    0    0    0    0    0    0    0    0    0   50    0    0    0    0   47    0    0    0    0    0   48    0    0    0    0    0    0    0   50   49    0    0    0    0   46    0   47    0   50   49    0  
   0    0   48    0    0    0   50    0    0    0   48    0    0    0    0   48    0    0    0    0    0    0    0   48    0    0    0    0    0    0    0    0   50    0    0    0    0    0   49    0   47   48    0   46    0    0    0    0    0    0  
   0    0    0   50    0   49    0    0    0    0   50    0    0    0    0    0    0    0    0    0    0    0    0   49    0    0    0    0    0   46   48    0    0    0   46    0    0    0    0    0    0    0    0    0    0   47    0    0   49   46  
  50    0    0    0    0    0    0   50    0    0   47    0    0    0    0   48    0    0    0   46   47    0    0    0    0   49    0    0    0    0    0    0    0    0    0    0    0   47    0   46    0    0    0   49    0    0    0    0    0    0  
   0    0    0    0    0   47    0    0    0   46    0   49    0   50    0    0    0    0    0    0   48   46    0    0   47    0    0    0    0    0    0    0    0    0   46    0    0    0    0    0    0    0    0    0    0    0   47    0   47    0  
   0    0    0    0    0    0    0    0   48    0    0    0   46    0    0    0    0    0   47    0    0   47    0    0    0    0    0    0    0    0   50    0    0    0   50    0    0    0    0    0    0   48   49    0   49    0   49    0    0    0  
   0    0    0    0    0   49   48    0    0   48    0    0    0    0    0    0    0    0    0    0    0    0    0    0    0    0    0   50   47    0   47    0    0    0    0    0    0    0   49    0   50    0    0    0   48    0    0   46    0    0  
   0    0    0    0    0    0    0    0    0    0    0    0    0    0    0    0    0    0    0    0    0    0   50    0    0    0    0   46    0    0   50   50   48    0    0    0    0   47   50    0    0    0    0    0    0    0   47   49    0   47  
   0   47    0    0   48    0    0    0    0    0    0    0    0    0    0    0    0    0    0    0   48   46    0    0   48   48   46    0    0    0    0    0    0   49    0    0    0    0   50    0   48    0    0    0    0    0    0    0    0    0  
   0   48    0    0    0    0   48    0    0    0    0    0   47    0   49    0    0    0    0    0    0    0   47    0   46    0   47    0    0    0    0    0    0    0   47    0    0    0    0    0    0    0    0    0    0    0    0   50   48    0  
  49    0    0    0   50    0    0    0   46    0    0    0    0    0    0    0    0    0    0    0    0    0   49    0    0    0    0    0    0    0    0    0    0    0    0   50   47    0    0    0   47    0   49   48    0    0    0    0    0   50  
   0    0    0    0    0    0    0    0    0    0    0    0   48   50    0    0    0    0   48    0   49    0    0    0    0    0    0    0    0    0    0   47    0    0    0    0   50    0   48    0    0   50    0    0    0    0   48    0   46    0  
  48    0    0    0    0   47    0    0    0    0   46   47    0    0    0    0    0    0    0    0    0    0    0    0    0   46    0    0   49    0    0   46    0    0    0    0    0    0    0   48    0    0    0    0    0   46    0    0   50    0  
   0    0   48    0    0    0    0    0    0   46    0    0   47   47    0    0    0    0    0   48    0    0    0   49    0    0   47    0   47    0    0    0    0    0    0    0   50    0   47    0    0    0    0    0    0    0    0    0    0    0  
  46   48    0    0   50    0    0    0    0    0    0   48    0    0    0    0    0    0    0    0    0    0    0    0    0    0    0   46    0    0    0    0    0    0    0    0    0   49    0    0    0   50    0   48   49    0    0   47    0    0  
   0    0    0    0    0    0    0    0    0    0    0   50   48    0    0   49   48   47   46    0    0    0    0   47    0    0   50    0    0    0    0    0    0    0    0    0    0    0    0    0    0   46    0   50    0    0    0    0    0    0  
   0    0    0    0    0    0    0    0    0    0    0    0   48    0    0    0    0   47    0   48    0    0    0   48    0   48    0    0    0    0    0    0   46   50    0    0    0    0   48   48    0    0    0    0    0    0    0    0   49    0  
   0   48    0    0   49    0    0    0    0    0    0    0   47    0   50    0    0    0    0    0    0    0    0    0    0    0    0   48   50    0    0   49    0   48    0    0    0    0    0    0    0    0    0   46    0    0    0   50    0    0  
   0    0    0   47    0    0    0    0    0    0    0    0    0    0    0    0   46   49    0    0    0    0   50    0    0    0   47    0    0    0    0    0    0    0    0    0    0    0   48   50    0    0    0    0    0   50    0   47    0   49  
   0    0    0    0    0    0    0    0    0    0   47    0    0   47   48    0    0    0    0    0    0    0    0    0    0    0   47    0    0    0   46    0    0   50   49    0   48    0    0    0   48    0    0   47    0    0    0    0    0    0  
  48    0    0    0   46    0    0   47    0    0    0    0    0    0    0    0    0    0   49    0    0    0    0   48    0   47    0   46    0    0    0    0    0    0    0    0   50    0    0    0    0    0    0    0    0   47    0    0   48    0  
  46    0   50    0   46    0    0    0    0   47    0    0    0    0    0   48    0    0    0    0    0    0    0   49   50    0   50    0    0    0    0    0    0    0    0    0    0    0    0   46    0    0    0   46    0    0    0    0    0    0  
   0    0    0    0    0    0   46    0    0    0    0    0    0    0    0    0    0    0    0    0   46    0    0    0   47    0    0   49    0   50    0    0    0   48    0    0   47    0    0   50    0    0    0    0    0   48    0   46    0    0  
   0    0    0    0    0    0   50    0    0    0    0    0   48    0    0    0   46   47    0    0    0    0    0    0    0    0   49    0    0    0    0    0    0    0    0   49    0    0    0    0    0    0    0   49    0   48    0   48   49    0  
   0    0    0    0   50    0    0    0    0    0    0   47   46   49    0    0    0    0    0    0    0    0    0   48    0    0   49    0    0    0    0    0    0    0    0   46    0   49    0    0   50    0    0   50    0    0    0    0    0    0  
   0    0    0    0    0    0   49    0    0    0    0   46    0   50    0    0    0    0    0   49    0   48    0    0    0    0    0    0   49    0    0    0    0   48    0    0    0    0    0    0    0   47    0    0   49    0    0    0   48    0  ] 
BUDGETS : [    5   11   20   24   26   27   28   36   36   37   41   43   44   47   51   52   54   55   59   62   69   69   74   76   78   79   80   81   81   82   83   89   89   90   91   93   97   99  100  104  104  104  106  108  110  111  112  113  113  116  117  117  120  122  122  124  124  126  126  127  133  134  137  137  139  139  140  142  142  143  145  147  147  149  150  157  158  159  162  163  169  170  170  170  171  174  175  177  179  182  187  190  190  191  192  193  194  197  197  198  ] 
