K : 100
I : 100
PREFERENCES : [    0    9    0    0   11    0    4   14   13    0    0    0    0    0    0    0    0    0    0    8   15    6   18    0    0    0    0   17    0    0    0    0    0    0    0    0    0    0    0    0    0    0    0    0    3    0    0    0    0    0    0    0    0    0    0    0    0    0    0    0   12    0    0    0    0    0    0    0    0    0    0   16   10    0    0    0    2    1    0    0    0    0    0    0    0    0    0    0    0   17    5    0   19    0    0    0    7    0    0    0  
   0    4   19    0    0    0    0   13    0    0    0   12    0    0    0    0    0    8    0    0    0    0    0    0    0    0   16    0    0    0    9    0    0    6    0   11    1    0    0    5    0    3   18   14    0    0   18    0    0    0    0    0    0    7    0    0    0    0    0    0    0    0    0    0    0    0    0    0    0    0    0   15    0   10    0    0    0    0    0    0    0    2    0    0    0    0    0    0    0    0    0    0    0    0    0    0    0    0   17    0  
   5    0    0    0    0    0   16   18    0    0    0    0    0    0    0    0    0    0    0    0    0    0    0    0    0    8    0    0   12    0    0    0    0    0    9    0   15    0    0    0    0    0    0    0    0    1    8    0    0    0    0    0    0    0    2   19    0    6    0    0    0    0   10   13    0    0    0   11    0    0    0    7    0    0    0    0    0    0    0    0   14    0    0    0    4    0   17    0    0    0    0    0    0    0    0    0    0    0    0    3  
   0    0    0    0    0    0    0    0    0    0    0    0   13   19    0    0    0    0    0    0   18    0    0    5    0    0    8    0    0    0    0    7    0    0    0    0    0    0    0    0    0    0    0    0    0    0    0    0    0    0    0    0   11    6   14    4    0    0    0    0    0    2    1    3    0    0    0    0    0    0    0   16    0    0    0    0    0    0    0    0    0    0    0    0    0    0   10    0    0    0    9    0    0   17   15    0   12    0    0   11  
   0    0    0    0    0    0    0   16    0    0    0    0    0    0    0    0    0    0   19    1    0    0    0   18    0    0    0    0    0    0    0    0    4    0   10    0    0    0   15    0    0    0    0    0    6    0    0    0    0    0    0    0    8    0   11    0    0    0   17    0    0    0    5    0   13    0    0    0    0   12    0   14    0    0    0    0    0    0    0    0    8    0    0    0    3    0    0    0    0    0    0    0    0    0    9    2    0    7    0    0  
   0    0    0    0    0    0    0    0    7    0    0    8    0    0    0    0    0   15    0    0    0    0    0    0    0    0    6    0    0    0    9    1   19    0    0    0    0    0   17    0    0    0    0    0    0    0    0    2   18   12    0    0    0    0    0    0   17   13   14   10    0    0    0    0    0    0    0    0    5    0    0    0   16    0    0    0    0    0    0    0    0    0    4    0    0    0    0    0    0    0    0    0    0    0    0   11    3    0    0    0  
   0    0    0    0    0    0   16    0    0    0    0    0    0    1    0    0    5   10    0   17    0    0    0    0    0    0    0    0   11    8    0    0   12    0    0    0    0    0    0    0   13    0    0    0    0    0    0    9    0   19   15    0    0    0    0    0    0   14    0    0    0    0    0    0    0   18    0    0    0    0    0    0    0    0    0    0    0    0    0    0    0    4    0    7    2   11    3    0    0    0    0    0    0    0    0    0    0    0    0    6  
   0    0    1    0    0    9    0   19    7    0    0    0   15    0    0    0   11    0    0    0    0    0    0    0    0    0    3    0    0   17    0    0    0    0    0    0    0    0    0   19    0    0    0    0    5    0    0    0    0    0    0    0    0    4    0    0    0    0    0    0    0    0   14    0    2    0    0   18    6    0    0    0   10    0   16    0    0    0    0    0    0    0    0   12    0   13    0    8    0    0    0    0    0    0    0    0    0    0    0    0  
   0    0    0    0   16    0    0    8    0    0    0    0    0    0    0    0    0    0    0   14    0    0    6    0    0    0   17    0    0    0    0    0    0    0    0    7    0    0   18    7    0    0    0    9    0    0   19    0    0    0    0   10    0    0    0    0    0    0    0    0    0    0    0    0    0    0    0    0    0    0    0   11    0    0   13    0   12    0    0    0    0    0    4    0    0   15    5    0    0    0    0    0    2    0    0    0    3    0    0    1  
  15    0    0    0    0    0    0    0   11    0    0    0    0    5    0    0    4    0    0    0    0    0    0    0    3    0    0    0    0   13    0    0    0    0   17    0    0    0    0    0    0    0    0   10    0    0    0    0    0    8    0    0    0    6    0    0    0    0    0    0    0    0    0    0    0    0    0    0    0   18    0   11   16    2    0    0    0   12    0    1    0    0    0    0   19    0    0    9    0    0   14    0    0    0    0    7    0    0    0    0  
   0    0    0    0    0    5    0    0    0    0    0    4    0    0    0    0    1    0   19    0   12    0    0    0    0    0    0    0    0    0    0    0    0   15    2    0    0    0    0    0    0   14    0    0    6    0    0   11    0    0    0    0   18    0    0    0    0    0    0   11    0   10    0    0    9    0    7   16    0    0    0    0    0    0    8    3    0    0    0    0    0   17    0    0    0   13    0    0    0    0    0    0    0    0    0    0    0    0    0    0  
   0    0    0   17    0    0    0    5    0    0    0    0    0    0    0    0    0    0    0   16    0    4    0    0    0    0    0    0    6    0    0    0    0    0    0    0    0    0    0    0    0   12    0    0    0   13    0    0    0    0   18    0    0    0    9    0   14    0    0    0    0    0    3    0    2    0    0    0    0    0    0   19    0    8   15    0   10    0    0    0    0    0    0    0    0    0    0    0   11    0    5    0    1    0    0    0    7    0    0    0  
   0    0    0    0    0    0   16   19    0    0    0    0    3    0    0    0   18    0    0    0    0    0    1    0   10    8    0    0    0   12    6    0    0    0    0    0    0    0    0    0    0    0    0    0   13    0    0    0    0    0   12    2   11    0    0    0    0    0   15    0    0    0    0    0    0    7    0    0    0    0    5    0    0    0    0    0    4    0    0    0    0    0    0    0    9   14    0    0    0    0    0    0   17    0    0    0    0    0    0    0  
   3    0    0    0    0    0    0   16    9    0    0    5    0   15   14    0    0    0    0    0    0    0    0    0    0    0    0    0    0    0    0    0    0    0    0    0    0   11    0    0    0   13    2    0    0    0    0    0    0    0    0    0    0    0    0    0    0    0    0    1    0    0    0    0    0    0    0    0   12    5    0    0    0   10    0   17    0    0    0    0    0    6    4   19    0    0    0    0    0    0    0    0    0    0    8    0    0   18    7    0  
   0    0    0    0    0    0    0    0    5    0    0    0    0    0    0    0    0    0    6    0    0    7    0    0    0    0    0    0    9    2    0    0    0    0    0    0    0   17   11    0    0    0    0    8    0    0    0    0    0    3    0   10   19    0    0    0   18    0    0    0    0    0    1    4    0    0    0    0    0    0    0    0   15    0    0    0    0    0    0   13    0    0    0   14    0    0    0    8   12    0    0    0    0    0    0    0    0    0   16    0  
   0    0    0    0   12    0    0    0    0    0    0    0    0    0    8    0    0    0    0    0    0   17    0    0    2    3    0    0    0    0    0    0    0   10    0    0    0    4    0    0    6    0   14    0    0    0    0    0    0    0    0    0    0    9    0    0    0    0    0   15    0    0    0   11    0    0    0    0   18    0    0    0   16    1    0    0    0    0    0   13    7    0    0    0    0    5    0    0    8    0   19    0    0    0    0    0    0    0    0    0  
   7   15    0    0    0    0    0    0    0    0    0    0    0    0    0    0    0    0    0    0    0    0    0   16   10    0   12    0    6    0    2    0    0    0    0    0    0    0    0    0    0    4    5    0    0    0    0    0    0    0    0    0    0    0    0    0    4    0    0    0    0    0    0    0    8    0    1   18    0    0    0   13    0    0    0    0    0    0   11    0    3    0   17    0    0    0    0    0    0    0    0    0   14    9    0    0   19    0    0    0  
  19    0    0    0    0   15    0    0    0    0    9    0    0    0    0    0    0    0   14    0    0    0    8    0    0    0   12    0    0    0    0    0    0    0    0    0    0    0   11    0    7    0    0    0    0    0   17    2    0    0    0    5    0    0    4    0    0   13    0    0    0    0    0    0    0    0    0    0    0    0    0    3    0    0    6    0    0    0    0    0    0    0    0    0    0    0    0    0    0    0    0   16    0    0   10    7    0    0   18    1  
   0    0    0    0    0    1    0    0    0    3    0    0    0    0    0    0   19    0    0    0   13    0    0    0    0    0   11    8    7    0    0    6    0    0    0    0    0    0    0   18    0    0    0   10    0   17    0    0    0    5    0    0    9    0    0    0    0    0    0    0    0    0    0    0    0   14    0    0    0    0    0    0    2    0    0    0    0   10    0    0    0    0    0    0    0   16    4    0    0    0    0    0    0    0    0    0   12    0   15    0  
   0    0   19    6    0    0    0    0    2    9    0    0    8    0    3    0    0    0    0    0    0    0    0    0    0    0   13    0    0    0    0    0   16    0    4   17    0    0    0    0    0   12    0    0    0    0    0    0    0    0    0    0    0    0    0    0    0    0    0    0    0    0   10   14    0    0    0    0    0    0   11    5    0    0    0    0    0   15    0    0    0    0    0   19    0    0    0    1    0    0    0    0    0    0    0    0    0    0   18    7  
   2    0    0    0    0    0    0    0    8    0    0    0    0    0    0    0    0    0    9    0    0    0    0   16   18    5    0    0    0    0    0    0    0   13   11    0   10    0    0    6    0    0    6    0    0    0    0    0    0    0    0    0    4    0    0    0    7    0    0    0    0    0    1    0    0    0    0    0    0    0   17    0    0    0    0    0    0    3    0   12    0    0   15   19   14    0    0    0    0    0    0    0    0    0    0    0    0    0    0    0  
   0    0    0    0    0    0    0    0    0    0    0    0    0    0   13    0    0    0    3    1    0   15    0    0    0    0    0    0    0    4    0    0    7    0    0    0    0    0    0    0    0    0    0    0    0    0    0    0    0   15    0    0    0    0    0    0    0    0   11    2    0    0    0   10    0    0    0    0    0    5    0    0    0    0    0    0    0    0    0    0    0   16    0   18    0   19    0    0   14    8    0    6    0   17    0    0    9    0   12    0  
   0    0    0   19    0    0    0    0    0    5    0    0    0    0    7    0    0    0    0    0    0    0   16    0    0   13    0    0    0    0   16    0    0    0    0    0    0    0   11    0    0    0    0    6    0    0    0    0    3    0    4   18    0   15    1    0    0    0    0    0   10    0    0    0   17    0    0    0    0    0    0    0    0    0    0    0    0   12    0    0    0    9    8    0    0    0    0    0    0    0    0    0    2    0    0    0    0    0    0   14  
   0    0    0    0    0    0    0    0    9    2    0    0    0    0    0    0    0    1    0    0    0   12    0    0    0    0    0    4    0    0    0    0    0    0    0    0    9    0    0    7    0    0    8    0    6    0   13   17    0    0    0    0    0    0    0    0    0    0    0    0   18    0    0    0    0   10   16   14    0   19    0    0   11    3    0    0    0    0    0    0    0    0    0    0    0    0    0    0    0    0    0    0    0    5    0   15    0    0    0    0  
   9    0   19    0    0    0    0    0    0    0    0    0    0    0   15    0    0    0    0    8    0    0    0    0    0    0    0    0    0    7   16    0    0    0    0    0    0    0    0    0    0    0    0    0    0   13    0    0    0    0    7    0    0   14    0    2    0    6    0    0   18    0    0    0    0    0    0    0   10    3    0    0    0    0    0    1    0    0    0    0    0   12    0    4    0   17    5    0    0    0    0    0    0    0    0    0    0    0    0   11  
   9    0    0    0   11    0    0    0    0    0    0    0    0    3    4    0    0    0   18    0    0    0    0    0    0   13    0    0    0    0   12    0    0    0    0   19    1    0    0    0   15    0    0    0    7    8    0    2    0    0    0    0    0    0   14    0    0   16    0    0    0    0    0    0    6    0    0    5    0    0    0    2    0    0    0    0    0    0    0    0    0    0    0    0    0   10    0    0    0    0    0    0    0    0    0    0    0    0    0   17  
   0    0    0    6    0    0   19    0    0    0    0    0    0    0   16    0    0    0    0   13    0    0    0    4    0    0   10    0    0    0    0    0    0    0    0    0    0    0   11    0    9    0    0    0    0    0    0    8    0    0    0    0    0    0    0    3    1    0    0   14    0    0    0    0    0    7    0    0    0    0    0    0    0    0    0    0    0   15    0    0   18    0    0    2    0   17    0    0    0    0    0    0    0    0   12    0    0    0   18    5  
   0    0    0    0    0    0    0    0    0    0    5   18    0    8    0    0    0    0    0    0    0    7    0    0    0    0    0    0    1    0    0    0    4    0    0    0   15    0    0    0    0    0   12    6   17    0    0    0    9    0    0    0    0    0    0    0    0    0    0    0   10    0    0    0    0   16    0    0    0    0    0    0    0    3    0    0    0    0    0    0   19    0    0   13    0    0    0    0    0    0    0   11    0    0    3    0   14    0    0    2  
   0    2    0    0    0    0    0    0    0    0    0    0    0    0    0    0   10   15    0    0    0    0    6    0    0    0    0    0    3    0   12    0    0    0    0    0    0    0    0    0    0    0    0   13    0    0    0    0    1    0    0    7    0    0    0    0    0   18   11    0    0    0    0    0    0    0    0    0    0    0    4    0    0   14    0    0    0    0    0    0    9    0    8    0    0    0    0    0    0    0    5    0   17    0   13    0    0   19   16    0  
   0    0    0    0    0    0    0    0    0    0    0    6    0    0    0   19    0    0    0    0    0   19   14    0    0   10    0    0    0    0    0    0    0    0    0    0   13   18    0    0    0    0    0    1    0    0    0    7    0    5    0    0   12    0    0    0    0    4    0    0    0    0    0    0   16    0    0    0    0    0    0    0    0    0    9    0    0    0   11    0    0    0    0    0    0    0    0    0    0    0   17    0    0    2    0    0   15    8    3    0  
   0    0    0    0    0    0    0    0   12    2    0    0    0    0   10    0    4    0    0    0    0    0    0    0    0    0   17    0    1    0    0    0    9    0    0    0    0    0   11    0    0    0    0    0    0    0    0   19    0    0    0    0   15    0    0    0    0    0    0    0    0    0    0    0    0    0    0    0    0   16    0    0    0    0    7    3    0    0   18    0    0   13    0    0    0    0    0   14    1    0    0    0    0    6    0    5    8    0    0    0  
   0    0    0    0    0   11   18    0    0    0    0    0    0    0    0    0   12    0    0    0    0    0    6    9    0    0    0    0    0    0    0    0    0   16    0   13    0    0    0    0    0    0    0    0   10    0    7    0    0    0    0    0    0    0    0    1    0   15    0    4   14    0    0    0    4    5    3    0    0    0    0   17    0    0    0    0    0    0   19    0    0    0    0    0    0    0    0    0    0    0    0    0    2    0    0    0    0    8    0    0  
   0    0   15    0    0    0    0    0    0   14    1    0    0    0    0    2   11    0    0    0    0    0    0    0   17    0    0    0    0    9    0   10    0    0    0   11    0    0    8    0    0    0    0    0    0    0    0    0    0    6    0    0    0    0    0    0    3    0    0   18   12    0    0   19    0    0    0    5    4    0    0    0    0    0   16    0    0    0    0    0    0    0    0    0    0   13    7    0    0    0    0    0    0    0    0    0    0    0    0    0  
   0    0    0    2    9    0    1    0   15    0    0    0    5   18    0    0    0    0    0    0    0   14   19    0    0    0    0    0    0    0    0    0    7    0   16    6    0    0    0    0    0   10    0    0    0    0    0    0    0    0    0    0    0    0    0    0    0    0    0    0    0    0    8   12   17    0    0    0    0    0    0    0    0    0    7    0    0   13    0    0    0    0    0    0    4    0    0    0    0    3    0    0    0    0    0    0   11    0    0    0  
   0    2    7    0    0    0    0    0    0    0   14    0    0   18    0    0    0    0    0    1    0    0    0    0    4    0    0    0    0    0    0    0    6    0    0   10    0    0    0    0    0    0    0    0    0    0    0    0    0    0    0    3    0    0    0    0   19    0    8    0    0    0    0    5   12    0    0   11    0    0    0    0    0    0    0    0    0    0    0   17    9   13    0    0    0    0    0    0    0    6    0    0   16    0    0    0    0   15    0    0  
   0   17    0    0    0    0    0   10    0   19    0    0    0    0    0    0    0   16    9    0    0   14    0    0    8    0    0    0    0    0    0    0    0    0    4    0    0    0    0   13    0    0    0   11    0   18    0    0    6    0    0    0    0    0   10    0    0    1    7    0    0    0    0    5    0    0    0    0    0    0    2    0    0    0    0    0    0   15   12    0    0    0    0    0    3    0    0    0    0    0    0    0    0    0    0    0    0    0    0    0  
  17    0    0    0    0   11    7   13    0    0    9   19    0    0   10    0    0    0    4    0    0    0    0    0    0    0    5    0    0    0    0    0    0    0    0    5    0    0    0    1    0   16    0    0    3    0    0    0    0    0    0    0    0    0    0    0    0    0    0    0    0    0    0    6    0    0   14   18    0    0    2    8    0    0    0    0    0    0    0    0    0    0    0    0    0    0    0    0    0    0    0    0    0    0   12    0    0    0    0   15  
   0    0    3    0    0    0    5    0    0   11    0   19    0    0    0    0    0    0    0    4    0    0    0    0    0    0    0    0    0    0    0    0    0    0    0    0    0    0   13    0   17    0    0    0    8    0    7    0   10    2   15    0    0    0   18    0    0    0    0    0    9    0   14    0    0    0    0    0    0    0    0    0    0    6    0    0    0   12    0    0    0    0    0    0    0    0    0    0    0    0    1    0    0    0    8   16    0    0    0    0  
   4    0    0    0    0    0    0    0    5    0   15    6    0    0    0    0    0    0   16    0    0    0    0    0    0    0    0    0    0    0    0    0    2    7    0   13    0    0   19    0    0    0    0    0    0    1    0    8    0    0    0    0   10    0    0    0    0    0    0    0    0    0    0   12   18    0    0    0   11    0    9    0    0    0    0    0    0    0    0    0    0    0    0    9    0    0    0   14    0    0    0   17    0    0    0    0    0    3    0    0  
   0    0    0    0    0   11    0    0    0    0    0    0    0    0    0    0    1    0    0    0   12   16    0    9    0    0   18    0    4    0    0    7    5    0    0    0   17    0    0    0    2    0    0    0    0    0    0    0    0    0    0    0    0   13    0    0    0    0    0    5    0    0    0    0    8    0    0    0    0    0    0    0    0    0   14    0    0    3    0    0    0    0    0    0    0    0    0    0    0    0    6   19    0    0    0   15   10    0    0    0  
   0    0    0   11    0    0    0    7    0    0   12    0    0    0    0    0    0    0    0    8    0    0    0    0    0    0    0    0    0    0    0    0    0    0   15    0    0    0    0    0    0    1   16    0    0    0    0    0    6    0   13    0    0   10    0    5    0    0    0    0    0    0    0    4    0    0    9   17    0   14   19    0    0    0    0    0    0    0    0    0    0    0    0    1   18    0    0    0    0    0    0    3    0    0    0    0    0    0    0    2  
   0    0    0    0    0    0    0    0    0   17    0    0    0    0    0    0    0    0    0    0    0    5    0    0    0    0    9    0    0    0    8   10    0    6    0    0    0    0    0    0    0    0   13    0    0    0    4    0    0    0    0    0    7    0    0    0    0   18    0    0    2   16    0    0   15    0    0    1    0    0   11    0    0    0   14    0    0    3    0    0    0   19    0    0    0    0    0    0    0    0    0   19    0    0    0    0   12    0    0    0  
  18    0    0    1   11    7    0    0    0    0    0    0    0   17    0    0    0    0    0    0    0    0    0    0    0    0   15    0   12    0    0    0    0    0    0    0    0    0    0    0    0    0    0    0    0   17    0    0    0    5    0    0    4    0    0    0   13    0    0    6    0    0   14    0    0    0   16    0   19    0   10    0    0    0    3    0    0    0    0    0    9    0    0    2    0    0    0    0    0    0    0    0    0    0    0    8    0    0    0    0  
   0   18    0    0    0    0   16    0    0    0    0    0    0    0    0    0    0    0    0    4   14    0   11    0    0    3    0    0   17    0    0    0    0    0    0    0    5    0    0    0   15    0    0    0    0    8    0    0    0    0    0    0    0    0   10    0    0    0   14    0   13    0    0    0    0    0    0   12    0    0    0    6   19    0    0    0    0    1    0    0    0    0    0    0    0    0    0    7    0    9    0    0    0    0    0    0    0    2    0    0  
   0    0    3    0    0    0    0    0    0    0    0    0   17    0    0    0    0   11    0    0    0    0    0    0    0    5    0    0    0    0    0    0    0    4    0    0    0    1    0    0    0   19    0    0   15    0    0    0    0    0    0    0   19    0    0    0    0    0    0    0    0    0   14    2   12    6    0   13    0    0    0    0    0    8    0    7    0   16    0   18    0    0    0    0    0    0    0    0    0   10    0    0    0    0    0    9    0    0    0    0  
   6   17    0    0    0    0    0    0    0    0    0    0    0    0    0    8    0    0    0    0   19    2    0    0   11   16   13    0    9    0    0    0    0    0    0    0    0    0    0    0    0    0    0    0    0    0    0    0    0    0    0    0    1   12    0   15    0   14    0    7    0    0   10    0    0    0    0    0    5    0    0    0   18    0    0    3    0    0    0    0    0    0    0    0    0    4    0    0    0    0    0    0    0   19    0    0    0    0    0    0  
   0    0    0    0    0    0    1    0    0    0    0    8    0    0    0    0    0    5    0    0    0    4    0   11    0    6    0    0    0   14    0   19    0    0    0    0    0    0    0    0    0    0    0    0    0    0    0    0    2    0   18    0    0    0    0    0    0    0    0    0    0    0    0    0   10    3   12    0   13   18    0    0    0    0    0   17    0    0    0    0    0    0    0    0    0    0   15    0    0    0    0    0    0    9    0    0   16    7    0    0  
   0    0    8    0    0    0    7    0    0    0    0   18   16    0    0    0   12    0   11    0    0    0    0    0    0    6    0    5    0    0    0    0    0    0    0    9    0   14    3    0    0    0    0    0    0    0    0    0   17    0    0    0   19    0    0    0    0    0    0    0    0    0    0    0   10    0   15    0    0    0    0    0    0    0   13    0    0    0    1    2    0    0    4    0    0    0    0    0    0    0    0    0    0    0    0   10    0    0    0    0  
   6   10    0    0    0    0   19   11    0   16    0    0    0    0    8    0   17    0    0    0    0    0    0    0    0    0    0   13    0    0    0    0   14    0    0    0    0    0    0    0    0    0    0    0    9    0    0    0    4    0    0    0    0    0    5    0   12    0    0    0    0    0    0   18    0    0    1    0    0    0    0    0    0    2    0    7    0    0    0    0    0    0    0    0    0    0    0    0    0    0    0    0    0    0    1    0    3    0   15    0  
   0    0    0    0    0    0    0    0    0    0    2    7   15    0    0    0    0    0    0    0    0   14   19    0    0    0    0    1    3    6    0    0   17    0    0    0    0    0    0    0    0    0    0   12    0    0    0    0    0    0    0    0    0    0    0    4    0   11    9    0    0   18    0    5    0    0    0    0   13    0    0    0    0    0    0    0    0   16    0    0    0    0    0    0    1    0    0    8    0    0    0    0    0    0    0    0   10    0    0    0  
   5    0    0    0    0    0    4    0    0    9   18    0    0    0    0    0    0    0    0    0    0    0    0    0    0    0   15    0    0    0    0    0    0   19   17    0    0    0    0    0    0    0    0    0    8   13    2    0    0    0    0    0    0    0   17   16    0    0   14    0    0    0    0    0    1    0   11    0    0    0    0    0    6    0    3    0    0    0    0    0    0   10    0    0   12    0    0    0    0    0    0    0    0    0    0    0    0    7    0    0  
   9    0    0    0    0    0    8    0    0    0    0    0    0    0    0    0    0    0    0    0    0    0    0    0   16    0    0    0    0    0    0    0    0    0    0   12    0    5   13    3    0    0    0   17    0    0   10    0    0    0    0    0    0    0    0    0    0    0    0    0   15    0    0   18    0    4    0    0    0    0   19    0    1   10    0   14    0    0    0    0    0    0    6    0    0    2    0    0    0    0    0    0    0    0    0    0   11    7    0    0  
   0    0    0    0    0    0    0    0    0    0    0    0   10    4    0    5    0    0    0    0    0    0    3    0    0    0    0    6    0    0    0    7    0    0    0    1    0    9    0    0   18    0    0    0    0    0    0   17    0    0    0    0   19    0    0    0    0    0    0    0    2   19    0    0    0    0    0    0    0    0    0    0    0    0    0    0    0   16    0   12   11    0   15    0    0    0    0    0    0    0    0    0    8    0    0    0   13    0    0   14  
   0    0    0    0    0    0    0    0    0    0    0    0    0    0    0    0    0    8    0    0    0    0    0    0    2    0   12    4    7    0    0   17    0   16    0    0   19   18    0    0   11    0   11    0    0    0    0    0    0    0    0    5    0    0    0   15    0    0    0    0   10    0    0    0    0    0    0   14    0    0    0    9    0    0    0    0    0    0    0    0    0    0   13    0    3    0    0    0    0    0    0    1    6    0    0    0    0    0    0    0  
   0    0    0    0    0    0    0    7    4    0    0    8    0    0    0    0    0    0    0    0    0    0    6    0    0    0    0    0    0    0    0    0    1    9    0    0    8    0    0    0    0    0    0    0   14    0   17    0    0    0    0    0    5   11    2    0    0    0   13    0    0   19    0    0    0    0    0    0    0    0    0    3    0    0    0    0    0    0   15    0    0   12    0    0    0   16   18   10    0    0    0    0    0    0    0    0    0    0    0    0  
   0    0    0    0   15    0    8   13    0    0    0    0    0    0    0    9    1    0    0    0    0    0    0    0    5    0    0    0    0    0    0    0    0    0    0    0    0    0    0    0    0    0    3    2    0    0    0   17    0    0    0   18    0    3    0    0    0    0    0    0    0   10    0    0    0   11    0    0    0   12    0    0    0    0    0    0   19    0    0    0    0    0    6    4    0    0    0    0    7    0    0    0    0    0    0    0   14   16    0    0  
   0    0    0    0    5    0    6    0   11    0    0    0    0    0    0    2    0    1   17    0    0    0    0    9    0    0    3   10    0    0    0   14    0    0    8    0    0    0   15   19    0    0    0    0    0    0   12    0    0    0    0    0    0    0    0    7   18    0    0    0    0    0    0    0    0    0    0    0   16    0    0    0    0    0    0    0    0    0    0    7    0    0    0    0    0    0    0    0    0    0    0    0    0    4   13    0    0    0    0    0  
   0    0   15    0    0    0    0    0    0    0    0    0   12    0   17    0    0    0    0    0    0    0    0    0    0    6    0    0    4    0    0    0    0    0    0    0    0   13    0    0    0    0    0    8    0    0    0    1    0    0    3   10   19    0    7    0   16    0    0    0    0   18    0    0   11    0    0    0    9    2    0    0    0    0   17    0    0    0   14    0    0    0    0    5    0    0    0    0    0    0    0    0    0    0    0    0    0    0    0    0  
   0    0    0    0    0    0   19    0   16    0    0    0    0    0    2    0    0    0    0    0   14    0    0    8    2    0    0    0    0    0    0    3    0   18    0    0    0    0    0    0    0    0    0    0   13   11    0    0    0    0    0    0    0    4    0    0    5    0    0    0    0    0    0    0    0    0    1   17    0    0    0   12    0    0    0   10    0    0    0    0    6    7    0    0    0    0    0    0    0    9   15    0    0    0    0    0    0    0    0    0  
   0    0    0    0    0    9    0    0    0    0    0    0    0    0    0    0    0    0   15    0    0    0    0    0    0    0    0    0    0   11    0    0    9    0    0    4    0    0   13    0    0    7    0    5    8    0    0    0    0    0    0    0    0    0   17    0    0    0    0    6    0    0   10    0    0    0   18    0    0    0    0    0    1    0    0    0   12    0    0   19    0    0    0    0    0    0   16    0    0    0    2    0    0   14    0    0    0    0    3    0  
   0    0   16   12    0    0    0    0    0    0    0    0    7    0    0    0    0    0    0   17    0    0    0    0    0    0    0    0    0    0    4    0    0    0    5    0    0    0    0    0    0    0    0    0    0    0    0    0   11    0    0    0    2    0    1    0   14    0    0    0    8    0    9    0    0    0    0    0   19    0    4    0    0    6    0    0   18    0    0    0   10    0    0    0    0   15    0   13    0    0    0    3    0    0    0    0    0    0    0    0  
   0    0    0    0   14    0    0    0    0    2    0   10    0    0    2    0    6    0    0    0    0    0    0    0    0    0    0    0    0    0    7    0    0    0    0    0    0    0    0    0    0   16    0    0    0    0   17    0    0    4    0    0    0    0    0    0    0    0    0    0    0    0    0    0    0    0   12    0    0    0   18    0    0    0    0   15    0    0    1    0   13    0    8    0   11    0    3    0    0    0    0    0    0    0    0    0    5    0    9   19  
   4    0    0    0    0    0    0    0    0    9    0    0    1    0    0    0    0    0    0    0    3    0    0    0    0    0    8    0    0   19   13    0    0   14    0    0    0    6    0    0    0    0    0    0    0    0    0    7    0    0    0    0    0    0    0    8    0    0    0    0   11    0    0    0    0    0    0    0    0    0    0   16    0    0    2    0    0    0    0    0   18    0    0    5    0    0    0   12    0   10    0   17    0    0    0    0    0    0    0   15  
   0    0    3    0    0    0   16    0    7    0    0    8    0    0    0    0    0    0    0   18    0    0    0    0    0    4    0    0    0    0    0   12    0   10    0    0    0    0    0    0    8    1    0    0    0   14   15    0    0    0    0    0    0   11    0    0    0    0    0    0   13    0    0    0    0   17    0    0    0   19    0    0    0    0    0    0    0    9    0    0    0    2    5    0    0    0    0    0    6    0    0    0    0    0    0    0    0    0    0    0  
   2    0    8    0    0    0    0    0    0    0    0    0    0   12   19    7    0    0    0    0    0   19    0    1    0    0    3   17    0    0    0    0    0    0    0   11   18    0    6    0    0    0    0    0    0    0    0    0    0    0    0    0    0    0    0   16    0    0    0    0    5    0    0    0    0    0    0    0    0    0    0    0    0    0    0    0    0    0    0    0    0   13    4    0   14    0   10    0    9    0    0   15    0    0    0    0    0    0    0    0  
   0    0    9    0    0    0   15   17    0    0    0    0    0    0    0    0    0    0    0    0    0    0    3    0    0    0   19    0   11    0    0    0    0    2    0    1    0    0    0    0    0    0    0    0    0    0    0    0    0    0    0   13    0   19    0   16    0    0   12   14    0    0    0    0    5    0    0    0    0    0    0    0    0    0    0    0    0    0    0    4    0    7    0    0    0    0    8    0    0   18    6    0    0    0    0    0    0    0   10    0  
   0    0    0    0    0    0    0    0    0    0    0    0    0    0    0    0    0    3    0    0    0   14    0    0    0    7    0    0    0    0    0   14    0    0   15    0    0    0    0    0    0    5    0    0    0    0    9    0    0    0    0    0    0    0    0    0   12   13   18   10    0    0    0    0   17    0    0    0    0    0    0    0    2    0   19    0    0    1    8   16    0    0    0    0    0    0    0    4    0    0    0    0    0    0    0    0   11    6    0    0  
   0    7    0    0    0    0    0    0    8    0    0    0    0    0    0   19    0    0   15    0    2    0    0   17    0    9    0    0    0    0    0    0    6    0    0    0    0    0    0    0    1   13    0    0    0    0    0    0   14    0    0    0    0    0    0    0    0   12    0    0    0    0    0    0    5    0    0    0    0   10    0   16    0    0    0    0   11    0   18    0    0    0    0    0    0    0    0    4    3    0    0    0   10    0    0    0    0    0    0    0  
   0    0    2    0    0   14    0    0    0    0    0    0    7    6    0   16   17    0    0    0    0    0    0    0    0    0    0    0    0    0   11    0    0    0    0    0   18   19    0    0    0    0    0    9    0    1    0    0    0   15    8    0   12    0    0    0    0    0    0    0    0    0    0    0    0    3    0    0    0    0    0    0    0    0    0    0    0    0    0   13    0    0    0   10    3    0    0    4    0    0    0    0    0    0    0    0    0    0    5    0  
   0    0   17    0    0    0    0    0    0    0    0    0    0    4    0    0    0   13   15   16    0    1    0    0    0    9    0    0    0    0    0    5    0   11    0    0    0    0    0    0    8    0   10    0    0   19    0    0    0    0    0    0    0    0    0    7    2   14    0    0    0    0    0    0    0    0   18    0    0    0    3    0    0   12    0    0    0    4    0    0    0    0    0    0    0    0    0    0    0    6    0    0    0    0    0    0    0    0    0    0  
   0    0    0    0    0    0    0    0    0    0    0    0    0   11    0    4    0    9   15    0    0    0   10    0   19    0    0    0    0    7   16    0    0    5    0    0    0    0    0    0    0    0    0   13    0    0   18    0    8    0    0    0    0    0    0    0    0    6    0    0    0    3    0    0    0    0    0    3    0    0    0    2    0    0    0    0   12    0    0   14    0    0    0    0    0    0    1    0    0    0    0   17    0    0    0    0    0    0    0    0  
   0   16    0    0   14    0   15    0    0    0    0   17    0    0    2    7    0    0    0    0   11    0    0    0    0    0    0    6    0    0    0    0    0    0   19    0    0    0    8    0    9    0   18    0    0    0    0    0    0    0   13    4    1    0    0    0    0    0    0    0    0    0    0    0    0    0    0   12    0    0    0    0    0    0    0    5    0    0    0    0    0   10    0    0   12    0    0    0    0    0    0    0    0    3    0    0    0    0    0    0  
   0    0    0    0    0    5    0    0   17    0    0    0    0    0    0    0    0    0   12    4   10    0    1    0    0    0    0   19    0    0    8    0    0    0    0    0    0    0    0    3   11    0    0   13    0    0   15    0    0    0    0    0    0    0    0    0   14    6    0    0    0    7    0    9    0    0    0    0    0    0    0    0    0    0    0    0    0    0    0    0    0    0    0    0    0    0    0   18    0   16    0    0   19    0    0    0    0    0    2    0  
   0   12    0    0    0    0    0    0   19    0    0    0   17    0    0    0    0    6    8    0    0    0    0    0    0    0    0    0    0    0    0    0    0    0    0    0    0    0   13    0    0   16    0   11    0    0    4    0    1    5    0    0    0   18    0    0    0    0    0    0   10    0    0    0    0    0    0    0    0    0    0    2    9   14    0    0    0    0    0    0    0    0    0    0   15    0    3    0    1    0    0    0    0    0    0    7    0    0    0    0  
   0    0    0    0    0    0    0    0    0    0    0    0    0   16    0    0    0   14    0   17   13    0    0    0    0    0    0    0    0    0    0    0    0    0    0    0   11    0    4   10    0    0   19    0    0    0    0    0    0    5    7    0    0    0   10    0    0    0    0    8    0    0    0    0   18    0    0    0    3    0    0    0   15    0    1    0   12    0    0    0    6    0    0    0    0    2    0    0    0    0    0    0    0    9    0    0    0    0    0    0  
   0    0    0    0    0    0    0    0    0    0    0    0    0    0    0   12    0    0    0   17    0    0    0    0    0    6    0    0    0    0    0    0    0    0    0    0    0    0   11    0    0   16    0    0    0    0    0    0    4    0    0    0    0   13    0    0    0   18    0    0    0    0    0    0    8    0    0   10    0    0    0    0    2    0    0   11    0    0    0    0    0    0    0    3    7    9    0   19    0   15    0    0    0   14    5    0    0    0    1    0  
   0    0    0    0   16    1    0    0    0    9    0    0    0    0    0    0    8    0   12    0    0    3    0    0   19    0    6    0    0    0    0    0    0    0    0    0    0    0    0    0    0    0    0    0    0    0    0    0   15    0    4    0    0    0    0    0    0    0    0    0    2    0    0   14    0    0    0   10   13    0   19    0    0    0    0    0    0    0    7    0    0    0    0    0   17    0    0   11   18    5    0    0    0    0    0    0    0    0    0    0  
   0    0   14    8    0    0    0    6    0    0    0    2    0    1    0    0    0    0   12    0    0    0    0    0   18    0    0   11    0    0    0    0    0   16   13    0    0    0   15    0    0    0    5    0    0    0    0    0    0    0    0    0    0    0    0    0    0    0    0    9    0    0    0    0    0    0    0    0    0    0    0    0   19   17    3    0    0    0    0    0    7    0    0    0   19    0    0    0    0   10    0    0    0    0    0    0    4    0    0    0  
   0    9    0    0    0    0    0    0    0   16    0    4    0    0    0    0    6    0    2    0    0    0   13    0    0    0    0    0    0    0    0    0    0    0    0    0    0    0    0    0    0    0    0    0    0    0    0    0    0    0    0   19    0    0    0   10    0    0    0    0    1    0   14    0    0    5    0    0    0    0   12   15    0    0    0    0    0   17    0    0    0   11    0    0    0    0    0    0    0    0    0    7    0    9    0    8   18    0    3    0  
   0    0    0    0    0    0    0    2    0    0    0    0    6    0    0    0    0   18    5    0   16    0    0    0    0    0   19    0    0    0    0   10    0    0    0   17    0    0    0    0    0    0    3    0    0    0    0    0    4    0    0   14    0    0    0    0    9   12    0   11    0   15   13    0    0    0    0    0    0    0    0   12    0    0    0    0    0    0    0    0    0    0    0    0    0    0    0    7    0    0    0    8    0    0    0    1    0    0    0    0  
   4    0    0    0    0    0    0    0    8    0    0    0    0    0    0    0    9    0    0    0    0    0    0    0    0   12    0    0    0   13    5    0   16    0    0    0    0   19    0    0    0   10   11    0    0    0    7    0    0    0    0    0    0    0    0    0    0    0    0    0    0    0    0    0    0    0   15    0    0    0    0    0   17    0    3    0    0   18    0    0    0    0   14    6    0    2    0    0    0    0    0    0    0    0    0    0    8    1    0    0  
   0    0    4   15    0    5   14    0    0    0    1    0    0    0    0    0    0    0   19    0    0    0    0    0    0    0    0    0    0    0    0    0    0    0    0    0    0    0   10    7    0    0    0    0    8    0    0    3    0    0    0    0    0    0    0    0    0    0    0    0    0   11    0    0    6    2    0    0    0   16    0    0    0    0    0    0   12    0    0    0    0   13    0    0    0    0   18    0    0    0    0    0    0   18    0    0    9   17    0    0  
   0    0    0    1    0    0    0    0   12    0    0    0    1    0    0    0    0    2    0   18    0    0    3    0    0    0    0    0    0    0    0    0    0    0    0    8    0    0   19    0    0    0   10    0    0    0    0    0    0    0    0    0    0    0    0    0    0    0    7    6    0    0    0    0    9    0    0    0    0   17    0   11    0    0    0   16    0    0    0    0   13    4    0    0    0   15   14    0    0    0    5    0    0    0    0    0    0    0    0    0  
   0    0    0    0    0    2    0    0   13   18    0    0    0    0    0    0    0    0    0    0    0    0    0    0    0    8   11    0    0    0    0    0    0    0    0    9    0    0    0    0    0    0    0    0    1   15    0    0   17    0    0    7    0    0    0    2    0    0    0    0    0   16    0    0    0    0    0   14   19    0    5    0    0    0    0    0    0    0    0    0    0    0   12    0   10    6    0    0    0    4    0    0    0    0    0    0    3    0    0    0  
   0    0    0    9    2    0    0    0    0    8    0    0    0    4   14    0    0    0    0    0    0   11    0    0    0    0    0    0    0    0   16    0    0    0    0    0    0    0    0    0   17    0    0    0    0    0    0   18    0    0    0    0    0    0   13    0    0    0    0    6    0    0    0    0   14    0    0    0    0    0    0    0    0    0    0   15    0    5    0    0    0    0    3    7   10   19   12    0    0    0    0    0    0    0    0    0    0    0    1    0  
  18    0    0    0    0    2    0    0    0    0    0    1   11    0    0    0   13    0    0    0    0   16    0    0    0    0    0    0    6    0   12    0    0    0    0    0    0    0    0    3    0    0    0    0    0    0    0    0    0    0    0    0    0    0   17    0    0   14    0    0    0    0    0    0    0   19    0    0    0    8   15    0    0    0    0    5    0    0    0    0    0    7   12    0    0    0    0    0    0    0    0    0    0    9   10    0    4    0    0    0  
   0    0    0    4    0    0    0   16    0    0    0    0    0    0    0    0    0    0    0   18    0    0    0    9    0    0    0    0    0    0    0    0    7    0    0    0    0   12    0    0    0    0    0   14    0    0    5    0    0    0   10    0    0    0    0   12    0    0    0    0    6    2    0    0   17    1    0   19    0    8    3    0    0    0    0    0    0   15    0    0    0    0    0    0    0    0    0    0    0    0    0    0   11    0    0    0    0   13    0    0  
   0    0   14   14    0    0    0    0    0    5    0    0    0    0    0    0    0    0    0    0    0    0    0    0    0    0   19    4    9    7    0    3    0    0   15    0    0    0    0    0    0    0    0    0    0    0   10    0    0   11    0   13    0    0    0    0    0    0    0    0    0    0   18    0   16    0    0    0    0    0    0    0    0    0    0    0    0   12    0    0    0    0    8    0    0   17    0    0    0    2    0    0    0    0    0    6    0    0    1    0  
   4    0    0    0    0    0    0   19    0    0    0   17    0    0    0    0    0    0    0    0    0   14    2   16    0    0    0   15    0    8    0    0    0    1    0    6    0    0    0    0    0   19    0    0    0    0    0    7    0    0    0    0    0   11    0    3   13    0    0    0    0    0    0    0    0    0    0    0    0    0   10    0   12    0    0    9    5    0    0    0    0    0    0    0    0    0    0    0    0    0    0    0    0    0    0    0    0   18    0    0  
   0    0    0    0    0    0    0    5    0    9    0    0    0    0   13    0    0    0    0    0    0    0    0    0    0    0    0    5    0    0    0    0    0   14    2    0    0    0    0    0    0    0    0   15    0    0    0    0    0    0   16    0    0    0    0    0    7    0    0    0    0   10    0    0    0    0    1    0   19    0    0    0    0    0    0    0    6    0    0    0    0   12    0    4    0    0   17    3    0    0    0    0    0   18    0   11    0    0    8    0  
   0    0   14    0    0    0    0    8   10   15   19    0    0    0    0    0    3    0   11    0    0    0    0    0    0    0    0    5    0    0    0    0    0    0    0    0    0    0    0    0    0    0    0    1    0    0    0   17    2    0    0    0    7    0    0    0    0   12    6    0    0    0    9    0    0    0    0    0    0    0    0    0   18    0    0    0    0   16    0    0    0   13    0    0    0    0    0    8    0    0    4    0    0    0    0    0    0    0    0    0  
   0    0    0   12    2    0    0    0   18    0    0    0    0   10    0    0    0    0    0    0    9    0    0    0    0    0    0    0   13    0   16    0    0    0    0    0    0    0    4    0    0    0    0    0    0    0    0    0    0    0    0    0    0   17    0    8    1    0    0    6    0    0    0    0    0    0    0   11    0    0    0    0    5   19    0   12    0    0    0    0    0    0   14    0    3    0    0    0    0    0    0   15    0    0    7    0    0    0    0    0  
   4    0    0   14    7    0    0    0    0    0    0    0    0   16    0    0    9    0    0    0    0    0    0    5    0    0    0    0   18    0    0   11    0    0    0    0    0    0    0    0    0    0    0    0    0    0    0    0    6    3    0   12    8    0   10   15    0    0    0    0   13    0    0    0    0    0    0    0    2    0    0    0    0    0    8    0    1    0    0    0    0    0    0    0    0    0    0    0   19    0    0    0    0    0    0    0    0    0   17    0  
   0    0    0    3    0    0    0    0    7    0    0    0    0    0   18    0    0    0    0    0    0    0    0    0   13    0    0    0    0    0    0    0    0    0    0   16    0    0    2    0    0    9    0    0    0    0    0    0   19    0    0    0    0    0    0    0    0    0   15    0   14    0    0    0    0    5    0    0    0   10   12    9    0    0    0    0    0    0    0    0    4   11    1    0    6    0    0    0    0    0    0   17    0    8    0    0    0    0    0    0  
   0    0    0    0    0    0    0    0    0    7    0   15    5    0    0    0    0    4    0    0    0    0    0    0   19    0    0    0    0    0    8    0    0    0    0    0    0   17    0    0    0    0   13    0    0    0    0    0    0    0    0    0   12    1    0   15    0   11    0    0    0    0    0    0    0    0    0    0    0    0    0    0    0   18    0    0    0    0    2    0    0    0    0    0    0    3    9    0    0    0    6    0    0    0   10    0   16   14    0    0  
   0    0    0    0    0    0    7   10    0    0    0    0    0    0    0   17    0    0    0    0    0   11    0    0    0    4    9   16    0    0    0    6    0    1    8    0    0    0    2    0    0    0    0    0   15    0    0    5    0    0    0   19    0    0    0    0    0    0    0    0    0   14    0    0    0    0    0   16    0    0    0    0    0    0    0    0    0    0    0    0    0    0   18    0    0    0    0    0   13    0    0    0    3    0    0   12    0    0    0    0  
   0    0    2    0    0    0    0    0    0    0    0    0   11    0    0    0    0    0    8    0    0    0   12    0    0    0    0    5    0    0    1    0    0   13    0    0    0    3    0    0    0    0    0    4    0    0    0   15    0    0    0   16    0   17    7    0    9    0    0    0    6    0   17    0    0    0    0    0    0    0    0    0    0    0    0    0    0    0   18   19    0    0    0    0    0    0    0    0    0    0   10    0    0    0    0    0    0    0   14    0  
   0    0    0   17    0    0    0    0    0   10    0    0    0    0   11    0    0    7    0    0    0    0    0    0    0    0   16    0    0    6    0    0    0    0    0    0    0    1    0    0    0    0    0    0    0    0    0    0    0    0    0    0   18    0    0    5    0    0    0    0    0    0    0    0    0   19    3    0    0    0    0    0    0   12    0    0    0   17    9   15    0    0    0    0    4    0    0    0    0    0    8    0    0    0   13    0    0    0   14    2  
   0    0    0    0    0    0    5    4    7    0    0   13    0    8    0    0    0    0    0    0    0    0    6    0    0   12    0    0   14    0    9    0   18    0    0    0    0    0    0   17    1   19    0    0    0   16    0    0    0    0    0   16    0    0    0    0    0   15    0    0    0    0    0    0    0    0    0    0    0    0    0    0   11    0    0    0    2    0    0    0    0    0    0    0    0    0    0    0    0    0    0    0    0    0    0    0   10    0    0    3  
  11    0    6   14    0    0    0    0    0    0    0    9    0    0   18    0    0    0    0    0    0    0    7    0    0    4    0    2    0    0    0    0    0    0    0    0    0    0    0    0    0    0    0    1   13    0   10    0    0    0    0    0    0   15    0    0    0    0    8    0    0    0    0    0    0    3   16    0    0    0    0    0    0   12    0    0    0    0    0    0    0   19    0    0    0    0    0    0    0    0    0   17    5    0    0    0    0    8    0    0  ] 
BUDGETS : [    1    2    7   12   14   15   15   18   19   22   23   24   24   28   28   32   32   32   33   35   36   36   38   39   42   47   48   49   51   51   54   56   60   61   61   63   65   69   72   75   79   81   82   82   83   85   87   90   96  100  105  106  109  111  114  118  121  123  124  125  126  127  128  130  134  135  142  142  143  143  144  147  149  149  149  150  153  155  160  164  165  172  173  177  177  179  181  181  181  184  189  189  190  191  192  192  193  193  196  199  ] 
