K : 50
I : 50
PREFERENCES : [    0    0    0    0    0    0    0    0   50    0   44   36   46    0   31    0    0   39   48   39    0    0   33    0   34   30    0   45    0    0   32   47   49    0    0    0    0    0   41   38   45   31   42   35   29   40    0   37   43    0  
  45   36   41   36    0    0    0    0    0   44    0    0   30    0   35   33    0   49   40   35    0    0    0   31    0    0    0   38   43   50    0   29    0   32    0   47    0   39    0   46    0   37    0   31   48    0   34    0    0   42  
  49   37    0   39    0    0   33    0    0   35    0    0    0    0   32   42   33   36    0   42   38   45    0    0    0   41   43   50    0    0   45    0    0   34    0   48   30   44    0    0    0   46   29    0   40   47   31    0    0    0  
   0   34   35   30   32    0    0    0    0    0    0   44   39   44    0    0   31    0    0   46   37    0    0   49   43    0    0    0    0   29    0    0    0   41    0   33   48   36    0   47   45   30    0    0   50   35   38   40   42    0  
  38   33   29   31   50    0    0   39   40    0    0    0    0    0    0    0   37    0   47   45    0    0   37    0    0   37   34    0    0   42    0   46   43    0    0   30    0   36    0   48    0   37   35   49    0   41   32    0    0   44  
  43    0   40    0    0    0   45    0    0    0    0    0    0    0   47   32    0    0   41   34   39   35    0   50    0    0   30    0    0   32   38    0    0   36   49   46   37   38   42    0   33    0   50   44    0   48   31    0    0   29  
  46    0    0   37    0    0    0    0    0   46   31    0   35    0   47    0   45    0   30    0   29   33    0    0    0    0   32   44    0   48    0    0    0   38    0    0   42   37    0   41   50    0   34   39   36   34   43    0   49   40  
  45   34    0    0    0    0    0   46    0    0    0    0   31   38   50   37    0    0    0    0    0   47   41   30   44    0   33    0    0    0    0   29    0   42   48   46   39   49    0    0   40   49   32    0    0    0   36   35   34   43  
   0    0   47    0    0    0    0    0    0   34   32   39    0   42    0   36    0    0   38   43   44   29   31    0    0   35    0    0    0   48   30   49    0   37   46   47   33    0    0    0   50    0   40   29   50    0   41    0   45    0  
   0    0    0    0   47   34    0    0    0   48   29   43    0   31    0    0   33   37   41   46   33   38    0   35    0   44    0    0   40   30    0    0    0    0   39    0    0   36    0    0    0   49   38    0   32    0   45   50   42   37  
  32    0    0   38    0   30   39   40    0    0   46   35   41    0   42   50   45    0   47    0    0   50   44    0   34    0    0   36    0   48   32   31    0   37    0   49    0    0   33    0    0    0   43    0    0    0   29    0   43    0  
   0   35    0   49    0   45    0    0   41    0    0    0    0   39   29    0   36   44    0   39   50   32    0    0    0   48   43    0   37   40    0   42   47    0    0    0   46    0    0   34   30    0   46   38    0   31    0    0   33   32  
  33   41   36   39   40   50   44   37   35   34   49    0    0    0   32    0    0    0   46   38    0   47   48    0    0   45    0    0    0    0   29    0   31   43    0    0    0    0    0   42   45    0    0   30    0   41    0    0   30    0  
  39    0   48   32   49    0   36   31   33    0   40   39    0    0    0    0   40    0    0    0    0   30   34    0    0    0   35   42   44    0   38   45   44    0    0   50    0    0   37   47    0    0    0   46    0    0   41   43    0   29  
  43    0    0    0    0   38    0   50    0   32   37    0   39   33    0    0    0   44    0   42    0    0    0    0   45   49   48   30   40   34    0    0   29   36    0   31   35    0   48    0    0   46   41    0   38   47   45    0    0    0  
  40    0    0    0   32    0    0    0   42    0    0   41    0    0    0   36    0   43   34    0    0    0    0   45   46   34    0   38   31   47   48    0   37    0    0    0    0   35   29    0    0   44   30   34   33   50   49   39    0   43  
   0   32   41   44    0   34   34    0   42    0    0   38   30   48   35   43    0   49    0    0    0   31   45    0   46   40    0   43    0   37   47   35    0    0    0    0   29   39    0    0   50    0    0    0    0    0    0   36    0   33  
   0   41   44    0   30    0    0   50   44    0    0    0    0   46   43   31    0    0    0   48    0    0   39    0   47   29    0   42    0   45    0    0    0   37    0   33    0    0   49   32    0    0   42   32   40   34   38   36   35    0  
  36   41    0   33   46   29    0    0    0    0   38   39    0   40    0   42    0    0    0    0    0    0    0    0   45    0    0    0    0    0   44   34   47    0   35   31   49   49   32   43   32   48    0   37    0    0   30    0   50   37  
   0    0   41   43   38    0   39   50   29    0   32    0    0    0    0   37    0    0   31   49   33   49    0   45   40    0   36    0    0   47   34   46   35    0   42   30   32    0    0    0    0    0   48   38    0    0    0    0    0   44  
   0   49   37    0    0    0    0    0    0    0   41    0   48    0    0    0   36    0    0    0   39   34   47   40   38   42    0    0   29    0   44    0   46   45   36   33    0    0    0   41    0    0    0   32   45   31   50   30   43   35  
   0   30   29   42   49    0    0   43   50   33    0    0   41    0    0   42    0    0   38   40   45   39   36   46   34    0   44    0   32   47    0    0   35    0    0   39    0    0    0    0    0   37   48   43    0   31    0    0    0    0  
  50    0    0   49    0    0    0   42   48   47    0    0    0   40    0    0    0   34    0    0    0   41   35   33   43   30   37    0    0   36   46   50   39   45    0    0    0   36   38    0    0    0   44   50   31   29    0    0   32    0  
   0    0   43   30    0   45   35    0    0   35   42    0   41   34   50    0   49   37    0   34    0   29    0   39   44    0   32   40   36    0   29    0    0   33    0   46    0    0    0    0   31   48    0    0    0    0   47    0    0   38  
   0    0    0    0   48   49   45   29    0   34   47    0    0    0    0   44    0   30    0   42    0   36    0    0    0    0    0    0    0   33    0    0   46   49   31   39   37   41    0    0   38   35   38    0    0   40   50   38   43   32  
   0   49   37   42    0    0    0    0   44   43   50    0    0    0   36    0    0    0    0   38   33   45    0   47   30    0    0   41   40   32   47    0   35    0    0   29    0   31    0    0   34   48   46    0    0   39    0   44    0   44  
   0   36    0   35    0    0   30   46    0   50    0    0    0    0    0    0   38   33    0    0   50   34    0   32   44    0   43    0   31    0   29    0   31    0   43    0   41   47   37    0   39    0   45    0   48   49   40    0   42    0  
   0    0    0   42   31    0    0   43   39    0   46   47    0    0   38   29   48   42   42    0   45    0   40    0    0    0   35    0   41   49   30   36    0   34   30    0    0    0    0   37   33   50    0    0    0    0   32   44    0    0  
  46   47    0    0   38   40   44    0    0   34   32    0   36   50   42   39   49    0   45    0   50   41   31   45   35    0    0    0    0   29    0   37    0    0    0    0    0   30    0    0    0   32    0   48   43    0    0    0   33    0  
   0    0    0   49   36   31   43    0   37   46   29    0    0    0   33   48    0    0   41    0    0   41   39   42   38    0   40    0   50    0   35   45   31   30    0    0   44    0   32   50    0    0    0    0    0    0    0   47    0   34  
  39    0   38   36    0    0   31   34    0   46    0    0    0    0   47   33   41   40   42    0   30   37   50   44    0    0    0   29    0    0   35    0    0    0   48   37    0   31    0   42    0    0   43    0   32   45   49    0    0    0  
   0   45   49   50   39   47    0    0    0   35    0    0    0    0   46   36   46   40   44   48    0    0    0    0   31    0    0    0    0   38    0   34   37   33   41    0    0   43   37   32   42    0   48    0   29    0    0   30    0    0  
  47    0    0   34    0    0    0    0   31    0    0   32   36    0   38   35    0    0   48   32   44   45   39    0   30    0    0    0   33   50    0   46   40   49    0   43   41    0    0    0    0    0   42   46    0    0    0   29   43   37  
  45    0    0   33   33    0   47    0   42    0    0   43   44    0    0   50    0    0    0   31    0   37    0   48    0   36   41   40   29   39   32   33   35    0    0   46   38    0    0    0    0    0   30   49   34    0    0   44    0    0  
   0   47   48   43    0    0    0   44   46   42   41    0    0   36   29    0    0   33   34    0    0    0    0   32    0    0   40    0    0    0   45    0   49   37    0   50   30    0   35   30   31    0    0    0   38   46    0    0   39   43  
  32    0   42    0   40    0   49   29    0   41   46    0    0    0   45   39   47   40    0    0   34    0   41    0   38   31    0   33    0    0    0    0   30   43    0   50   44    0   36    0    0   37    0    0    0    0   35    0   48   34  
  33   39    0    0    0   31    0   43    0   50   30    0    0    0   45   47   32   44    0   48   40   34   37    0    0   42    0   29   32   30    0    0    0    0   41   46    0   30    0   35    0   36    0   49    0    0    0    0    0   38  
   0    0    0   36    0    0    0   41    0   43    0    0   49   32   49    0   33    0   42   29   38   46   35    0    0   34    0    0   50   39    0    0    0    0   45    0   47   48   34    0    0    0   31    0   33   37   40   44   30    0  
   0   48   44   40    0    0    0   36    0    0   47    0    0    0   39    0   29    0    0    0   45   42    0    0   37   49    0   33    0   35    0    0   38    0    0    0   32   46    0   34   43   50   50   41    0   44   30   30    0   31  
  39    0   33   40    0   46   35   38    0   48    0   42    0   50    0    0   49    0    0    0   32    0   31    0    0   45   45    0   34    0    0    0   47   29   38    0    0   33    0   36   30    0    0    0    0    0   37   44   43   41  
  46   50   29    0   33   47    0    0   31    0    0   38   45   37    0    0    0   49   39    0   30    0   50   44    0    0    0    0    0    0   34   42   36   32   43   40    0    0    0    0   48   35    0    0   50    0    0   41   38    0  
   0    0    0   29    0    0    0   44   36   44    0   31   40    0   42   50    0    0   34    0    0    0    0   41   45   35   49   48    0   43   39    0   33   32   38   37   30   39    0    0    0   31    0    0    0    0    0   46    0   47  
  29    0    0    0   42    0    0    0   39   36   48    0   32    0    0   43   43   37    0   44   38   46   30    0    0    0    0   42    0   33    0   44    0    0    0    0   31   34    0   50   40    0   41   35    0   49    0    0   47   45  
  46   47    0    0   31   41   32   48    0   37   29   49   38   35   39    0   43    0    0   44   33   41   40   50    0    0   32    0    0    0    0   36    0    0    0   42   34    0    0    0   45    0   30    0    0    0    0    0   38    0  
   0   36   30   48   43   39   42   38    0    0   31    0    0    0    0   45    0   46   40    0   33   29    0    0   29   31    0   32   41    0   35   30   34   47    0    0   49   37    0    0    0   50    0    0    0    0    0   44    0    0  
   0   30    0   49    0    0    0    0   40   44   40   43   40    0   35    0   46   42   31   33    0    0    0    0   48    0   37    0    0    0   38   29    0   47    0    0   36   47    0   39   41   50    0   34    0    0   32    0    0   45  
  33    0   29   50   42    0    0    0    0   31    0   40    0    0   49   36   45    0   44   43    0    0   38   49   35    0   46    0    0   48    0    0    0   47    0   30   32   32    0    0    0   39    0   37    0   31    0    0   41   34  
   0   49    0    0   45    0   29    0   44   35   42    0    0   40    0   29   34    0    0    0   36   30   33    0    0    0    0    0   46    0    0   41    0    0   47   34    0    0   31   48   43    0   38   32    0   32   50    0   39   37  
   0   34    0    0   31    0    0    0   48   41   34    0   43    0   38    0    0   50   41    0   33   47   45    0   37   29    0    0    0    0    0    0   49    0   30   44    0   42   35   39    0   46   36   40    0    0   32    0    0   40  
   0   47    0   45   44   35   50   31    0   36    0   30    0   39    0   43   29   48   33    0    0    0    0    0   46    0   50    0    0   41   37    0   35   49    0   34    0    0   40   32    0    0    0    0   42    0    0   35   38    0  ] 
BUDGETS : [    1    5   11   12   14   15   17   18   24   24   25   26   27   31   32   32   33   39   40   40   44   44   46   47   52   54   55   56   56   61   62   63   65   65   68   71   72   74   74   74   83   84   86   86   88   91   92   93   96   96  ] 
