K : 100
I : 50
PREFERENCES : [    7    0    0    0    6    8    1    0    0    0    0    0    0    0    0    0    0    0    4    0    0    0    0    0    0    0    0    0    9    0    0    2    0    5    0    9    0    0    0    0    0    0    0    0    0    0    0    0    0    3  
   0    0    0    1    0    5    0    0    2    7    8    0    0    0    3    0    0    0    0    0    0    0    0    0    0    0    7    0    0    0    0    0    0    6    0    0    0    0    0    0    4    0    9    0    0    0    0    0    0    0  
   0    1    8    0    0    0    0    0    0    0    0    0    0    0    0    0    0    4    0    0    0    0    0    0    0    2    1    0    0    0    0    0    0    0    5    0    0    7    9    0    0    0    0    0    0    0    0    0    3    6  
   0    0    8    0    0    0    0    0    0    0    0    0    0    4    0    0    7    2    0    0    3    0    0    0    0    0    0    0    6    9    0    0    0    0    0    0    0    3    0    0    0    0    0    0    5    0    0    0    1    0  
   0    5    0    0    0    0    0    0    0    9    8    0    0    0    0    0    0    0    7    0    0    0    0    0    3    0    0    0    0    0    0    0    0    2    0    0    0    0    0    1    0    0    4    0    6    0    0    0    0    4  
   0    5    0    0    6    7    0    1    0    0    5    0    0    0    0    0    0    4    0    2    0    0    0    0    0    0    0    0    0    0    9    8    0    0    0    3    0    0    0    0    0    0    0    0    0    0    0    0    0    0  
   4    0    0    0    0    0    0    0    3    0    0    0    0    0    1    0    7    0    0    0    0    0    0    0    0    0    0    8    0    0    0    2    0    9    4    0    0    0    6    0    0    0    0    0    0    0    0    5    0    0  
   0    0    1    0    0    0    0    0    5    6    0    0    0    2    8    0    0    0    0    0    0    0    8    0    0    0    0    0    9    0    0    0    0    0    0    0    0    0    0    4    3    0    0    0    0    0    0    0    0    7  
   5    0    0    0    0    0    0    1    6    0    0    0    7    0    0    0    0    0    8    0    0    0    0    9    0    0    0    4    2    4    0    0    0    3    0    0    0    0    0    0    0    0    0    0    0    0    0    0    0    0  
   0    0    0    0    0    0    0    0    0    0    9    0    0    0    2    0    0    0    1    0    0    0    0    0    0    0    3    0    0    0    0    0    0    0    0    0    0    4    0    0    6    0    6    0    0    0    5    0    8    7  
   0    2    0    2    3    0    0    0    9    0    0    0    5    0    0    0    0    0    1    8    0    0    0    0    0    0    0    7    0    0    0    0    0    4    0    0    0    0    0    6    0    0    0    0    0    0    0    0    0    0  
   0    0    0    0    0    0    4    0    0    0    0    0    2    0    0    0    0    0    0    0    0    0    7    0    0    0    3    0    0    6    0    9    0    0    4    0    5    0    0    0    0    0    1    0    0    0    0    0    0    8  
   0    2    0    0    0    0    0    0    0    0    0    0    0    0    0    0    0    0    0    0    0    4    0    0    0    0    0    0    0    9    0    0    0    0    7    8    1    5    0    0    6    0    0    3    0    0    0    0    2    0  
   0    0    0    0    0    0    0    0    0    0    7    0    0    0    0    0    7    1    0    0    0    0    0    0    5    0    0    0    0    0    0    0    0    0    0    0    0    8    0    3    2    0    0    9    4    0    0    0    6    0  
   0    0    4    5    8    9    0    8    0    0    0    3    0    0    0    6    0    0    0    0    0    0    7    0    0    0    0    0    0    0    0    0    0    0    0    2    0    0    0    0    0    0    0    0    0    0    1    0    0    0  
   0    0    0    5    0    0    0    0    0    0    0    0    0    0    0    6    0    0    0    8    0    0    0    0    1    0    0    0    9    0    0    0    0    0    4    2    0    0    0    0    3    0    0    0    0    0    0    5    0    7  
   0    0    0    0    8    0    0    3    2    0    0    1    0    0    0    0    1    0    0    0    0    0    0    0    0    0    0    0    0    0    0    7    0    0    0    0    9    5    0    0    4    0    0    0    6    0    0    0    0    0  
   0    0    0    0    0    0    2    0    0    0    0    4    0    0    0    5    0    0    0    3    0    0    0    0    0    6    0    0    0    8    0    0    0    0    0    7    0    0    0    0    0    0    0    5    0    0    1    0    9    0  
   0    0    0    8    2    0    0    5    0    0    0    0    0    3    0    1    0    0    0    0    0    0    7    0    0    0    4    6    0    0    0    0    0    0    0    0    0    0    0    9    0    0    0    0    0    0    0    6    0    0  
   0    0    0    0    0    4    0    0    0    0    0    0    0    5    9    0    0    6    1    8    0    0    7    0    0    0    0    3    0    0    0    0    0    0    2    1    0    0    0    0    0    0    0    0    0    0    0    0    0    0  
   0    0    5    0    0    0    0    5    0    0    0    0    0    0    0    0    0    0    1    0    0    0    0    0    2    7    0    0    0    4    0    8    3    0    0    0    0    0    0    6    9    0    0    0    0    0    0    0    0    0  
   0    0    0    0    0    3    9    0    0    0    0    0    4    0    4    0    0    0    0    0    0    0    0    0    0    0    7    0    1    0    0    0    0    0    0    0    0    0    0    0    0    0    0    0    2    8    6    0    0    5  
   0    0    5    6    3    0    0    0    0    0    0    0    0    0    0    0    0    0    0    0    0    0    9    1    0    4    0    0    0    0    0    0    0    0    0    0    0    0    0    0    4    2    0    0    0    0    7    8    0    0  
   5    0    0    0    6    0    8    0    0    0    0    0    0    0    0    0    0    0    0    0    0    0    7    0    0    9    3    0    0    0    0    0    0    0    0    0    0    4    0    0    0    0    0    0    0    2    2    0    0    1  
   0    0    0    0    7    0    0    0    0    4    0    0    0    0    2    0    1    4    3    0    0    0    0    0    0    0    0    0    0    0    0    9    0    0    0    0    8    0    0    0    0    0    5    0    0    6    0    0    0    0  
   0    7    0    2    0    0    0    0    0    0    0    0    0    3    0    0    0    0    0    0    0    0    0    0    0    0    0    0    4    0    8    0    9    0    0    0    0    5    1    5    0    0    0    0    0    0    0    0    6    0  
   0    0    0    0    3    0    0    0    0    0    6    0    0    0    0    0    0    0    0    0    0    0    0    0    0    0    0    0    1    0    0    0    7    9    0    0    0    2    0    0    0    0    5    0    4    8    4    0    0    0  
   0    0    0    0    7    3    9    0    0    0    0    0    0    0    0    0    0    0    0    0    0    0    0    0    0    0    0    2    0    2    0    0    0    0    0    0    5    1    6    0    0    0    8    0    0    0    0    0    4    0  
   4    0    0    5    6    0    0    0    0    2    7    0    0    0    0    0    0    0    0    1    0    0    0    0    0    0    0    0    0    8    6    3    0    0    0    0    9    0    0    0    0    0    0    0    0    0    0    0    0    0  
   4    0    5    0    0    0    0    0    0    0    0    0    0    9    0    0    0    0    0    0    0    0    0    0    0    0    0    2    8    6    0    0    1    0    0    0    0    0    0    8    7    0    0    3    0    0    0    0    0    0  
   0    0    1    4    3    5    0    6    0    0    0    0    0    5    0    7    0    0    0    0    0    0    2    0    0    0    0    0    0    0    0    8    0    0    0    0    0    0    0    0    0    0    0    0    9    0    0    0    0    0  
   0    9    0    0    0    0    0    0    0    0    0    6    0    0    0    0    0    3    0    0    0    0    0    0    0    0    0    0    0    0    6    7    0    1    0    2    5    0    8    0    0    0    0    0    4    0    0    0    0    0  
   0    0    0    0    0    3    0    0    0    0    0    0    6    0    4    9    0    0    0    2    0    0    0    5    0    0    0    4    0    0    8    0    0    0    0    0    0    0    0    0    0    1    0    0    7    0    0    0    0    0  
   6    0    0    0    9    3    0    9    7    0    0    5    0    1    0    0    0    0    0    0    0    0    0    0    0    0    0    8    0    0    0    0    0    0    4    0    0    0    0    0    0    0    0    0    0    0    2    0    0    0  
   0    0    0    0    5    0    0    0    0    9    0    0    0    0    0    0    0    0    0    0    0    0    0    4    0    0    0    0    0    2    6    0    0    3    0    0    0    0    8    7    0    0    3    0    0    1    0    0    0    0  
   0    0    0    0    2    0    0    0    0    0    0    0    7    0    0    0    0    0    3    1    0    0    0    0    9    0    0    0    8    0    0    0    5    0    0    0    0    0    0    4    0    0    6    0    0    0    0    0    5    0  
   0    0    0    0    0    3    0    0    0    0    0    2    0    0    7    0    5    0    0    0    0    0    0    0    0    0    0    0    0    0    0    0    0    0    8    1    4    0    0    6    0    0    0    0    0    0    0    9    0    3  
   0    0    0    0    0    0    5    0    8    0    0    9    0    1    0    0    2    3    0    0    0    0    0    0    0    0    4    0    6    0    0    0    0    0    9    0    0    0    7    0    0    0    0    0    0    0    0    0    0    0  
   0    0    9    0    0    0    0    0    6    1    0    0    0    0    0    0    0    0    0    0    0    0    0    0    0    4    0    0    3    0    8    7    0    0    0    0    0    5    0    0    0    2    0    0    0    0    0    0    0    3  
   0    0    6    5    0    0    0    8    0    0    0    0    0    0    0    0    0    0    5    0    0    0    4    0    0    0    0    7    0    0    0    0    2    0    0    1    0    3    0    0    0    0    0    9    0    0    0    0    0    0  
   0    0    0    0    0    0    0    0    0    0    2    7    1    0    0    0    0    0    5    0    0    9    0    0    0    0    0    0    0    0    0    0    0    0    3    6    4    0    0    0    0    0    0    8    0    9    0    0    0    0  
   0    0    7    0    0    0    0    0    0    0    9    0    0    1    0    0    2    0    3    0    0    5    0    0    8    0    0    0    0    0    0    0    0    3    0    0    0    0    0    0    0    0    6    0    4    0    0    0    0    0  
   0    0    0    0    0    0    6    0    0    7    5    0    0    2    0    0    0    0    0    0    0    0    0    0    3    0    0    1    0    8    0    0    0    0    0    0    0    4    0    0    2    0    0    0    0    9    0    0    0    0  
   0    0    3    5    0    0    0    1    4    0    0    0    0    0    9    0    8    0    0    0    3    0    0    0    0    0    0    0    7    0    0    0    0    0    0    6    0    0    0    0    2    0    0    0    0    0    0    0    0    0  
   0    0    0    0    0    0    0    0    0    0    0    0    0    4    0    0    0    0    2    0    0    0    0    0    0    3    6    0    0    1    0    0    7    0    0    8    0    0    5    0    0    9    0    0    0    0    1    0    0    0  
   0    0    0    8    0    0    0    0    7    0    0    4    0    0    0    0    0    9    0    5    0    0    0    3    0    0    0    6    0    0    0    0    0    0    1    0    0    0    6    0    0    0    0    0    0    0    2    0    0    0  
   0    0    7    0    0    0    0    0    0    0    0    3    0    6    0    0    8    0    0    1    0    0    0    8    0    0    2    0    0    0    0    0    0    0    0    0    0    0    5    9    0    0    0    4    0    0    0    0    0    0  
   0    0    0    7    0    0    0    0    0    7    2    3    0    6    0    0    0    0    0    9    0    0    0    0    8    0    0    0    0    0    0    0    0    0    0    0    0    0    0    0    0    4    0    0    0    0    0    5    1    0  
   0    0    0    0    0    0    7    0    0    0    5    9    0    0    0    0    6    0    6    0    0    0    0    0    0    3    0    0    0    0    0    0    0    0    0    8    0    2    0    0    1    4    0    0    0    0    0    0    0    0  
   0    0    0    0    0    0    0    0    2    0    0    0    0    0    0    0    0    0    8    0    0    0    0    0    4    9    0    0    0    7    1    0    0    0    0    3    0    0    0    0    0    8    0    0    0    0    6    0    0    5  
   1    0    6    0    0    0    9    0    0    0    4    0    0    0    0    0    0    0    0    0    8    0    0    0    0    0    0    0    0    0    0    0    0    0    0    3    1    0    0    5    2    0    0    0    0    0    0    0    0    7  
   0    3    0    4    0    0    0    0    1    3    0    0    0    0    0    0    0    6    0    0    0    0    8    0    7    0    0    0    0    0    0    2    0    0    0    0    0    0    0    0    0    9    0    0    0    0    5    0    0    0  
   0    0    0    0    3    0    0    0    0    0    0    0    0    0    0    0    0    2    0    0    6    0    0    0    0    9    0    8    4    6    0    0    0    0    0    0    0    0    0    0    5    7    0    0    0    0    0    0    0    1  
   0    0    0    7    0    0    0    0    0    3    0    0    0    0    0    6    0    0    0    0    9    8    0    0    0    0    0    0    2    0    0    0    0    5    1    0    0    0    0    0    0    0    0    0    4    7    0    0    0    0  
   0    9    0    7    0    0    0    0    0    0    0    0    6    0    0    0    0    1    0    0    0    1    0    2    8    0    0    0    0    0    0    5    0    4    0    0    0    3    0    0    0    0    0    0    0    0    0    0    0    0  
   0    0    0    0    0    0    0    8    0    0    0    0    0    0    5    3    0    0    0    0    7    0    1    0    0    0    0    0    0    0    0    0    9    4    0    0    0    0    4    0    0    0    0    2    0    0    6    0    0    0  
   0    0    0    1    0    0    0    0    3    0    0    0    0    0    0    0    0    4    7    0    4    0    6    0    8    9    0    0    0    5    0    0    0    2    0    0    0    0    0    0    0    0    0    0    0    0    0    0    0    0  
   2    7    0    3    0    0    0    0    0    0    0    0    0    6    0    0    1    0    0    0    0    8    0    0    0    0    0    0    0    0    8    0    0    0    9    0    5    0    0    0    0    0    0    0    4    0    0    0    0    0  
   0    0    0    0    0    0    0    0    0    0    3    0    0    0    0    0    0    0    4    0    8    0    0    0    9    7    0    0    0    0    0    2    0    0    9    0    0    0    0    6    0    0    0    0    0    5    0    1    0    0  
   0    0    7    3    0    0    1    0    0    0    9    0    0    0    2    0    0    0    0    0    0    0    8    0    6    0    8    0    0    0    0    0    0    5    0    0    0    0    0    0    0    0    0    0    0    0    4    0    0    0  
   0    4    7    0    0    0    0    0    0    0    0    0    1    0    0    0    0    0    0    0    0    0    0    0    0    0    3    0    0    2    3    8    0    0    6    0    9    5    0    0    0    0    0    0    0    0    0    0    0    0  
   0    0    0    0    3    0    0    0    5    0    0    0    0    0    1    0    0    0    2    0    0    0    0    0    0    9    0    0    3    0    0    0    0    0    0    0    0    7    0    0    4    6    0    0    0    0    8    0    0    0  
   0    0    0    8    9    6    0    0    0    0    3    0    0    0    0    0    1    0    0    0    0    0    0    0    0    0    0    5    0    0    0    0    0    0    7    0    0    0    0    0    0    4    0    0    0    0    2    0    1    0  
   0    0    0    0    0    8    0    6    4    0    1    0    0    0    0    0    0    0    7    0    0    2    0    0    9    0    4    0    0    0    5    0    0    0    0    0    0    3    0    0    0    0    0    0    0    0    0    0    0    0  
   0    4    0    0    1    6    0    0    0    0    0    0    0    0    2    0    0    2    7    0    0    0    0    0    0    0    0    0    0    0    0    8    0    0    0    0    0    0    3    0    0    0    0    0    9    0    5    0    0    0  
   0    4    5    0    0    0    0    2    3    0    0    7    0    0    0    0    0    0    0    0    0    0    0    0    0    0    0    9    0    0    1    0    6    0    0    0    0    0    0    0    0    1    8    0    0    0    0    0    0    0  
   0    0    0    0    0    9    0    0    0    0    0    0    0    0    0    0    0    0    0    0    3    0    0    0    0    0    0    0    0    1    0    8    0    0    0    2    0    7    0    6    0    4    9    0    0    0    0    0    0    5  
   0    0    0    0    0    0    0    0    6    0    0    0    9    0    0    0    2    0    0    0    0    0    8    1    0    0    0    0    3    5    0    0    0    0    0    0    4    0    0    0    0    0    0    0    0    6    0    0    0    7  
   0    0    0    0    0    0    0    0    0    0    0    0    0    8    0    0    0    0    0    3    0    0    0    0    0    2    0    0    6    0    5    0    9    0    0    0    0    0    1    0    4    0    2    0    0    0    0    0    0    7  
   0    0    0    0    0    0    0    5    0    0    0    7    0    0    1    0    0    0    0    0    0    0    0    0    0    0    0    9    9    4    2    0    3    0    0    0    0    0    0    0    6    0    0    0    0    0    0    0    8    0  
   8    0    6    0    0    0    0    0    0    9    0    0    0    0    0    4    0    0    0    1    0    0    0    0    7    0    0    0    0    0    0    2    0    0    0    0    0    0    0    0    0    0    3    2    0    5    0    0    0    0  
   0    0    0    0    0    0    0    0    1    0    8    0    0    0    9    0    7    0    0    0    0    6    2    1    0    3    0    0    0    0    0    0    0    0    4    0    0    0    0    0    0    0    0    0    0    0    0    0    0    5  
   0    0    0    1    0    0    0    0    0    0    0    0    0    0    0    0    0    0    0    0    0    9    0    5    0    7    0    0    0    9    0    0    6    8    0    0    2    0    3    0    0    0    0    4    0    0    0    0    0    0  
   0    0    0    9    0    0    0    4    0    0    0    0    0    0    0    0    0    7    8    1    0    0    0    0    3    0    0    0    0    0    0    0    0    6    0    0    0    5    5    0    0    0    0    0    0    0    0    2    0    0  
   0    0    0    8    0    0    0    2    0    0    0    0    3    0    0    0    4    0    7    0    6    0    0    0    0    9    5    0    0    0    0    0    0    0    0    1    0    0    0    0    0    0    0    0    0    0    0    0    0    4  
   0    0    0    0    0    0    4    0    0    0    0    0    0    0    0    0    5    2    0    0    0    6    0    0    8    0    0    0    0    0    0    0    3    0    5    0    0    0    0    0    0    7    9    0    0    0    0    0    1    0  
   0    0    0    1    0    0    0    0    0    0    0    0    0    0    0    0    0    6    0    0    8    0    0    0    0    0    0    0    0    0    9    0    0    5    2    0    0    4    3    0    0    7    0    6    0    0    0    0    0    0  
   0    0    0    0    0    0    0    2    0    0    0    0    4    1    0    0    5    0    0    0    0    0    6    0    0    0    0    0    0    0    0    0    0    0    0    9    0    0    7    0    3    0    0    0    3    0    0    8    0    0  
   0    0    0    0    3    0    1    0    0    0    7    0    0    9    0    0    3    0    0    0    0    0    5    0    0    6    8    0    0    0    0    0    0    0    0    0    2    0    0    0    0    0    4    0    0    0    0    0    0    0  
   0    0    0    0    6    0    0    5    0    0    0    0    0    3    0    4    0    0    0    0    0    0    0    0    0    0    1    0    0    0    8    0    0    0    0    0    0    0    0    2    9    0    3    0    0    0    0    0    0    7  
   0    0    1    0    0    4    0    9    0    0    0    0    0    0    2    0    1    0    0    0    0    6    3    0    0    0    0    0    0    0    0    0    7    0    0    0    0    0    0    0    5    8    0    0    0    0    0    0    0    0  
   1    0    2    6    0    0    0    0    0    0    0    9    8    0    0    0    0    7    0    0    0    3    0    5    0    0    0    0    0    0    0    0    0    0    0    5    0    0    0    0    0    0    0    0    0    0    0    0    0    4  
   0    4    0    6    1    0    9    0    0    0    2    0    0    0    0    0    5    0    0    0    0    0    0    0    0    0    0    0    0    3    0    0    8    7    0    0    0    0    0    0    0    0    0    0    0    0    0    7    0    0  
   0    0    0    0    0    8    0    0    6    7    0    0    1    0    0    0    0    0    0    0    0    0    9    0    5    0    4    0    0    0    0    0    0    0    0    0    3    0    0    0    0    2    0    0    7    0    0    0    0    0  
   0    0    0    0    0    0    0    5    4    0    0    0    0    0    0    6    0    0    0    0    0    0    0    0    8    0    0    0    0    0    1    0    6    0    0    0    0    0    2    0    3    0    9    7    0    0    0    0    0    0  
   0    0    0    0    0    0    0    0    0    0    9    0    0    0    0    0    8    0    0    0    0    5    0    0    0    6    0    0    7    0    0    3    4    2    0    0    0    0    0    0    0    0    0    0    1    6    0    0    0    0  
   0    0    2    0    0    5    0    0    0    9    0    0    0    0    0    0    0    0    0    7    4    0    3    8    0    6    0    7    0    0    0    0    0    0    0    0    1    0    0    0    0    0    0    0    0    0    0    0    0    0  
   0    0    0    0    0    0    0    0    7    0    0    0    0    0    0    0    0    0    0    0    0    0    1    0    0    4    0    0    0    7    0    0    0    0    2    9    0    3    0    0    8    0    0    6    0    0    0    5    0    0  
   0    5    0    0    0    0    0    0    0    0    0    0    1    0    0    0    0    0    6    0    4    0    8    0    0    0    0    8    0    0    0    3    0    0    0    0    0    0    0    0    0    0    7    0    0    9    0    0    0    2  
   3    0    0    0    0    0    4    0    0    0    0    0    0    0    0    0    9    0    0    0    0    0    0    0    0    8    0    0    6    0    0    5    0    0    0    0    0    0    0    2    0    6    7    0    0    1    0    0    0    0  
   0    8    2    0    0    0    7    0    0    0    0    6    0    3    0    0    0    5    0    4    0    0    0    0    0    0    0    0    0    0    0    0    0    0    0    0    9    0    1    0    0    0    0    0    0    6    0    0    0    0  
   0    0    0    0    9    8    0    0    0    0    0    0    0    0    0    0    0    8    4    5    0    0    0    0    0    1    6    0    0    0    0    0    2    3    0    0    0    0    0    0    0    0    7    0    0    0    0    0    0    0  
   0    0    0    0    6    0    0    0    0    0    0    0    0    7    0    0    0    4    4    0    0    0    0    2    9    0    0    0    0    0    0    0    0    0    8    0    0    0    0    0    1    0    0    0    0    3    0    0    0    5  
   0    0    0    0    0    3    0    0    0    0    0    0    0    0    0    0    1    0    0    0    0    0    5    7    0    0    2    0    0    0    0    0    0    0    4    0    0    0    8    0    0    0    6    0    0    0    0    0    9    1  
   0    0    0    0    0    0    0    0    4    0    0    8    0    0    0    0    0    9    0    0    5    0    0    0    0    1    0    0    3    0    4    0    0    7    0    0    0    0    0    6    2    0    0    0    0    0    0    0    0    0  
   6    0    0    0    0    4    2    0    0    0    0    3    0    0    0    1    0    0    0    7    0    0    0    0    0    0    0    0    0    0    0    0    0    0    9    8    0    0    0    0    0    5    0    0    0    0    0    0    0    1  
   0    0    1    0    0    0    0    0    0    0    0    0    0    3    0    4    9    5    0    7    0    9    6    2    0    0    0    0    0    0    0    0    0    8    0    0    0    0    0    0    0    0    0    0    0    0    0    0    0    0  
   0    0    0    0    4    3    0    0    0    0    0    0    0    0    0    6    0    0    0    0    9    0    0    0    5    8    0    0    0    0    0    0    0    7    0    0    0    0    0    0    0    0    9    2    0    0    1    0    0    0  
   0    0    0    0    0    0    0    0    0    0    7    3    0    0    0    8    0    4    0    0    0    0    0    0    0    0    8    0    0    9    0    0    0    0    0    0    0    6    0    0    0    0    0    5    1    0    2    0    0    0  
   0    0    0    0    0    0    0    1    0    0    0    2    0    0    0    0    8    0    0    0    0    9    0    0    3    0    6    0    5    0    1    0    0    0    0    4    7    0    0    0    0    0    0    0    0    0    0    0    0    0  ] 
BUDGETS : [    6    8   13   14   15   18   19   20   21   22   24   27   28   28   33   33   37   37   38   40   41   43   44   45   45   49   52   55   56   57   59   67   67   67   68   68   70   71   72   73   76   77   77   79   83   84   85   86   89   91   92   93   94   94   94   94   97   98   98   99  102  104  104  106  107  111  111  112  115  115  117  126  127  130  133  134  136  137  142  149  153  153  155  158  161  164  167  169  170  173  174  174  178  178  181  182  184  188  199  199  ] 
