K : 100
I : 50
PREFERENCES : [    4    0   11   13    3    5    1   12    0    8    9    0    0    9    0    0    0    0    2    0    0    0    0    0   15    0   13   14    7    0   10    2    0    2    0    6   10    9    0    0    0    9    0    0   13    0   13    0    0    2  
   0    0    0    1   15    4    0   14    2    6    6    7    6   11    3    0    0    0    0    0    9    0    0    0    0    0    5   11   13    0    6    0    0    4    0    0    8    8    0    0    4   11    6   10    0    0   15    0   12    0  
  12    1    5    0    0    0    0    8    0   13    0    7    0   14    0    0    0    2    0    0    6    0    9   10    0    1    1   13    0    0    0   13    0    0    2   11    0    4    5    0   13   15    0   10   13    0    0    0    2    3  
  14    0    7    0    8    0    9   15    7    0    0    0    0    4    0    0    6    2    0    0    4    0   11    7   12   13    0    0    5    7    0    0    0    7    0    7    0    3    8    8    0    0   10    0    5    0    0    0    1    8  
   9    4    0   11   10    0    0   15    0    7    6   14    0    0    0    0    0    0    5    0    0    0   12   12    2    0   10    9    0    0    0    0   11    1    0   12    0    0   13    1    0    8    3    0    4    0    9    0   10    3  
   0    4    0   15    5    5    0    1   14    0    4   13    0    0   14    0    0    3    7    2    0    0   13    0    0   11    0    0    0    0    7    6    9   12   14    3    0   10    7    0    8    0    0    0    0    0    0    7   13    0  
   5    0    0    0   14   14   15    0    3    0    0    0   10    0    1    0    7   12    0   11    0   10    0    0    0   11   10    8   11    0   11    2    0    9    4   10    0    0    7   12   13    0    0   11    0    0    0    6    0    0  
   0    0    1    0    0   10    0   14    4    5    0   12    0    2    8   15   13    0    0    0    0   15    7    0   15    0    0    0    8   10    0    0    0    8    8   15    0    0   14    3    3   14    0    0    0   11    0    9    0    6  
   3    0   12    8    0    0    0    1    4    0   14    0    4    0    0    0    0    0    4   10    7    0    0    5    0    0    9    3    1    2   11    0    0    1    0   11    7    0   15    5    0    6    0    0    5   13    0    0    6    0  
   0    0    0    0    8    0    0    0    0   13    7    0    0   10    2   10    0   13    1    0    0   13    0    0   10    0    3    0   13   10   11    0   14    0    0    9    0    3   10    0    6    0    5   12    0   15    4    0    7    7  
   0    1    8    1    2    0    9    0    6   11    0    7    4    0    0    7    0   14    1    6    0   14    0    0    0    0   10    5    0    0    0    0   13    3   12    0    0   15    0    5   12    0   13    0    0    0   14    0    0    7  
   0    0    0    0    9    0    4    0    0    0   12    0    2    9    0    7    0    0    0    0    0   14    6   13   11    0    3   11    0    5    0    7    0    0    4    8    4   12   10    9   15    0    1    0    0   12    0    0   14    7  
   0    2   14   15    0    0    5    0    0    0    0    7    0    0    0   11    9   10    8   12    0    3    0    0    0    9   13    0   15    5    8    0    0    0    4    4    1    3    6    0    3    0    5    3    0    0    0    0    2    0  
   0    8   14    0    0    0    0    0    8    0    6    8    0    0   15    0    7    1    0    0    0    8   15   11    4    0    0    0    8   10   13   15    0    0   15   12    0    7    0    3    2    0    0    8    4    0    9    0    5    0  
   0   10    3    4    4    4   14    4    0    0    0    2    4    9    0    4    0    6   12    0    0    0    4   13    0    0   15    0    0    0   13    0   11    0   11    2    0    0    0    0    0    8    5    0    0   11    1    7    0    0  
   0   12   11    4    0    0   15    0    7    0    0    0   11   12    0    5    0    7    0    6    0   15    0    0    1    0    9    0    6    9    0    8    0   14    3    2    0    0    0    9    2    0    0    0    0    0   13    5   10    6  
  14   13    0    0    5    5    0    3    3   11   15    2    0    0    0   10    1    0    0    0    0   15    0   11   15    9    0    0    0    0    0    5    0    0    0    5    5    3    0    6    3    0    8    0    4   12    7    0    0    0  
  13    9    0    8    0   11    2    8    0    0   11    3    0    0   10    5   11    0    0    2    0    0    6    0    0    5    6    0    0    6    0    0   12    0    0    6    0   10    0   15    0   14    7    4    0    0    1    0    6    0  
   0    0    0    7    2    0    0    4    0    0   14    0    0    3    9    1    0    0    0    0    0    0    7   13   10    0    4    5    0    0   11   13    0    0    0   12    0   14   10    7    0   15    8   12    0   15   13    6   10    0  
   0    0   12   13    0    4    0   10   14    0    0   13    0    5    8    0    0    5    2    7    0   13    6    0    0    0    0    3   13    0    0   15    0    0    3    1    0   14   14    0   10    9   13    0   15    0   11    0    0    0  
   8    0    3    0   10    0   12    4    0    0   10    0    0   15    0   10    0   14    1    0    0   11    0   11    2    6   11   10   10    3    0    6    3    0    0    0   10    0    0    5    7    0    0    0    0    9    0    0    0   13  
   0   15    0    0   12    3    6    0    0    0    0   11    3   13    3    0    8    0    0    0    0    0    0   15   12    7    6    0    1    0   15    0   10    0    9    0    0   11    8   13    0    0   14    0    2    6    5    0    0    4  
   0    0    3    4    1    0    8   10   13   11    8    0    0    0    0    0    0    0    7    8    0    0    6    1    0    3    0   11    9   15   11    8    0    0    0   14    0    0   12    0    2    1    0   11    0    0    4    5    0    0  
   5    0    0    0    6    0    8    0   11   11   15    0    0   12   12    0   15   14    0   12   13   14    7    0   11    9    3    0   13    0    0    0    0   12    0    0   12    4    0    0    0    0    0    0   10    3    2    0    0    1  
   0    0   15   12    6    0   14    0    0    3    0    0    0   10    1    0    1    4    2   13    0    9   11    0   13    0   13   11    0   13   11    8    0    0    0   13    7   15   13    0    0    0    5    0    0    5    0    0    0    0  
  15    7    0    1    0    0    0    0   12    0    0    0   14    2    9    0    0    0    9    0   13    0   10    0    0    8    0   14    3    0    8   14    8    0    0   11    0    5    1    4    0    0   11   12    0   11    0    0    6   13  
   0    0   10    0    2   14    0    0   14    0    6    0   13   15    0    0    0    0    0    9    0    8    0    0    8    0   12   12    1   11    0    0    6    7    0    0    0    2   14    0   15    8    5    0    4    6    3    0   13    0  
   0    0   14   13    6    3    7   15    8    0    0    0    0    9    0    0    0    0   12    0   14    0    0    0   14    0    0    2    0    1   13   10    0   10   14    0    4    1    5    0   11    0    6    0    0    0   14   13    4    0  
   3    0    0    4    4    0   15    0    0    2    5   14    9    0    0    0    8    0   15    1    0   10    8    0   14    0   13   10    0    6    4    2    0    0    9    0    7    0    0   11    0    0    0   12    9    0    0    0    0    9  
   2    0    3    0    0    0   10    0   12    0    0    8   13    6    0    0    7   11    0    0    7    0   15    0    0   14   10    1    4    4   14    0    1    0    8    0   10    0    0    5    4    0    9    1    7    0    0    0    0    0  
   8    0    1    3    2    4    0    5    0   11    0    0    0    3   15    5    0    0    0    0   10    0    1   11   10    0    0    0    0   14    0    6   10    0   10    7    0    0    9   12   12    0    0    0    7    9   13    0    0    0  
   0    7    0    0    0   12    0    7   11    8    0    4   11    0   15    0   11    2    0   10    0    0   11    0    0    0    0    0    0    0    4    5   14    1    7    2    3   13    6    0    9   11   15    0    2    0    0    0    0    0  
   0    0    0    0    0    1    0    0    0    0    0   11    4    0    1    6    0    0    6    1   13    8   10    3    6    0   14    2    0    0    6   15    0    0   10   14   12    0    7    0    9    1    0    0    5    0    8    0    0    6  
   3    8    0    0    6    2    8    6    4   14   15    3   11    1    8   13   13    0    0    0    0    0   13    0    0   10    0    5    0    0    0    0    0    0    2    0   15   12    0    0    0    0   14    0    9    0    1    7    0    0  
   0    0    8    8    4    0    0    0    9    6    9    0    0   10   10    0    0    0   12   11    0   10   13    3    0    6    0   14    0    2    4    0   15    3    0    0    7    0    5    5    0    0    3    0    0    1    6    0    0    0  
  15    0    0    0    2    0   14    0    0    9    0    0    7   10    0    0   11    0    3    1    0    0    0    0    8    0    8    0    8    0    0    0    6    0   15   12   13    0   12    4    0    0    7    8   12    0   11   10    5   15  
   0    0   15    0    0    3    0    0    7    7   13    2    8    0    6    0    5   12   14   11    0    0    0   10    0    0    0    0    0   10   12    0    0    0    7    1    4    0    0    6    0   10    0    9   10    0   15    7    0    3  
   0    8    0    0    0    8    5   15    6    0    0    8   11    1   13   12    2    3    0    8    0    0    0   15    0    0    4   10    6    0    0   14    0    0    7   11    0    0    6    0    0    0    0   15   11   15    0    0    9    0  
   0    0    7   15    0   14    0    0    4    1    0    0    0    0   14    0    0    0   15    0   13   11   14    0   14    2    8    0    2    0    6    5   15    0    0    0    0    3    8    7    0    1   12    9    0    0    0   10    0    2  
   0   13    4    2    0    0    0    6    0    0    0    0   12    0   15   12   15   10    3    9    0    0    2    0   12    0    0    5    0    0    0    0    1   11    8    1    7    2    0   14    0    0    0    7    8   11    0    0    0   13  
  15    0    0    0    0   15   15    0    0    0    1    4    1    0    0    0    9    0    3   14    0    6    0    0   11    0    0    0   13    7    0    0    7    9    2    3    3    0    0   12    8    0    0    5    0    6   10    0   10    8  
   0    0    5    0   15    0   11    0    0    0    6    0    0    1    0   14    1    0    3   15    0    4   13    0    5    8    0    0   11    0    0    0    0    2   12    7   13   13   10   14    0    0    5    0    3    0    7    9    0    0  
   0    0    0   10   15    0    4   15    0    4    4    0   15    2    0    0    0    0    0    9    0   12    0   13    3   15   11    1   15    4    7    0    0    0    0    0   10    3    0    8    1    0    0    6    0    5    0    0   14    0  
   0   10    4    4    0   12   13    1    4    0   13    0    0    0    7    0    6   11    0    0    3    0    0   10   14    0    0   13    5    0    9   15   11    0   12    5    8    0    0    0    2   11    0    0    0    0    0    0    8    0  
   0    0   13    0    0   10   12    0   15    9    0    9    0    3    0    0   14    0    2    0    7   15    0    0    0    3    4    0   10    1    9    8    4    0    0    5    0    0    3   15    0    5    6    0   11    0    1    0    0    0  
   0    0   10    5    0    0    0    0    4   12    0    3    0    0    0    0    0    6    0    3   13    9    8    2    0    0    0    3   12    0    0   14   11    0    1    0   11    7    4   12   11    0    0    0    8    0    1    6   15    0  
   9   13    4    0    0    0    0    0   10    0    0    2    0    3    0    0    4    0   12    1    0   13    0    5    8    0    1    8    6    0    0    7    0   15    0   13   11    0    3    6    0    0   12    2    0    0    0    0   10   14  
   0    0    0    5    0    0    0    0    0    6    2    2    0    4    0    0   13    0    8    7   12    0    0   14    6    0    0    0   13    0   13   11    0    0   10    0    0    9   14    0   15    3   13    0    8   13   13    3    1    0  
  13    0    0    0    0    8    2   15    0    0    2    3    0    0    0   11    2    0    2   14    0   12    0    9    4    2   10    0    0    0    0   14    6   10    0    3    0    2    0    0    1    2    0    0    0    5    0   15    7    0  
   6    0    0   10    0   14    0    0    1    0    0   15    0    7    0    0    0    8    5    0    0    0    0   13    3    6    8    8   12    4    1    0    9   10    0    2    0    0    0    0    0    6   15    0    0    0    4    9   11    4  
   1    0    5    0    8    0    7    0    0   10    4    0    8    9   13    0    0    0   12   15    7    0    0    0    0   12   13    0    0   14    0    0    0    8    0    4    2   13    0    5    3   11    0    0    0   14    0    0    8    6  
   0    3   10    4    0    0    0   11    1    2   14    0   13    0   14    0   12    6    0    9    0    0    8    0    7    0    0   15   15    0   11    1    0    0   15    0    9    0   11    0    0    9    0    0   11    0    5    0    0    9  
   0   13    0    9    2    0    0    0    0    0    0   10    0   11    0   12    0    2    8    0    5    0    0    0    0    7   13    7    3    6    0    0    0    9    9    0   14    0   11   15    4    6    0    0   11   14   11    0    0    1  
   0    0   14    3    0   13    0    0    0    2    0    0   11    0   10    2    0   13    0    0    6    5   15   12    9    0    0   14    1    0   14    0    0    2    1    0    0    7    9    0    0   13    0    0    2    4    8   13    0    0  
   0    5    0    4    0   11    7    0    0    0    8    0    3    0    9    0    0    1    6    0   10    1    0    2    4   12    0   12    0    0    0    3   13    2    0   13    0    2    0    7    0    0    7    0    6   15   14    0    0    0  
   0    0    0    0   12    9   12    4    0   13    0    0    0   12    3    1    0   10    0    0    4   14    1    0    6    0    0   11   15    0   11    0    5    2    0    0    0    9    1    7    0    0   12    1    0    0    3    8    0    0  
  15    0    8    1    0    0    0    0    1    0    0   14    0    0   11    0   10    3    5    0    2    0    5   12    5    6    0    6    7    4   10    0    0    1    0    0   12    0   13    0    0    0   13    0   10    9    0    0    0   11  
   2    4    0    2    0    0    0   10    0    0   15    0   14    4    0    0    1    7   12    0    0    4    5    0    0   11    0   14   13    0    4    9    0    0    4    6    4    0    0   10    0    0    0    0    3    0   12    8    0   15  
   0    7    9    0    0    7    0    8    0    0    2   12    0    6   11   10   15    0    3    0    5    0    0    0    5    4   13   12    0   11    0    1    0    0    6    0    0   12    0    4   14    0    0    0    0    3    0    1   14    0  
   6   12    3    3    0    0    1    0    0    0    5    0    0    0    2   15    0    7    0    0    0   13    3   10    3    0    4    0    0    9   13   14    0    3   11    0    7    0    0    0    0    6    8    8    0   12    3    0    0    0  
  11    4    6    0   13    0   11    0   12   10    0    0    1   11    0    0   14    9    0    0    0    0    0    0   12    0    2    0    0    1    3    7   15   12    5    0    8    5   10    0    0    0   15    0    0   11    0    0   11    0  
   9    0   13    0    2   10   11   14    4    0    0   15    0    0    1    0   14   15    1    0    0    0   14    0    0    7   13    0    2    0    8    0   10    0    0    0    9    6    0    0    3    5    0   12    0    0    6   10    0    0  
   0   10    8    7    8    5    0    0    0   14    3    0    0    0    0    9    1   12    0    8   11    0    0    0    0    0   13    5    0    0    8    0    0    0    6   11    0   15    0   13    0    4    0    0   15    0    2    9    1   10  
   0    0    0   12    0    5    0    4    2    0    1    0   10    0    0    7    7    0    4    8   13    1    0    0    6    0    2   11   14    0    3   11    9   14    0    0    0    2    0    0    0   12    0   14    0   12    0    0    0   15  
   0    4    9    0    1    5    0   15    0    0   13   13    0    0    3   11   10    2    6    0    0   12    0   14    0    0    0   12    9    0    8    7    0    0    0    0    0    0    3   15    0    0   15    0    7    8    4    9    0    0  
  13    4    4    0    0    0   15    2    3   12    0    5    0    0   12    0    0    0    7    8   11    8    8    0    0    0    9    6   11    8    1    0    5    0   11    0    0    0   14    0    0    1    5    0    0    0    0    0   10    0  
   0    0    0    0    0    6    7    0    7    0    0    8    9    0   15   10    0    0    0    0    2   15    0    0    0   13   15   15    0    1   12    5    0   15    0    2    0    4   14    3    0    2    6    0   13    0   11    0    0    2  
  11    0    0    0   12    8   14    0    6    0    0    0    7    0    0    0    2    0    0    0   14    0    7    1   13    0    0   13    3    5   14    9    0    0   14    0    4    9    0    0   13   15   10    8    0    5    0    0    0    6  
   6    0    0    0    9    0   12    0   13    0    0    8    0    5   11    0    0    0    0    2   10    0   12   14    0    2    0   15    4    8    3    0    5    7    0    0    0    0    1    0    2    0    1    0    6    0   11    0   15    5  
   0    0    0   12    8    0   10    4   11    7   10    5    0   13    1    0    9   10    0    0    0    0    0    6    0    0    0    5    5    3    2    7    2    0    0    0    0    0    0    0    4   13   14   15    0    0    0    0    5    7  
   8   14    6   12   15    0    0    0   12    9   14    0    0    0   12    4    0    0   10    1   11    0    0    0    7    0   13    0    0   12    0    3    0   13    0   13   11    0    0    0    0   10    4    2    0    5    0   14    0    0  
   7   10    7    0    9    0    0    0    1   14    5    0    0   13    6    0    5    0    7    0    0    4    2    2    0    3    7    0    0   13   12   13    0   11    3    0    0    0   15    0   14    8    0    0    0    0    0    0    0    3  
  13    0    7    1   12    0    0    0    8    0    0    6    0    0    0   13   12    6    0   11    0    6   14    3    7    4   15    0    0    5    0    0    4    4   10    0    2    0    3    0    9    0    0    3    0    0    0    0    0    7  
   0    0    9    6   12    0   12    2    0    0    0    0    0   10   11   13    0    5    6    1    0    8    0    0    1    0    0    7   14    0    0    0    0    5    0   10   13    4    3    0    0    0    0   15   11    0   12    1    7    0  
  10   10    0    7   11   15   14    2    0   12   13    0    3    0    0    0    4    0    7    0    6   10    0   11   13    8    6    0    0    0    0    0    9   10    0    1   12    0    0    0    0   13    0    0    0    0    0   10    0    5  
   0    0    0    0   11   10    3   14    0   10    0    8    0    0    0   15    5    1    0   15   11    5    0    9    6    0    9    0    0    0    0   15    2   12    4    0    0    0    0    0   11    6    7    0   13    0    9    0    1    0  
   7    0    0    1    0   10   12    0   13    0    0    9    0    0   15   14    0    4   12    0    6    7    0    0    0    0    8    0    7    0    6   11    0    3    1    0    0    3    2    0   14    5    0    4    0   12    0    0    9    0  
   0    0    0    7   14    9    0    2    0   10    0    9    3    1    0    0    4    0    0    0    0   13    4    8    6   15    0   11   15   12    0   15    0    0    0    5    0    0    5    0    2   15    0    0    2   15    0    5    0    0  
   0    0    0    0    3    0    1   12   10   13    5    0   15    6    0   14    4    0    0    0    7    0    4    0    0    5    6   11    0   11   11    8    0    0   14    0    2    0    0   11   14    8    4    0    9    0    0    0    0    0  
   0    0    0   11    5    7    0    4    0    0    0    0   11    3    9    4   15    0    8   11    0    0    0   12    0    0    1    0   14    0    6    0    0    0    0    0    0   13    0    2    6    9    4    6    0    9   10   15    0    5  
   0   13    1    0    0    5   15    7    0    0    0   11    0   10    3    0    2    9    0    0    0    6    4   14    0    0    0    7    0    0    0   12    6    0   12   14    0    8    0    0    5    7   14   10    0    0   11    0    0   12  
   1    0    2    5   14    0    0    0    0    0    8    8    7   10   10    0    0    6    0   11    8    2    0    3    0   15   13    0    0   11   10    0    0    0    0    4    0    0   10    0   12    0    9    0   14   14    0    0    0    2  
  11    2    0    4    1    0    6    0   14    7    1    0    0    0    0    9    3    0   11    0   11    0    0    0    0   11    8   15   11    1    0    0    6    6    0    0    0    0    7   11   12    0   13    0   10    0    0    5    0    0  
   0   11    9   15    0    6    0    0    4    6    7    0    1    0   12   14    0    0    0    0   10    0    6   14    3    0    3   15    0   14    0   13    0    0   12    0    2    0    8    0    0    1    8    0    5    0    0    9    0    0  
  10    0    0    0    0    7    0    3    3   15   13   11    9    0    0    4    5   15    0    0    0   14    0    0    4    6   15    8    0    0    1    0    4    0    0    0    0    0    2   12    2   12    5    4    0    0    0    0    0   11  
   0    0   13   11    0   11   13    0    7   12    7    0    0    0    0    0    7    0    0    0    8    4   10    0    0    6   14    0    6   12    9    2    3    1    0    0    9    0    0    0    0    0   12    0    1    5   15    0    0   13  
   7   10    2    0    0    5   13    0    0    6    0    0    0   15    0    8   12    0   14    6    4    0    3    6   15    5   15    6    0    0    0    0    0   11   10   12    1    0    0    0    0    0    0    0    9    0   10   15    0    0  
   0    8   10   15   12    0   10    0    5    0    0    8    0    0    0    0    9    0    0    0    9   14    1    0    0    3    0    0   13    5   10   13    0   12    1    7    0    2    0    0    6    0   11    4    0    0    0    4    0    9  
  15    4   13    8    0    8    7    7    0    0    0   11    1    0    0    0    7    0    5    0    4    0    6    0    0   10    0    5   14    0    0    3    0    0   11   14    0    0    0   12    9    0    5    0   13    7    0    0    0    2  
   2    0    0   14   15    8    2   12    0    0    0    0    0    0   13   15    6    0    0    0    0    0   11    0   14    6    0    0    5    0    9    3    0    9    7    0    0    0    0    2    7    4    5   10    0    1   15    0   13    0  
  13    6    2    0    7    0    5   15    9   12    0    4    0    3    0   11    8    4    0    3    0    0    7    0    0    8   14    0    7    0   12    0    0    0    0    7    7    0    1    0    0    0    0    0   10    5    0    8    0    0  
   0    0    0    0    8    7    0    0    0    0   10    0   12    0    8    0    0    7    3    4   13   11    0    8   14    1    5    0    0    9    8    0    2    3    8   11   15    8    0    0    0    0    6   11    0    0    0    0    8    0  
   0    9    0    8    4    7    0    0    0   13    0    0   13    5    7    0    0    2    3    0   12   13    0    2    6    0    9    0   12    0   14   15   10    0    5    0    0   11    0    0    1    0    0    0    0    2    0   12    0    4  
   9   14    0    0    0    4    0    0    0   15    0    0   10    0    0    0    1    0    0    0   14    0    4    6   11    0    3    0    0   13    9    0   11    9    4    0    8   12    7    0    0   11    5   10    0   15    0    0    8    2  
   0   14    0   12    0   13    0    9    1    7    0    5    0    0    0    0    0    5   13    0    3    9    7   15    0    1   12   10    1    0    2    6    0    4    0   11    0   12    0    3    1    0    0    0    0    8    0    0    0    0  
   4    0    9   15    0    2    2    0    0    6    0    2    0    0    0    2    0   10   13    5    7    0    0   10    0   13    0   14    0    0   15    0    0    0    5    5    0    0    0    8    0    3    0   13   11    0   12   13    0    1  
   0    0    1   13    0    0   15    0   14    8    0    7    0    3    0    3    6    3    0    4    0    5    3    2    0    0    0    0    0    0    0    0    9    5    0    6   11    0    0    0   10    0   12    0   13    9   12   12   13    0  
   0   12    0    0    2    2    0    0    0    0    0    0   10    0    8    4    0    0    8    0    6    0    0    8    3    5    8    0   14    0    9    0    0    5    0   13    0   11   14    0    0    0    7    1    0   14    1   12   15   14  
  15   10    0    0    0   14    9    0   14    0    5    1    0    0   13    7    8    2    0    0    9    0    9    0    0    0    6   13    0    8    9    0   11    0   12   15   10    4    0    0    0    0    0    3    1    0    1    0    0    0  
   8   11    0    0    0    0    0    1    7    0    0    3    0    9    0    0    6    0    0   15   10    7    0    0    4    0    5    0    5    8    2    0    7    0   14    4    6    0    0    0    8    0    9    0    0    9   13   12    7    0  ] 
BUDGETS : [    6    8   13   14   15   18   19   20   21   22   24   27   28   28   33   33   37   37   38   40   41   43   44   45   45   49   52   55   56   57   59   67   67   67   68   68   70   71   72   73   76   77   77   79   83   84   85   86   89   91   92   93   94   94   94   94   97   98   98   99  102  104  104  106  107  111  111  112  115  115  117  126  127  130  133  134  136  137  142  149  153  153  155  158  161  164  167  169  170  173  174  174  178  178  181  182  184  188  199  199  ] 
