K : 50
I : 25
PREFERENCES : [   14   25   15   15   21   12   22   18   16   19   20   21   23   16   15   22   24   15   11   13   17   15   24   16   12  
  15   15   14   17   25   18   23   13   11   19   17   20   16   15   16   18   12   18   22   24   12   21   25   21   11  
  15   25   16   23   13   16   17   18   13   11   17   20   20   14   19   12   16   24   16   22   19   13   17   21   15  
  16   11   14   19   24   20   12   25   25   19   24   13   23   18   24   19   23   15   17   19   24   22   21   12   21  
  11   12   14   11   23   15   25   25   16   18   23   21   23   24   17   19   18   21   13   23   20   22   15   22   14  
  13   14   17   21   16   15   11   24   12   16   23   23   23   14   25   16   19   14   21   25   14   22   16   18   20  
  21   22   17   13   12   24   18   16   23   25   12   17   17   21   14   21   15   22   18   12   22   19   22   11   20  
  15   13   17   25   16   12   13   21   25   23   25   20   24   20   14   11   25   18   19   25   24   22   23   11   25  
  25   12   24   12   22   23   21   22   25   19   25   23   14   13   12   18   17   20   13   25   23   11   15   16   18  
  24   19   16   25   17   23   19   24   15   18   14   25   11   12   21   25   24   13   20   21   20   22   11   18   13  
  19   14   19   14   21   24   13   12   19   23   15   18   22   24   14   19   11   20   13   17   16   12   20   25   20  
  15   11   18   11   21   20   13   25   16   22   19   23   21   14   24   12   11   23   20   22   17   12   16   20   12  
  19   18   16   20   13   21   25   11   17   16   16   14   18   22   18   20   23   18   15   23   18   24   12   18   15  
  13   18   22   14   21   20   16   25   23   22   24   15   17   15   19   13   15   21   11   17   15   17   17   12   22  
  12   14   17   13   23   21   20   18   13   21   23   15   12   22   19   20   20   24   14   11   22   14   16   25   22  
  20   11   15   18   24   13   24   13   16   17   21   23   22   12   13   14   19   13   25   22   17   17   25   17   16  
  20   23   12   11   19   24   19   23   23   25   11   13   22   15   16   11   16   18   21   23   14   11   14   17   23  
  21   19   17   18   14   16   17   12   11   25   15   24   19   25   13   11   15   22   20   19   23   19   14   20   23  
  23   24   17   15   24   22   23   23   23   23   20   12   14   19   13   17   22   23   16   22   25   11   17   18   21  
  16   21   21   15   11   15   25   25   23   12   21   13   13   19   14   22   11   22   18   20   18   13   17   21   24  
  13   18   24   19   22   24   21   24   22   15   22   18   16   11   18   15   14   20   15   17   23   14   25   12   16  
  21   20   22   21   23   21   17   24   18   13   11   12   18   14   17   19   11   25   11   20   11   16   11   21   15  
  11   25   13   15   15   15   14   20   22   17   16   21   12   23   14   24   13   15   18   19   23   20   12   14   18  
  16   23   23   12   24   15   11   21   18   20   25   23   17   11   24   14   19   16   13   24   22   19   23   16   24  
  14   14   23   25   21   12   13   16   15   20   17   11   18   15   19   17   11   23   24   19   20   19   25   12   22  
  23   22   17   23   19   22   14   21   23   15   13   18   25   23   12   16   22   22   23   20   24   11   13   11   18  
  20   13   11   14   13   14   25   23   18   19   13   17   21   13   12   17   15   19   24   16   22   17   17   24   14  
  15   13   25   15   16   24   14   20   13   22   15   18   18   17   11   11   12   18   23   12   21   19   15   12   14  
  17   20   11   21   17   16   12   11   14   24   17   17   19   12   23   15   17   22   12   17   25   20   18   11   13  
  16   17   18   22   19   19   11   22   16   11   22   16   17   25   21   11   12   24   14   25   13   17   15   23   20  
  25   22   19   14   11   23   15   25   16   14   22   16   16   12   24   17   17   22   18   13   17   25   20   12   21  
  13   13   25   19   23   22   17   16   19   25   21   24   18   14   20   22   16   11   25   23   20   15   23   12   12  
  14   17   15   19   24   25   23   22   25   11   24   12   20   21   13   25   15   12   25   18   15   13   11   16   25  
  25   21   13   22   14   25   25   12   11   16   24   18   19   17   14   17   17   15   15   12   14   20   12   23   25  
  11   18   24   15   20   11   13   21   11   13   19   23   15   21   25   22   24   11   14   25   17   16   17   12   13  
  14   16   19   16   24   18   19   14   23   20   12   25   13   23   19   11   23   21   17   16   22   15   19   14   19  
  20   17   13   20   11   15   18   24   22   12   12   21   18   25   13   13   16   14   12   23   13   19   23   18   20  
  19   24   18   25   19   12   22   24   24   12   16   16   18   15   16   11   24   13   16   21   23   20   24   17   14  
  11   24   25   19   11   21   17   21   13   17   14   11   14   22   19   15   18   13   16   21   19   15   23   12   20  
  19   13   17   21   13   23   18   20   18   12   16   24   16   12   18   22   25   15   14   18   14   11   18   18   13  
  14   24   25   13   12   11   14   11   22   14   20   19   19   18   16   19   19   23   20   17   20   21   15   11   25  
  24   13   11   15   14   13   13   12   13   21   18   23   20   16   17   18   13   14   19   25   22   13   20   16   20  
  20   20   22   11   16   21   23   14   17   12   13   12   18   22   15   21   15   17   17   17   19   17   17   25   24  
  14   23   13   11   16   22   15   24   22   22   12   25   20   19   15   23   22   14   21   15   19   17   14   14   18  
  15   17   21   11   18   18   23   14   20   17   23   12   13   25   21   24   19   15   17   16   23   22   23   13   23  
  15   21   25   15   14   16   20   23   23   15   11   18   18   13   20   19   22   12   22   19   18   12   17   15   24  
  12   13   21   11   25   23   15   20   18   16   12   14   20   20   24   14   24   22   13   20   17   19   19   21   17  
  23   14   13   11   25   15   19   16   13   18   17   21   22   16   19   14   18   16   13   18   24   12   20   19   19  
  20   22   24   16   14   13   18   15   25   24   14   14   14   14   21   20   17   12   11   15   23   20   18   19   23  
  21   19   14   16   22   20   18   14   16   19   11   11   16   17   16   15   18   24   14   12   18   23   25   13   11  ] 
BUDGETS : [    1    1    7    8    9   11   13   14   14   15   17   17   25   26   27   31   32   33   38   39   46   48   50   53   55   57   59   60   61   65   65   67   68   73   73   76   76   82   83   85   86   87   91   94   94   94   94   95   95   99  ] 
