K : 50
I : 25
PREFERENCES : [   18    0    0   23   21   24   23   20   20    0   25   23    0   20    0   22    0    0   20    0    0    0    0   19    0  
   0   21    0   21    0   22   24   23    0   24    0    0    0   19   22    0    0   25    0    0   19    0   20   18   22  
   0    0   18    0   23   21    0    0   21   20   25    0    0   24    0   20    0   21   19    0   22    0    0   23   22  
   0    0    0   22    0   25    0   24   23   20   19    0    0    0    0   18   25   21   21   23   24    0    0   25    0  
  25    0    0   24    0   18   25   24   20   25    0    0    0   23    0   19   21   25    0    0   22    0   25    0    0  
  21   21    0   23    0   19   21   24   20   22   25   19   21    0    0    0    0    0    0   18    0    0   21    0    0  
  18   21   18   20    0    0    0    0   19   23    0   25   20   18    0   24   22    0    0   18   25    0    0    0    0  
  18   19    0    0   25    0   25   25   24   23   21    0    0    0    0    0   24   21   20    0    0    0   18    0   22  
  23   24    0   18    0   25   20    0   22    0    0    0    0   22   23   22   21    0   22   19    0    0    0    0   20  
   0    0   25   23    0   21    0    0   20   18    0   23   23    0   19   23    0   20    0   24    0   22    0   24    0  
  24    0   24   20   18    0    0   22    0    0    0    0   23    0    0   20   19   25    0   23   24    0   24   21    0  
  24   23    0   22    0    0   20    0   20   25   18    0    0   21   24   19    0    0   25   22   24    0    0    0    0  
  25    0    0    0   18    0    0   24   21    0   25   22    0    0   25   20   23   21   19   23    0    0   24    0    0  
  25   25   18    0   23    0   18    0   22    0   24   22   20   20    0    0    0   19   21   22    0    0    0    0    0  
   0   23    0    0   22    0    0   24   25   20    0   18   24    0   20   22    0   21   24    0   20    0    0    0   19  
   0    0   23    0   25   19    0    0    0    0    0   20    0   19    0   20   22    0   22    0   19   21   18   24   21  
   0   19   25   24   18   19    0    0    0    0   21    0   20   25   23   22   24    0   20    0    0   19    0    0    0  
   0   18    0   22   19    0   20    0   25    0   21    0   23   24    0    0   21    0    0   22   19   22    0    0   22  
   0   25    0   20   24    0   23    0   19   22   21   18   21   23    0    0    0   20    0   24   20    0    0    0    0  
   0   24   23    0    0    0    0    0    0   24   22   18    0    0   19   24   25   21    0   20   23   19    0   20    0  
   0   18    0    0   22    0    0    0   20   25   20    0    0   23    0   24   19   23    0    0   24   25    0   21   22  
  22   25   18   21    0   21   19   21    0   25    0    0   18    0    0    0   24   20   23    0    0   23    0    0    0  
  23   24    0   19   21   25   23    0   22    0    0    0    0   20   22    0    0    0    0   23    0   18    0   24   24  
  22   23   18    0   24   20    0   23   25    0    0    0   19    0    0   22   22   19    0    0   24    0   21    0    0  
  25   23   18    0   23    0   23    0   20   23    0    0   21   24    0    0   19   22   20    0    0   18    0    0    0  
   0   21   25   22   21   21    0   19   24   22    0   19   18    0   20    0    0    0    0    0   18    0   23    0    0  
   0    0   25   21    0   20    0    0   23   25   21   22   19   24    0   18   19   19    0    0    0    0    0    0   22  
   0    0    0   21    0    0    0   25   24   25   18   20   22    0   24    0    0   19    0    0   20    0   23   24   22  
   0   24    0   20    0   25    0    0   23    0   19   18    0    0   20   22   22   20   22    0    0    0    0   24   21  
  23   19   22   24    0   18    0    0    0   23   24    0   24    0   24   18    0    0   21   25    0   20    0    0    0  
  21    0    0    0    0    0    0   18   25   21   20   25   22    0   20    0   23    0   24   20    0    0   23    0   19  
   0   25   25   23    0   18    0    0   19    0   23   24   25    0   18    0   21    0   22    0    0    0   20    0   19  
  24    0    0    0   18    0   20    0    0   23   23    0   22    0   21   25   21   22   19    0    0    0   18    0   21  
   0   20   22   25   21   20    0   22    0   24    0   19    0   23    0    0   19   19    0    0   23    0    0    0   18  
  18   23    0    0   22    0   21   23    0    0    0   24   20   18    0    0    0    0   25   19   21   21    0    0   25  
  25    0   24   23    0    0   20   21   24   18   20   24    0    0   22    0    0    0   25    0    0   23    0   19    0  
  20    0   23   21    0   24    0    0    0   22    0    0   24   19    0   25   18    0    0    0   18   22   22   19    0  
   0   21    0   21   20   24   23    0    0   25    0   22   21   19   25    0   21   18    0   22    0    0    0    0    0  
  21   19    0    0   22   21    0    0    0   25   18    0   18    0    0   20   20   25   18   23    0   24    0    0    0  
  25    0    0   20    0    0    0    0   20    0   23   21    0   21   22   22    0    0   19   24    0   25    0   18   20  
  23    0    0    0    0   18   23   25    0    0   23   21   18    0    0   18   19   24    0    0   20    0    0   22   18  
   0   23   21   21    0   24    0    0   18    0    0   22    0    0   23    0    0    0   20   25    0   19   21   20   24  
  19    0    0    0   20   18    0    0   22    0   24    0   18    0   21   18    0   21   25   23    0    0   18    0   24  
  19    0    0   19   22    0    0    0    0   18   25   21   23    0    0    0   25    0    0   25    0   21   23   24   20  
   0    0    0    0   25   19    0   19    0   22   24    0    0   21    0   18    0    0   20    0   20   23   24   22   24  
   0    0   19    0   21   21    0   18   25   24    0   25   23   22   25   21    0    0    0   20    0   21    0    0    0  
  22    0    0    0   21    0    0    0   18   20    0   21    0   23    0    0   20    0   21   24   25   21   21    0   19  
   0   22    0   21    0    0    0   18   18   22    0    0    0   20   24    0    0   19    0   20    0   23   19   20   25  
   0   18    0   19    0    0   19    0   23    0   19   23   23    0    0    0    0   24   25   21    0   20   22    0   19  
  24    0    0   21   22    0    0   21    0   18   22   25    0   20    0    0   19    0   20    0    0    0   23   21   20  ] 
BUDGETS : [    5   10   12   13   14   15   16   18   21   25   31   32   34   38   39   39   42   43   49   50   52   57   58   58   60   60   61   63   65   68   69   70   71   76   76   80   80   83   85   86   87   87   87   88   92   93   97   98   99   99  ] 
