K : 150
I : 75
PREFERENCES : [   43   17   21   67   71   55   69   42   53   41   16   19   33   75   63   54   68   69   25   31   32   39   26   56   59   70   44   60   61   65   22   18   36   66   29   48   52   22   62   73   41   46   43   38   48   28   64   23   60   50   40   13   12   37   35   51   59   57   49   53   45   15   20   71   44   47   58   72   74   24   11   14   34   30   27  
  23   44   41   52   61   36   51   21   28   52   11   15   49   70   47   58   27   45   54   19   32   48   36   75   35   66   34   22   39   56   16   17   73   30   15   43   13   63   29   69   62   16   37   42   46   25   38   59   40   31   20   24   72   50   33   26   64   68   67   57   13   53   18   12   14   60   71   65   48   52   47   67   74   33   55  
  17   36   39   75   44   60   66   19   67   28   72   73   59   29   42   49   25   64   47   22   14   71   38   70   34   68   47   26   13   45   69   55   40   62   50   26   12   72   53   28   24   15   37   41   30   35   18   63   33   57   27   43   23   20   31   16   32   65   46   52   51   31   11   21   70   42   54   61   74   38   48   58   56   32   50  
  13   28   35   19   68   73   61   45   55   49   67   53   24   69   26   17   44   48   25   17   41   51   68   47   62   32   39   63   57   34   22   15   29   11   56   14   36   59   31   11   16   55   43   60   58   33   75   37   23   29   27   46   65   20   30   23   52   28   70   66   21   38   54   40   71   12   50   18   17   42   64   74   74   59   72  
  56   54   61   63   51   40   32   37   67   48   53   31   20   69   23   15   49   24   57   65   17   22   75   70   47   16   46   68   71   74   11   70   58   50   26   63   30   51   63   39   54   45   52   55   29   42   67   14   25   28   12   51   27   41   64   44   26   38   59   36   13   62   19   21   18   72   73   35   34   61   18   43   33   66   60  
  51   59   32   19   74   38   70   68   56   18   24   39   45   66   69   33   67   61   13   36   49   65   54   42   51   58   71   47   34   14   27   50   55   29   52   73   38   41   11   39   61   15   69   25   53   64   43   35   37   12   48   26   32   60   44   46   21   57   28   31   40   20   17   30   75   22   51   62   68   72   63   23   27   72   16  
  11   66   37   19   52   74   39   41   47   73   67   61   17   30   25   61   31   24   31   16   51   62   18   12   44   63   41   53   45   42   68   26   50   38   59   55   71   13   20   68   22   65   72   75   69   22   36   64   21   70   43   60   27   15   40   54   36   14   46   34   58   33   28   35   54   57   37   23   48   41   56   29   49   32   65  
  34   59   69   45   46   22   44   21   14   69   67   75   47   23   41   65   53   62   30   48   68   13   71   28   60   40   45   36   15   12   33   11   43   61   50   21   73   38   61   29   16   71   74   44   58   70   57   29   18   39   52   55   19   63   24   54   20   29   39   47   66   49   64   72   31   26   37   51   17   42   35   25   56   32   27  
  55   34   15   24   33   22   35   68   59   33   27   38   68   45   67   65   71   16   49   63   42   35   58   18   63   61   11   58   72   40   29   17   28   31   73   46   32   36   23   44   20   26   53   57   70   60   14   25   21   43   12   64   28   51   75   25   48   37   50   19   39   56   41   33   54   66   33   13   74   72   69   47   52   62   30  
  20   24   49   45   67   37   24   60   14   23   31   65   15   66   67   14   26   57   54   68   32   16   34   35   71   64   22   38   55   62   25   47   50   21   61   37   13   30   33   70   73   36   43   12   53   18   46   60   74   69   52   63   38   42   56   40   17   11   27   41   39   29   59   72   19   28   75   55   21   44   51   58   53   16   48  
  64   21   33   16   33   56   26   53   23   73   72   69   25   60   61   68   37   21   38   48   59   57   17   35   66   36   27   40   67   17   75   11   47   62   52   14   50   42   49   22   12   51   30   64   43   18   20   64   55   15   31   47   13   31   29   45   46   58   32   19   28   71   39   45   39   19   34   54   41   44   74   70   65   24   63  
  52   72   75   55   36   14   49   64   68   26   59   44   18   43   39   29   22   47   66   54   35   63   15   59   21   56   69   71   61   70   19   30   65   17   22   31   25   66   62   45   12   42   25   66   64   23   53   67   61   74   32   48   13   27   34   27   20   58   40   38   60   53   57   50   23   11   41   16   28   33   37   51   73   24   46  
  29   23   11   63   45   40   15   54   23   69   57   66   38   48   65   27   75   14   37   28   12   70   69   20   64   22   26   19   49   43   24   44   56   46   34   51   16   36   68   52   61   17   31   71   74   21   55   32   59   25   13   47   25   42   42   39   72   73   12   60   35   68   35   15   33   41   62   18   67   42   53   50   18   30   58  
  20   31   61   54   28   60   48   23   70   21   13   24   33   13   71   64   27   67   44   38   52   65   30   26   43   27   57   43   11   74   63   37   39   18   32   55   49   22   72   73   74   66   25   59   69   14   54   53   42   40   15   51   28   16   19   68   36   42   75   17   29   12   72   45   35   62   54   50   34   41   47   58   72   56   46  
  57   34   44   42   70   11   71   22   19   31   67   46   53   75   37   17   26   36   52   24   61   59   39   43   20   72   47   64   12   15   23   54   51   35   56   55   50   48   13   38   73   39   27   29   55   54   15   63   65   72   41   60   62   21   69   49   40   28   33   16   45   66   74   18   38   14   30   68   61   40   32   38   58   25   38  
  67   12   59   28   26   34   53   22   37   58   56   35   36   50   19   33   45   50   64   54   32   41   56   55   63   24   26   40   23   27   29   48   11   62   20   39   27   57   46   36   71   17   21   73   75   72   25   16   46   68   66   51   69   60   52   18   71   44   38   42   13   30   43   49   61   14   70   31   65   69   47   62   11   15   74  
  73   50   44   66   62   58   24   67   28   55   53   41   60   68   34   56   38   15   45   12   52   36   57   12   64   27   48   74   59   75   35   65   71   51   14   70   23   17   18   30   13   36   20   53   42   51   48   21   49   40   18   43   54   39   16   25   11   49   69   61   32   22   23   33   37   35   46   63   26   19   31   72   47   53   29  
  27   65   17   49   36   19   72   45   43   71   73   50   64   15   58   34   48   37   62   12   14   41   63   26   74   66   50   68   24   16   75   23   33   21   53   34   19   52   43   30   11   20   47   57   13   29   32   69   35   18   34   40   17   54   25   61   16   39   31   56   22   51   55   34   70   59   42   20   46   67   25   60   28   38   44  
  61   74   52   17   59   11   12   28   16   51   15   30   28   14   27   40   19   68   36   20   24   21   26   35   69   44   75   13   63   52   31   65   22   18   66   70   29   65   71   39   38   43   42   25   32   16   14   60   46   23   54   41   72   53   50   34   56   64   45   73   67   13   55   58   33   16   33   62   37   47   22   48   57   12   49  
  44   26   42   74   27   44   45   66   60   33   75   57   29   18   37   13   54   50   48   39   34   38   46   41   20   53   62   31   21   47   72   14   36   52   67   19   49   38   58   35   23   47   43   56   12   25   15   73   22   11   36   30   61   55   43   61   23   63   36   35   68   64   32   70   69   17   24   71   65   59   40   51   28   70   16  
  64   69   14   55   20   60   23   42   69   43   11   51   39   39   47   27   18   13   37   29   70   67   73   32   56   24   36   35   45   33   31   26   66   62   54   69   15   65   66   74   71   59   49   34   61   42   63   58   19   28   68   25   53   35   51   50   21   30   48   44   22   17   40   38   72   75   46   17   44   12   52   16   41   57   61  
  68   27   30   56   43   14   55   72   53   11   34   25   75   50   62   19   46   16   63   49   41   43   26   13   52   48   27   55   28   72   74   21   16   51   37   40   58   39   64   57   45   67   32   71   33   42   73   20   38   12   35   61   36   66   22   65   29   17   31   70   47   19   24   23   18   41   59   28   30   54   15   60   69   56   44  
  23   20   37   17   16   69   68   40   15   31   66   41   45   63   58   51   11   26   12   75   54   27   35   57   43   50   24   30   71   28   22   29   15   25   42   18   47   72   52   46   70   65   59   61   56   13   73   64   46   53   23   55   44   60   34   74   33   59   38   14   36   21   62   49   61   44   67   39   17   19   37   32   26   48   66  
  67   23   58   17   35   44   62   67   75   39   68   45   22   38   36   60   49   68   71   34   42   63   59   14   46   13   53   37   33   31   29   19   25   64   70   18   40   27   74   65   42   50   64   51   69   73   48   41   21   12   57   26   30   75   54   32   11   61   71   15   56   28   47   43   55   70   72   31   20   66   24   52   16   23   12  
  65   34   66   16   70   40   53   14   58   46   68   23   57   25   41   52   32   55   18   37   44   36   12   75   19   71   43   50   54   29   45   70   72   28   47   16   17   59   56   69   75   21   61   38   42   51   55   20   48   39   74   45   67   11   49   64   33   26   24   27   11   55   22   74   30   35   60   31   15   63   28   62   73   55   13  
  64   42   32   19   27   23   62   30   31   29   49   35   50   44   71   75   26   55   38   33   17   22   37   51   16   39   54   11   41   54   45   20   43   18   21   49   25   13   74   53   58   34   70   73   16   63   31   67   65   47   58   18   69   48   52   66   40   56   69   61   14   63   23   24   46   68   60   72   36   12   15   59   28   57   35  
  23   68   59   50   39   54   30   12   63   65   36   45   64   46   49   20   57   19   34   69   46   68   55   17   22   21   73   28   42   27   38   44   14   51   43   70   62   60   72   40   41   47   25   69   15   29   74   16   56   26   75   31   11   71   11   11   35   41   67   66   18   37   53   43   48   21   20   61   58   66   32   33   13   24   52  
  28   65   11   19   18   38   30   47   35   15   31   75   29   51   66   43   36   37   45   22   48   48   64   72   12   65   46   30   58   35   33   57   34   17   41   28   59   61   73   40   41   69   55   50   70   49   52   49   60   23   27   71   21   16   39   20   54   74   68   56   63   32   45   44   13   26   24   67   42   53   14   29   62   25   11  
  25   20   33   58   57   66   64   19   50   31   20   33   24   24   70   20   38   22   57   46   45   67   37   48   26   75   70   21   35   30   71   49   32   36   27   28   17   52   60   29   13   53   44   15   14   61   52   68   28   55   42   74   59   40   34   47   43   23   62   54   39   11   65   69   18   56   51   63   72   66   41   40   16   12   73  
  46   11   72   74   19   57   67   68   16   14   67   73   75   24   21   15   61   73   42   24   54   30   18   12   53   51   63   32   29   60   46   67   55   30   38   22   47   33   35   58   68   31   36   20   69   48   56   37   17   55   27   45   43   50   39   28   41   62   52   37   44   45   49   65   64   34   59   70   26   71   25   13   23   40   66  
  74   15   38   24   20   72   58   40   75   48   68   73   55   49   67   45   36   25   25   41   11   42   63   35   56   13   29   30   17   22   60   64   66   70   45   41   31   34   33   51   46   31   37   28   19   61   65   12   57   14   69   44   62   26   18   23   39   53   47   52   34   25   57   25   59   50   16   32   54   27   71   21   43   26   73  
  47   40   72   34   74   36   21   20   48   38   71   18   15   67   17   65   58   28   43   74   26   68   57   53   42   11   45   70   36   75   16   59   30   62   51   71   61   64   35   44   25   46   23   73   52   32   49   24   13   31   47   19   66   14   74   63   37   22   56   63   60   69   12   75   39   41   54   27   29   63   50   13   33   55   37  
  35   43   42   53   74   61   59   44   31   62   20   53   59   54   12   38   65   68   66   35   11   49   44   33   26   16   15   67   71   51   44   29   34   57   48   34   40   37   32   21   41   67   70   13   75   12   18   20   27   45   23   28   72   22   50   55   73   56   52   60   36   58   17   64   25   14   40   69   30   39   63   19   46   24   47  
  54   55   64   23   50   70   30   69   38   73   47   63   12   44   14   75   33   61   28   19   21   43   13   25   44   59   42   55   36   55   60   54   20   75   62   56   65   11   52   46   51   27   29   15   31   39   74   68   71   58   57   11   26   34   66   29   49   53   22   64   18   17   41   48   40   24   67   32   48   45   35   16   66   72   37  
  51   44   61   68   19   57   56   75   64   60   23   30   55   43   36   46   40   72   71   20   11   27   70   48   14   18   58   34   22   72   28   38   65   49   31   67   73   63   28   47   21   39   66   52   41   62   69   74   13   64   33   26   52   35   14   24   12   59   53   58   15   17   25   45   37   58   33   32   54   50   73   16   42   64   29  
  65   61   59   38   25   26   72   14   41   20   43   36   64   22   52   39   21   55   66   54   12   19   31   28   47   30   16   75   30   27   15   70   24   17   16   48   57   29   46   35   53   34   49   42   50   71   62   73   22   18   20   45   69   33   50   63   51   23   44   58   24   56   13   32   74   27   40   67   20   22   69   37   11   68   60  
  53   17   61   28   59   38   13   23   72   35   62   58   45   24   44   69   75   74   40   67   12   70   52   11   73   18   31   56   30   68   25   64   60   20   43   65   57   19   51   71   27   32   24   55   27   21   42   36   49   31   20   15   48   37   33   50   22   33   47   54   57   63   66   26   27   46   41   14   33   34   12   16   29   19   39  
  29   15   65   57   60   69   72   25   20   49   36   64   40   22   65   44   29   69   75   45   66   23   12   13   56   29   42   70   63   61   37   18   71   16   41   52   70   68   16   70   58   26   38   51   67   48   34   19   74   47   11   35   12   43   28   17   55   33   21   54   64   63   30   53   50   27   59   32   24   46   31   14   73   62   39  
  37   19   17   14   11   62   41   57   72   56   46   34   51   60   47   44   20   59   39   32   38   19   13   18   43   23   53   24   49   25   65   74   36   45   32   61   75   12   48   25   13   68   29   70   52   64   29   54   49   28   69   50   30   71   39   19   66   73   63   27   67   58   31   35   33   15   16   21   22   40   55   18   21   26   42  
  19   33   70   75   72   17   55   20   42   16   44   47   63   29   74   34   49   18   69   40   46   56   50   54   45   28   36   67   37   11   62   38   27   54   22   22   24   40   15   21   65   46   58   52   51   31   65   58   71   25   32   75   72   14   39   12   43   59   60   66   41   13   68   53   41   61   57   30   26   48   64   23   35   73   58  
  60   12   54   14   34   48   32   27   51   39   21   19   34   42   47   41   26   46   22   72   15   52   45   20   75   62   28   25   29   33   55   49   55   67   71   63   11   69   70   24   66   65   37   13   44   56   53   68   43   40   19   74   35   68   23   64   16   74   61   59   18   30   24   36   19   31   73   36   38   17   57   50   47   47   58  
  22   36   44   68   15   74   21   59   58   30   51   61   50   67   28   60   32   29   27   16   38   42   16   15   46   69   20   43   27   37   75   45   66   63   73   35   24   25   32   56   12   53   70   72   49   21   71   17   57   26   39   19   55   37   40   13   18   40   62   48   40   31   33   47   16   63   64   65   11   54   41   23   34   14   52  
  55   64   33   12   17   24   54   47   63   13   28   70   48   68   50   43   21   19   58   59   62   56   38   55   60   65   23   59   47   35   39   14   57   72   52   39   75   40   73   44   25   51   39   74   16   22   11   30   60   65   15   20   41   71   18   27   61   32   45   39   36   53   65   37   34   31   29   26   66   33   46   49   67   69   42  
  64   12   23   51   44   67   18   26   37   36   27   17   32   63   40   35   38   46   15   20   13   22   14   61   33   36   70   67   62   75   43   24   69   73   74   30   16   53   14   19   66   58   39   53   47   42   49   21   71   59   40   54   69   41   31   48   68   51   29   57   60   34   52   11   45   25   55   65   50   12   18   56   72   26   28  
  25   45   15   19   16   26   50   58   72   42   55   17   46   66   57   74   20   70   18   41   43   67   29   59   32   11   50   68   56   22   21   54   46   64   24   60   12   27   34   65   51   35   33   13   47   23   37   42   62   27   75   28   38   71   49   53   14   40   24   50   31   30   31   21   36   69   39   61   73   52   44   48   34   63   20  
  54   23   14   17   45   21   24   59   43   36   70   68   39   11   34   70   22   53   44   32   37   41   40   71   11   58   66   57   48   55   51   28   61   16   50   13   72   62   34   75   46   29   49   30   19   64   56   31   65   25   32   35   38   60   48   18   74   37   20   73   52   12   63   69   35   27   47   67   42   26   33   38   70   73   15  
  69   45   26   71   18   36   14   16   55   17   41   31   74   13   53   49   20   48   12   52   39   75   53   42   19   33   30   46   49   38   19   65   43   23   24   22   61   54   50   15   47   60   39   58   27   57   35   59   29   25   61   67   68   23   73   28   63   51   11   56   37   66   63   34   70   72   64   14   40   14   32   32   62   44   21  
  52   40   74   75   43   26   36   39   23   16   45   25   32   40   50   20   28   70   51   19   44   37   66   29   18   63   71   45   24   22   21   61   73   64   69   56   58   67   13   54   17   31   37   36   33   60   53   72   12   48   49   33   59   15   27   37   62   30   55   11   40   42   37   46   47   64   38   14   34   57   41   68   39   65   35  
  75   61   66   13   23   26   52   19   44   35   39   17   42   25   64   67   68   36   59   21   46   51   45   62   29   38   37   53   24   16   43   74   31   15   67   73   27   52   20   68   34   41   12   30   12   18   49   32   70   71   69   60   56   28   54   28   33   40   11   63   51   50   58   28   22   47   14   57   68   65   48   55   50   72   56  
  69   18   27   54   19   51   70   33   60   43   75   22   20   37   25   41   40   19   55   50   35   16   65   73   52   12   15   64   71   31   58   53   23   44   47   49   67   30   62   42   61   21   67   37   56   71   24   34   66   59   17   26   30   71   38   18   39   63   70   13   23   46   48   45   36   14   74   57   72   32   21   28   29   11   68  
  68   22   28   11   22   20   13   29   74   75   47   51   32   56   59   25   34   20   53   43   61   14   45   20   36   63   12   58   65   52   73   23   48   50   60   27   56   26   29   55   54   59   30   66   57   37   29   42   38   16   18   19   17   70   30   46   31   41   72   33   49   44   69   39   40   71   21   67   64   62   37   35   15   63   24  
  35   53   56   28   20   12   17   28   57   54   60   37   67   75   41   49   23   20   33   46   38   11   65   49   24   61   44   26   42   51   19   34   58   70   54   73   16   21   25   41   53   68   15   45   55   63   52   18   64   40   66   36   69   22   47   27   63   29   43   59   30   62   48   61   13   74   14   32   50   31   69   20   39   71   72  
  35   62   25   65   26   55   70   73   39   74   53   49   24   20   48   15   37   16   28   27   29   61   71   59   54   42   74   22   30   19   21   67   70   64   38   13   50   38   11   34   58   45   57   75   72   25   41   47   60   33   32   14   12   66   18   17   52   17   16   31   44   56   61   69   35   51   46   23   64   36   45   43   68   40   63  
  44   47   53   70   71   37   30   28   25   63   23   50   22   69   26   56   36   72   58   62   13   38   39   52   27   55   42   64   32   24   51   74   33   14   68   60   40   44   28   35   73   52   17   70   18   13   48   49   15   41   66   54   12   57   34   46   11   45   21   28   75   43   31   34   61   16   29   34   19   59   14   67   55   65   20  
  25   51   52   20   19   15   33   32   14   31   59   67   30   44   51   24   63   74   50   37   65   71   37   49   21   11   47   28   13   40   55   17   68   57   74   36   73   43   31   65   41   22   17   60   19   42   64   70   12   39   69   18   30   54   53   45   61   72   38   27   26   62   11   16   58   48   46   44   35   56   29   23   66   34   75  
  53   72   36   49   26   51   30   46   27   73   45   19   13   39   37   67   52   23   55   70   42   29   69   28   64   66   65   44   56   16   15   21   58   50   58   32   26   13   48   34   71   63   57   31   31   74   24   18   68   25   46   33   61   22   60   35   12   41   51   38   62   18   17   54   43   25   47   14   59   20   11   40   23   57   75  
  13   19   13   39   71   43   61   72   63   48   11   24   30   23   51   17   57   54   50   60   28   46   32   65   33   32   42   65   21   44   49   56   58   35   55   27   58   66   53   74   14   70   69   41   52   25   64   36   15   34   31   44   18   29   47   45   37   67   73   12   53   16   68   58   26   39   59   75   62   22   20   40   38   14   26  
  28   34   30   54   19   11   32   35   42   69   39   14   47   59   42   43   26   48   67   16   31   45   23   17   55   18   57   70   55   53   62   61   28   26   20   73   44   38   13   68   21   12   36   63   72   41   75   20   37   27   61   33   39   46   40   22   26   52   56   44   69   64   58   71   15   49   25   65   24   66   29   60   74   50   51  
  74   15   32   24   29   41   30   50   70   54   23   18   35   51   67   37   18   53   33   69   69   39   60   22   40   14   45   66   56   16   43   61   34   64   19   62   33   44   61   12   31   73   26   72   55   21   63   28   59   71   46   42   65   13   52   17   47   68   48   70   38   58   66   25   32   20   33   15   11   32   36   49   57   27   75  
  68   18   15   25   59   55   71   14   48   74   35   12   30   61   67   33   63   32   66   19   64   75   27   16   45   13   44   70   40   39   36   60   11   58   50   21   50   45   43   56   52   29   28   34   31   69   59   16   68   53   38   73   47   41   46   23   42   49   24   57   51   26   62   20   72   17   51   22   49   75   37   65   54   74   34  
  59   30   32   34   74   71   11   18   15   43   41   37   58   56   42   29   60   45   48   68   19   29   26   24   73   22   13   54   46   17   16   57   35   19   50   51   64   38   72   33   53   47   66   62   67   39   23   74   22   28   53   55   61   21   65   36   44   23   20   52   31   14   69   63   68   55   12   75   25   40   37   70   49   63   27  
  36   64   56   17   56   25   27   25   66   61   24   60   53   34   73   11   18   48   68   75   40   46   16   50   14   28   21   32   74   12   43   41   58   47   71   63   19   39   13   49   72   51   26   42   50   65   16   59   33   37   31   69   44   35   20   55   70   57   30   54   22   28   29   33   62   15   67   52   52   45   38   23   19   62   22  
  57   26   51   43   73   23   13   69   42   48   27   71   53   74   47   43   45   30   36   20   28   54   33   33   14   39   60   29   32   58   41   22   35   37   46   23   66   65   44   62   40   11   31   15   38   61   34   50   55   72   64   75   25   51   49   19   12   58   54   63   52   18   25   21   24   16   39   54   25   67   17   68   56   70   59  
  33   42   46   51   67   31   29   12   45   64   23   55   64   14   53   49   74   19   72   24   35   15   51   16   61   65   75   25   16   63   70   50   38   31   24   73   47   59   58   71   40   36   28   32   64   52   54   26   30   54   51   37   21   18   11   13   62   20   43   56   73   68   22   44   60   66   14   41   48   57   39   34   27   17   69  
  16   21   69   73   34   57   38   25   72   65   44   56   60   66   71   42   27   39   27   48   31   22   62   47   75   18   20   60   32   38   63   36   64   55   38   68   52   42   24   11   74   61   28   46   22   40   70   53   26   11   51   30   35   67   13   23   49   45   29   12   70   54   59   36   41   58   50   54   15   37   14   33   17   19   43  
  22   39   14   24   53   29   16   75   12   19   20   72   41   60   66   71   11   63   26   56   68   21   17   50   25   27   26   33   73   34   43   35   67   23   74   54   28   31   34   70   40   34   57   47   37   46   51   11   36   67   50   48   42   13   62   59   18   69   61   32   58   60   49   52   44   38   55   15   50   64   64   30   45   17   65  
  30   63   24   23   59   37   56   34   72   74   60   14   28   32   11   64   27   52   39   49   70   12   13   54   58   25   59   57   44   36   41   65   46   22   75   31   26   62   16   73   20   71   45   13   21   40   45   43   47   44   51   29   53   17   19   69   55   61   61   15   42   28   73   33   66   18   48   64   38   67   50   35   70   68   56  
  69   21   60   65   35   74   43   38   61   12   26   65   71   34   20   46   50   17   29   40   22   69   41   58   56   65   15   63   45   28   11   39   64   55   73   44   23   36   33   52   30   37   61   67   66   57   25   70   68   54   51   62   27   57   31   37   32   18   42   13   19   15   14   72   75   24   53   16   47   60   59   49   54   48   73  
  48   32   29   61   24   55   33   38   17   13   71   66   50   70   74   23   24   45   11   48   25   20   34   38   46   26   61   75   43   24   21   42   35   72   19   41   36   16   68   51   64   11   60   56   42   52   65   47   18   73   22   54   44   62   46   27   40   59   71   58   12   37   14   69   30   57   67   31   63   39   53   27   28   49   15  
  53   41   67   57   69   43   66   64   21   62   12   14   63   42   68   58   51   52   52   65   75   70   31   67   20   37   24   56   16   44   28   35   17   33   46   38   75   40   45   72   32   19   73   60   13   50   54   50   57   71   61   36   30   15   39   29   18   49   74   47   59   71   11   31   55   26   22   71   27   71   34   56   48   23   25  
  44   69   48   61   21   59   63   52   24   40   45   56   75   73   54   74   15   24   62   50   13   14   68   26   16   64   17   42   23   33   12   13   70   47   42   27   38   72   20   53   32   18   66   46   22   28   65   67   57   41   19   17   13   37   48   51   31   35   43   11   36   58   30   39   59   55   25   49   71   60   20   46   25   34   29  
  75   58   54   55   32   30   17   64   29   33   68   60   13   73   46   42   68   39   21   26   63   58   37   69   71   70   25   50   44   56   36   11   19   47   61   62   28   47   31   16   41   52   13   49   38   45   65   18   20   22   57   51   14   53   67   56   46   12   43   59   72   74   23   12   40   39   34   24   15   48   35   27   66   11   40  
  58   28   38   63   32   50   14   34   64   68   54   30   65   17   62   18   52   53   41   26   31   56   24   48   27   66   15   69   43   61   21   47   55   16   40   59   19   29   49   11   73   13   42   28   12   51   44   39   57   36   69   14   48   33   48   46   71   20   72   43   11   75   50   67   35   37   64   25   22   74   45   60   41   23   70  
  49   63   35   12   67   48   68   33   56   74   18   72   54   36   71   53   42   75   47   25   46   15   44   66   11   58   20   70   18   32   26   13   62   55   28   31   61   30   73   22   14   37   69   23   57   40   34   75   54   51   39   62   60   27   57   24   65   64   29   14   16   38   59   41   21   50   52   45   62   71   19   17   53   43   72  
  31   16   67   15   75   27   29   66   44   22   12   12   57   21   54   36   39   30   47   52   50   41   45   65   64   28   32   17   58   18   51   26   13   61   62   53   29   43   34   48   38   46   49   51   45   70   59   48   71   72   19   60   37   24   63   68   25   11   69   23   11   56   74   49   20   73   40   14   14   33   42   37   55   35   62  
  53   42   64   70   67   51   58   37   74   25   40   63   69   41   32   52   33   23   18   59   48   66   39   65   38   49   29   50   22   43   37   55   47   46   60   31   13   26   20   11   68   75   62   16   23   71   31   24   12   20   17   62   56   44   33   34   56   36   30   33   45   55   72   15   61   54   35   14   27   57   57   73   19   21   28  
  53   27   71   69   72   33   29   45   49   25   70   39   67   73   68   48   44   12   23   36   18   19   13   61   58   17   63   41   16   35   62   69   74   66   37   56   40   48   63   30   57   46   26   51   11   15   31   52   14   29   65   20   32   75   64   22   47   38   21   28   59   34   54   56   55   45   50   58   24   43   15   31   47   42   60  
  63   36   44   47   57   51   29   25   41   68   66   28   63   20   21   75   31   11   26   37   39   40   46   74   30   62   32   54   19   13   23   74   18   70   42   53   56   33   66   60   73   16   72   37   71   34   52   47   74   27   55   67   49   64   59   50   15   67   33   35   17   65   12   61   42   22   14   38   24   39   48   45   58   43   69  
  63   44   33   59   29   14   65   18   69   42   55   43   47   31   72   60   51   66   13   34   75   30   62   52   22   50   67   25   45   39   26   21   48   73   20   17   36   71   23   15   32   33   18   41   54   58   70   56   71   53   40   61   72   24   57   19   68   36   37   64   18   35   49   16   46   11   27   12   35   21   28   75   38   64   74  
  36   34   71   65   63   25   46   47   29   27   64   68   67   74   17   45   73   33   51   26   31   29   62   12   13   15   21   54   44   37   68   47   20   35   56   49   32   25   43   23   53   16   24   19   39   14   57   15   75   52   40   42   59   55   37   72   28   59   48   68   30   11   60   58   66   38   18   41   12   69   61   70   22   50   49  
  47   14   54   45   39   27   46   52   29   72   49   16   48   14   35   13   55   61   19   74   59   75   36   26   51   62   71   18   23   56   31   12   68   37   64   11   20   63   26   25   44   36   40   21   68   65   33   73   22   69   33   53   42   60   15   28   40   66   50   70   32   69   30   38   67   24   57   17   43   58   16   41   34   25   61  
  44   37   25   13   63   27   59   21   63   26   51   69   67   38   75   66   46   31   48   39   12   51   74   55   73   56   28   42   40   70   34   14   35   29   64   71   50   52   50   37   53   11   32   20   61   62   60   48   64   18   22   48   17   15   47   36   24   41   72   54   49   68   57   65   37   23   58   43   19   45   60   30   33   65   16  
  68   57   74   47   16   35   75   73   32   36   56   33   69   27   43   55   61   62   12   52   14   61   15   18   21   31   42   13   48   26   58   72   53   24   58   60   71   25   44   50   67   23   46   27   11   66   20   45   39   64   65   30   13   49   63   72   38   40   17   59   75   28   51   34   53   18   37   19   41   52   70   22   69   54   29  
  48   49   14   58   55   29   32   25   12   17   27   40   59   13   48   36   20   75   26   65   73   53   33   55   37   72   46   11   66   62   68   22   42   22   43   51   42   21   16   22   32   61   64   47   18   69   25   21   34   19   45   68   52   67   31   41   70   15   56   38   74   24   50   28   63   39   54   35   47   30   44   57   71   60   23  
  68   34   19   48   46   30   24   22   17   65   12   14   41   75   44   30   51   62   37   33   39   73   45   57   64   53   21   58   38   36   30   14   60   30   41   61   23   43   56   49   20   52   26   35   23   25   13   69   16   50   32   59   69   42   55   40   28   29   18   30   54   74   31   70   15   63   67   27   66   25   71   32   11   72   47  
  73   49   16   64   37   62   19   72   55   15   48   68   67   43   66   59   44   47   52   26   49   27   34   65   24   11   33   71   58   20   55   28   53   56   71   29   38   54   45   39   13   28   36   12   75   18   31   14   70   61   34   51   57   63   32   50   41   60   74   25   21   35   50   23   30   73   69   54   42   45   17   40   46   21   22  
  63   11   67   28   71   55   36   65   30   12   40   29   66   75   50   47   46   36   18   37   39   34   73   52   23   75   54   27   41   49   71   42   28   58   64   65   44   31   13   51   19   25   74   62   16   59   22   17   24   64   29   32   53   14   43   35   56   45   15   60   72   20   69   57   20   38   61   26   70   48   21   52   71   68   33  
  16   52   65   11   19   73   61   24   42   15   27   71   75   67   34   18   38   67   31   39   26   14   49   63   28   36   50   66   73   64   57   32   46   36   33   68   12   48   70   45   55   23   37   49   41   35   59   53   17   44   21   25   45   62   43   13   40   47   72   20   22   38   73   51   69   58   19   29   54   38   45   30   74   60   56  
  17   52   13   15   60   35   28   30   43   55   16   53   56   11   74   14   50   31   34   63   18   36   39   40   58   46   38   59   49   41   33   47   36   49   75   21   72   67   58   26   37   24   55   45   73   69   64   67   23   66   24   60   33   32   48   25   63   21   27   12   70   57   71   68   20   42   29   62   51   61   22   65   44   19   54  
  69   42   67   61   54   56   73   67   48   63   49   36   34   18   35   14   56   29   32   35   59   62   55   19   24   22   45   66   53   33   58   27   52   37   57   68   11   38   31   17   47   26   30   60   16   44   40   53   50   40   43   38   41   71   21   64   45   28   72   17   20   13   39   15   19   12   70   51   74   65   25   46   75   60   23  
  75   59   31   58   73   33   54   27   28   31   63   43   64   24   61   69   36   32   21   52   35   39   30   57   47   23   60   70   63   50   55   16   41   42   22   18   53   19   40   45   44   66   15   57   29   20   22   75   37   36   48   23   67   26   46   49   51   17   56   72   23   34   68   25   74   71   65   12   38   62   11   14   65   13   57  
  18   26   65   42   48   46   29   22   60   56   64   20   31   67   17   74   40   48   45   23   37   43   39   48   11   51   34   38   73   49   50   21   18   53   55   57   16   33   64   36   25   69   30   44   47   41   70   24   66   61   24   13   32   26   54   14   35   30   15   56   27   71   19   59   58   12   63   62   52   68   75   19   28   72   73  
  51   32   12   41   29   63   36   24   75   61   52   66   72   71   55   64   74   52   15   62   67   73   39   33   42   40   17   38   15   46   31   75   57   34   58   22   44   53   70   65   23   13   47   43   26   14   69   57   49   37   27   56   60   21   48   35   50   25   49   69   65   30   68   45   28   16   19   54   20   37   33   17   18   59   11  
  31   37   57   51   44   75   34   65   59   63   53   48   74   49   63   27   38   26   24   54   11   22   23   52   43   61   70   67   32   50   58   15   30   21   12   11   73   66   53   62   70   71   75   33   60   67   16   14   20   39   69   29   46   18   25   35   17   68   45   64   26   72   40   28   35   36   42   19   47   41   56   55   56   37   13  
  53   37   17   54   56   49   32   74   63   15   69   19   56   19   29   67   25   33   29   16   11   64   26   70   45   68   39   66   44   65   57   50   48   15   20   62   42   22   71   12   50   60   30   37   40   46   74   59   72   75   47   23   51   21   28   24   34   70   73   35   41   43   14   38   58   13   48   55   68   27   52   61   31   36   18  
  20   22   28   50   35   24   59   15   15   73   34   65   30   49   58   41   45   23   32   27   31   55   13   25   48   57   44   14   68   46   61   51   54   11   71   74   39   50   63   29   70   38   34   75   66   52   22   36   56   60   40   67   53   12   17   33   28   21   62   64   19   42   47   16   57   72   69   11   28   43   22   26   30   18   37  
  63   29   74   38   12   46   23   70   48   57   33   27   51   68   17   52   58   16   36   69   11   21   54   53   59   67   31   45   42   55   31   47   20   75   66   49   40   48   39   13   60   73   22   71   37   56   64   72   43   50   18   31   62   32   65   15   25   42   26   26   35   14   30   24   47   28   53   41   61   22   34   49   49   19   44  
  43   54   48   14   27   18   13   69   45   25   33   17   53   49   72   39   22   16   74   23   21   60   64   31   41   67   58   21   75   61   73   70   37   15   59   38   68   44   24   68   34   55   29   25   26   32   62   66   46   57   36   52   20   56   71   23   63   32   35   29   61   50   28   21   40   51   19   41   52   12   42   11   47   30   65  
  26   54   39   46   14   74   48   43   21   43   12   54   62   16   28   52   20   37   53   60   35   68   51   55   43   70   42   73   41   33   36   15   39   64   27   63   38   41   57   43   31   54   62   30   75   65   44   25   19   47   50   11   18   40   58   56   45   61   67   66   69   34   59   32   71   13   17   67   23   29   59   24   22   49   72  
  34   23   44   46   48   75   23   16   50   58   51   23   53   42   20   70   30   31   73   28   41   56   18   63   19   72   15   40   64   12   22   52   11   70   43   32   21   53   53   65   75   71   26   55   68   36   47   57   69   37   33   60   14   29   38   35   66   54   24   49   33   59   16   13   62   40   39   45   17   25   67   74   27   61   42  
  65   62   25   26   52   40   37   33   29   66   63   21   27   42   24   16   67   45   73   53   39   55   52   11   71   17   23   35   72   32   58   71   68   13   25   74   36   31   70   50   12   75   41   20   51   47   28   64   43   51   34   31   18   59   49   19   57   60   46   38   43   14   56   54   69   30   15   44   30   48   39   33   22   61   56  
  45   67   32   32   52   46   23   19   28   11   64   65   33   40   53   50   55   43   65   22   51   31   62   70   41   59   55   23   48   30   74   71   47   36   24   20   38   17   35   66   57   49   16   39   75   56   45   72   68   24   42   63   61   29   54   69   18   13   58   15   75   26   24   44   49   34   21   60   73   11   25   27   12   14   37  
  11   46   69   42   15   44   66   58   35   51   36   62   64   74   71   61   60   67   18   40   39   65   41   55   24   27   70   28   31   23   32   26   52   16   59   20   43   32   13   25   72   34   12   21   68   57   63   56   73   38   17   54   75   37   53   46   19   43   41   49   41   50   54   35   16   22   57   31   30   33   48   47   45   29   14  
  72   40   41   43   23   73   58   36   24   44   22   26   35   43   20   45   46   74   47   31   64   19   58   21   49   55   17   65   60   62   11   51   16   66   33   54   71   67   43   34   69   63   15   53   42   14   51   37   70   13   61   52   32   59   57   28   12   30   48   29   25   36   39   26   26   68   75   67   53   50   27   38   64   18   56  
  69   32   11   55   26   38   52   38   23   46   47   45   37   68   53   67   43   59   50   61   40   28   70   20   73   27   44   64   13   24   69   49   17   72   54   63   58   27   60   52   39   56   14   46   57   71   12   31   34   66   41   51   33   22   74   16   62   36   75   40   12   36   35   53   21   42   48   15   46   30   18   25   19   65   29  
  70   61   35   63   66   44   50   18   64   40   54   48   71   32   35   57   16   50   13   26   45   28   34   62   47   40   58   60   11   69   72   17   29   23   60   36   36   55   30   24   74   46   73   33   19   20   39   75   42   50   59   35   67   15   52   21   25   56   66   38   53   43   22   49   15   31   65   27   51   32   14   12   37   41   68  
  65   59   15   38   75   28   68   37   33   37   23   17   12   75   36   69   29   58   71   40   40   70   64   54   51   61   15   33   27   18   41   21   48   13   24   20   36   16   14   24   61   47   39   22   30   52   11   25   53   60   26   49   45   74   19   35   32   72   39   73   31   67   50   42   63   46   44   62   34   66   57   41   56   43   55  
  56   74   15   50   50   66   11   62   43   36   28   22   20   34   29   26   16   70   25   47   33   73   68   41   45   13   68   14   64   53   35   52   12   31   18   14   60   27   32   18   65   27   44   40   39   75   30   59   19   72   23   38   14   61   59   25   54   55   42   58   25   67   21   46   57   17   48   14   37   63   69   24   71   49   51  
  47   27   21   35   18   62   51   16   75   72   28   66   13   29   71   55   31   59   43   14   65   69   56   70   39   57   73   43   41   36   45   63   40   17   39   64   23   21   52   35   13   50   69   53   46   37   30   73   24   51   62   49   48   67   42   58   68   26   44   19   31   32   38   12   54   15   33   11   25   61   22   34   74   60   20  
  41   34   72   15   75   24   31   67   53   37   23   65   41   18   13   46   12   42   64   68   38   30   18   52   62   27   56   36   55   20   39   28   21   63   44   16   40   58   29   71   32   48   74   22   53   60   25   49   46   57   61   11   74   40   50   32   14   26   54   43   17   59   19   51   35   69   73   33   47   66   14   45   20   70   22  
  22   66   74   42   61   28   68   62   56   50   36   34   39   65   60   16   53   67   64   23   68   19   36   47   57   31   31   51   72   14   41   46   64   68   15   29   63   17   18   71   34   41   34   52   69   24   21   75   12   58   25   32   36   45   54   48   20   40   26   59   73   33   43   44   36   55   11   13   37   30   49   38   27   35   70  
  73   68   17   29   60   64   11   37   50   20   39   51   70   27   41   62   42   71   26   74   54   48   49   13   30   54   57   43   55   63   19   34   66   15   18   44   56   33   16   21   40   23   47   13   28   67   69   32   14   65   12   38   33   35   72   60   58   19   24   19   46   75   61   45   30   29   36   59   31   22   22   25   52   53   19  
  23   75   43   62   31   38   64   14   58   26   54   18   12   72   51   42   61   36   68   21   65   33   26   15   74   52   66   59   28   70   44   49   32   67   46   22   55   11   55   17   48   63   68   60   53   13   69   16   40   67   56   34   42   55   73   30   57   37   18   35   45   50   71   20   64   47   27   24   56   25   18   39   19   41   29  
  68   22   42   41   70   21   23   12   11   57   18   60   40   66   19   43   53   28   27   46   37   36   57   61   56   61   28   39   63   21   14   16   35   48   15   47   58   64   13   25   65   34   24   71   59   75   52   38   69   51   73   74   36   49   20   13   29   30   62   46   54   54   32   26   50   45   66   72   17   33   55   44   67   51   31  
  39   64   61   43   53   17   52   19   29   71   28   34   11   62   22   75   69   12   42   74   36   57   70   56   45   40   68   58   17   70   25   65   49   31   13   30   44   64   33   50   32   46   41   54   24   63   44   35   71   18   60   73   57   55   26   72   47   67   30   21   48   23   14   53   59   66   37   15   27   28   38   21   51   20   16  
  28   27   27   22   38   22   47   21   43   33   73   58   24   24   34   45   37   13   18   55   50   20   16   65   72   25   70   52   67   59   75   14   12   54   49   36   44   17   57   51   53   68   61   29   41   40   48   66   46   71   74   26   33   15   56   17   53   11   19   60   62   21   69   63   30   18   64   35   54   25   23   32   31   42   39  
  45   21   49   53   32   66   46   15   62   26   11   18   70   31   54   56   58   72   55   64   38   39   73   57   63   43   24   27   37   14   38   69   16   60   68   59   49   51   20   52   75   67   38   42   24   33   74   48   47   41   40   56   65   13   30   50   28   44   34   12   17   56   64   59   35   19   71   18   22   63   29   61   23   25   36  
  57   36   28   12   46   73   30   53   45   68   34   63   47   14   56   39   11   60   35   43   65   37   55   40   42   51   44   61   18   24   27   58   31   52   75   22   15   53   41   17   16   70   50   33   40   23   34   18   36   13   49   19   67   72   71   54   64   66   56   32   38   21   69   59   48   20   66   25   64   26   62   74   29   23   28  
  32   43   75   17   20   57   72   35   29   22   22   62   54   61   16   15   48   46   68   40   38   37   36   63   45   66   73   31   60   26   37   33   32   12   24   74   51   70   52   64   61   39   36   56   72   49   18   67   23   55   11   69   19   47   21   28   64   53   41   65   25   71   45   50   13   44   34   59   42   14   30   58   27   52   24  
  43   50   55   44   22   37   27   75   28   68   30   66   75   57   39   58   67   25   17   70   31   72   29   18   63   54   42   62   23   41   15   65   24   50   33   46   14   16   32   36   64   68   71   26   49   57   69   73   56   35   67   53   52   45   33   61   74   59   20   12   48   32   11   19   51   47   20   21   40   55   34   13   60   72   38  
  12   60   40   23   24   38   13   33   23   42   73   49   15   14   25   34   35   73   39   36   16   52   52   48   71   30   75   41   43   18   44   58   67   50   56   20   19   70   26   61   21   22   47   31   71   11   68   32   57   46   29   72   27   62   11   55   53   37   45   51   74   63   29   20   64   59   28   31   32   14   65   69   54   66   17  
  62   24   53   70   49   54   21   23   74   33   38   40   30   46   51   25   63   69   47   50   41   66   64   68   14   65   59   52   16   48   32   26   58   35   20   29   43   37   55   73   48   40   72   61   33   45   22   15   36   57   44   27   18   75   43   12   71   27   19   17   11   56   34   13   39   72   28   60   67   42   31   32   67   52   21  
  19   27   26   53   29   54   50   35   32   22   16   33   15   31   38   43   68   37   42   21   72   50   12   37   70   18   25   39   45   23   67   31   49   65   51   52   75   34   24   56   74   26   64   47   61   13   30   41   16   63   69   60   58   27   66   62   40   66   20   36   55   14   44   48   48   54   28   17   46   71   73   59   52   57   11  
  60   50   58   48   28   75   72   36   43   64   55   58   66   30   31   32   29   46   52   54   36   63   14   62   35   40   27   49   12   17   71   43   69   62   15   42   70   23   21   26   67   61   72   39   18   74   33   41   51   25   24   23   51   37   34   69   44   53   45   59   47   68   16   13   20   38   65   56   11   22   19   29   57   73   32  
  51   70   59   57   71   68   17   21   65   32   47   41   23   75   30   38   45   36   72   39   58   20   42   74   26   35   27   73   16   64   12   24   14   46   13   57   61   32   33   54   48   25   19   64   56   15   22   69   42   52   50   73   28   61   49   63   40   60   29   31   43   67   37   67   34   18   53   11   15   66   32   62   55   44   29  
  68   58   17   57   31   29   69   20   52   48   62   11   28   30   16   25   47   46   18   21   53   12   66   63   39   73   42   19   55   33   66   59   69   37   45   69   51   15   43   67   71   24   56   50   38   70   49   14   60   61   34   54   27   36   34   40   34   52   35   64   23   65   32   62   13   75   40   44   41   74   15   72   28   22   26  
  38   33   24   29   13   49   18   44   74   61   37   48   56   26   43   75   36   47   18   63   19   70   46   59   22   69   38   45   31   73   14   18   12   17   15   68   16   57   58   30   66   51   34   39   64   11   60   57   53   62   27   67   72   41   25   54   55   28   35   34   21   23   42   40   20   54   65   32   52   44   75   28   71   75   50  
  59   22   37   30   57   68   71   25   52   27   13   59   70   29   40   35   33   74   68   25   44   65   51   39   55   73   49   16   64   14   46   35   58   28   45   41   67   52   36   56   62   42   32   17   11   23   66   25   60   20   26   12   75   23   31   18   43   38   34   61   72   53   15   69   63   48   24   50   19   47   18   54   54   21   54  
  69   36   25   16   54   47   73   23   62   20   27   49   42   67   41   20   51   55   59   14   35   51   72   57   37   39   73   25   68   13   75   60   70   58   38   30   12   22   54   70   71   33   24   66   66   56   40   51   17   15   43   52   45   21   63   74   31   50   18   65   53   48   19   32   63   34   64   11   26   44   61   46   28   67   29  
  74   53   48   35   61   33   73   40   26   66   13   34   28   70   19   55   54   23   68   62   64   63   47   75   41   48   36   20   22   25   58   24   12   45   43   37   68   69   14   39   28   54   46   30   59   31   44   46   71   52   18   72   21   17   49   16   65   27   15   42   57   51   56   68   67   60   29   32   63   11   50   35   31   38   21  
  17   36   21   58   59   22   29   13   25   55   72   19   28   72   37   62   14   25   18   57   38   71   11   44   66   63   23   47   45   48   64   69   56   65   34   12   58   42   35   67   52   41   39   24   70   20   43   30   26   74   70   53   51   63   75   54   31   73   40   60   12   71   68   15   34   32   31   50   33   49   27   16   46   61   22  
  14   40   64   72   31   12   21   34   56   11   53   63   52   30   22   66   22   41   65   50   57   19   56   51   15   65   70   42   29   27   41   61   16   28   48   18   72   31   59   24   13   20   57   39   35   54   68   13   43   47   26   46   38   73   55   49   23   74   60   36   33   58   25   37   44   71   62   69   45   71   17   75   32   67   31  
  45   59   51   30   28   21   31   58   47   61   15   26   70   11   64   49   25   24   39   38   52   42   42   71   65   12   72   23   73   38   14   37   14   29   16   54   13   57   33   44   21   63   19   43   18   68   55   20   43   69   22   67   56   41   17   64   12   60   50   46   66   34   48   53   73   36   32   52   66   35   40   62   75   27   74  
  19   51   11   47   14   16   24   57   22   42   43   61   69   71   44   48   62   58   28   25   63   67   64   63   50   75   23   57   33   46   66   49   72   18   37   32   31   69   39   20   67   56   40   45   30   54   60   55   73   47   53   65   34   35   21   70   68   26   27   38   29   67   59   13   41   49   12   52   36   28   18   17   74   15   68  
  63   39   57   30   74   38   69   27   55   18   67   59   19   61   15   42   52   54   44   13   41   34   40   70   31   17   41   59   22   60   33   51   35   14   65   28   75   62   23   12   14   49   29   25   58   11   48   43   33   37   24   68   20   50   56   51   71   47   72   36   66   16   59   51   73   61   32   29   46   12   21   26   64   45   53  
  45   19   31   15   74   37   55   68   58   54   52   28   36   35   47   42   32   39   70   13   25   53   14   43   58   73   67   24   27   38   44   17   58   18   47   64   75   59   71   61   26   60   49   29   66   12   69   25   30   46   20   57   23   65   41   33   51   50   22   50   53   11   34   62   56   72   40   53   63   67   48   21   41   16   75  
  11   68   71   59   58   47   29   66   18   14   61   54   30   57   31   47   12   34   63   67   73   56   65   43   62   14   16   69   60   67   42   72   21   17   75   55   51   27   48   53   22   40   44   15   46   41   50   17   28   31   23   20   49   39   37   13   60   38   19   36   52   70   24   74   23   35   26   45   62   12   64   32   69   33   25  
  61   34   55   66   21   44   40   11   13   36   19   21   63   26   30   58   48   43   67   60   71   35   33   40   20   68   31   42   23   53   32   39   16   17   24   51   37   74   29   22   25   37   47   72   73   17   52   38   45   41   19   62   28   18   12   16   27   64   15   49   27   66   70   54   56   69   14   65   59   19   46   50   57   75   55  
  23   41   30   25   58   57   36   11   39   26   64   37   61   28   19   44   65   68   53   71   16   32   34   38   60   31   43   66   49   38   13   27   50   17   61   33   14   56   16   48   15   17   34   16   21   63   62   34   22   40   70   54   59   20   47   69   72   45   42   18   29   32   35   52   74   51   24   12   44   73   46   55   75   70   67  
  30   64   15   14   69   50   74   53   59   11   21   45   15   28   42   33   68   70   17   22   61   24   35   51   63   12   53   48   29   34   23   31   30   58   16   70   37   11   71   55   19   27   51   26   36   72   20   13   38   62   11   25   69   43   47   75   49   60   32   40   57   66   52   67   56   65   41   73   54   18   46   57   44   39   35  
  15   31   39   62   18   27   67   66   21   50   58   16   33   29   19   48   42   11   49   70   24   42   64   43   65   22   20   68   57   74   40   12   34   52   50   61   72   41   51   53   11   17   13   47   35   64   19   13   32   69   71   23   60   34   58   44   38   56   25   55   73   73   45   63   46   30   35   26   14   37   28   36   75   59   54  
  72   69   38   30   27   46   28   70   44   54   11   68   33   40   61   40   67   31   64   40   63   75   37   59   61   41   36   29   75   42   49   58   71   55   75   52   19   53   74   12   26   65   39   57   25   14   62   56   24   32   45   57   15   50   66   20   23   24   40   43   21   48   40   22   73   35   47   13   16   42   18   34   60   17   51  
  73   57   19   70   29   72   66   47   75   24   72   34   64   48   25   18   58   54   68   49   41   21   74   32   56   75   35   27   20   13   28   61   45   31   12   55   23   71   51   46   41   43   26   52   60   40   12   16   14   33   30   36   22   69   59   26   15   62   66   44   23   63   37   11   42   27   38   39   17   65   53   73   67   72   50  
  68   42   24   25   14   19   62   48   64   42   67   34   50   66   73   59   56   65   28   42   43   75   69   51   73   60   54   49   55   52   27   20   15   22   45   35   31   17   63   16   38   74   70   26   11   42   32   21   12   72   57   41   61   29   40   23   36   13   68   47   64   30   44   33   58   72   39   71   46   39   36   53   37   18   35  
  75   35   25   62   53   30   24   49   29   47   16   73   37   59   40   20   21   41   41   23   19   26   49   51   43   66   33   64   63   18   34   15   36   31   50   44   69   65   18   45   61   28   70   68   11   27   58   53   67   59   72   57   19   55   56   32   42   22   33   13   11   14   24   52   46   60   71   12   48   56   54   17   39   38   74  
  46   62   67   47   43   47   74   56   11   28   13   52   72   19   68   61   35   54   71   34   40   26   17   15   13   58   24   66   30   29   48   67   48   73   33   65   43   18   69   25   21   63   20   31   57   14   47   53   42   75   38   49   36   64   16   39   44   22   72   41   12   73   70   55   59   27   50   23   32   51   60   31   42   45   37  
  27   26   58   37   33   72   25   54   24   47   67   40   60   70   58   62   51   61   69   57   50   12   63   45   47   22   11   15   19   23   13   16   20   35   43   52   41   59   53   17   50   44   66   73   39   42   40   56   46   68   48   32   13   30   21   18   22   34   64   49   74   75   14   31   38   66   71   55   29   30   36   49   65   28   33  
  55   13   22   41   20   57   30   54   73   16   45   67   21   40   23   61   28   58   38   59   70   72   50   71   53   13   60   14   51   72   29   32   28   62   35   31   75   19   75   56   37   41   15   66   11   65   24   42   18   48   63   25   17   43   74   47   26   68   52   51   27   36   49   44   19   30   18   46   70   34   64   39   12   69   33  
  60   48   56   18   35   11   53   28   43   20   67   51   58   69   38   74   27   12   16   63   32   73   52   40   44   45   30   29   22   25   50   19   16   37   33   58   54   64   57   34   41   75   15   48   47   39   68   71   68   11   73   59   20   17   46   42   36   62   61   13   11   52   59   24   21   26   66   65   70   49   55   31   23   14   72  
  72   18   44   55   22   30   71   23   27   29   17   40   34   37   14   68   24   39   75   12   12   29   51   32   15   41   20   47   54   73   26   42   45   49   60   19   70   31   67   61   63   57   58   36   22   22   38   43   63   53   13   65   59   35   21   64   33   74   66   56   17   11   25   16   69   16   52   47   46   62   48   35   50   59   28  ] 
BUDGETS : [    1    1    1    2   12   13   14   16   17   20   23   24   26   32   40   43   45   47   48   52   52   55   61   62   63   64   65   65   67   75   77   80   81   82   82   84   87   91   91   93   93   93   96   98   99  101  104  106  109  118  118  119  120  120  121  121  122  123  125  125  126  127  130  141  141  141  144  147  148  152  154  160  160  162  167  168  170  173  173  173  175  180  182  182  182  183  186  186  188  190  192  194  194  198  200  203  203  207  209  210  210  211  214  216  217  219  222  225  225  229  230  231  237  239  241  241  242  245  245  248  249  249  253  259  260  261  261  262  263  264  264  265  265  266  267  270  275  275  276  277  279  288  288  289  291  293  295  296  297  298  ] 
