K : 100
I : 50
PREFERENCES : [   12    3    0    0   15    0   19    5    0    0    0   18    0    0    0    0    0    0    0    0    0   16    1   10    6    0   11    0   13   17   20    9   13   19    0   10    8    0   14    0    0    0    0    0    0   15    4    2    7    8  
   8    0   19   12    0    0   17    0    0   15    0    3    9    6   18   17    0   13    0    0   11    0    0    0    0    1   16   20    4    0    5    0   10   18    0    0    2    0   14    0    0    0   16    0    3    0    0    7    4    0  
   0    0    0    6    0   20   12    0    2   19    0    0   15    0    0    0   14    1   16    9    0    5   16    0    3    0    0    0    0   17    0    7    0    0    0    8   19    4   16   13    0   10    0   18    0    0    0   19   19   11  
   0    3    0    0    1    5    0    1   14    0   15    7    4   18   11    0    7   20    0    0    0    0   12    0    0    0    9    0   16    0    0    0    0    8   17    6    2    0   13    0    0    9    7   10    5    0    0    0   19    0  
  13    1   15    8    4    6    0   20    0   16   18    2    0    0    6   12    0    0    9    0   15    0    3    0    7    0   15    0   10    0    0   11   17    0    0    0   17    0    0   14    0    0    5   19    0    0    0    0   10    0  
  13    0   11   14    0    6    5    0   17    0    0    2    0    0    0    4    3   18    2   15    0    0    0    0   10    0    0    0    0   16   20    9    0    0    0    0    0    0    0    8    1   11   12    0    0   19    7   15   20    4  
   0    0    1    0    0   18    8    7    0    2   15    0    5    9    0    0    0   18    5   13    0   17    5    0    0    3    0    1    0    0   12   19    0   16   20    0   14    0   10    0    0    0    9    0    4    6    0   11    0    0  
   0    0    0    0    0    4    0   11    0   15    7    1    0   17   19    3    8   10    9    0    0    0    0    0    0    1    4    0   18    0    6   12   10   16    0    2    0   14    2    0    0    0   20    5    0   13    0    0   10    0  
   4    0   13   10    7   20   16   17    3   18    9    8    0    0   12    0    0    0    0    0    2    0    0    0    0   15    1    0    5    0    0    7   19   19    0    0    9   11    0    2    0    0    0    0    6    0    0   14    0   20  
  20    6   15   12    5   13    0   10    0    0    0    0   19    0    0   11    0    2   14    0    8    7    0    0    0   12    0    4    0   12   20    0    3    0    0    0   17    0    0    9    0   16   20   18    0    1    0    0    0   10  
   0    0   14    0    5    0    0   12   13    0   15    0    0    0    8    2   16    0    9    6   11   20    0    3    0   17    1    7    4    0    0    0    0   18   13    0    0    0   11    0   13    0   19    0   10   11    6    0    0    0  
   0    0   11    8    0    0    0    0   15   16   17    0   11    5    6    0   19    0   14    0    3   13    0    0    1    0   12    0   20   13    0    0    0    0    2    0    0    0    7    0   16   18   18    0    4    9    5   10    0    0  
   0    0    8    0    0    0   13   15    0    2   19   12    0   10    0    0    0   20    0    0   14    0    5    9    6    4   11    0    0    0    0    0   16    0    3    0    7    5    0    9    0   18   17    0    0    1    0   17    2   20  
  16    0    0   12    4    0   20    0    7    0   16    0    0   13    5    0   14   19    6    2    1    0    0    0    0    3    8   12    0   10   11    0    0   18    2    0    0    0    0   10    0   15    0   18    9    0    0    0   17    0  
  11   13    0    0    0   12   10    0   14   18   12    0    0    0    0    0   19    0    0   15    0    5    0    0    0    0    0    0   15    0   17    8    1    0   16   17    7   20    5    4    6    0    0    0    9    3   17    0    0    2  
   0   10    0    0   15    0   12    0    0   18    0   14    9    6   13    0    3   16    0   19    5    0   11    0    5    0    7    0    0    0    1    0   10    0    0    4    2   20    0    7    0    0    8    1    0    0   17    0    7    0  
   0    0   18   14    0    2    9   17    0   13    8    0   10    0    3    7    0    0    6    0    0    5    0    0    1    0    0    0    0    0    0   20    0    0    0   16   17   11   20    0   12    2    6    0    0   15   19    0    4    6  
   0    1    0    0    7    4    0    0    0    9    0    0    2    0    1    0    6    0    0    0   18    0    6    3   11    0    0   16    0   10    0    8    0    5   20    0    7   13    0    1   19   15    0   12    0   11   17    0   14    0  
   8    4    0    6    0    0   11   16    0    0    6    0    0    0   10   15    0   12   12    0    0    0   14    3    0    7    0    0    0    0   20    0   18    7    0   19    0   20    1    5    0    0    0    0    9    2    0   17   13   17  
  14   20    0   15    0    0   13   12    0   10    0    3   19    5    0   17   10    0    0    0    3   18    7    0    2   13    0    0    0    0    0    0   16    8   11    0    0    0    0    1    0    0    6   19    9    0   14    4    0    0  
   0    0    0    7    0    4    3   17    0    4    8    0    0   16    0    0    0    0    9    0    0   19    0   14   12    0    0   15   13    0    4    0    0    0   11   18    2   12    5    0    5    0    0   20    0    6    0   10    1   20  
  14    0    0    0    2   20    0   10   19    0    0    2    0   16    0    0   17   12    0   18    5    0   13    7    0    0    0    3    4   17   15    0    0    1    0    0    0    0    0    0    9    0    0    0    6    8   11   20    2   18  
   0   10    1    0    5   18    6   20    0    0    0   15    8    0   14    0    0   13   11    0   11    0    0    0    0    9   20   11   19    0   17    3    0    2    0    0   16    0    0    0   12    7   18    1    4    0    0    0    0    0  
   0    0    2    0    0    0   20    0    9    7   17    0    0    0   18   18   11    0    0    9   12   19    0    0    0    0    2    8    0    0   14   13   12    3    0   15    0    0    0   19    1    5    0   16    4   10    6    0    0    0  
   0    8    0    5   18    0    1   16    0   13   15    0    0    6   12    2    3   19    7    8    0    0    0    0   20    0    9    0    0    0    2    0    0    0    4   14    0   17    5    2    0    0   11    0   10    0    0    0   17    0  
   0    6    4   17    3    0    0   13   19    4    0    0    0    0    0   14   20    0    7   18    0   15    0    0    0    9    0    0   16    0    1    0    0    0    4   10    0    3    0    0    8    2    5   12   10    0   11    4    0    0  
   8    3    5   13   15    0    0    0   16   18   20    0    0    2    0    0    0    0    4   12    0   11    0    6   20    0    0    0    0    0   11   19    7    0    9    0    0    0    0    1    0   17   14   20    0    1    0   10   19    0  
   8    8   12    6    0    0    0    5    8    0    0    0    0    0   16   17   20    0    0    2   13    0    0    0    4    0    1    7   19    9   11    0    0    0    0    0   15   18    0    6   14    0    3    7    0   16    0    0   10    0  
  15    8    0   11    0    9    0    7   17    0    5   13    4    0    0    0   19    0    0   18    1    0    6   10    2    0    0    0    0   14    0    0    0    7   12    0   18    3   16    0   19    0    0    0   20    2    0    0    6    0  
   0    9   19    0    2    7    4   16   11    6    9   15    9    0   20    0    0    5    0    0    0    0    0    0    1    0   17    0    0    0    5   14   10    0    0    0    0    0    3    8    0    0   16    0   12    0   18   17   13    0  
   0    0   12    0    8   18    6    0    4    0    0   10    0    0    0   17    0    9    0    0    0    0    0    0    0   13    7    0    0    0    2   20   11    0    3   19    0   15    1   14   18    5    0   18   16    1    2    0   18    0  
  12    0    7    0   12    0   20    6    0    2    4    0    4   17    0   16    0   19    0   18   10    0    7    0    0    0    9    8    5    5    0    0   13    0    0   14    0    0    0    0    0    7    0    1    0    3    0   15   11    0  
   0    0    0   14   12    0   11   18    2    0   10    0    0    7    9   13   17   16    0    0    0    0   15    0   15    3    0    0    0    0    0   15   17    0    0    8   19    0    5    6   20    0    7    4    1    0    0    0   12    0  
   0    0    0    0    0    0    0   13   16    0    0    2    3    0    0    2   20    0   19    8   14    9    0   11    1    0    6    7    0    4    0   17   18    0    0   15    0    8   12   11   16   10   16    0    0    5    0    0    0    0  
   0    0    0   13    9    0    0    0    0    0    0    8    1   20    4   16    4   15    1    0   17    0    2    0    0    7    0   10    0    5   12    0    3    0   18    0   20   17    0   11    0   10    0    0   14   19    6    0    0    0  
  17   18    0    6    8    0    0   12   11    1    3   20   16    0    0    0    0    0    5   11   20    0    0    0   19    0    0    9   20    0    0    0   13    2    0   14    0    0   10    2    0   15    0    0    7    0    0    4    3    0  
   3    0    0    0    6   12    5    1   20    0    0    0    0    0   18   18   10    0    5   14    0   19    0    1    0    0    0    0    6    0   16    0    9   11    0    0    8    0    5    0    2    7    0    0    0   13   17    4    0   15  
   0   16    0    0    0    0    0    0   20   11    0    8    7    6   17    0    3    0    1   11    0    0    5    0    0    0    2    0    0    0    7    9   19    0    0   11   13    0   20   10    0   14   20    4   18   15    0    0   12    0  
  10   20    0    9    0   10   11    0    0    0    0    2    0    4    0   14    3    0    0    3    8    0   13   19    0    0   13    0    0   12    1    0    7   19   15   18    0    0    0    0    0    0    0    6   16    5    3   17    0    0  
  10    0   18   18    0    0    0    2    7   17    6   18    0    0    0    0    0    4   17    5    0   20   14    0    0    0    0   12   19   15    0    8    0    9    0    0    3   16   13    4    0    1    0    0    0    0    0    0    6   11  
   1    3    6    0   10    4    0    0    0    9    0    2   18    0    0    0   12   11    5    7    0   14    5    6    0    0    0    0    0    0    0    0   15   16    8    4    0    0    0   17   15    0    0    0   13    0   19   20   12    0  
   0    0   18    1   11   19    0   20    0    0    0    6   17    0    8    7    4    0    0    0    0    0    0   12   16    2    0    5    0    3   14    9    0   17   13   19    0    0    0    0    0   10    0   15   14    0    0   13    0   13  
   2   11    0    1    0    0    6    8   10   20    0    9   18    0   17    0    0    0    0   19    3   12    7    0   16    0    0    5    0    0    0   14    0   16    0    0    0    0    7    0    2    0    0    0    4   13   11    0   15   14  
   0    0    6    4    2    0    6   12   14    0    0   19   18   11    0    0    0   10   20    0    0    9    7    0    0    0    0   15   17    0    0    1    0    0   13   11    3    0   16    0    0   15    0    5    8    0    9    0    7    0  
   0    0    0    3    8   17    9    0    7   13    0    0    6   10   11    0   19    0    0    0    0    0   15   12    5    4    2    0    0    0   18    1    0   16    0    0    2   10    0    0    0    0    9   14   16    0    0   20    7    0  
  12    0    0   19   16    0   17    0    6    0   11   19   17    0   10    0   20    0    2    7    0    0    0    0    0    0   10    8    7    0    0    0   15    0    0   19    0    9   14    0    0    0    5    3    4    0   13    1    0   18  
   0    0    3    0    0    0    6    0    3    0    6    0    1    0   12    9    0    0    0    0    0    7    0    0   11   13   16    0    0   14    4   15   18   20   10    0    0    2    8    0    5    0    0   19   12    2    0    2   17    0  
   0   10    1    0    0    0    9    2   19    3    0   11    1   18    0    6    5    0    0    2   13   16   14    0    0    7    4    0    0   15    0    0    0   20    0    0    0    0    8    0    0   12   11   11    0    0    0    0   17    5  
  13    0    7    0    0   16   14    0    0    3    2    0   15    0    0    1    0   10   18    0   14    0    2    0   19    0    0    4    5    8   12   20    0    0    0    0    0    0    4   17    0    0    3    9    0    0    5    0    6   11  
   0    0    0    0   14    7    0    0    0    0    0    3    0    0    0    6    0    1    3    0   18   19    8    0    0    0    0   15    3   10    0    2    0    5   12   18   18    4   16    0    0    0   11   17    0    9    1    0   20   13  
  13    0    0    0   13    6    8    0    3    0   10    0   19    0    0   14    0   18    0    4    0   20    0    0    5    0    0   15    0    7    2   17    0   16    0    0    0    0   20    0    6    1    9   12    0   11    0    4    0    4  
   0    0    9    0    3   18    0    0   15    0    8   13    8   17   18   11    0   10    4   20    7    0    0    0    0    0    0    0   14    0    0   11    0    0    0    2    0    0    0   12    5    1    6   10    0    1    0    0   19   16  
  12   19    8    0    0    1    0   17    0    0    0    3    0    0   14    0   16    0   16    0   13    0    0   12   12    0   11    7    4    0   10   18   20    9    0    0    0    0    0    5   15    0    2   11    6   12    0    0    0    0  
   0    0    0    0   17    0   11    0   14    0    0    0   13   16    0    5   19    6    8    0    0   15   18    0   12   20    4    3    0    4    1    0   10    0    0    0    0    2   12    9    7    1    0    0   20    0    0    0   17    0  
   0    0    4    0    0    0    0    0    4    0    0   10    8    0    0   13    0    9    0    6    0    0    5    2   20   18   15    0   16   13    3   14    0    0    0   13    0    1   17   19    0   11    7    0   12   11   19    0    0    0  
  10    4    5    0   16   20   18   17    5    0    0    0    0    9    0   14    7    8    0   14    0    0    0    0   15    0   15    0    0    0    6    0   12   11    2    1    3   19    0   13    0    0    0    0    0    0    0    5    0    4  
   0    3    0   11    0    0    0    7    0    0    0   18    0    0   19    7    5    0   20    2   10   15    0    6   20   11   11    0    0    1   13    0    0   20    8    0    9    4    0    0    0   17   14    0   16    0   12    0    0    0  
   0   10   11    0    3    0    9    5    0    9    1    0    0   12    0    0   18    0    9    0    0   15    0    8   20    0    0    0    0    0    0    2   17   13    0   20    0   19    0    0    6    4    0    0    7   16   14    1    0    2  
   0    0    4    0    0    0    3    0    0   13    2   19    0    0    0   20   20    0    0   15    3   10    0    0   18   15   14    1   17    0    0   16    8   10    7    0    0    9    0    5    6    0    0    0    0   12   13   11    0    0  
   0   16    0    0    0   12    0    0    0   11    0   10    7    0   18    5    0    0    5    0    0    0    0    0    0    7    9   14    9   15    3    0   12    1    0   13    2    6    0   20    0    8    0    4    0   17   19    0   14    0  
  11    0    0    0    0   18    8    0   17    8   12    0   17    9   15   14    0    1    6    2    0    0    0    4    0   19    0    3   20    4    0    0   16   13    0    0    0   10    1    0    0    0    0    0    7    0    0    0    2    5  
   0    1    3   13    0    0    0   20    0    4    2    0   11    8    0    8    0    0    0    0    7   16    0    0   11   17    2    0   19   12    0    0    7   14    0    0    0    0   17    0    6    0    0    5   10   15   18    9    0    0  
   0    0    0   10    5    3    0    6    4    0    0    0    0    0   17    1    5   16    0    0    0    2   13    0   12    0    2    7    9    0   19    0    0    0   14   18    0   14   10    0    8   15    9    0    0   20    0    0    0   11  
   0    0   16    0    6    0    4    0   11   17   20   12   18   19    0   20    2    9    0    0    0    0    8    0   11    0    1    0    0    0   10    0    0    0    7   13   14    0    0    0    0    5    9    0   15    0    0    1    3   14  
  11    0   15   12    4    0    5    0    0   18    0   17    0    0    0    0    0    0    2   10    0    8    7    0    0    3    0    7    0    9    6   17    1    0   18   16   19    0   20    0    0    0    0   10    0   14   20    0    0   13  
   0    0    0   20   12    1    0    0    8   15    5    9    0   18   12    0   11    9    0    2    0   19   17    0    0    0    3   16    0    4   10    0    0    0    0    7    0    0   14    0   13    0    0    7    2    0    6    0   13    0  
   0   20    0    0    0    0   10    0    0    4    0    4   13    9    0    0   18   15   15    8   19    0   14   11    0   16    0   12   18    1    7    2    0   17    0    0    0    0    0    5   19    0    0    0    0    0    0    6    3    7  
   0    0    0   19   13    5    0   18    0    7   12   15   20    0    6    0    0    0   14    1   20    0    1    0    0   16    0    8   14    4   10    0    0    3    0    0    9    0    0    5    0    0    0   11    2   17    0    0    7    0  
   0    8   16    0   20   17    0    0    0    0    2    0    0   13   12    7   11    1    0   20   20    4    0   15    6    0    0    0    3    0    4    9    0    0    0    0   12    0   19   18   12    0    0   14    0   10    5    0    0    0  
   7    0    0   18   11   16    0   17   14    9    0    0    2    0    0   18    0   19    0   10    0    8   12    0    0    5   13   20    0    0    0   17    0   16    0   13    0    0   15    1    0    4    6    0   17    0    3    0    0    0  
   5   19    0   13   10    0   13    0   16    0   15    0    0    7    0   10   18    0    0   11    0   12    3    6    0    0    4   16    0    9   14    0   18    0   20    0    2    0    0    0    0    0    1    8    0    0    0    8    0   17  
   9    5    0   15   20    0    0    0   13   18   12   17    0    8    0    0    0    3   15   16    0    0   11   19    0    4    0    0   14    2    0    0   10   15   17    0    0    6    0    0    0    0    7    0    1   10    0    0    7    0  
   0   18    2    0   16    0    0    6    0   15   14   12    7    0   19    0   17    0    0    4    8    0    0    4    0    5    0    0    0    0    1    0    0    0    0    0   10    3   20    4   16   11    0   13    0    0    9    5   20    0  
   0    0    7   20    2    0    0   19   11    5    0    4    0   12    0    0    0   14   15    0    6    0    0   18   17   10    0   11   13   14    0    3    0   16    5    9    0    0    5    8    0    1    0    0    0   18    0    0    0    0  
   1    0   11   20    0    9    3    0   17   16    0    0    5    0   10   14    0    0    2   13   17    7    0    8    0    0    0    0   12    0    0    0    0   19    0   20    0    0   18    1   15    6   19   18    0    0    0    0    4    0  
   0    0    7    0   18    0    0    8    1    0   18    0   10    0    2    0   11    4    0    0    9   17   12   17    6    0    1   13    0   20   11    5    0   19   14    0   17   15    0    0    0    0    0   16    0    0    3    0    0    0  
   9    5   15    0    0    0    0    0    7   20   17    0    0   11    0    8   13    0    3    0   16    0   16    0   13    2    0    0   10    0    4   18    0    0    6   19    0    0   14   12    0   20    0   16    0    0    0    2    1    0  
  17   18   11    0    0    0    0    0    0    0    8    7    0   19    4    0    4   16   14    2    0    0    0    0   16    0    0    1    0   10    0   13    0    0    3   12    4    0    0   20   16    5    0    0    0    6   15    9   17    0  
   6   17    0    0    0    9    0    0    0    0    5    8    0    0    0    0    0   10    1    0   11    0    0    0   14    4    3    0    2   13   17   19    0   20   18    0   19    2    0    1    0   15   10    0    0    0    7   16    0   12  
   0    0    7    0    0    0    0    0    0    0   17    0   16    0    8   19    0    4   20    0    2    0   11    0   18    0   12    0   13    0    0    0    6   14   15    0    0    3    6    0    5    0    8    9   18   10   12    0    1   12  
   0    0    4    0    0    8    0    0    3   10    0    0    1    0   11    0   14    0   16    0    0   12    7    5    2    0    0    4    0   15    7    0    0    8   13    9    0    0   18    6    0    2    0   17   19    0    0    0   20   10  
   4    0   14   20    0    8    0    0    1    0    0    0   18    3   20    6    0    0   16    9    0    3    0    0   19   12   15    0    0    0    0   10    0    0   13    0    7    0    0    2    5    0   13    5    0    0   11   17    3    0  
   0    8    6    0    2   20    0    0    0   11    0    0    0    0    7   18    0    8   12    0   10    0    0    3   14   17    4   10    0    0    0    0    2    0   19    9    1   16   10    0    0   13    0   13    0   15    0    0    5    0  
   0    0    0   11    0    5   10   16    6    0    0   18    0    0    6   12    1    2    1    0   17   20    0   19    0   14   17    0    0    0    0    0   12    0    5   13    0    0    4    0    0    9    0    3    0    0    7    8    0   15  
  15    0    0    0    6   20    0    0    0    0   20    0   11   12    0   17    0    0   12    0    0   10    0    1   11    0   18   13    0    0    0    0    2    9   17    7    2    0    5    0    4    0    8    0    0   14    0   16    3   19  
  11    5    0    0    3    0   20   13    0    0   19   17    0    0    0    0    0    0   13    9    0    3    7    0    0    0   12   15   14    0    1   17    0    0    0    0    0   16    6   18    4    2    0    8    0    0   10   15    0   10  
   0   10    0    0    0    7   12    0    0    9    0   20   17    1    0   14    3    0    0   11    0    0   16    0    0    0    8    0    0   19    4    2    0    0   18    0    0    5   16    6    0    6    0   11    0    0    9    7   15   13  
   0    0    7    5    0    0    0    0    9    0    4    0   20   18    0    8    0    0    0    0   16    2    0    0    1   12    5    0   17    0    1    0    0    6    0   11   18    3    0   19    0    0   13   16   14   15    0   10    0    9  
   0    0    0    0    5   13    0    0   14   17    0    2    1    0   15   16    5    0    0   12    7    4   10    0    0    8    6   11   19    0    0    0    0   14    0   20   11    0   19   18    0    0    0    0    3   10    0    0    0    9  
   2    0   16    0    0   14    0    0    0    5   11    0    0    4    0    0    0    0    0    0   18    2   20    0   17    6   16    9    0    0   20    8    0   15    3   15    1    0   19    0    0    0   13    0    0   10   12    4    7    0  
   4    0    0    0    6    0   11    9   14   20    0    0    0    4    8    0   10    0    0   15    0    1   19    0   18    5    0    5    0    0    0   17    5    0    5    0    0    0    3    0    0   12   13    0    7    2   18    0    0   16  
   0    0   13    0    0    0    0    2   19    0    0    0    0   20    4    0    6    0    5   14    0    0   11    0   10   13   17   16   10    4   18    0    7    1    3    8    0    0    0    0   14    9    0    0    0    0    0   15    6   12  
  10    0    0   16    7   19    0    0    0   15    0    0    0    0    6    0    0   14    0   20    5   11   18   13   14    0    4    0    1    8    9    0    0    0    0   14    0   12   18    0    6    0    5    0    0    2    3    0   17    0  
   6   11    0    0    0    0    7    0    3   19    0    0    9    0    0    0    0   10   13    0   13    0    4    8   17    0    0    0    5   18   19   15    0   20    2   14    4    9    0    0    1    0    0    0   12    5    0    0   16    0  
   8   12    0    0    9   17    4    0    2    0    6    0   17   10    0    0    0   19   10    6    0   13    0   16   18    0    3    1    0    0    0    5    0    1    0   10   14    7    0    0   15    0    0    0    0    0   20   11    0    0  
  13    0    0    0    2    7    9    0    0   12    0    5    0    0   17    0   19    3   14   13    0   12   20    0    0    1    0    0    0    0    0    0    0    0   15    8   16   10   19   17    4    0    6    0   11    0    0   18   11    0  
  19    0    0    9    2    0    0    0   14   17    0    4    0    0    0    6    0   15    5    0    0   18   12    0    0   20    0    0   11    0    6    0   13    0   15    0   10    0   11   16    0    8    1    3   13    0   13    0    0    7  
   0    7    0    0   13    0   16    0   20    0   15    0    0    9   17    3    0    8    0    0    0    5    0   12   10   16    2    0    6    0    0    0    0    0   18    0    1    1    8    0    0   19   14    0    0   12    5    4    0   11  
  10    6    6    4   13   14    0    0    9    0    0    0    2    0    0    5    8    0    0    0   16    0    0   17    0   19   17   12    0    0    0    0    0    7    0   20    0    0    2   18    0    0    2    3   11   15    0    0    1    8  
   5    0   17    0    0   14   12    0    6   11    0    0   10    0    8    0    0    4    2    0   15    0    0    5    0    6    0    0   20    1    0    0   20    0    0    0    0    9   17   16    0    0    0    7   18   13    0    3   20   19  ] 
BUDGETS : [    2    3    8    8   12   14   14   17   17   19   20   23   23   26   27   28   29   30   36   37   43   44   48   48   60   67   67   69   70   70   71   71   80   81   82   83   83   83   83   84   84   84   87   88   89   89   89   91   91   99  101  101  105  107  107  110  110  111  113  114  114  117  118  120  122  126  127  130  134  139  141  142  144  146  147  148  149  151  152  152  153  155  156  157  161  165  165  165  170  170  172  173  174  175  175  181  189  192  192  193  ] 
