K : 100
I : 50
PREFERENCES : [    3    0    0    0    3    3    1    0    0    0    0    0    0    0    0    0    0    0    1    0    0    0    0    0    0    0    0    0    5    0    0    1    0    2    0    4    0    0    0    0    0    0    0    0    0    0    0    0    0    1  
   0    0    0    1    0    3    0    0    2    4    4    0    0    0    2    0    0    0    0    0    0    0    0    0    0    0    3    0    0    0    0    0    0    3    0    0    0    0    0    0    2    0    5    0    0    0    0    0    0    0  
   0    2    4    0    0    0    0    0    0    0    0    0    0    0    0    0    0    2    0    0    0    0    0    0    0    2    1    0    0    0    0    0    0    0    3    0    0    4    5    0    0    0    0    0    0    0    0    0    2    4  
   0    0    4    0    0    0    0    0    0    0    0    0    0    1    0    0    4    1    0    0    1    0    0    0    0    0    0    0    3    5    0    0    0    0    0    0    0    1    0    0    0    0    0    0    2    0    0    0    1    0  
   0    3    0    0    0    0    0    0    0    5    4    0    0    0    0    0    0    0    3    0    0    0    0    0    1    0    0    0    0    0    0    0    0    1    0    0    0    0    0    1    0    0    2    0    3    0    0    0    0    2  
   0    2    0    0    3    4    0    1    0    0    2    0    0    0    0    0    0    2    0    1    0    0    0    0    0    0    0    0    0    0    5    5    0    0    0    1    0    0    0    0    0    0    0    0    0    0    0    0    0    0  
   1    0    0    0    0    0    0    0    1    0    0    0    0    0    1    0    4    0    0    0    0    0    0    0    0    0    0    4    0    0    0    1    0    5    1    0    0    0    3    0    0    0    0    0    0    0    0    2    0    0  
   0    0    1    0    0    0    0    0    2    2    0    0    0    1    5    0    0    0    0    0    0    0    4    0    0    0    0    0    5    0    0    0    0    0    0    0    0    0    0    2    1    0    0    0    0    0    0    0    0    3  
   3    0    0    0    0    0    0    1    4    0    0    0    4    0    0    0    0    0    4    0    0    0    0    5    0    0    0    3    1    2    0    0    0    2    0    0    0    0    0    0    0    0    0    0    0    0    0    0    0    0  
   0    0    0    0    0    0    0    0    0    0    5    0    0    0    2    0    0    0    1    0    0    0    0    0    0    0    2    0    0    0    0    0    0    0    0    0    0    3    0    0    4    0    3    0    0    0    3    0    4    4  
   0    1    0    1    1    0    0    0    5    0    0    0    1    0    0    0    0    0    1    4    0    0    0    0    0    0    0    3    0    0    0    0    0    1    0    0    0    0    0    2    0    0    0    0    0    0    0    0    0    0  
   0    0    0    0    0    0    2    0    0    0    0    0    1    0    0    0    0    0    0    0    0    0    4    0    0    0    2    0    0    3    0    5    0    0    2    0    2    0    0    0    0    0    1    0    0    0    0    0    0    4  
   0    2    0    0    0    0    0    0    0    0    0    0    0    0    0    0    0    0    0    0    0    4    0    0    0    0    0    0    0    5    0    0    0    0    5    5    1    5    0    0    5    0    0    3    0    0    0    0    3    0  
   0    0    0    0    0    0    0    0    0    0    4    0    0    0    0    0    5    1    0    0    0    0    0    0    2    0    0    0    0    0    0    0    0    0    0    0    0    5    0    2    1    0    0    5    2    0    0    0    3    0  
   0    0    2    3    5    5    0    5    0    0    0    1    0    0    0    3    0    0    0    0    0    0    4    0    0    0    0    0    0    0    0    0    0    0    0    1    0    0    0    0    0    0    0    0    0    0    1    0    0    0  
   0    0    0    2    0    0    0    0    0    0    0    0    0    0    0    4    0    0    0    5    0    0    0    0    1    0    0    0    5    0    0    0    0    0    2    1    0    0    0    0    2    0    0    0    0    0    0    3    0    5  
   0    0    0    0    5    0    0    4    3    0    0    2    0    0    0    0    1    0    0    0    0    0    0    0    0    0    0    0    0    0    0    4    0    0    0    0    5    4    0    0    4    0    0    0    4    0    0    0    0    0  
   0    0    0    0    0    0    1    0    0    0    0    3    0    0    0    4    0    0    0    2    0    0    0    0    0    4    0    0    0    4    0    0    0    0    0    4    0    0    0    0    0    0    0    4    0    0    1    0    5    0  
   0    0    0    4    1    0    0    4    0    0    0    0    0    2    0    1    0    0    0    0    0    0    4    0    0    0    3    4    0    0    0    0    0    0    0    0    0    0    0    5    0    0    0    0    0    0    0    4    0    0  
   0    0    0    0    0    2    0    0    0    0    0    0    0    2    5    0    0    3    2    4    0    0    3    0    0    0    0    2    0    0    0    0    0    0    2    1    0    0    0    0    0    0    0    0    0    0    0    0    0    0  
   0    0    5    0    0    0    0    5    0    0    0    0    0    0    0    0    0    0    1    0    0    0    0    0    2    5    0    0    0    4    0    5    3    0    0    0    0    0    0    5    5    0    0    0    0    0    0    0    0    0  
   0    0    0    0    0    1    5    0    0    0    0    0    1    0    1    0    0    0    0    0    0    0    0    0    0    0    3    0    1    0    0    0    0    0    0    0    0    0    0    0    0    0    0    0    1    4    2    0    0    2  
   0    0    3    3    2    0    0    0    0    0    0    0    0    0    0    0    0    0    0    0    0    0    5    1    0    3    0    0    0    0    0    0    0    0    0    0    0    0    0    0    3    1    0    0    0    0    4    5    0    0  
   3    0    0    0    3    0    5    0    0    0    0    0    0    0    0    0    0    0    0    0    0    0    4    0    0    5    2    0    0    0    0    0    0    0    0    0    0    3    0    0    0    0    0    0    0    2    1    0    0    1  
   0    0    0    0    5    0    0    0    0    3    0    0    0    0    2    0    1    3    3    0    0    0    0    0    0    0    0    0    0    0    0    5    0    0    0    0    5    0    0    0    0    0    4    0    0    4    0    0    0    0  
   0    3    0    1    0    0    0    0    0    0    0    0    0    1    0    0    0    0    0    0    0    0    0    0    0    0    0    0    1    0    4    0    5    0    0    0    0    3    1    2    0    0    0    0    0    0    0    0    3    0  
   0    0    0    0    3    0    0    0    0    0    5    0    0    0    0    0    0    0    0    0    0    0    0    0    0    0    0    0    1    0    0    0    5    5    0    0    0    2    0    0    0    0    5    0    4    5    4    0    0    0  
   0    0    0    0    4    2    5    0    0    0    0    0    0    0    0    0    0    0    0    0    0    0    0    0    0    0    0    1    0    1    0    0    0    0    0    0    3    1    3    0    0    0    5    0    0    0    0    0    2    0  
   3    0    0    4    4    0    0    0    0    2    5    0    0    0    0    0    0    0    0    1    0    0    0    0    0    0    0    0    0    5    5    2    0    0    0    0    5    0    0    0    0    0    0    0    0    0    0    0    0    0  
   1    0    2    0    0    0    0    0    0    0    0    0    0    5    0    0    0    0    0    0    0    0    0    0    0    0    0    1    4    3    0    0    1    0    0    0    0    0    0    5    4    0    0    1    0    0    0    0    0    0  
   0    0    1    3    2    3    0    3    0    0    0    0    0    3    0    4    0    0    0    0    0    0    2    0    0    0    0    0    0    0    0    5    0    0    0    0    0    0    0    0    0    0    0    0    5    0    0    0    0    0  
   0    5    0    0    0    0    0    0    0    0    0    4    0    0    0    0    0    2    0    0    0    0    0    0    0    0    0    0    0    0    3    4    0    1    0    1    3    0    5    0    0    0    0    0    3    0    0    0    0    0  
   0    0    0    0    0    1    0    0    0    0    0    0    3    0    2    5    0    0    0    1    0    0    0    3    0    0    0    2    0    0    4    0    0    0    0    0    0    0    0    0    0    1    0    0    3    0    0    0    0    0  
   3    0    0    0    5    2    0    5    3    0    0    3    0    1    0    0    0    0    0    0    0    0    0    0    0    0    0    4    0    0    0    0    0    0    2    0    0    0    0    0    0    0    0    0    0    0    1    0    0    0  
   0    0    0    0    2    0    0    0    0    5    0    0    0    0    0    0    0    0    0    0    0    0    0    1    0    0    0    0    0    1    3    0    0    1    0    0    0    0    4    4    0    0    1    0    0    1    0    0    0    0  
   0    0    0    0    1    0    0    0    0    0    0    0    3    0    0    0    0    0    2    1    0    0    0    0    5    0    0    0    4    0    0    0    3    0    0    0    0    0    0    3    0    0    3    0    0    0    0    0    3    0  
   0    0    0    0    0    3    0    0    0    0    0    2    0    0    5    0    5    0    0    0    0    0    0    0    0    0    0    0    0    0    0    0    0    0    5    1    4    0    0    5    0    0    0    0    0    0    0    5    0    4  
   0    0    0    0    0    0    3    0    5    0    0    5    0    1    0    0    1    2    0    0    0    0    0    0    0    0    2    0    4    0    0    0    0    0    5    0    0    0    4    0    0    0    0    0    0    0    0    0    0    0  
   0    0    5    0    0    0    0    0    4    1    0    0    0    0    0    0    0    0    0    0    0    0    0    0    0    3    0    0    3    0    5    4    0    0    0    0    0    3    0    0    0    2    0    0    0    0    0    0    0    2  
   0    0    3    2    0    0    0    4    0    0    0    0    0    0    0    0    0    0    2    0    0    0    2    0    0    0    0    4    0    0    0    0    2    0    0    1    0    2    0    0    0    0    0    5    0    0    0    0    0    0  
   0    0    0    0    0    0    0    0    0    0    2    3    1    0    0    0    0    0    3    0    0    5    0    0    0    0    0    0    0    0    0    0    0    0    3    3    3    0    0    0    0    0    0    4    0    4    0    0    0    0  
   0    0    5    0    0    0    0    0    0    0    5    0    0    1    0    0    2    0    3    0    0    4    0    0    5    0    0    0    0    0    0    0    0    3    0    0    0    0    0    0    0    0    5    0    4    0    0    0    0    0  
   0    0    0    0    0    0    5    0    0    5    4    0    0    2    0    0    0    0    0    0    0    0    0    0    3    0    0    1    0    5    0    0    0    0    0    0    0    4    0    0    2    0    0    0    0    5    0    0    0    0  
   0    0    1    2    0    0    0    1    2    0    0    0    0    0    5    0    4    0    0    0    1    0    0    0    0    0    0    0    3    0    0    0    0    0    0    3    0    0    0    0    1    0    0    0    0    0    0    0    0    0  
   0    0    0    0    0    0    0    0    0    0    0    0    0    2    0    0    0    0    2    0    0    0    0    0    0    2    2    0    0    1    0    0    3    0    0    4    0    0    2    0    0    5    0    0    0    0    2    0    0    0  
   0    0    0    4    0    0    0    0    4    0    0    2    0    0    0    0    0    5    0    3    0    0    0    1    0    0    0    3    0    0    0    0    0    0    1    0    0    0    4    0    0    0    0    0    0    0    1    0    0    0  
   0    0    4    0    0    0    0    0    0    0    0    2    0    4    0    0    4    0    0    1    0    0    0    5    0    0    1    0    0    0    0    0    0    0    0    0    0    0    3    5    0    0    0    3    0    0    0    0    0    0  
   0    0    0    4    0    0    0    0    0    5    2    3    0    4    0    0    0    0    0    5    0    0    0    0    5    0    0    0    0    0    0    0    0    0    0    0    0    0    0    0    0    3    0    0    0    0    0    4    1    0  
   0    0    0    0    0    0    4    0    0    0    4    5    0    0    0    0    4    0    4    0    0    0    0    0    0    3    0    0    0    0    0    0    0    0    0    5    0    2    0    0    1    3    0    0    0    0    0    0    0    0  
   0    0    0    0    0    0    0    0    1    0    0    0    0    0    0    0    0    0    4    0    0    0    0    0    2    5    0    0    0    4    1    0    0    0    0    2    0    0    0    0    0    4    0    0    0    0    3    0    0    2  
   1    0    2    0    0    0    5    0    0    0    1    0    0    0    0    0    0    0    0    0    4    0    0    0    0    0    0    0    0    0    0    0    0    0    0    1    1    0    0    1    1    0    0    0    0    0    0    0    0    3  
   0    3    0    4    0    0    0    0    1    3    0    0    0    0    0    0    0    4    0    0    0    0    5    0    5    0    0    0    0    0    0    2    0    0    0    0    0    0    0    0    0    5    0    0    0    0    4    0    0    0  
   0    0    0    0    2    0    0    0    0    0    0    0    0    0    0    0    0    2    0    0    4    0    0    0    0    5    0    5    3    4    0    0    0    0    0    0    0    0    0    0    3    5    0    0    0    0    0    0    0    1  
   0    0    0    4    0    0    0    0    0    2    0    0    0    0    0    3    0    0    0    0    5    5    0    0    0    0    0    0    2    0    0    0    0    2    1    0    0    0    0    0    0    0    0    0    2    5    0    0    0    0  
   0    5    0    3    0    0    0    0    0    0    0    0    2    0    0    0    0    1    0    0    0    1    0    1    4    0    0    0    0    0    0    1    0    1    0    0    0    1    0    0    0    0    0    0    0    0    0    0    0    0  
   0    0    0    0    0    0    0    4    0    0    0    0    0    0    3    2    0    0    0    0    4    0    1    0    0    0    0    0    0    0    0    0    5    2    0    0    0    0    2    0    0    0    0    2    0    0    4    0    0    0  
   0    0    0    1    0    0    0    0    1    0    0    0    0    0    0    0    0    1    3    0    1    0    3    0    4    5    0    0    0    2    0    0    0    1    0    0    0    0    0    0    0    0    0    0    0    0    0    0    0    0  
   2    4    0    3    0    0    0    0    0    0    0    0    0    4    0    0    1    0    0    0    0    5    0    0    0    0    0    0    0    0    5    0    0    0    5    0    3    0    0    0    0    0    0    0    3    0    0    0    0    0  
   0    0    0    0    0    0    0    0    0    0    2    0    0    0    0    0    0    0    2    0    5    0    0    0    5    4    0    0    0    0    0    2    0    0    5    0    0    0    0    4    0    0    0    0    0    3    0    1    0    0  
   0    0    3    1    0    0    1    0    0    0    5    0    0    0    1    0    0    0    0    0    0    0    4    0    2    0    5    0    0    0    0    0    0    2    0    0    0    0    0    0    0    0    0    0    0    0    2    0    0    0  
   0    1    3    0    0    0    0    0    0    0    0    0    1    0    0    0    0    0    0    0    0    0    0    0    0    0    1    0    0    1    1    4    0    0    3    0    5    2    0    0    0    0    0    0    0    0    0    0    0    0  
   0    0    0    0    2    0    0    0    3    0    0    0    0    0    1    0    0    0    1    0    0    0    0    0    0    5    0    0    1    0    0    0    0    0    0    0    0    4    0    0    3    4    0    0    0    0    4    0    0    0  
   0    0    0    5    5    5    0    0    0    0    4    0    0    0    0    0    2    0    0    0    0    0    0    0    0    0    0    5    0    0    0    0    0    0    5    0    0    0    0    0    0    5    0    0    0    0    3    0    1    0  
   0    0    0    0    0    4    0    4    4    0    1    0    0    0    0    0    0    0    4    0    0    2    0    0    5    0    3    0    0    0    4    0    0    0    0    0    0    3    0    0    0    0    0    0    0    0    0    0    0    0  
   0    2    0    0    1    4    0    0    0    0    0    0    0    0    2    0    0    2    4    0    0    0    0    0    0    0    0    0    0    0    0    5    0    0    0    0    0    0    2    0    0    0    0    0    5    0    3    0    0    0  
   0    2    2    0    0    0    0    2    2    0    0    3    0    0    0    0    0    0    0    0    0    0    0    0    0    0    0    5    0    0    1    0    2    0    0    0    0    0    0    0    0    2    4    0    0    0    0    0    0    0  
   0    0    0    0    0    4    0    0    0    0    0    0    0    0    0    0    0    0    0    0    1    0    0    0    0    0    0    0    0    1    0    3    0    0    0    1    0    2    0    1    0    1    5    0    0    0    0    0    0    1  
   0    0    0    0    0    0    0    0    4    0    0    0    5    0    0    0    1    0    0    0    0    0    4    1    0    0    0    0    2    4    0    0    0    0    0    0    3    0    0    0    0    0    0    0    0    4    0    0    0    4  
   0    0    0    0    0    0    0    0    0    0    0    0    0    5    0    0    0    0    0    3    0    0    0    0    0    2    0    0    5    0    4    0    5    0    0    0    0    0    1    0    3    0    1    0    0    0    0    0    0    5  
   0    0    0    0    0    0    0    2    0    0    0    3    0    0    1    0    0    0    0    0    0    0    0    0    0    0    0    4    5    2    2    0    2    0    0    0    0    0    0    0    2    0    0    0    0    0    0    0    3    0  
   5    0    4    0    0    0    0    0    0    5    0    0    0    0    0    3    0    0    0    1    0    0    0    0    5    0    0    0    0    0    0    2    0    0    0    0    0    0    0    0    0    0    2    2    0    4    0    0    0    0  
   0    0    0    0    0    0    0    0    1    0    5    0    0    0    5    0    5    0    0    0    0    5    1    1    0    2    0    0    0    0    0    0    0    0    3    0    0    0    0    0    0    0    0    0    0    0    0    0    0    4  
   0    0    0    1    0    0    0    0    0    0    0    0    0    0    0    0    0    0    0    0    0    5    0    2    0    3    0    0    0    5    0    0    2    4    0    0    2    0    2    0    0    0    0    2    0    0    0    0    0    0  
   0    0    0    5    0    0    0    1    0    0    0    0    0    0    0    0    0    4    5    1    0    0    0    0    1    0    0    0    0    0    0    0    0    3    0    0    0    3    2    0    0    0    0    0    0    0    0    1    0    0  
   0    0    0    5    0    0    0    1    0    0    0    0    2    0    0    0    2    0    5    0    5    0    0    0    0    5    4    0    0    0    0    0    0    0    0    1    0    0    0    0    0    0    0    0    0    0    0    0    0    3  
   0    0    0    0    0    0    2    0    0    0    0    0    0    0    0    0    2    1    0    0    0    3    0    0    4    0    0    0    0    0    0    0    1    0    2    0    0    0    0    0    0    4    5    0    0    0    0    0    1    0  
   0    0    0    1    0    0    0    0    0    0    0    0    0    0    0    0    0    3    0    0    4    0    0    0    0    0    0    0    0    0    5    0    0    3    2    0    0    3    2    0    0    3    0    3    0    0    0    0    0    0  
   0    0    0    0    0    0    0    1    0    0    0    0    1    1    0    0    2    0    0    0    0    0    2    0    0    0    0    0    0    0    0    0    0    0    0    5    0    0    3    0    1    0    0    0    1    0    0    4    0    0  
   0    0    0    0    3    0    1    0    0    0    5    0    0    5    0    0    3    0    0    0    0    0    4    0    0    5    5    0    0    0    0    0    0    0    0    0    2    0    0    0    0    0    4    0    0    0    0    0    0    0  
   0    0    0    0    3    0    0    2    0    0    0    0    0    2    0    2    0    0    0    0    0    0    0    0    0    0    1    0    0    0    4    0    0    0    0    0    0    0    0    1    5    0    2    0    0    0    0    0    0    4  
   0    0    1    0    0    3    0    5    0    0    0    0    0    0    1    0    1    0    0    0    0    3    2    0    0    0    0    0    0    0    0    0    4    0    0    0    0    0    0    0    3    5    0    0    0    0    0    0    0    0  
   1    0    1    3    0    0    0    0    0    0    0    5    5    0    0    0    0    4    0    0    0    2    0    3    0    0    0    0    0    0    0    0    0    0    0    3    0    0    0    0    0    0    0    0    0    0    0    0    0    3  
   0    2    0    3    1    0    5    0    0    0    1    0    0    0    0    0    2    0    0    0    0    0    0    0    0    0    0    0    0    1    0    0    5    5    0    0    0    0    0    0    0    0    0    0    0    0    0    4    0    0  
   0    0    0    0    0    5    0    0    3    4    0    0    1    0    0    0    0    0    0    0    0    0    5    0    2    0    2    0    0    0    0    0    0    0    0    0    2    0    0    0    0    1    0    0    3    0    0    0    0    0  
   0    0    0    0    0    0    0    3    2    0    0    0    0    0    0    4    0    0    0    0    0    0    0    0    5    0    0    0    0    0    1    0    4    0    0    0    0    0    2    0    2    0    5    4    0    0    0    0    0    0  
   0    0    0    0    0    0    0    0    0    0    5    0    0    0    0    0    5    0    0    0    0    2    0    0    0    4    0    0    5    0    0    1    1    1    0    0    0    0    0    0    0    0    0    0    1    3    0    0    0    0  
   0    0    1    0    0    1    0    0    0    5    0    0    0    0    0    0    0    0    0    3    1    0    1    4    0    2    0    2    0    0    0    0    0    0    0    0    1    0    0    0    0    0    0    0    0    0    0    0    0    0  
   0    0    0    0    0    0    0    0    4    0    0    0    0    0    0    0    0    0    0    0    0    0    1    0    0    2    0    0    0    4    0    0    0    0    2    5    0    2    0    0    5    0    0    4    0    0    0    3    0    0  
   0    4    0    0    0    0    0    0    0    0    0    0    1    0    0    0    0    0    4    0    3    0    4    0    0    0    0    4    0    0    0    2    0    0    0    0    0    0    0    0    0    0    4    0    0    5    0    0    0    2  
   1    0    0    0    0    0    2    0    0    0    0    0    0    0    0    0    5    0    0    0    0    0    0    0    0    5    0    0    4    0    0    2    0    0    0    0    0    0    0    1    0    3    5    0    0    1    0    0    0    0  
   0    5    2    0    0    0    5    0    0    0    0    4    0    2    0    0    0    3    0    3    0    0    0    0    0    0    0    0    0    0    0    0    0    0    0    0    5    0    1    0    0    0    0    0    0    4    0    0    0    0  
   0    0    0    0    5    3    0    0    0    0    0    0    0    0    0    0    0    4    2    2    0    0    0    0    0    1    2    0    0    0    0    0    1    2    0    0    0    0    0    0    0    0    2    0    0    0    0    0    0    0  
   0    0    0    0    5    0    0    0    0    0    0    0    0    5    0    0    0    3    3    0    0    0    0    2    5    0    0    0    0    0    0    0    0    0    5    0    0    0    0    0    1    0    0    0    0    2    0    0    0    4  
   0    0    0    0    0    3    0    0    0    0    0    0    0    0    0    0    1    0    0    0    0    0    4    5    0    0    2    0    0    0    0    0    0    0    3    0    0    0    5    0    0    0    4    0    0    0    0    0    5    1  
   0    0    0    0    0    0    0    0    2    0    0    5    0    0    0    0    0    5    0    0    3    0    0    0    0    1    0    0    2    0    3    0    0    4    0    0    0    0    0    3    2    0    0    0    0    0    0    0    0    0  
   3    0    0    0    0    3    2    0    0    0    0    3    0    0    0    1    0    0    0    4    0    0    0    0    0    0    0    0    0    0    0    0    0    0    5    4    0    0    0    0    0    3    0    0    0    0    0    0    0    1  
   0    0    1    0    0    0    0    0    0    0    0    0    0    2    0    3    5    3    0    4    0    4    4    1    0    0    0    0    0    0    0    0    0    4    0    0    0    0    0    0    0    0    0    0    0    0    0    0    0    0  
   0    0    0    0    2    2    0    0    0    0    0    0    0    0    0    3    0    0    0    0    4    0    0    0    2    4    0    0    0    0    0    0    0    4    0    0    0    0    0    0    0    0    5    1    0    0    1    0    0    0  
   0    0    0    0    0    0    0    0    0    0    3    2    0    0    0    5    0    2    0    0    0    0    0    0    0    0    4    0    0    5    0    0    0    0    0    0    0    2    0    0    0    0    0    2    1    0    1    0    0    0  
   0    0    0    0    0    0    0    1    0    0    0    2    0    0    0    0    5    0    0    0    0    5    0    0    2    0    4    0    3    0    2    0    0    0    0    3    5    0    0    0    0    0    0    0    0    0    0    0    0    0  ] 
BUDGETS : [    6    8   13   14   15   18   19   20   21   22   24   27   28   28   33   33   37   37   38   40   41   43   44   45   45   49   52   55   56   57   59   67   67   67   68   68   70   71   72   73   76   77   77   79   83   84   85   86   89   91   92   93   94   94   94   94   97   98   98   99  102  104  104  106  107  111  111  112  115  115  117  126  127  130  133  134  136  137  142  149  153  153  155  158  161  164  167  169  170  173  174  174  178  178  181  182  184  188  199  199  ] 
