K : 100
I : 10
PREFERENCES : [   10    7    4    9   10   10    8    6    5   10  
   4    7    6    8    9    5   10    5    5    6  
   6    7    6   10    4    6    8    5    4    9  
   9    9    5   10    7    6    4    8   10    9  
   6    7    9    4    5   10    5    9    8    8  
   4   10    4    5    9    4    6    8    7    4  
  10    5    9    6    7   10    7    4    8    4  
   5    5    6    7    9    7    8   10    4    7  
   9    5    7    8    4    6    9    7    8   10  
  10    9    5    4    9    6    7    6    9    8  
   7    6    9    9    8    6    4   10    4    5  
   7    8    7   10    4    9    6    6   10    5  
   9    7   10    4    6    9    5    8    5    5  
   5    4    8    4    9    6    6    5   10    7  
   7    5   10   10    8    6    7    4    9    9  
   9   10    7    4    5    5    6    8    5    4  
   9    9    7    4    5   10    6    7    4    8  
   4    8    9    7    5    4    8    6    5   10  
   4    6    4    5   10    8    7    9    5    4  
   7   10    4    8    7    6    9    8    5    7  
   5   10    8    6    7    5    4    9   10    5  
  10    6   10    9    7    8    8    4    4    5  
   5    7    7    9    5    7    4    8    6   10  
  10    6    9   10    4    7    4   10    5    8  
   8    5    5    9    7    6    4   10   10    5  
   5    9    4    6    4    8   10    5   10    7  
   7    5    8    6    4    9   10    7   10    7  
   8   10    7    5   10   10    6    7    9    4  
  10    8   10    4    9    7    5    6    6   10  
   9    5    6    8   10   10    7    8    8    4  
  10    5    8    8    7    9    6    6    4    4  
   6    7    8   10    7    8    4    7    9    5  
   7    8    5    7    9    4    5    8   10    6  
   5    4    7    9    6    4    8   10    5    4  
   7    9   10   10    6    4    5    4    8    7  
   4    5    8    9    5   10    8    5    7    6  
   5    6    8    7    6    9    5   10    4    4  
   7    8    7    9    4   10    9    5    6    4  
   9    7    7    4    6   10    8    5    8   10  
   5   10    8    7    8    6    4    5    6    9  
   9    5   10    4    6   10    6   10    8    7  
   8    5    6   10    9    7    4    7    9    6  
   7    8    9    4    9    5    7    6    8   10  
   7    8   10    4    9    6    9    5    5   10  
  10    5   10   10    8    5    6    9    7    4  
   7    6    9    4    5    8   10    9    6    5  
   7    9   10   10    5    6    8   10    7    4  
  10    5    6    8    4    5    7    9    5   10  
   6    9    7   10    5   10    4    8    8    8  
   4    9    8    7    5    6    6   10    8    4  
   7    4    4    5    5    9    8    7   10    6  
   6    8    7   10    5    9    7    9    4    7  
   7    5    4    9    7   10    5   10    6    8  
   4    8    9    4    7   10    9    4    5    6  
  10    6    8    4    9    8    4    5    7    9  
   5    8    9    4   10    7    8    4    6    7  
   4    5    7    6   10    8    5   10    9    5  
   9    4    6    7    4    5    8    9    8   10  
   9    5    7   10   10    6   10    4    8    8  
   6    8    7    4    6    9    7   10    5    7  
   7    9    7   10    4    5    4    8    6    9  
   6   10    4    6    8    9    7    9    5    4  
   7    8    9    9    6    8   10    5    4   10  
   6    8    9    9    4    9    5    5    7   10  
   5    8    9    5    4   10    7    5    6    9  
   7    8    6    8    7    7    4    5    9   10  
   6    5    4    8    9    7    4    8   10    7  
  10    9    4    6    7    7    5    8    7    6  
   6    4    6    9    8    5    7    6   10    5  
   8    7    6    8   10    9    8    5    4   10  
   4    7    6    8    6    5   10   10    6    9  
   8    7   10    9    7    5    4    6    4    6  
   9    4    5    8   10    9    5    7    9    6  
   4    6    6    8    6    9    7    4   10    5  
   7   10    9    9    8    9    4    6   10    5  
   9    5    8   10    8    7    9    6    6    4  
  10    6    5    9    5    4   10    8    5    7  
  10   10    7    4    5    8    9    9    6    4  
   7    5    6    8    5    4    9    8   10    4  
  10    9    7    6    5    8   10    9    6    4  
   7    8    9    7    5    5    9    4    6   10  
   5   10    9    7    4    6    7    5    8    5  
   5   10   10    4    9    6    9    9    7    8  
  10    8    4    6    4    5    9    7    4   10  
   9   10    8    5    8    6    8    7    7    4  
   8   10    5    4    8    5    9    6    8    7  
   4    8   10    7    8    6    7    9    5    8  
   4    8    8    7    5    8   10    6    8    9  
   8    7    6    4    9   10   10    9    5    5  
   9    8    4   10    8    4    5    7    7    6  
   7    4    6    4    9    5    6   10    8    7  
   7   10    9    4    7    5   10    8    8    6  
   4    6    6    8    7   10    7    5    9   10  
   4    8    4    6    9    7    4    5    4   10  
   6    7    9    8   10   10    5    4   10   10  
   4    8    5   10    7    9    8    5    6    5  
   7    4    4    8    6    9    6    9    5   10  
  10    6    7    9    9    9    7    8    5    4  
   6    8    8   10    7   10    5    4    7    9  
   6    8    7    9    4    5    7    8    8   10  ] 
BUDGETS : [    2    5    6    6    8    8    9   10   12   16   19   20   22   22   28   29   30   30   32   39   42   43   46   46   49   50   51   53   55   56   57   59   60   61   62   64   67   68   70   70   71   73   74   77   78   78   80   86   90   90   91   94   99  100  106  106  108  108  108  109  111  114  114  115  118  120  123  126  126  126  128  133  135  136  137  139  140  141  142  143  143  148  153  154  154  155  157  162  164  168  171  178  179  180  184  189  189  191  197  197  ] 
