K : 100
I : 100
PREFERENCES : [    0    0   71    0    0   85   79    0   72   95    0   91    0    0   94   70   87    0   84   90    0   64    0   83   99   77   82   82   78    0    0   62   63   96    0    0    0    0    0    0    0   67    0   66    0   74   68   81   56    0    0    0    0   61    0    0    0   54   93   80    0    0    0   73    0    0   69    0    0   89    0   55   58    0    0   86   97    0    0    0   75    0   96   57    0    0   98   96   65   59    0   92   76    0  100    0   88    0    0   60  
   0   56   70   86    0   98   99   82    0    0    0   94   69   93    0   95    0    0  100    0   54   67    0    0    0    0   59   73    0   77    0   58   84   90   92    0    0   68    0   63    0    0    0   61    0   80    0   62   76    0    0    0   81   97   83    0   88    0    0   80    0    0   55   75   71    0   73   85    0   78    0   70   91    0    0    0    0    0   64    0   60    0   74   57    0    0    0   79    0    0   72   89   87    0    0    0   65   66    0   96  
  98    0   94   86    0    0   92    0    0    0    0    0   76    0    0    0    0    0   84   55    0   54   80   73   68    0    0   70   77    0   79    0   93   64    0    0   75   91    0   63   96    0   72   87   74   97   58    0   56    0    0   71   78    0    0    0    0   95   57    0    0  100   59   69    0   99    0   81   62    0    0    0    0   90   89    0    0    0   66   96   83    0   82   67    0    0   85    0    0   67    0   61    0    0   65  100    0   88    0   60  
  74   94   72   95   79    0   87    0   65    0    0    0   63    0    0    0    0   80    0   60   86   97    0    0    0   58    0   78   83    0    0    0   62   77   71    0   99    0    0   88   55   89   56   81    0   61   96   92   73   91    0    0   76    0   69    0    0    0    0    0   57   54    0    0   71   70   87    0    0    0    0   75   66    0    0    0   98   85    0   59    0    0    0    0   82    0  100   93    0    0    0   90   79   64    0   84   67    0   68    0  
  95   55    0    0    0    0    0   84   74    0    0   65    0   71   54   91    0    0    0   85   79   93   64   61   83    0   58    0   98   94    0    0   62   87    0    0    0    0    0   67   70   72    0    0    0   73   92    0  100    0    0    0    0   60    0    0   96   70   56    0   63    0   77   68   66    0  100    0    0   57   97    0   99   82    0    0   76   94    0   59   89    0    0    0    0   86    0   80   81   78   69    0    0    0   88   90   75    0    0    0  
   0    0   90   92   67   80   70   89    0    0    0    0    0    0   59   82    0   74    0   68   97    0   57    0   69   99   66   81    0    0   82    0   58    0    0   71    0    0   78    0    0    0   95    0    0   93   79    0    0   83    0    0    0   73    0   98   63    0   96   88   85    0    0    0   67    0    0   75    0    0   86   91   64    0    0    0    0  100    0   77   62   76   55   87   60    0    0   65   72    0   84   54    0   61    0   71   56    0    0   94  
  90    0    0    0    0   56   71   83   96    0    0    0  100   60    0   87    0    0    0   80   81   77    0   57   84    0   93    0   88   68   55    0    0    0    0    0   94    0    0   54    0    0    0    0   91   73    0   82    0   92    0    0    0   70    0   85   58    0    0   65    0   72    0    0    0   59   76    0    0   89   79    0   69    0    0   62    0   75    0    0   99  100   64    0   78   86   97   96    0    0   66   61    0   98   63    0   95   74   89   67  
  59   55   96   90   69    0    0    0    0    0    0    0    0    0   75    0    0   87    0    0   97    0   77   56   74    0   79   58    0    0    0  100    0    0    0    0    0   78   60   85    0   90    0    0   68    0    0    0    0    0    0   76   80   65   86    0    0   64   71   88   82    0   73   63    0    0   94   67    0    0    0   72   89   62    0    0   92   70   91   66    0   99   78   81   57   54   84    0    0    0   75   93    0   83    0    0    0   95   61   98  
   0    0   63   70    0    0   98   54    0    0    0   60   92    0   78    0    0    0    0    0    0    0    0   79   90   85    0    0    0   99   94    0    0    0   73    0   84    0    0    0   96   56   82   66   65   62   89    0   58    0   83   75   91    0    0    0   82   64    0    0    0   68    0    0    0    0   59    0    0    0    0   97   88   95    0   61   67    0   78   57  100   74   81   97   55   76    0    0   87    0   69    0   77   72   93   71    0   80   86    0  
   0    0    0   69   84   68    0   74    0    0   54    0   66   95   86    0   81    0   65   99    0    0   96    0   71    0    0    0   80    0  100    0    0    0    0   72   57   91   62    0   73    0    0   90   61    0   72   75   70    0    0    0    0    0    0    0    0    0    0    0   87    0    0   58   98    0    0   57    0   94    0   89   97   60    0    0    0    0    0   55   78   77   93   67   56   63    0   72   79   88    0   85   76   92    0   83   59   64    0   82  
  96    0   56    0   85   59   87   77   70    0   67    0   68    0   88    0   93    0   78   93   92   89   91   55   99    0    0   82    0    0   54    0   60    0   65   69   57    0   94    0   90   58    0    0   86    0    0    0    0   92   73    0   66   71   95    0    0    0    0    0    0    0    0   76    0   98    0   62   99   79    0    0    0   61   63    0   97  100    0    0    0    0   64    0    0    0   74    0    0   81   84   75    0   80    0    0    0    0   83   72  
  90    0    0   58    0    0   70    0   65    0    0   85   76    0   60    0   69   98    0    0    0   63    0  100    0   61    0    0   77    0    0   95   86   54   91   81   97   55    0   87   56   96    0    0    0   99    0    0   64    0   80    0    0   79   75    0   67    0    0    0   88   81    0   60   78   74    0    0   66   81   92    0    0   93   84    0    0   94    0   89   71   82    0   73    0   57    0    0    0    0    0    0   68   59   62    0   72   83    0    0  
  82   84    0   97    0    0   76    0   70   79   94   55   71    0   99   66    0    0    0    0    0   78   75   69    0    0    0   95    0    0   87    0   89   85    0   90    0    0   54   89    0   65    0   91    0    0   76    0    0   83   73   88   61   60    0   74    0    0   80   77   56   58    0    0    0    0   57    0    0    0   64   68    0   93   96    0    0    0    0   92    0    0   59   86   67  100   62   63    0   72    0    0   82    0   98    0    0    0    0   81  
  97    0   56   92    0   88   98   80   61    0   68    0   75   91    0   95   73   94   90    0   77   59   67   79    0   78    0   84    0    0   56    0   81   85   89    0    0   82   64    0   99    0    0    0   57    0    0    0   63    0    0    0   86   55    0    0   93   76   60    0    0    0    0    0   70   69   96   54    0    0   62    0    0    0  100   58    0    0   74    0   64    0   72    0   71    0    0    0    0    0   66   87    0    0   83    0    0   60   65    0  
   0   83   61   56   54    0    0  100   86   65    0   59   67    0    0    0   70   98   68   88    0    0   99    0    0    0   69   86    0    0   91   62    0    0   60    0    0    0   85   81    0   73   80   90    0    0   96    0    0   72    0    0    0    0   63   92   87    0   66    0   78    0   93   89    0    0    0    0    0   90   82   55    0   94    0    0    0    0    0   75   95    0    0    0   67   74    0   76   97   57   58   64    0    0   79    0   77    0   71   84  
  62   84   97    0   60   92    0   78    0   63    0   89   68    0    0    0   88   81    0   64   77   58    0    0    0    0   55    0   86    0    0   83   72    0   90   74    0    0   61   91   99    0    0    0    0    0    0    0    0    0    0   70    0   54    0    0   65    0   95   94   80    0    0   67   98   85    0    0   95    0   93    0    0   69    0   76    0   66   97   96   59    0   75   82   56  100   73    0   57   87    0   71   57    0    0    0   79    0    0    0  
   0   66    0    0   69   83    0   89   81   67   97    0    0   87    0   76   92    0    0   96   95   74   73  100   70   71    0   61   56   54    0   84   88   90   86    0    0   78   72    0    0    0    0    0   63   74    0    0   99    0    0    0    0   93    0   98   94    0    0    0    0    0   84   91    0    0    0    0   80    0   58   59    0   77    0   55    0    0    0    0    0    0   78   62   79   64    0   85    0    0    0   68    0   57   65   60   82   75    0    0  
  88    0   85   67    0   74    0    0    0    0   86    0   95   79   62    0   77   54    0    0    0   56    0   75   82   71  100    0   74    0    0   70    0    0   94   87   84    0   59    0    0   66    0   73    0    0    0    0    0   63   72    0   93    0    0   60   97   55   57   76   61   92   58    0   68    0   65    0   91   78    0    0   69   99   71    0   89    0    0   86    0   90    0   83   98    0    0    0    0    0    0   81    0   64   80   96    0    0    0    0  
   0   88    0   55    0   94    0   66   70    0   54   99    0   86   69   96    0    0    0    0    0    0    0    0    0    0   58   59   85   73    0    0    0   61   62   90   56   95   79   77    0    0    0    0    0   86   98    0   91    0    0   72    0   64    0   78  100    0   74    0   88    0   63   67    0   71    0   60    0    0   81    0   76    0   84   97    0   82    0   92   57   93   65   75    0    0    0   68    0    0    0   83   62    0   87   80    0    0   89    0  
   0   79   55    0   80    0   81    0    0   98   77   97    0    0   94    0   84    0    0   76    0    0   60   78    0    0   72   61   95    0   59    0    0    0   54    0   56    0   93    0   62   85   89   57   83    0   73   69    0    0   67   67   90    0    0    0    0    0    0   87    0    0   96   86   70    0   91    0   88   68   65   99    0    0    0   58   66    0   82    0    0    0   64   74    0    0    0  100    0   92    0   63    0   95    0    0   63    0   75   71  
   0   95   62    0   92   96    0    0   75    0    0   94   68    0    0    0   78    0   60   65    0    0   61    0   66   82   80   87    0   97   72    0    0    0    0    0   76    0    0   64   70   55    0    0   63   54    0   83    0    0    0   57    0    0   71   67    0   98    0    0  100   90   85    0    0   58    0   89   77   84   99   81   86   69    0   59   93    0   91   58    0   88    0    0    0    0   71   56    0    0    0   79    0    0   73    0   97    0   74    0  
   0   61   73    0   80   58   57    0   72    0   62   89    0    0    0   91   87    0   92    0    0   88   76    0    0    0    0    0    0    0   79    0   82    0    0   59   75    0   71   93   54  100    0   84    0    0    0   60    0    0   60   83   55    0   98   99   64   63    0   77   68    0   56    0    0   78    0    0   97    0    0    0    0    0   70    0    0   67   65   62   81    0   74   86    0    0   96    0   94    0   66    0   71   69   85    0    0    0   95   90  
   0    0    0   69    0    0   65    0   83    0   93   99   55   92   81    0    0   70   91    0   98   58  100    0    0   95    0    0    0   97    0   57    0   87    0   84    0   96   72   54   82   86    0    0    0   94    0   56    0   60    0   68    0   79    0    0    0   90   85   62    0   74   73    0    0    0    0    0   67   59    0    0   78    0    0   89    0    0   80   80   64    0   65   63    0   66    0   71    0   77   88    0    0   76   86    0    0   75    0   61  
  64    0   57   63   99    0   74    0   81    0    0    0   65   88   97    0    0    0    0    0    0    0    0   55    0    0    0    0   69    0    0   80   82   84   93    0   89    0   80   72  100   67   56    0   60    0   86    0   94    0   73    0   77   92   76    0    0    0   70   96   66    0   75   68   59   78   62    0   95    0    0   91   54   79    0   67    0    0    0   72    0    0   61    0   71   87    0    0    0   83    0   58    0   90    0   98    0   85    0    0  
  80    0    0    0   76    0    0   62    0   73   54   77  100    0    0    0    0   71    0    0   66   69    0    0    0   96   65    0   56   74   58    0    0    0    0    0    0   83    0   79   97   99    0   85   81   61   94   64    0   86    0    0    0    0   71   90   60   92   78    0   77   57    0    0    0   88   95    0   68    0   72    0    0   67    0   55   87    0    0    0    0   93   83    0   70    0   84   89   75    0   63    0    0   59    0   82   91    0    0   98  
   0    0    0   91   72    0   59   85   76   65    0    0   89    0   83    0    0   55   67   79    0    0    0  100    0    0   93   68   69    0    0   96   87   88   74    0   80    0    0    0   63    0    0    0   98   82   71   94   78   92    0    0    0    0    0   54   84   77   56    0   73    0   66   70    0    0   70    0   97    0    0   58   64    0   90    0    0    0   57   81    0   99    0    0    0    0    0   75   86   95    0   61    0    0    0    0   84   60   62   94  
   0   71   74   80    0    0    0    0    0   81   63    0   63   89    0   86    0   90   97    0    0   96   92    0    0   84   60    0   72   83   76   67    0   61   84   62    0   98   68   99   61    0   85    0    0    0   79    0    0   82    0    0    0   95    0   78   75   66    0   65    0   57   87    0   91    0   54    0   73    0    0   56  100    0   93   94    0    0   58    0    0    0   70   55    0   64    0    0    0    0    0    0   69   88    0   77    0    0    0   59  
   0   70    0   94   68   85   87    0   54   89    0   90    0    0   84    0    0    0    0   66   83    0    0   60  100    0    0    0    0   63   67    0   81   79    0    0    0   86    0    0    0    0   83   59   99    0   69    0    0   71   62   95   78   73   98    0    0    0    0   97   74    0    0    0    0   61   88   57   56    0   91    0    0    0    0   93    0   64    0   80    0   75    0   82    0   72   96   58    0    0   67   77    0   55   65   70   76   92    0    0  
  67    0   81   68   98    0   80    0    0    0    0    0    0    0   74   66   85   79    0    0    0   63    0   62    0    0    0    0    0   77   94   99    0   75   58   70   86    0    0   98   95    0    0  100    0    0   54    0    0    0   92   59    0   61   73   82    0   72   83   96   78    0    0    0    0   76   84    0   55    0   97    0    0   89   88    0   87   57    0   65    0   60   69    0    0    0   63   91   93   71    0   64   56    0   90   98    0    0    0    0  
  92   61    0    0   95   76   70   98    0   65    0    0    0   63   78   94    0   75   97    0    0    0   71   86    0    0   91   89    0    0   96   72    0   99   55   87    0    0    0   58    0   69   66    0   62    0    0   67   93   81   65    0    0    0    0    0   82    0    0    0    0    0   80   90  100   68    0   79    0    0    0    0    0    0    0   74    0   59   85    0    0    0   88    0    0   64    0    0   77   71   73    0    0   83   60   84   74   54   56   57  
   0   59   58    0   85   88   97   99   89   69   90    0   92    0    0    0   68   84   57    0    0   95    0    0    0   80   70   93   91    0    0    0    0   79   76   61   87    0    0   54   63    0    0   60   66   58    0    0    0    0    0   62   67    0    0    0    0   55    0    0    0    0    0    0   72   74    0   78   73    0    0    0    0   83   56   64   65   98    0    0    0    0   75    0  100    0    0   86   81   73   94   62   77    0    0   82    0   71   96    0  
   0   75   77   78    0   65    0    0   79   69   82   73   81   92   69    0   93   57    0    0   54   64    0    0    0   60    0   83   59   58    0    0   80    0   90    0   62   88   68    0   70    0    0    0    0    0   67   63   99    0   86    0   97    0    0   81   89    0    0   76   79    0    0   72    0    0   66   74  100    0    0   71   61    0    0   56   55    0    0    0    0   91   87    0    0    0   84    0    0    0   94   96    0    0   85   98    0   95    0    0  
   0    0   62   95  100    0    0   67   99    0   76   75   88    0    0    0   79    0    0   78   97   88   96    0    0    0   69    0   77    0   73    0    0    0    0    0    0    0    0   66   64    0   72    0   60   65    0    0    0    0   92   84   74   59   85    0   55    0   70   63    0    0    0    0   68    0    0   57    0   98    0   80   81    0    0    0    0    0   94   86    0    0   93   71   58   84    0    0   91   88   56   61   89   87   82    0   90    0   54   83  
   0   63   96    0    0   75    0   56   60   69    0    0  100   82   78    0   99   59    0   77    0   87   66   74   94    0   70    0   85   97   57    0   83   61    0    0    0    0    0    0    0   89   80    0    0    0    0   62    0   73   93   71    0    0   72    0    0   84   86   92    0    0    0    0   88   64   58   98    0    0    0    0   70   65   98    0    0    0    0    0    0   85    0   79   54    0    0   90   95   91    0    0   68   55    0   67   76   81    0    0  
   0   73    0    0   80   96   93   61   58    0   79   76    0   84   59   84    0    0   71    0    0    0   63   92    0    0   81    0    0   69   54    0    0    0    0    0    0   95    0   57   97   94   70    0    0   77   55   85   89   83    0   56    0   60   64  100    0   66    0   86    0    0    0   75    0    0    0   62   90   74    0    0   98   87    0    0   67    0    0    0   93    0    0   88   99   91   68   82   72   87    0    0    0    0    0    0    0   65   78    0  
   0    0    0   81   91   98   58    0    0   78    0   69    0    0   77    0    0   62   61    0   83   95   74   59    0   89    0    0    0   67    0   96   68   86    0    0   69   54    0    0    0    0    0   71   80    0   77    0   85   56   88    0   92   87    0   79   99   84    0    0    0    0   94   57   76    0    0   72    0    0    0    0    0   90   66   75    0    0   70    0   93   82    0    0    0    0   73   60    0   97    0  100   55   63   64   65   58    0    0    0  
  66    0   98   88   89    0   78    0    0   80   68   58   67    0    0   79   62   96   90    0   91   61   60    0    0   99   65    0    0    0   94    0    0   55   70    0   64   93    0   97   54   57   87   69    0    0    0    0   69    0   86   85    0   56   74    0    0    0   92    0    0    0    0   83    0   95    0    0   72    0    0   84   75    0   81    0    0   90    0   82    0   73   76    0   63    0  100    0   59    0    0    0    0   71    0    0   77    0    0   94  
   0    0   94    0   91    0    0    0   67    0    0    0   71    0    0    0   54   67    0   95    0    0    0    0   59   63   98   56    0    0   73   65   93    0    0    0    0   81    0    0    0    0   96    0    0   70    0   80    0    0   55    0    0    0    0   97    0   74   57   79    0  100    0   82    0   85    0   96   80   86   78   61   75   58    0   64    0   72   92   84   69    0   60   77    0   76   99   68    0   89   83   66   62   87   90    0   88    0    0    0  
   0    0   79    0    0   82    0    0   58    0    0    0   87   94   75    0    0   92    0    0   81   83  100    0    0   93    0    0    0    0   74    0   65   96    0   88   90   85   73   59    0   78   86   57   98   76    0   55   89    0    0   63   70    0    0    0    0   93    0   66   60   78   71   77    0    0    0    0    0    0   54    0   64   69   56    0   97   84    0   94   80    0    0   91    0    0    0   99    0   72    0    0   61    0    0   68   62   67    0   95  
   0   95    0    0   72   74   69   83   97   89   94    0    0    0   74    0    0   79   66   60   54    0   76   71   62    0    0    0   70  100    0   81   88    0    0   64    0    0    0    0   98   96   75    0    0   68   84   93    0   82   64   58    0    0    0    0   73    0    0    0    0   86   63    0    0    0    0   99    0    0    0   65   59    0   77   78   80   67    0    0    0    0    0    0   57    0    0   90   91    0   61   56   85    0   92   61    0    0   87   55  
  81   60   80    0    0    0   90    0    0    0    0   58   99   85    0   68   86   62   65   77   92    0    0   71   63   97  100   74    0   69    0   70  100   94    0    0   83   80   93   95    0   88    0   73    0    0    0    0   75   67    0    0    0    0    0    0    0   64   78    0   87   56   66    0    0    0   82   72   54    0    0    0   85   61   79   59    0    0    0   89   91   55    0    0    0    0    0    0    0   76   96    0    0   84    0    0    0   98    0   57  
  95   93    0    0   59   90    0    0    0   70    0    0  100    0    0    0    0   83    0    0    0   88    0   92   64   86    0    0    0   65   73   85   99   77    0    0   75    0   57   68    0   84    0   71    0   59    0    0    0   55   54   78    0    0   60    0   61   72   89    0    0    0    0   76    0    0   74   84    0   98   58    0   91   63   56   79    0   67    0    0    0   82   80    0   62    0   97    0   80   69   81    0   87    0    0   94    0    0   96   66  
   0  100   67    0   79    0    0    0   82    0    0   65   93    0    0   75   94    0    0    0    0    0   86   93    0    0   87    0   78    0    0   95    0    0    0    0   71   62   68    0    0   57    0    0    0    0    0   73    0   91   77   88   63    0    0   79    0    0   55    0   98   84    0   80   59    0    0   66    0   64    0   61   76   85    0   89   69   72   97   58   81    0    0    0    0   54   88   83   56   74   96    0    0    0   99   90    0   70   92   60  
   0   61   96    0    0   84    0    0  100    0    0    0    0   54   98    0   75   83    0   81   73    0    0   59    0   56    0    0    0    0   80    0   65    0    0   55    0   70   60   85   63   66   88    0   93    0   90    0   89   97   72   82   86    0    0    0    0   68    0    0   71   62    0   93    0   74   97   91    0    0   78   69    0    0    0   58    0   67   95    0    0   64   78    0    0    0   92    0    0   87   99    0    0   79   94    0   77    0   57   76  
   0    0    0    0   59    0   99    0   64   60   68   70   54    0   69    0    0   72   66   86    0   58   61   94   88   62    0    0   73    0   95    0    0   90    0   74    0    0    0   96    0   93   78    0   83    0    0   56   76    0   87   85   70    0    0   84    0    0   77    0    0   57    0    0    0    0    0   56    0   71   75   65    0    0   80    0   98   79    0  100    0    0    0    0   72    0    0    0   55   81    0   92   97    0   82   89   67   63    0   91  
   0   67    0    0    0    0    0   87   95   98    0    0    0    0   79   62   69    0    0   80   82   65    0    0    0   70    0    0    0   91   88    0   63   71  100   77   81    0   85   66   76    0   58   86    0    0    0   59    0    0    0   75   89   99    0    0    0   90    0    0   56   57    0    0   94   93   96    0    0    0    0   64   78    0   97   60   55   84   61   83   92   54   74    0    0   73    0    0    0    0   56   65    0    0    0   64    0   68    0   72  
  79  100   70   98    0    0   65    0   62   88    0    0    0    0   55    0   96   94    0   90    0   83   86    0   74   89   81   99    0    0   82    0   93   56   84   85   72    0    0   91    0   54   66   68    0    0   60   76   59    0    0    0   69    0   58   74    0   92    0    0    0    0    0   97   98    0    0    0    0    0    0   75    0    0    0    0   77   80   87    0   78   73   64    0    0   67    0   94   61    0    0   71   95    0    0    0    0   63   57    0  
  62   71   64    0   72   65   60    0   73    0    0   91   94    0    0    0   54    0   87   78   92    0  100   78    0   63   56    0    0    0   82   85   57   66   85    0    0   76   55    0   80   59   89   84    0   79   70    0    0   74    0   81    0    0   93    0    0   68    0    0    0    0    0   69    0   67    0  100    0    0   98    0    0   96    0    0   86    0    0    0    0    0    0   90   83   88   95    0   99    0    0    0   58   77    0    0   97   61    0   75  
  63    0   58    0    0    0   75   81    0    0    0   61  100   71    0    0    0    0    0    0    0    0    0   87   97   60   57    0   78    0   96   70    0    0   76   91   99    0   73   92   70   62   65    0   64   90    0    0   95   89    0   66    0    0    0    0   56    0   78    0    0    0    0   88   72   98   67   74    0    0    0    0   77    0   80   84    0    0    0    0   83   68    0    0    0    0   54   94   93   97   79   82   59   69   55   86    0    0   85    0  
 100    0   59   78   84   59   74    0   86   54    0    0   56    0   95    0   96    0   94   64    0   82    0    0   68   81   92   71   63    0    0    0    0    0    0    0    0   90   73   67   62    0   61   83    0    0    0   80    0   87   99    0    0   58    0   65   57    0    0    0    0   88    0   98   55    0   66   69   79    0    0   70   97   93   76   77    0    0    0   60   89    0    0    0   85   91    0    0    0   75    0    0   59   80    0    0   72    0    0    0  
  89    0   96   55    0   74    0    0    0    0    0   83    0   58   62    0   75   86   80    0    0    0    0    0   60    0   87    0   67  100    0   98   68   71   54   91   66    0    0    0    0   87    0    0   92   56    0    0   77    0   93    0   78    0    0    0   69    0   76    0    0    0   90   72   95    0   65   85   84    0   99    0   82    0    0    0    0    0    0   70   97    0    0   88   58    0   64   94   56    0   73   81   79    0   63   57    0    0   59   61  
   0   98   63   73   59   80    0    0    0  100    0    0   77   84   74   93   54    0   88    0    0    0    0   79    0   60    0    0    0   71   97   67    0    0   87    0   89   96    0    0   94   72   61    0    0    0    0    0    0   55    0    0   75   56    0   84    0    0   91   65    0   99    0   86   95    0    0    0    0    0   61   68    0    0   85   57    0    0   58    0   64   70   82   83    0   62   81    0   69    0   90   78   66    0   91   92    0    0    0   76  
   0   81    0   74    0    0    0   65   57    0    0    0    0    0   64    0   89   85   55   66   63    0   54   58    0   95   98    0    0    0    0    0   73    0    0   72    0   55    0    0   86   93    0   76   56   77   60    0   91   84   67   92   62    0    0    0    0    0    0   78   64    0   82    0   72    0  100   70   71    0   68    0   96   61   75    0   87    0    0   83   59    0   99   80    0    0   94    0   88   79    0    0    0    0   90   69    0    0   97    0  
  60   71    0    0    0  100   81   97    0   64   99    0    0   92    0   65    0   55   83    0   67   98   88   84    0    0    0    0    0   70   87    0   94   69    0   76   58   90   80   78    0    0    0   83   59   86   56    0   57   68    0    0    0    0    0    0    0   72    0   95   79   66    0   74    0    0    0   91   91   85    0    0   77    0   82   96    0    0    0    0   75    0    0   89   62    0   67   63   61    0   93    0   73    0    0    0   54    0    0    0  
   0   96   88    0    0   63   78    0    0    0    0    0    0    0   94    0   71   85   83    0   55   72    0   97   67   68    0   62    0    0   92    0    0    0   99    0    0    0    0  100   73    0    0   76   75    0    0   90   70   81   64    0   77    0   80    0    0    0    0    0   54   66   64   57    0   86   58    0   89   87    0   69    0   55    0   91   79   93   95    0   59    0   60    0   74   82    0   56    0    0    0   84    0   61   65    0    0   98    0   71  
  65   66   58   57    0   55    0    0    0   80   90    0    0   86   54   93   78   64   68    0    0    0    0    0   98   69    0    0    0    0   60   81   63   62    0   74    0    0    0   60    0    0   95   59   87   96   85   95    0   61    0   77   71    0    0    0    0    0    0    0    0   84   92    0    0    0   73   94    0   99    0    0   97    0   75   90    0   76    0    0   56    0    0   83    0    0   82    0   70    0   67  100    0    0   89   79   72   91   88    0  
   0   81   57   61    0    0   83   92   73    0    0    0    0   64    0   59   86   88   91    0    0    0   55    0    0   65   67    0   60   58    0    0   97   66   89   87    0   54    0    0    0    0    0   56    0   90    0    0   63    0   71   77   92    0    0    0    0    0   74   85   99   79   62   84   76    0   93    0    0  100   68    0    0    0   69    0    0    0   89   75   98    0   70    0    0   95   72   94   96    0   82   78    0    0    0   80    0    0   92    0  
  76   58   77    0    0    0   55    0    0    0   68    0   74   98   73    0    0    0   65    0   75    0   96   54    0   64   56   79    0    0   60   80   66   84    0    0    0   95    0    0    0   93    0    0   88    0    0    0   94   69    0    0   61    0    0   86    0   83   78   67    0    0    0    0   62    0   63   90    0    0   71   92  100   89   59    0    0    0   87   70    0   78    0   81   80    0   85    0   66    0    0    0   57   99   97   91    0   72    0   82  
  83   70   57   84   60   68    0    0    0    0   71   95    0    0   86   55   66    0    0    0    0    0    0    0   78    0    0    0   97   74   76    0    0    0   85   80   94  100   90   75    0   88   58   99    0   54   77   61   82    0    0    0   64    0   65    0    0    0    0    0   67   80    0    0   69    0   96    0    0   93    0   92   63   62    0    0    0    0   76   73    0   91   87   73    0    0   98   79    0    0   89    0    0   59    0   81    0    0   72   56  
   0    0    0   80    0    0    0    0   87    0   94    0   62    0    0   78  100   61    0   60    0    0    0   68    0    0    0    0   99   89   95   81   65   71   91    0    0   67   77   76   59    0    0   96    0    0   54    0   58    0   86    0   97    0    0   72   90    0   72   74    0   83   63   79   93   73   75    0   64   69   54    0    0    0    0    0   70   84    0   66   57   54   98    0    0   82    0   85   88    0    0    0    0   55    0    0   92   56    0    0  
   0    0   99    0   85    0    0  100    0   92   77    0    0    0    0   62   70    0    0    0    0    0   67    0   94    0   86    0    0    0   90   58   88   91   69   59    0    0    0   68    0   84   63    0    0   65   93    0   73   98   87    0   72    0   96    0    0   95   54   83    0    0   60    0    0    0    0   57   67    0    0   80    0   75   56   82    0    0   71    0    0   76   79   83   97   89    0    0    0   55   64    0   61   81   64    0   66   74    0   78  
   0   65    0    0    0   77    0   55   67    0    0   92    0   60   62   78    0    0   68   71    0   87   59   83    0    0   90   64   58   74    0    0   54    0    0    0   98    0   95   66    0   63    0    0   70   74    0   72    0    0   80    0    0    0    0   75   82    0    0   97    0    0    0    0    0    0   89   91    0   94    0   57   84   93    0    0   73   86   76   99   81   79    0   91   69   85    0   61   88    0    0    0   70  100    0   96    0    0   56    0  
   0   96    0    0   54    0   92    0   83    0    0    0   71    0   60   64   56   59    0   67   95    0   74   55   99   65   68   59    0    0   82   70    0    0    0   58    0    0   62    0    0   76    0    0   80   94    0    0   57    0   78    0   92    0    0   87   72   69   79   86   91    0   75    0   89    0   61    0    0    0   97    0    0    0    0   63   81   93  100   98    0   77    0    0   66   75   84    0    0   73    0    0    0    0    0    0    0   85   88   90  
  67   77   64   81    0   99   58   59   68    0    0   95   72    0   57    0    0   88   81    0    0    0    0    0   96   79   55    0    0    0    0   62    0   80   93    0    0    0   90    0   56   60    0    0   74   91   65    0   54   92   83   87    0  100   82   69   73    0    0   85    0    0    0   76    0   71   61    0    0    0    0    0    0    0   77    0   89   75    0    0    0    0   94    0    0    0   63    0    0   84   97   86   98    0   96   66    0   70   78    0  
  98    0   59    0   97   87   95   84    0   85    0   56    0    0    0  100   63    0   64    0   78   99   73    0   61   94   86    0    0    0   70    0   68    0    0    0    0    0   55   92    0   57   69    0   72   90   62   91   66    0    0   54   71    0   67    0    0    0    0    0    0   55   74   65    0    0   60    0   96   82   95    0    0  100    0   76   93    0    0    0   88   83    0   81    0    0   80    0    0   77    0    0    0   79   89    0   75    0   58    0  
   0   56   72    0   98    0   80    0    0   57   74   70    0    0   69   75    0   73   83    0   68   61    0   81    0    0    0   60   85    0    0    0    0   55    0   63    0    0   86    0   71   56   78    0   88   58   90    0    0   79    0    0    0    0   89   76  100    0    0   77   62    0    0    0   95    0   59    0   92    0    0   97    0   91    0   66    0    0   71   54    0    0    0   65    0   64   60   99   67    0    0   96    0   82   94    0   93   87    0   84  
   0   87   98   85   58   91   93    0    0    0  100    0   60   96    0    0   78    0   59   54   89    0   90    0    0   99   64    0    0   57   80   63    0    0    0   81    0    0    0    0   60    0    0    0    0    0    0   76   55   69   56   74   86    0    0    0    0    0   66    0   61   70   77   84   67   68   72   94   97    0    0    0    0   65    0   88    0    0   91   73    0   82    0   75   83   95    0    0    0    0   92    0   62   79   98   71    0    0    0    0  
   0   96   70    0    0   88   54    0    0   63    0    0   80    0   57   55   59    0    0    0    0   90   71   68    0   67   88   87    0   65    0   64    0    0    0   56   92    0   89   74   73  100    0   77   83   69   60   84    0   86   75    0    0   93    0    0    0   82   62   81   78    0    0   83    0    0   85    0    0    0    0    0    0    0    0    0   99    0   98    0    0   79   58    0    0   76    0   91   97    0   94   87    0   95    0   66    0   61   72    0  
   0   69   59    0   70    0   92   71   60   64    0   83    0   61    0   63   95   58   81   76    0   56  100    0    0   80    0    0   55   66    0    0    0    0    0   86   62    0    0   57    0   90   93   73   65   99   54    0   94   78    0   85   87    0    0   82   97    0   84    0    0   98    0   77    0   68    0    0   75    0    0    0    0   74    0    0    0    0   88    0   62   80    0    0    0    0   96    0    0   91    0    0   97   79   67    0   72    0    0   89  
   0    0   75   65    0    0   57    0   89    0    0   95    0   67    0   73    0   77    0    0   71   69    0    0    0   81    0    0   88   66    0    0    0    0  100    0   94    0   97   98   59   96   91   61    0   58    0    0   72    0   83   62   93   79    0    0   76   60   80   63   86    0   99   64    0    0    0   59    0    0   70    0   84   61   55   56    0    0    0   92    0    0   68    0    0   85   54    0    0   82    0    0    0    0    0   87   78   74   90   82  
  69    0    0   67    0   60   98   76    0   69   99    0    0    0    0    0    0   54   70    0  100   85    0   73   66   59   96   55   79    0   78   62    0   72   83    0    0   86   61    0   75    0   56    0    0   68   81    0    0    0   64    0    0    0    0   65   90    0   97   90    0    0    0   91   94   58   84   87   71    0   88   92   77    0    0   80    0    0    0   74    0    0    0    0   95    0    0   89    0    0    0    0   84   82    0   57    0   93    0   63  
  74   80   76   57    0    0    0   58    0   72   84    0    0    0    0   83   91   55   63   77    0    0   54   61   94   73   62    0    0   81    0   78    0   95   82    0   92   70    0    0  100    0   96    0    0   66    0   97   65    0   73    0    0    0    0    0    0   69   87    0    0    0    0    0   93   60   71    0    0   98   88   85    0    0    0   67   59    0    0    0   89    0   73   99   91   86    0    0    0    0    0   56    0    0   64   79   75   68   90    0  
   0    0    0    0    0   63   79   92    0    0    0    0   78   97   73    0   77   73    0   89    0    0   94   87    0   64    0    0    0    0    0   85   67   81   68    0   90   59    0   54    0    0   99    0    0   60   70    0   76   96   57   62   83    0   95    0    0   86   65   75    0   56   69   76    0  100    0    0    0   93   58   82   91   80   98    0    0   71    0    0    0   61    0    0   75   74   66    0    0    0   72   84    0    0    0   88    0   55    0    0  
  55   88    0    0    0   76   86   66   65  100   94   78   96   93    0   96    0    0    0    0  100    0    0    0    0    0    0   77    0    0   89    0   85   68    0   67   92   61    0   80    0    0    0   69   97   71    0   81    0    0    0    0   95   58   82   75    0   73    0   64   70    0    0    0   87    0    0    0   98    0    0    0   91   72   62    0    0    0   63   57   79    0    0   83  100   60    0    0   54    0   90    0   99   74   56    0    0   84   59    0  
  96   90  100   97    0    0   78    0    0    0    0    0    0   82    0    0    0   87   76    0    0   74    0   72   75    0   59    0   92   91    0   66   81   73   54   77   85    0   71    0    0   63   67   69   80   68    0    0    0    0    0   83   59   86    0   58    0    0    0   93   70   95    0    0    0    0   56   84    0    0    0   99    0   60   96    0    0    0   61   99   89   55    0   64    0    0    0   65   62    0    0   79   57    0    0    0   94   88    0   98  
   0   86   79    0    0    0    0   87    0   98    0   82   60   74   77   65   63   94    0    0   97   85   93   99    0    0   59   54    0   67    0   92    0   80   90    0    0   89    0    0   76    0    0   90   72   88    0    0    0    0    0   69   58    0    0   64   62   56  100   68    0    0   96    0    0    0   81   55    0   70   83    0   57   84    0   83    0   78   75    0    0    0    0   95   73   71    0    0   61    0    0    0    0    0    0    0    0   79   66   91  
   0    0    0    0    0    0   61   79   99   86    0   91    0   92   85   98    0   54    0   89   63    0   81   57    0   74    0    0   55   93   97   82   70   58  100   62    0    0   76    0   99    0    0   60    0    0   73   80   77    0    0    0    0    0   67   87   66   56   75   94    0    0    0    0   69    0    0   96    0    0    0    0    0    0    0    0   95    0   88   64   84   59   72    0    0    0   65   78   65   83    0   90    0    0    0    0   68   98   71    0  
   0    0    0  100   85    0   95   57    0   78   84   63    0   80    0   69    0   73    0   58    0   89    0   60   62    0   76    0    0    0   83   82   93    0    0    0   81    0   75    0    0    0   74    0   65    0    0    0    0    0   87   56    0    0   75    0   98    0    0   86   96   97    0   64   70    0    0    0    0    0    0    0   71   55    0   88   67   68   61   99   54    0   90   59   91   94   77    0    0    0   72   79   92    0  100   66   89    0    0    0  
   0   87    0    0    0   84    0   83   72    0  100    0   85   60   68   70   62    0    0   99    0   59    0    0   64   63    0   93    0   97    0    0   76   77   69    0   82    0   71    0    0    0    0   75    0    0   56   89    0    0   79    0   79    0   78    0    0    0    0   98   81   66   92   61    0    0   94    0    0   54   88   96   69   67   80    0    0    0   58   75    0   57   91   74    0   86    0    0    0    0   65   95    0    0    0   73   90    0   55    0  
   0    0   63   80   83   71    0   87   59    0    0    0   68   76   65   96    0  100    0   70   84   69   89   77    0    0    0   86   95    0   97   94    0    0    0    0    0    0    0   55    0    0   93    0   92   58    0   79   81   66    0   98    0   62   67    0   74    0    0   61    0    0   56   75    0   81   73   78    0    0    0   54    0   60    0   64    0    0    0   85   59   99    0   58    0    0   82    0   88    0   90   91    0    0    0   57    0    0    0   72  
   0    0   61   98    0   60   89    0    0   93   85    0    0    0    0   99    0   90   87    0    0   83    0    0    0   66    0   86   69   96   79   82    0   75   66    0    0   94    0    0    0   72   81    0   63   76   80    0    0    0   78    0   56    0    0   88  100    0    0    0    0   62    0   59   91   71   58    0    0    0   73   54   95   66   74    0   68    0   77   57   92    0   65    0    0    0   55    0    0    0    0   70   89   64   84    0   97   67    0    0  
  74   88   78    0    0    0    0   63    0   77    0    0   91    0   89    0   95    0   81    0   98   79    0    0   75    0   57   65    0    0    0   85   55   64    0   94    0   70   72    0    0    0    0    0    0   82   61    0    0   97   82    0   60    0   96   76   62    0    0    0    0   92    0    0    0   58    0    0   69    0   99   56    0    0   67   86   83    0   73    0    0    0    0   68   84   93   71   54    0   87   80    0    0  100   64   98    0   66   59   90  
  68   54   79    0    0    0   95   85    0   92    0    0   86    0   91    0    0    0   77   77   81    0   61    0    0   65    0   57    0   82    0   76    0   75   62   88    0    0    0    0    0   56  100   74   94    0    0   78   96   60    0    0    0   89    0   66    0   87    0    0   80    0   99    0    0   73   67    0    0    0    0   64   59    0   58   61   69    0   98   63   85    0   93    0   83    0   84   97    0    0   72    0    0   90    0    0    0   55   70   71  
   0   63   69   72    0   95    0    0   78    0   55    0    0    0   97    0    0   91   76   58    0    0   88   54    0   82    0    0   77   75    0   74   85    0    0   84    0    0    0    0    0   70    0   95    0   86    0   71    0    0    0    0    0   94   56   62   65   98   80   68   67    0   79    0   60    0    0   87   96   93   81    0    0   74   59   73   83   99  100   57   61   64    0    0    0    0   92   87   66    0    0    0    0    0   90    0    0   89    0    0  
  89    0   91   97    0    0    0   56   92    0    0    0   82    0   79   87   81   67    0    0  100   87   59    0    0   76   69   98    0    0    0    0   94   66   55    0   75   70    0   86   60   68   73    0   77    0    0   93    0    0    0    0   84   64   78    0   57   99    0   58    0   99    0    0   85   62    0    0    0   71    0   96   54    0    0   90    0   83   95    0   63    0    0    0   74    0   80    0   61   75    0    0   72    0   65   88    0    0    0    0  
  54    0  100    0    0    0   59   80    0   68    0   69   93    0    0    0   83   78    0    0   55    0   64    0    0   56   63    0   86   76   72    0   70    0    0   91   81   61   73   67   98    0   58    0    0    0   95   62   94    0   85    0   96    0    0   82    0    0    0    0   79   97    0    0    0   65    0    0   74    0   89   87   84   99    0   64   90    0    0   66    0    0    0    0    0   77    0    0    0   56   60    0    0   75   58   92   57   88   71    0  
   0    0    0   86    0   55   87   60   78    0   91    0   77   67   65    0   98   64   58   57   93   56    0    0    0   66   85   61    0   95   89    0    0    0   76   70   84   54   80   84    0    0    0    0   66   75    0   79    0    0    0    0   73   72   82   81    0    0   68   99    0    0    0   95    0    0    0    0   63    0   74   97    0    0   69    0    0   83    0    0    0    0    0   94    0    0  100   62    0   88   96    0   71   59    0    0   92    0   90    0  
   0    0    0    0    0   95   87    0   77    0   71    0    0   79   78   80   75   92    0    0   55   65   60    0   64   88    0    0   91   76   66   54    0    0   57    0    0   79    0    0   59    0    0   69    0   83   86   70    0    0   58    0   94    0    0    0   90   68    0   72   63   82   62    0   61   73    0    0   93   70    0    0    0   89    0    0   98    0    0   75    0   97   84  100    0   85    0    0    0   96   99   74    0   67    0    0   56   81    0    0  
  90   72   80   96    0   89    0    0    0    0   99   62   57    0   60    0   87   76    0   55   81    0    0    0    0    0   75   86    0   79   59    0   56    0   92    0   67    0   99   71    0    0   95   58   71   88   55    0    0   98    0   68    0   94   83    0   84   73    0   82    0    0   93    0   77    0   61    0    0    0   65    0    0   63    0   64    0    0   78   85    0   69   97   66    0   54    0    0    0    0    0   70    0    0    0    0   91    0  100   74  
   0   70    0   77   81    0    0    0   67   89   64   63    0    0    0    0    0    0   74    0   88  100   57    0   87   96    0    0   60    0   94   56   95   54    0   93   68   59    0    0   63   82   84   71   86   85   98    0   79    0    0   69   75    0    0    0    0   83   91   90    0    0    0   60   55   65    0    0    0   76    0   80    0    0   92   62   91   97   73    0    0    0    0    0   61   78   66    0    0    0    0    0    0   58    0    0    0   72    0   99  
   0    0    0    0   94   93    0   95   68    0   76    0    0    0   55    0   55   56   59  100    0   54    0    0   79    0   89   83    0    0   80    0    0   72   81    0    0   82   91   62    0   58   86   74    0    0   99   98    0   79   90    0   84   77   96    0    0   97   65   70    0   95   64    0   61   69    0    0   75    0   85    0    0   60   92    0    0    0   78    0    0   73   63   87    0    0    0    0   57   67    0    0    0    0   66   71    0    0   88    0  
  62   92   99    0   96    0    0    0   82    0    0    0    0   56   73    0   80   58   67   65    0   93    0    0   63   60   95   64   75    0   87   89   70    0    0    0   86    0    0    0   78   66    0    0   94    0    0   96    0    0   83    0    0    0    0    0   69    0    0    0    0   79    0   91   97   88    0   54    0   76   81   68  100   72   71   84    0    0   92   85    0    0    0    0    0   98   88   90    0   74    0   61    0    0   59   55   57   77    0    0  
   0    0    0  100   63    0   87   55   67    0    0    0   82    0    0    0   91    0   70    0    0   93    0   94    0   79    0   76    0    0   60   71    0   61    0   85   77   95   73   88   72   69    0    0   66    0   99    0    0    0    0    0   90   92   83    0   54   68   75    0   58   55   84    0   94    0   80   74    0   56   86   98   78    0    0   63    0    0   89    0    0    0   65   96   81   57   62    0    0   64   97    0    0    0    0    0   59    0    0    0  
   0   76   73    0   72   81    0    0   56    0   61   91    0    0    0   80    0    0   90   86    0    0    0   66    0   85    0    0    0   59   57   70    0   87    0  100   63   79    0   68    0    0    0    0   70   97    0    0    0    0    0   98   58    0   89   99   82   94   69    0    0    0    0   62    0    0   88    0    0   67   78    0   75   54    0   55   60   96    0    0   77   95    0    0   93   74    0    0   92   71    0   60    0   83   84    0   64    0   86   65  
   0   78    0    0    0   83    0   97   82   85   77    0    0   91   64   79   58   72   70    0   95    0   96    0    0    0   86    0   90    0   94   90    0    0    0   68   56    0    0    0   62   61   59   63    0   75    0    0    0    0    0   98    0  100    0    0    0   55   69    0    0    0   54   66   84    0   64   73   60    0   74    0    0    0    0   89    0    0    0   92    0    0    0   87   93   81   88    0   65   57    0   99   76    0    0   80   71   67    0   82  
  56    0    0   86   80    0    0   78    0    0    0    0   82   61    0   81   62   70   64   72    0    0    0   76    0   55    0   87    0    0   92   54   94   97   69    0    0   91    0    0   90    0    0   85    0    0    0   71   95    0    0    0   88    0    0    0   79    0   93    0   75    0   76   83   98   65  100    0   78   66   67   68   63   80    0   99    0    0    0    0    0   89    0   57    0   77    0   74    0    0    0    0    0   84   73   58   96   59   60    0  
  92    0    0    0   80   74   81   76    0   56   60   87   55    0   75    0    0   54    0   57    0   63    0   85   62   99   64   91    0   73    0   79    0   72   90    0  100   78   70   59   96    0   66   83    0   95    0    0    0    0    0    0    0    0    0    0   97    0    0    0    0    0    0   86    0   82   71   67   56    0    0    0    0    0   86    0   68    0    0   61   98   88    0   84   69    0    0    0    0   89   93   94   77    0    0    0   58    0   58   65  
  74    0    0    0   95    0    0    0    0    0   86    0   90    0   71   67    0    0   88   72    0    0   79    0    0    0   96   62    0    0   55   99    0    0   97   77  100    0   83    0    0    0   56    0   73    0    0   80    0   98   94   82    0   63    0    0   64    0    0    0   92   59    0   83   60    0    0   60    0    0   74    0   61   91   57   54   78    0    0    0    0   87   68    0   70    0   76    0   58   75   65   81    0   66   89   93   69   85   84    0  
  90    0   84   71   87    0    0   62   92   83   91    0   56    0   73   66    0   80    0   77    0    0    0   58    0   61   70   75   86    0   95   99    0   96    0    0    0   64    0    0   88   69   68    0    0    0    0    0    0    0    0   55   76   78    0    0    0   63   92    0    0    0    0    0   97    0   57   79   76   89   74   98   81    0    0    0  100   59    0   83    0    0    0   72    0    0    0   65    0   93   94    0    0    0   82   54   67    0   85   60  
   0    0    0   68    0   55    0   99   87   60    0    0   73   66   67   87   95    0    0   78   91   85   94   80   72    0    0   89   64    0    0    0    0   70   93   98   69    0   97   75   79    0    0    0   96    0    0    0   82  100    0   79   59    0    0   58    0    0    0    0    0   88   65   84    0   93   54   74    0    0    0   76    0   71    0   81   61    0    0    0   92    0    0    0    0   62   86    0    0    0    0   56   57   90    0    0   77    0   63   83  ] 
BUDGETS : [    1    2    2    5   10   11   12   21   27   28   29   29   30   33   34   41   43   46   46   49   52   52   56   58   61   64   70   71   74   76   78   80   81   81   82   85   87   88   89   91   92   92   95   98   98   99  102  105  107  110  112  116  116  119  120  126  127  130  130  132  132  134  136  143  144  147  148  149  150  151  152  154  158  159  160  163  165  166  168  170  174  175  175  176  179  180  180  181  183  183  184  185  185  187  187  187  192  193  194  196  ] 
