K : 100
I : 100
PREFERENCES : [   25   81   26   15   41   86   31   93   52   67   77   47   21   90   89   70   14   35   18   28   73   29   30   37   39   58   78   67   91   60   98   85   28   53   98   86   16   46   13   55   32   21   50   22   43   40   33   87   68   63   23   79   95   11   97   62   44   34   88   80   74   12   76   99   57  100   63   24   84   45   42   61   56   96   83   48   36   38   63   54   69   19   66   92   63   65   49   71   59   17   64   27   72   64   20   94   88   75   82   51  
  53   75   54   85   96  100   62   95   26   78   23   70   12   46   41   25   61   22   19   42   64   99   17   93   60   83   81   27   40   80   43   47   44   49   29   35   21   37   72   30   76   74   68   79   63   40   48   17   90   28   20   30   71   85   69   39   18   97   58   36   82   36   52   43   78   80   45   84   57   51   24   11   92   86   31   91   68   59   15   73   16   38   66   17   65   13   89   87   33   67   14   94   55   88   98   77   56   34   32   50  
  12   85   18   96   67   74   52   58   84   66   39   31   72   72   16   63   86   79   88   74   97   48   59   50   72   98   30   87   38   21   73   69   15   89   65   41   34   49   43   60   35   61   76  100   94   75   13   71   42   70   80   68   47   53   51   68   55   37   83   77   82   64   61   19   80   45   14   99   93   81   26   90   27   95   40   36   57   23   80   22   91   92   86   46   56   78   25   20   28   44   32   53   29   11   17   33   62   54   24   83  
  40   15   19   34   87   31   71   46   48   66   60   57   25   92   24   74   93   70   61   41   81   27   89   82   59   62   67   60   96   45   99   90   75   47   91   80   50   49   53   86   51   28   79   42   68   44   56   97   94   32   14   74   12   16   98   88  100   43   54   23   17   20   73   95   76   65   37   29   36   63   64   69   77   35   83   39   78   21   85   81   93   30   26   91   11   33   38   22   72   55   58   13   18   65   84   79   88   93   52   67  
  30   65   29   45   41   28   83   80   42   67   96   49   94   92   90   43   14   63   78   27   31   62   60   21   88   95   99   55   47   55   59   38   91   37   46   64   40   78   12   86   97   84   36   58   72   54   71   85   35   76   77   16   15   90   39   25   61   58   18   17   66   20   15   28   19   44   57   53   89   70   11   24   13   82   75   93  100   68   33   50   48   22   87   79   49   52   56   23   98   69   51   32   74   73   81   54   34   77   75   26  
  34   41   46   82   66   25   22   75   12   90   29   63   69   94   13   79   67   71   82   70   78   55   21   30   42   61   39   72   62   73   32   48   37   36   50   40   44   60   96   71   47   51   66   85   95   18   98   24   15   38   56   91   35   54   84   81   88  100   33   59   20   39   87   58   68   49   26   27   43   80   97   53   83   99   89   76   86   23   80   11   52   57   35   92   80   64   77   65   31   65   45   14   17   47   16   41   93   19   28   74  
  17   15   69   77   78   36   91   29   46   27   56   52   88   30   33   12  100   79   50   96   63   81   83   93   86   44   35   94   37   48   61   18   70   87   89   57   72   75   66   84   58   20   82   24   97   26   43   19   32   42   63   95   25   59   67   54   51   13   49   86   47   22   38   14   99   74   73   16   68   21   62   59   71   92   18   60   80   45   71   65   98   28   90   41   31  100   40   20   85   53   76   81   32   64   23   39   55   86   34   11  
  85   90   73   62   49   69   78   55   79   67   22   82   74   66   44   93   50   97   88   14   12   45   64   68   77   51   18   86   41   30   58   39   52   47   45   11   70   99   94   89   57   56   33   13   20   82  100   29   31   19   35   95   48   54   50   60   91   21   23   71   96   98   32   75   38   27   28   36   15   34   72   72   84   24   65   59   87   81   18   46   92   76   25   17   16   84   83   37   40   93   61   29   87   80   53   42   43   63   26   60  
  52   13   90   50   30   50   94   50   80   25   89   71   62   73   85   74   15   16   53   78   34   54   17   95   55   79   32  100   45   58   77   92   33   76   16   56   99   69   63   86   67   19   11   81   41   37   54   91   50   61   40   36   66   14   70   88   64   42   68   52   12   29   44   20   38   22   60   17   75   65   57   26   49   96   35   21   93   23   28   84   98   27   48   87   97   43   83   47   88   24   18   84   31   46   59   39   51   50   72   82  
  75   25   42   68   82   87   15   37   23   14   30   91   21   59   33   19   62   53   36   12   77   13   64   91  100   35   94   70   16   95   53   17   40   73   51   96   89   72   88   90   50   56   88   65   76   84   91   92   99   48   69   86   22   66   20   97   57   80   61   29   32   39   47   11   98   44   41   90   17   49   26   45   78   93   24   31   67   86   81   43   85   18   58   71   89   21   63   60   28   34   55   83   79   38   54   46   74   52   90   27  
  69   98   79   86   47   24   75   59   96   67   89   35   83   55   88   48   56   30   57   66   25   61   62   13   11   72   46   57   21   87   90   84   36   31   82   53   97   58   80   85   70   41   34   40   17   54   75   12   65   64   42   71  100   81   77   63   71   37   43   91   15   65   93   32   76   65   32   39   52   20   26   27   92   70   44   28   78   38   19   68   18   77   77   94   60   99   29   23   50   74   95   49   33   51   14   72   73   16   22   45  
  41   33   46   25   55   32   89   24   73   43   22   52   40   23   71   45   14   24   62   90   20   49   54   85   91   83   18   44   15   37   82   53   28   80   11   65   58   18   47   31  100   82   67   35   64   99   60   61   26   87   70   99   13   42   19   76   81   68   12   16   61   63   88   68   72   75   83   94   98   97   57   74   38   93   78   48   34   95   84   30   56   21   84   39   17   77   79   63   86   59   69   92   29   36   27   66   51   65   50   96  
  94   83   26   29   17   12   81   92   55   79   46   99   72   42   21   49   55   66   39   77   76   27   45   43   47   91   31   96   78   35   86  100   61   70   80   62   89   73   20   58   19   28   36   30   75   11   24   84   59   22   33   95   15   13   68   74   65   60   34   74   52   23   85   71   90   41   48   40   74   53   63   36   57   56   82   43   87   84   93   14   67   97   18   54   49   16   25   50   80   51   38   64   32   88   23   38   69   44   37   98  
  94   21   84   75   42   34   45   19   48   33   55   58   38   54   85   20   97   18   15   25   53   36   96   32   70   98   79   11   61   51   17   44   47   29   45   73   80   16   74   89   52   95   41   72   69   46   35   88   30   24   34   39   56   76   23   71   91   99   60   28   31   16   20   83   50   67   65   81   63   59   45   40   87   14   59   90   64   26   37   77   12  100   22   18   82   68   43   15   92   27   57   78   66   13   55   93   49   60   62   86  
  70   59   42   39   56   75   39   25   92   31   45   69   89   82   71   32   38   74   99   33   24   52   46   69   49   44   91   53   43   50   29   19   72   67   79   40   36   23   95   65   94   42   57   20   48   88   18   83   37   34   17   39   85   16   12   56   26   27   80   21   62   86   98   30   11   27   28   51   73   25   44   76   60   78   35   90   22   54   87   68   97   41  100   77   55   63   64   93   53   96   58   15   81   47   61   84   13   14   15   66  
  14   21   85   64   48   75   17   47   19   97   22   26   31   54   33   50   67   24   36   52   98   74   12   15   30   81   13   51   90   11   82   78   79   94   84   71  100   91   41   44   56   28   58   53   87   37   53   88   18   55   13   95   68   39   70   59   93   29   89   25   62   70   25   43   99   86   61   12   42   60   20   88   73   63   69   66   35   16   11   80   92   38   32   96   77   23   45   65   40   76   62   35   46   34   49   54   27   72   57   83  
  80   68   55   65   75   24   98   11   94   26   27  100   58   22   77   32   50   58   38   12   13   59   79   39   97   93   19   86   16   37   57   17   34   88   21   35   53   15   30   49   31   90   20   85   11   45   25   64   70   72   68   36   92   74   81   63   82   32   56   66   60   60   41   99   42   88   14   91   69   78   67   73   33   59   71   18   84  100   28   61   48   40   80   87   54   23   96   19   44   62   29   52   95   43   76   51   89   47   46   83  
  40   32   14   88   45   61   59   31   84   63   47   51   41   27   17   78   55   44   91   70   19   48   77   28   46   79   11   33   72   49   37   89   18   92  100   82   26   31   54   81   20   22   99   34   62   50   29   35   30   95   71   52   46   86   36   58   76   15   56   13   57   36   43   97   66   85   25   24   17   98   68   39   25   83   60   73   53   12   75   93   69   53   42   74   13   39   65   50   90   38   64   87   21   80   23   24   67   16   96   94  
  85   52   21   23   95   70   20   73   78   51   82   43   12   90   86   83   54   56   79   68   49   75   13   49   62   30   17   35   34   59   67   47   64   45   11   61   48   11   84   39   25  100   31   91   77   81   53   18   74   93   75   22   16   25   33   37   89   57   58   76   93   28   92   69   42  100   80   96   66   82   71   87   50   72   32   63   46   94   88   19   29   36   99   55   65   14   38   27   15   58   24   98   60   71   44   40   41   27   97   26  
  56   96   60   42   83   57   33   88   20   91   94   14  100   62   23   28   51   37   11   52   47   41   85   32   18   71   86   46   39   92   24   77   91   58   75   99   48   95   12   97   14   21   76   82   26   69   66   35   74   25   17   27   88   90   31   34   40   45   44   89   49   59   87   61   60   93   68   80   81   44   29   15   16   38   43   77   22   69   53   54   79   86   70   65   30   98   59   55   24   64   36   50   19   73   63   13   78   84   67   72  
  40   22   42   91   76   59   93   73   15   96   14   14   45   68   90   42   41   47   17   38   84   39   75   88   27   69   66   25   53   54   81   50   65   18   89   60   31   63   24   58   13   79   64   56   61   94   57   48   95   98   85   20   92   16   41   35   23   83   86   29   33   44   53   51   59   82   99   35   34   67   21   30   45   49   28   43   46   53   78   80   12   52   55   11   77   37   71   36   70   26   36   35   32  100   74   19   87   72   97   62  
  43   19   95   59   87   15   71   86   92   93   66   45   12   14   80   76   27   24   83   62   11   85   23   67   82   99   69   58   11   21   70   42   76   54   47   13   71   51   17   84   28   31   90   39   37   29   36   76   75   38   16   52   97   73   89   50   68   48   81   35   57   58   26   63   77   34   40   98   74   32   18   76   20   91   96  100   60   79   41   53   65   33   34   49   46   64   25   30   72   61   44   94   88   42   56   22   39   71   78   55  
  27   75   41   55   51   82   85   15   16   29   35   14   24   40   18   36   66   47   79   37   32   54   83   87   21   67   56   48   19   59   62   17   64   51   60   45   26   65   96   30   57   88   63   84   70   43   49   46   90   61   22   28   58   94   42   99   12   20   97   55  100   71   39   92   33   67   31   20   98   16   69   93   78   61   13   72   91   68   50   23   38   80   81   74   98   76   90   77   19   86   53   34   52   89   95   25   44   11   88   73  
  31   13   38   73   77   74  100   29   33   37   68   75   98   39   47   45   24   52   32   43   85   27   63   35   56   22   20   55   30   25   67   88   60   50   54   89   81   76   21   94   19   42   72   87   82   86   91   18   16   40   84   46   65   90   48   29   73   49   92   73   61   93   11   70   53   64   51   95   80   36   20   26   83   17   23   92   99   12   58   97   59   85   78   14   26   71   62   41   82   34   69   42   28   44   15   79   57   66   96   31  
  42   23   57   42   66   37   45   17   54   21   97   18   96   14   74   70   78   49   55   50   28   24   12   85   13   91   15   85   82   71   67   33   95   73   53   32   72   87   48   80   94   61   26   16   77   30   31   62   39   63   54   95   59   90   36   76   34   59   56   92   81   27   29   65   85   35   54   99   20  100   51   88   64   44   41   13   84   11   85   89   38   75   98   25   68   22   60   93   69   40   79   83   21   19   47   58   86   52   46   43  
  56   97   77   40   12   58   51   24   46   74   42   55   86   60   23   39   32   76   34   30   62   93   47   66   38   41   16   48   82   54   67   28   27   37   29   73  100   72   14   53   51   79   78   61   18   81   65   14   98   44   80   63   49   28   89   71   17   20   57   70   92   22   88   31   25   19   69   45   45   13   50   45   43   12   91   21   99   86   59   96   52   95   26   64   33   90   94   84   94   68   58   36   11   75   35   32   83   15   87   85  
  31   17   91   44   45   40   81   20   62   46   93   27   14   57   26   84   52   55   58   90   87   11   77   73   92   56   60   24   39   13   34   37   96   89   21   99   30   76   28   70   34   64   51   54   43   96   16   80   68   32   52   48   19   85   61   36   63   95   47   12   65   78   67   22   33   38   42   23   79   25   71   50   41  100   24   53   18   86   94   72   35   66   16   49   43   35   88   90   29   97   75   37   17   59   74   82   83   15   98   69  
  57   35   47   46   96   88   87   16   50   28   89   71   24   60   18   33   91   27   54   17   98   36   34   52   64   32   22   86   23   82   41   58   36   70   42   15   36   48   69   21   73   72   61   76   77   56   62   19   25   93   81   48   96   30   20   80   39   75   59   60   44   74   63   37   38   36   45   99   31   85   12   94   66   91   97   51   36   11   45   43   92   78   26   83  100   68   95   29   79   84   40   14   55   53   67   13   65   49   90   82  
  98   97   34   90   17  100   46   62   55   83   62   73   26   64   67   78   20   68   19   87   27   25   13   18   99   82   78   80   54   53   42   56   31   77   72   51   24   38   85   92   69   50   61   30   86   90   48   32   43   37   29   22   40   88   49   36   16   12   94   47   96   45   44   58   14   21   39   91   66   76   89   51   79   74   93   23   63   81   71   48   28   35   65   59   31   95   33   90   70   64   75   57   69   41   84   60   61   15   11   52  
  90   57   72   27   39   75   41   79   43   93   12   35   20   19   61   23   52   56   89   46   21   71   45   78   18   15   76   42   64   88   66   33   24   91   87   70   82   30   25   81   74   79   86   41   67   58   26   28   96  100   29   55   90   63   16   73   49   54   74   68   15   17   99   59   13   97   36   62   50   32   48   33   84   47   44   38   37   69   83   95   34   51   11   70   94   40   31   61   65   53   92   63   35   98   85   60   14   80   77   22  
  53   30   66   67   87   60   35   15   48   61   95   89   44   99   95   55   81   52   78   63   79   95   22   91   75   85   56   40   14   23   43   31   33   89   88   51   73   19   21   46   36   25   39   20   97   38   76   84   50   17   93   71   32   64   86   13   49   65   42   16   59   74   90   96   37   68   24   26   88   69   12   92   83   58   54   82   80   73   62   60   45   46   77   70   11  100   23   27   29   26   76   94   34   72   57   98   41   28   18   47  
  65   54   61   12   67   82   40   96  100   80   26   58   59   19   30   14   51   27   21   56   55   14   83   87   72   85   63   36   88   79   95   98   77   37   59   64   20   15   42   68   75   99   41   11   16   78   66   71   76   46   93   94   23   47   57   17   60   74   62   34   64   32   49   20   45   24   45   73   33   17   28   70   18   13   39   43   69   91   97   50   90   39   29   89   52   53   44   92   17   81   25   31   48   22   84   35   86   52   22   38  
  96   87   44   20   42   12   25   32   43   88   38   75   26   66   52   14   51   98   36   95   19   61   72   15   49   54   69   73   45   46   13   46   16   90   82   98   87   81   24   93   22   58   17   67   59   53   41   94   47   33   89   48   65   29   55   35   70   99   40   21   18   76   78   85   28   34   37   56   84   31   50   82   30   97   43   83   86   74   11   56   27   63   70  100   57   64   77   79   71   49   68   39   92   60   80   62   23   92   76   91  
  36   19   39   42  100   12   15   14   59   86   77   24   38   51   97   49   80   40   47   48   53   96   30   81   26   82   20   19   94   99   66   18   46   90   60   50   17   25   88   55   91   29   35   69   60   34   16   70   37   57   84   11   56   45   78   36   52   94   48   72   87   11   43   48   95   31   58   84   36   73   54   74   27   22   32   13   41   28   93   92   76   23   68   85   79   64   21   83   67   71   44   33   63   98   30   61   89   75   65   62  
  45   96   47   25   27   11   78   48   83   16   65   67   42   31   64   80   74   91   61   57   97   60   39   44   46   93   82   68   18   94   81   58   75   20   98   86   12   55   70   77   36   76   11   62   19   94   32   41   13   52   59   38   21   22   85   26  100   15   40   88   30   23   28   84   44   90   89   98   99   72   92   17   73   63   21   95   79   90   59   14   97   51   50   24   33   80   71   29   41   43   34   69   49   53   37   87   56   54   35   66  
  69   52   84   39   20   78   17   16   85   96   74   80   90   81   57   63   29   46   41   93   67   23   18   97   66   87   99   11   36   42   14   75   89   30   13   53   95   43   72   71   55   35   48   86   46   37   92   32   33   34   50   25   68   28   22   85   27   64   83   62   54   56   65   19   40   38   94   29   31   70   60   15   98   44   12   91   79   35  100   35   88   77   61   73   21   58   47   82   95   26   35   51   90   49   59   45   76   24   79   79  
  15   50   80   75   60   63   16   70   92   31   66   81   12   96   93   81   55   69   61   71   21   32   24   74   79   73   33   37   42   62   85  100   48   25   59   89   41   87   47   52   20   68   67   13   65   95   57   26   54   78   19  100   23   90   88   30   35   95   40   77   76   91   36   17   82   18   64   29   34   22   76   79   84   58   11   56   83   27   49   28   46   86   94   39   62   72   43   14   45   41   97   38   48   53   44   47   98   47   51   99  
  83   86   84   81   58   88   45   52   16   90   67   33   18   71   63   11   87   78   70   98   44   60   80   89   20   43   30   94   99   15   69   31   27   48   75   72   35   23   59   28   95   57   55   65   61   34   53   96   56   82   32   49   79   49   14   54   91   85   41   93   37   79  100   13   40   46   21   69   47   22   35   29   27   88   76   39   25   77   24   50   17   33   12   36   38   42   97   55   19   92   64   66   52   62   51   26   73   17   68   74  
  83   98   20   65   56   31   77   26   99   85   68   70   16   97   93   79   54   20   53   21   57   76   49   60   81   86   64   68   80   24   62   43   46   61   40   38   74   67   23   88   52   45   82   51   92   50   55   32   19   14   39   34   20   11   63   84   42   52   47   28   11   29   69   78   15   30   58   35   89   75   72   66   12   73   96   22   90   64   50   87   37   44   50   33   24   13   25   27   91   41   68   18   71   94   36   17   59   95   48  100  
  76   18   43   45   26   39   37   42   59   34   46   61   83   74   90   84   79   44  100   88   50   73   99   25   33   96   17   58   87   81   29   52   53   24   70   95   30   41   49   79   27   60   62   14   57   83   97   68   66   65   12   74   15   35   92   40   75   69   39   13   77   72   80   82   98   63   28   32   67   54   22   19   71   94   14   16   91   29   22   21   31   86   55   89   79   47   38   11   38   85   23   64   48   78   51   20   22   36   56   93  
  27   11   68   26   29   76   52   89   12   84   31   42   18   90   47   56   94   51   16   61   83   86   53   58   25   24   63   24   46   30   35   44   38   37   37   14   19  100   22   25   32   39   66   62   77   92   60   48   99   79   20   33   28   38   17   23   93   69   15   50   88   62   71   21   54   87   73   80   97   59   29   49   67   13   78   96   82   57   65   55   32   85   95   15   81   75   43   25   40   36   70   74   72   34   64   98   45   41   91   75  
  67   43   30   56   24   69   65   12   59   98   33   61   39   49   13   51   51   58   45   90   25   55   75   32   97   36   93   53   64   79   33   22   27   94   17   54   21   72   68   63   84   95   60   62   96   82   20   99   74   37   71   38   68   40   46   88   63   70   18   42   11   35   52   99   23   48   80   34   44   89   65   34   28   14   99  100   81   19   50   87   91   47   86   19   29   15   90   83   66   78   26   57   41   76   85   77   73   92   16   31  
  49   80   18   38   48   45   48   40   42   59   67   31  100   12   44   55   34   80   89   81   25   20   50   79   24   16   36   67   88   54   56   78   43   69   32   33   39   95   30   70   90   23   85   82   47   11   53   96   13   41   58   61   64   52   99   62   27   17   76   66   74   26   75   63   97   65   72   94   71   31   14   98   66   88   86   21   92   91   57   35   46   51   27   73   22   49   93   83   84   28   37   68   62   60   15   77   87   19   29   86  
  18   84   28   34   57   72   49   61   74   64   35   86   59   45   29   69   77   44   48   23   56   46   85   12   94   87   82   53   91   73   17   62   98   26   51   24   67   92   39   32   60   58   11  100   57  100   41   19   81   37   64   37   25   13   93   38   97   31   61   89   53   16   54   88   42   68   90   20   83   40   78   42   75   28   21   47   66   14   76   99   50   95   79   65   22   15   33   80   30   99   70   36   63   96   55   43   52   27   61   71  
  71   14   56   58   70   32   81  100   38   83   50   57   84   98   97   22   74   86   73   43   18   13   60   43   23   68   94   21   64   58   85   59   33   43   79   45   96   93   91   86   66   76   81   55   28   19   42   95   87   89   39   36   63   99   51   30   24   35   37   20   46   80   17   78   11   53   88   92   43   15   91   77   44   34   25   47   82   54   26   61   49   62   90   48   31   40   11   94   23   27   41   29   69   67   75   72   12   65   52   16  
  47   40   32   12   49   86   58   93   50   23   85   62   48   34   95   54   18   13   28   24   43   88   90   51   60   83   22   85   62   36   42   81   21   19   46   78   87   86   75   68   76   35   59   55   20   26   73   35   41   71   63   90   99   70   35   53   92   57   89   29   33   27   25   53   96   80   12   98   31   82   72   74   91   38   37   17   69   56   97   30   14   15   61   23   45  100   16   77   44   39   79   65   67   85   94   64   52   84   11   66  
  22   63   96   57   90   65   36   34   26   24   76   18   16   79   72   45   41   93   14   73   17   77   30   61   86   43   51   95   89   70   81   33   21   80   52   47   67   91   39   60   42   43   99   63   13   94   31   83   53   11   58   44   15   46   27   72   28   64   95   67   97   48   20   75   59   74   98   35   85   32   62  100   37   55   54   50   71   12   25   69   82   66   92   49   47   38   88   29   19   83   78   57   56   91   87   40   23   84   68   17  
  14   81   18   79   60   65   35   12   40   80   49   33   13   39   24   34   45   37   73   70   42   66   59   62   20   99   97   62   48   44   66   57   41   69   43   67   33   55   85   82   98   51   74   88   81   27   70   14   25   78   16   83   95   47   61   21   28   70   91   84   46   22   87   58   89   76   75   31   69   80   53  100   32   50   15   17   68   36   11   23   29   94   64   77   30   90   26   56   86   71   96   52   92   12   54   63   72   38   93   19  
  39   90   22   31   73   98   95   28   12   70   64   55   47   32   63   82   53   74   61   29   13   83   42   76   71   77   20   51   14   39   18  100   46   88   52   48   61   43   88   94   86   96   79   23   56   84   36   57   50   68   41   33   25   38   75   11   92   34   17   43   45   40   91   16   87   67   21   59   85   26   24   97   61   62   37   67   69   78   98   99   65   80   49   58   78   72   44   19   30   27   60   54   93   89   66   28   35   41   81   15  
  72   66   38   35   46   15   69   96   68   20   98   18   78   36   49   95   91   73   81   11   51   24   83   88   67   99   50   56   22   37   84   40   26   80   82   44   20   85   74   25   41   91   60   18   32   55   43   33   34   23   86   58   52   75   40   29   62   76   95   63   91   17   12   90   74   70   30   64   19   87   48   61  100   79   45   71   57   27   93   47   65   18   54   92   14   42   15   53   21   13   97   16   89   59   31   96   28   77   94   39  
  36   31   14   68   35   71   87   61   39   17   50   60   50   39   77   12   78   48   49   92   19   13   74   75   81   59   83   34   21   37   62   76   55   80   84   64   29   98   99   45   44   67  100   23   72   27   22   11   97   23   43   93   89   38   86   15   26   88   66   57   58   90   91   46   24   52   41   69   70   47   54   79   12   51   40   20   42   33   18   56   30   66   94   25   96   24   65   16   74   32   85   73   53   63   82   11   66   14   95   28  
  66   38   11   93   24   23   20   29   76   28   27   97   65   46   78   78   32   25   95   58   45   56   47   49   79   83   70   96   91   34   37   82   14   77   40   44   41   43   71   74   47   30   62   89   12   19   92   86   61   87   13   85   36   16   33   73   88   84   64  100   54   45   48   35   67   98   96   31   81   75   39   17   80   68   51   97   59   22   26   18   94   55   72   60   53   52   88   90   70   50   15   42   25   21   57   69   86   99   63   20  
  28   27   45   56   79   86   72   31   94   12   30   63   41   91   44   21   76   68   55   58   96   15   80   34   71   38   16   68   91   75   49   37   88   78   81   33   57   46   62   17   73   42   82   95   58   85   31   40   32   48   61   40   50   60   59   35   66   47   65   19   17   29   87   89   22   67   91   97   36   84   11   64   92   39   98   26   91   13   77  100   99   24   51   74   54   83   53   25   43   15   52   60   69   93   23   14   70   90   18   20  
  70   62   85   33   42   44   58   64   96   86   41   84   76   45   37   18   74   58   77   75   92   63   35   80   26   54   99   97   28   41   72   25   30   14   55   45   29   83   32   50   20   18   67   82   15   36   66  100   42   24   11   56   61   51   17   22   12   98   21   16   59   94   88   57   31   52   65   71   19   47   46   79   27   90   80   53   97   68   95   52   13   70   33   73   38   91   23   43   93   39   81   60   34   69   40   87   89   48   49   78  
  81   79   57   21   34   11   46   82   58   59   51   84   83   40   23   52   78   16   73   97   43   61   37   68   62   42   52   30   14   50   98   17   77   64   74   94   39   36   60   57   38   59   49   35   58   80   92   48   41   31   22   99   85   75   71   26   89   86   95   90   54   63   70  100   45   12   38   98   47   66   15   93   87   18   44   32   99   29   43   56   55   28   24   69   25   72   96   33   53   91   20   65   19   40   13   92   76   67   88   27  
  69   71   40   22   35   18   99   60   40   33   15   29   58   91   78   39   62   31   70   89   53   87   84   58   28   34   85   42   12   72   94   64   24   84   26   93   44   77   82   59   16   56   81   41   32   33   51   95   21   22   37   17   47   49  100   52   86   88   96   80   19   14   83   46   23   92   68   73   43   55   67   15   61   87   54   65   45   79   20   25   26   30   57   64   48   97   11   63   66   90   50   21   75   36   13   76   74   38   98   27  
  11   29   72   22   63   39   58   78   23   62   30   37   43   49   43   92   28   82   71   87   41   63   60   75   61   35   97   54   55   73   32   52   56   25   60   38   20   98   18   84   95   89   90   13   34   31   14   50   59   40   33   23   96   21   70   19   17   74   15   37   45   37   77   93   85   68   91   65   24   67  100   94   83   36   46   99   44   60   79   42   12   50   64   88   51   53   47   69   93   16   27   48   66   86   76   57   26   80   71   81  
  23   78   65   55   43   67   39   63   64   79   15   51   37   58   26   74   37   99   25  100   28   89   94   70  100   54   18   34   75   30   40   36   48   61   82   50   44   92   14   13   49   30   24   95   29   62   85   97   41   86   73   77   98   50   56   68   90   84   76   11   91   46   16   46   42   11   27   81   21   19   64   38   31   69   33   54   47   32   64   52   17   35   83   53   66   69   57   12   96   45   93   71   60   59   72   88   20   22   87   80  
  56   11   53   94   12   39   51   68   52   58   22   15   83   30   28   48   78   33   24   45   98   40   77   80   73   95   16   90   21  100   25   65   14   26   91   99   60   28   87   46   85   61   50   96   62   51   74   59   44   43   76   15   17   63   66   35   55   19   89   29   84   86   71   67   92   72   23   49   57   18   54   20   64   34   71   81   65   36   41   27   13   47   74   60   70   31   32   37   75   69   88   38   44   93   94   42   91   79   97   82  
  62   47   63   99   82   96   40   71   95   79   74   72   43   13   55   25   39   92   61   39   72   89   54   28   32   29   77   44   64   90   22   81   26   50   49   59   67   14   33   51   65   88   69   94   11   23   85   17   24   57   76   80   97   84   87  100   20   42   58   59   30   19   60   53   73   41   52   72   18   21   55   12   35   36   98   37   15   34   78   91   56   45   75   13   26   22   66   86   38   86   31   70   93   83   48   13   46   68   16   27  
  86   51   17   26   53   11   24   99   79   25   95   15   70   40   30   86   82   21   13   44   80   56   52   36   71   63   88   18   28   55   16   27   67   48   91   77   76   43   58   32   37   49   31   81   75   98   84   65   69   14   60   41   87   54   92   97   73   47   94   20   21   38   64   76   54   22   19   50   66   39   33   78   57  100   35   42   29   51   46   12   61   90   68   20   89   59   45   83   72   62   94   96   85   91   34   23   93   94   74   77  
  13   67   96   33   60   41   55   20   78   27   57   94   84   70   54   28   75   83   17   80   31   81   29   48   92   36   38   86   85   35   51   87   64   82   51   68   40   79   39   30   40   91   70   34   90   69   65   18   22   47   59   45   99   53   89   97   21   14   16   66   23   72   25   43   50   98   73   12   58   32   24   77   93   52   11   88   76   44   49   19   15   78   95   26   46   74   56   91   58  100   25   38   37   13  100   61   62   71   63   42  
  43   73   91   66   12   56   52   81   79   98   54   36   13   89   67   33   15   27   35   14   19   13   99   61   94   70   60   11   62   45   93   77   53   20   82   13   92   30   59   32   74   76   63   39   29   80   34   85   87   23   57   25   48   86   11   37   21   84   41   64   71   95   66   54   18   69   31   75   46   58   83   16  100   28   88   60   72   34   68   90   44   97   24   49   26   17   78   22   80   81   40   55   38   96   42   65   47   87   50   51  
  29   18   27   58   22   34   17   27   60   88   68   99   57   81   76   13   71   36   85   41   21   15   47   86  100   70   84   82   77   96   91   43   65   89   37   42   59   48   55   73   50   72   80   87   32   46   97   76   12   63   52   53   95   28   69   74   83   62   35   78   23   33   98   14   54   86   30   27   75   94   32   56   86   66   82   40   20   92   21   51   44   61   93   16   19   26   79   25   97   11   31   38   45   24   67   90   64   20   49   39  
  50   72   23   76   63   12   73  100   35   55   56   92   19   78   39   68   70   64   84   31   28   54   62   80   82   81   45   95   86   37   96   32   33   96   49   54   12   81   29   16   20   90   42   52   21   41   67   22   46   68   66   11   53   25   78   57   99   74   18   51   98   97   91   36   26   38   24   27   44   87   40   22   89   60   85   71   65   69   96   93   43   83   34   88   14   13   58   61   94   77   45   17   59   47   79   12   75   30   48   15  
  83   90   49   84   45   72   62   74   64   46   25   37   20   93   59   29   31   78   85   27   26   55   36   53   23   58   96   83   35   57   24   12   13   68   38   79   19   77   88   44   21   98   28   75   65  100   73   99   95   57   89   87   47   50   48   69   73   80   51   55   18   97   76   32   11   67   22   40   54   94   14   92   17   87   39   63   61   41   43   96   33   82   42   86   56   16   52   29   78   30   70   48   73   34   15   91   60   81   71   66  
  82   51   31   28   74   81   12   19   69   25   91   76   33   16   27   36   29   97   11   93   69   96   47   49   70   56   45   50   23   44   55   42   59   20   90   62   98   67   15   84   68   83   85   34   22   92   37   26   38   60   14   71   46   20   66   21   89   73   21   80   53   30   64   32   75   94   52   18   95   45   58   87   88   40   48   91   17   35  100   68   99   97   63   65   77   41   43   54   13   79   72   87   24   86   39   78   61   57   46   98  
  22   33   36   99   93   12   96   43   40   60   45   17   81   44   24   19   81   62   35   87   94   46   68   65   38   78   49   20   15   70   89   57   25   42   56   61   54   58   28   67   51   92   23   47   18   11   27   73   21   95   81   39   97   86   31   14   80   79   69  100   26   76   84   32   13   91   52   77   75   74   85   83   72   88   70   53   55   66   48   37   30   92   34   59   71   16   90   98   64   29   63   89   27   50   82   63   40   19   41   98  
  17   11   31   90   38   68   69   86   35   72   40   36   56   21   99   99   44   30   16   64   76   82   98   29   14   53   88   13   27   85   20   12   46   83   43   45   94   58   62   42   71   86   34   23   47   74   37   22   75   52   19   66   22   15   59   85  100   57   55   51   33   18   79   89   87   49   22   80   92   26   91   63   60   61   96   77   84   24   65   81   48   67   50   95   32   73   28   55   42   25   78   55   97   70   93   24   54   54   39   41  
  64   17   33   98   47   95   67   52   23   22   46   16   76   15   66   48  100   44   80   86   29   12   62   49   61   90   18   87   56   91   19   85   22   99   20   35   83   79   27   21   53   32   72   68   62   26   58   45   70   55   30   73   42   71   43   46   92   89   77   25   78   11   26   66   81   75   28   93   40   54   94   14   41   37   75   31   57   69   36   50   34   96   82   59   20   60   84   13   74   24   51   76   97   39   12   63   65   38   88   39  
  44   28   76   50   98   74   19   72   40   48   90   18   73   41   34   42   49   27   37   91   38   61   54   88   30   21   20   82   80   83   11   56   18   59   22   71   92   43   74   32   99   81   94   55   38   84   47  100   66   17   60   26   65   87   64   52   34   79   89   36   46   85   39   51   95   33   33   62   74   96   25   97   23   15   42   63   67   70   86   25   57   68   45   93   29   73   77   13   31   24   58   14   69   16   35   53   75   42   12   78  
  44   90   88   46   67   20   68   15   60   94   48   53   70   71   38   69   93   59   77   47  100   29   37   26   16   21   53   40   31   63   14   22   97   61   18   66   99   56   28   73   50   58   45   72   95   19   19   39   87   82   33   56   17   57   42   12   27   84   76   43   82   91   24   30   78   96   36   75   34   25   85   83   41   89   32   20   79   92   40   37   62   11   54   35   81   86   74   23   51   49   52   65   64   93   43   55   83   80   13   98  
  80   12   36   53   53   93   27   17   59   49   65   74   73   29   50   67   54   33   83   42   22   79   16   20   69   39  100   63   99   82   28   95   25   22   57   98   89   90   96   62   82   81   71   26   76   97   92   62   55   24   11   38   77   88   64   41   45   18   21   43   35   15   65   44   56   96   68   34   48   46   14   66   70   58   86   16   40   84   87   30   31   60   23   13   24   24   51   37   19   91   75   47   78   16   32   94   61   72   52   85  
  60   97   95   67   40   86   40   82   94   83   70   70   33   17   41   35   45   56   36   54   42   61   51   55   29   76   28   58   72   32   53   99   24   80   81   88   57   13   15   30   47   96   20   84   92   12   56   48   64   62   15   39   25   43   69   19   61   85   34   46   88   23   22   93   26   38  100   71   75   77   68   14   90   66   78   44   65   87   93   98   91   49   79   27   63   31   59   38   74   18   37   16   52   50   73   44   89   11   25   21  
  53   24   44  100   89   45   73   16   13   93   22   96   84   38   87   90   92   50   33   60   47   22   68   83   69   20   95   46   70   40   21   18   82   61   75   27   40   23   54  100   41   35   19   88   66   65   59   63   43   55   57   56   51   29   32   62   14   76   26   17   74   86   30   97   28   34   48   14   71   36   67   63   58   85   78   80   91   81   96   37   42   52   31   98   80   64   11   99   94   72   68   49   79   15   25   12   88   39   77   71  
  21   43   95   96   79   35   41   31   36   34   61   64   12   21   86   93   47   94   40   72   15   38   54  100   46   30   39   34   52   88   76   25   62   99   63   90   78   48   82   11   75   66   81   29   33   37   99   68   80   55   22   87   24   98   42   71   32   89   16   76   58   13   70   58   28   65   74   56   17   84   19   66   27   74   45   77   59   23   97   91   60   75   26   20   73   92   44   49   53   18   76   85   51   44   50   67   57   14   83   69  
  59   12   41   96   83   26   16   22   27   98   25   76   21   91   53   18   12   35   35   37   38   58   28   56   82   15   72   26   97   31   57   46   17   81   69   19   95   77   99   29   17   93   73   61  100   49   82   70   24   98   27   42   14   90   80   48   84   47   66   44   45   27   71   87   23   64   85   78   51   75   30   67   94   34   52   92   43   20   36   62   50   79   32   86   11   13   63   54   33   55   50   64   88   39   65   40   60   74   68   89  
  28   23   43   35   34   58   76   87   61   24   78   81   98   88  100   75   13   12   53   40   20   32   57   33   29   17   55   92   69   70   74   18   91   25   96   94   54   22   84   49   79   36   37   33   95   89   41   97   46   48   21   16   63   62   19   47   59   82   14   11   86   52   56   83   99   39   63   77   27   73   90   68   30   44   29   50   86   46   67   79   44   31   15   61   38   93   53   66   85   26   64   60   98   45   72   51   42   65   71   80  
  58   46   98   24   41   94   58   99   81   44   21   20   11   67   48   78   51   70   57   89   62   84   65   74   64   73   83   77   34   22   29   47   60   87   16   56   23   59   72   71   97   43   79   15   19   92   53   35   39   28   52   25   38   17   12   36   76  100   45   77   93   55   33   27   91   26   30   29   14   75   32   50  100   66   82   86   85   61   69   76   92   42   95   80   18   63   37   96   88   68   57   40   31   54   58   90   38   91   13   49  
  56   83   48   53   77   27   87   33   60   46   38   65   12   29   68   93   99   70   40   24   39   62   12   79   41   26   49   97   94   39   44   32   76   45   67   92   35   73   20   85   30   61   27   21   28   82   78   13   90   63   65   54   37   71   51   59   50   58   88   42   19   55   57   47   75   74   86   64   98   22   34   81   84   91   52   76   95   36   72   31   69   18   80   15   96   89   24   66   43   11   16   23   25   78   14   30   54   17   62  100  
  94   29   17   14   99   45   82   95   71   78  100   79   15   60   67   35   70   55   41   62   39   88   46   34   89   40   59   32   49   85   24   16   18   56   86   68   98   15   21   20   72   53   96   33   23   81   57   50   22   90   91   77   69   65   43   36   97   12   69   54   25   76   11   19   27   61   29   26   47   87   49   64   77   30   75   34   42   28   83   52   48   80   38   44   93   73   22   34   51   74   92   13   14   31   66   21   37   58   63   84  
  36   52   94   54   36   12   45   74   29   73   95   78   67   58   81   61   37   21   76   16   92   38   93   14   19   46   57   97   41   48   87   15   50   80   64   96   65   89   99   63   72   61   39   51   79   68   88   86   22   73   59   17   40   28   71   83   22   98   75   53   27   31   26   90   77   35   44   69   24   25   84   70   61   18   20   43   75   11   23   66   60   55   49   56   42   62   89   13   82   32   91   30   91   44   33   76   47  100   34   85  
 100   94   69   93   65   98   32   32   66   19   91   33   34   13   27   49   20   25   76   45   95   60   39   64   18   72   16   53   56   73   38   62   75   61   96   26   79   86   23  100   89   12   59   88   50   46   79   14   99   62   35   57   79   70   83   17   20   80   97   15   36   22   54   78   58   11   77   30   56   67   47   90   68   40   81   17   71   54   41   52   24   44   82   87   51   21   63   84   31   48   29   28   92   37   85   43   55   42   73   74  
  65   71   40   87   69   23   84   40   53   89   66   32   22   72   58   90   49   31   54   68   71   36   50   80   27   61   89   93   13   48   97   45   43   46   52   85   11   79   94   89   92  100   19   44   26   95   47   33   18   24   60   96   99   74   84   59   81   24   34   28  100   75   30   73   82   78   55   63   29   37   38   41   76   21   12   77   86   14   39   42   51   46   25   64   35   16   15   20   88   18   17   70   62   96   67   56   83   91   98   57  
  99   14   39   37   55   29   89   42   27   90   46   13   52   94   17   74   22   43   44   80   11   48   70   96   73   32   68   77   25   92   63   41   54   82  100   33   88   78   71   79   21   50   91   22   85   27   63   12   67   81   69   84   41   58   24   76   15   35   60   34   26   48   86   93   28   65   40   36   31   42   98   30   97   53   95   19   47   51   36   38   49   75   64   20   61   89   40   62   56   59   66   23   16   87   83   72   85   57   18   45  
  54   46   29   24   37   59   93   66   46   23   99   49   60   94   96   12   15   53   91   29   21   92   38   57   56   79   75   13   53   53   41   53   18   72   71   45   30   48   27   26   88   36   90   52   55   31   83   22   68   97   32   16   74   28   80   11   74   85   61   70   63   20   87   96   86   14   42   62   34  100   44   76   15   17   47   64   93   33   78   40   84   81   98   25   58   50   39   69   29   67   19   95   89   43   82   65   35   51   77   73  
  72   70   49   35   73   79   30   99   36   37   76   43   59   18   91   93   25   67   34   68   97   97   98   27   74   14   18   27   19   42   89   65   61   53   13   88   66   78   64   16   57   92   41   51   71   87  100   20   80   54   63   94   59   12   47   55   62   85   49   83   24   90   40   23   15   29   84   95   50   48   38   17   79   52   33   44   75   81   31   32   56   26   60   39   22   96   77   45   19   28   86   69   34   58   82   43   21   46   94   11  
  49   16   21   92   23   73   17   43   50   45   11   63   15   89   20   27   35   56   62   67   22   88   70   83   31   40   38   84   12   64   59   17   59   52   32   58   55   41   45   69   14   57  100   36   28   87   48   90   50   26   78   42   39   33   93   46   61   96   65   71   77   30   66   68   17   80   54   86   53   34   24   44   51   37   29   73   62   27   27   82   79   81   47   69   97   95   85   98   18   91   99   72   74   19   25   75   94   60   76   13  
  78   38   38   34   75   51   42   36   38   63   23   35   15   61   50   21   49   37   14   28   78   68   39   40   57   44   29   60   54   88   99   34   82   93   53   66   52   30   19   70   69  100   71   76   95   67   59   46   12   83   13   65   91   67   58   73   81   84   18   26   56   27   58   11   31   20   87   80   55   32   37   47   77   41   86   64   45   96   92   97   74   33   89   90   62   94   46   67   98   17   43   78   48   79   25   22   85   16   72   24  
  35   50   55   96   78   90   21   89   46   48   40   14   47   87   19   77   23   29   63   80   62   34   64   12   31   15   25   73   77   54   85   16   15   59   60   68   92   43   27   86   45   28   18   70   94   44   49   65   11   42   85   37   39   97   76   57   66   58   30   33   43   79   53   82   87   95  100   93   32   71   99   35   46   22   17   45   67   83   72   84   61   26   69   41   38   35   24   81   75   50   51   52   13   20   88   56   98   36   91   74  
  67   93   51   85   47   61   74   76   66   79   81   15   48   28   19   53   29   23   49   84   52   21   39   41   59   32   62   95   54   86   72   64   68   18   91   36   92   40   33   79   57   46   43   82   88   74   44   50   14   28   12   43   55   90   60   58   96   20   27   26   42   15   17   38  100   13   99   24   11   71   87   98   74   70   56   37   14   77   45   65   83   94   69   89   95   15   80   16   97   75   31   22   73   63   12   25   34   78   35   30  
  21   27   59   24   30   58   45   16   96   20   87   84   85   86   12   26   23   92   43   98   80   19   26   44   39   78   14   22   11   93   66  100   58   45   62   35   17   72   56   19   71   64   99   13   38   74   29   69   41   28   87   34   73   47   18   53   48   36   63   75   15   57   94   33   65   37   55   88   89   25   46   31   32   81   16   51   17   76   70   18   60   91   77   95   54   52   83   90   79   68   21   82   42   67   40   30   97   61   49   50  
  68   70   69   61   70   38   54   63   79   57   74   65   55   99   20   30   27   76   25   53   19   75   97   73   58   98   59   84   66   34   52   23   86   78   16   95   15  100   12   21   45   36   51   15   80   31   28   94   48   37   49   24   18   88   64   87   43   90   85   40   71   89   47   67   33   72   84   82   93   26   42   83   46   40   22   60   15   21   44   77   50   17   11   96   14   62   13   85   39   41   59   94   29   92   32   81   56   35   39   91  
  18   45   65   52   62   17   56   78   44   69   60   27   98   70   35   34   29   72   47   12   51   31   90   16   22   67   40   86   28   23   37   59   64   20   97   89   75   91   98   61   43   26   43   93  100   92   55   87   77   38   99   82   52   36   41   21   85   48   57   82   24   84   30   15   42   88   39   73   51   94   53   84   80   33   96   77   25   66   63   76   95   13   68   58   50   54   36   46   81   39   71   74   19   32   11   49   14   84   83   79  
  60   16   12   79   43   22   98   74   68   40   43   88   73   97   80   42   28   41   65   86   18   50   21   84   55   29   14   20   38   45   92   95   54   76   34   48   79   69   63   56   66   30   96   57   81   31   26   87   49   19   51   15   37   33   88   25   23   91   61   86   70   35   99   89   18   99   83   16   39   53   36   60   32   27   71   85   90   47   75   17   59   24   67   64   80   94   62   52   46   77   72  100   58   82   13   93   11   78   72   44  
  78   22   45   55   34   43   65   35   74   66   91   93   57   42   99   98   18   90   30   70   55   94   25   67   60   79   81   29   96   14   86   76   15   71   37   38   58   40   47   69   72   26   75   12   80   85   33   50   21   63   44   84   52   46   23   61   16   20   89   59   97   64   44   13   95   31   83   39   27   51   48   82   32   52  100   92   19   28   11   43   88   54   49   68   17   53   24   56   98   36   73   47   62   74   87   87   53   77   32   41  
  62   65   76   67   72   34   61   28   63   97   52   99   39   21   74   56   97   32   71   15   68   69   57   14   66   81   30   24   49   82   57   34   22   73   18   78   95   37   91   75   86   16   89   92   27   43   31   85   36   19   35   98   70   33   41   83   38   48   50   51   17   96   62   94   93   54   79   53   47   11   45   80   29   25   90   26  100   61   64   88   77   84   12   40   39   16   60   13   20   22   58   23   47   44   46   59   55   42   47   87  
  63   92   59   36   56   24   96   33   67   58   50  100   43   85   24   46   40   35   25   27   94   14   22   93   70   21   98   31   73   80   20   44   82   75   62   44   87   28   56   68   66   95   91   57   86   61   41   85   38   72   99   79   78   65   74   55   49   17   23   60   52   47   34   15   13   29   45   88   16   19   11   89   32   42   88   76   32   26   66   15   18   71   53   77   97   30   81   12   48   48   39   51   66   69   84   90   37   64   54   83  
  69   39   73   94   41   37   77   14   22   80   21   56   70   28   26   34   67   96   48   29   58   74   63   68   12   70   19  100   29   40   64   62   11   79   44   31   54   21   90   25   61   95   17   42   60   49   75   86   44   18   57   32   84   99   43   24   56   51   23   92   43   55   16   89   98   71   13   68   72   66   30   65   47   91   21   35   14   83   38   27   46   82   53   50   88   33   97   78   45   22   15   59   52   87   85   20   93   36   76   81  
  86   80   92   47   72   81   53   36   98   45   79   48   68   80   82   23   73   29   85   97   55   50   75   31  100   14   24   20   28   17   59   64   32   65   66   58   22   60   57   62   99   51   93   21   77   39   35   78   69   88   13   45   37   26   52   11   67   38   12   40   90   15   34   41   82   70   86   18   70   46   63   51   71   74   84   25   87   95   89   56   37   55   27   44   19   33   49   91   42   76   61   51   30   94   16   43   93   83   54   96  ] 
BUDGETS : [    1    2    4    7    9   11   13   13   16   20   22   24   27   33   34   34   35   40   41   42   42   43   45   47   47   48   50   51   55   57   59   63   63   64   67   69   69   71   74   76   79   79   80   80   81   85   86   88   96  100  100  102  103  103  103  103  108  109  109  109  110  110  114  118  122  122  124  124  125  127  128  128  129  130  131  133  134  136  139  142  150  151  157  159  165  169  175  180  181  181  186  187  187  188  193  193  195  195  197  197  ] 
