K : 50
I : 50
PREFERENCES : [   48    0   41    0   35   32    0    0    0    0    0    0   45   47    0   31   43    0   30   36    0    0   50    0    0   39   42    0    0    0    0   35    0    0    0   37   41   48    0   46   49   33    0   38    0   29    0   34   44   40  
   0   32   50    0   46   36    0   30    0    0   31    0   43   41   29    0    0    0   36   38   35    0    0   39    0    0   33    0   42    0   44    0   45   37    0   31   34    0    0    0   49    0    0    0   40    0   47   44   48    0  
  49    0    0   29   36    0   48   45    0    0   32    0   42   41   46   40    0    0   29    0   34    0    0    0    0   37   33    0   47   39    0   38    0    0    0    0   35   43    0   30   38    0   50    0   31   48   44    0    0    0  
   0    0   36   35   40    0    0   38    0    0   39    0   49    0    0    0    0    0   29   48   43   45    0   31   46   30   34    0   47    0   32   49    0   50    0   33    0    0    0   41   37    0   31   42    0    0    0   44   40    0  
  29    0    0    0   32    0   37    0   31   41   49   34   33    0    0   50    0   47    0   44   36    0   39   38   35   43    0   42    0    0    0    0    0    0   46    0    0    0    0   48   41   45    0   42   40    0   30   43    0    0  
   0   44   31   38    0   36    0   33    0    0    0    0    0   42    0   48    0   40   34   43    0   41    0   32    0   35    0    0   49    0   39   29    0    0    0   37   30   45    0    0   40   50    0   40   37   46   47    0    0    0  
  33   48   50    0   31   45   38   42    0    0    0   40   34    0    0    0    0    0    0   48    0    0    0    0   37   36   41    0   47    0    0    0   48   39   44    0    0    0   29    0   30    0   46   32   36   43    0    0   35   49  
  40   34   45   37    0   37    0    0    0    0    0   49    0    0   41   33   39   32    0    0   31    0    0    0    0   36    0    0    0   30    0    0    0    0   35   42   48    0    0   46    0   50    0   43   29   38   34   33   47   44  
   0   33   35   35    0   42   43    0   41    0   29    0    0   44    0    0    0    0    0    0    0   31   38    0    0   45    0    0    0   39    0   40   47    0    0   36    0    0   34   50   32   46   37    0   48   32   49   30    0   42  
   0    0   35   45    0   42   29    0   41   43    0   29    0    0    0   31   40    0    0    0   34    0    0    0    0   38   47   50    0   44   32   40   36    0   46   49    0   45    0   48    0   39   37    0    0    0   30    0    0   33  
   0   32   42    0   29    0    0    0   31   46   34   49   40    0   44    0   36   41    0    0    0    0    0    0   39    0    0   38   35    0   50   33   48   45    0    0   37    0   46   47    0   39    0   43   33    0    0    0    0   30  
   0    0    0    0   50   32   38    0   39   29   40    0   47    0    0   45    0    0   41   42    0   35    0    0   33    0   37   34   36   33    0   31    0    0    0   44   48    0    0    0   30    0   38   46   29   43   49    0    0    0  
  40   31   42   33   39    0    0    0   44   37    0    0    0    0    0   39    0   41   32   30    0   29    0   42    0   35   34    0   45   34    0    0   46   38   36   50    0    0    0    0    0   47    0   49    0   43    0    0    0   48  
  34   48    0    0   46   45   44    0    0   47   50    0    0    0   41   42    0    0   39   33   29   35    0    0   30   38   36    0   50    0   49   40    0    0   40   43    0    0    0    0   31   32    0   37    0    0    0    0    0   50  
  39    0   40    0    0    0   46    0    0    0   49   31    0   32   37   45   35   43    0    0   44   38    0    0    0    0   30   37   31    0   47   50    0   36    0    0    0   34   49    0    0    0   48    0   41   29   42   33    0    0  
  44    0    0    0    0    0    0    0    0   32   36    0   42   37   50    0    0   49    0   30    0    0   46    0    0    0   33   45   35   29    0    0   47   34   31   43   41    0   43    0    0   47    0    0    0   48   44   38   40   39  
   0   34    0   39    0    0   49   33    0    0    0    0    0    0    0    0   29   38   44   38    0    0    0    0   32    0   33    0    0   41   36   45    0   31   35   40    0    0   40    0   48   43   30    0   46   50   37    0   42   47  
  29   32    0   34   45    0    0    0    0   33   42   36    0    0   39   48   44    0   35   38   46   30   49    0    0   50   40    0   37    0   37   43    0    0    0    0   29    0    0    0    0    0    0   37    0   41   47    0    0   31  
   0   31   33   44    0   38   48    0   35    0   47    0   49    0   30   49   46   50   37   37    0   29    0   45    0    0   34    0   39    0    0    0   43   41    0   32    0   31    0    0   36    0    0    0    0    0    0    0   42   40  
   0   37   46   29   34   36   32    0   42   49    0   50    0    0    0   34    0   44    0   47    0    0   38   42    0    0    0    0    0    0   43    0    0   45    0   41    0    0    0    0    0   48   39   35   40   30   33   31   29    0  
   0   42    0   50    0   36    0   34    0    0   48    0   43   29   37    0    0   29   30   44    0   49   39    0    0    0    0    0    0    0   38   45   35   41    0   40    0    0    0   32   32   33   31    0   46    0    0    0   41   47  
   0   40   43   38   37   30   50   41   35   31    0    0   47   45    0    0   29   48    0    0   33   47   46    0    0   34    0    0    0   44    0    0    0    0   42    0   36   39    0    0   44    0    0    0    0   46    0    0   49   32  
  41    0   48    0    0   29    0    0    0   33    0   42   43    0    0   43   36   40    0   45   32   34   35    0   30   49    0   39    0    0    0   46    0   38   47    0    0   44    0    0    0   31    0   50   40   37    0   31    0    0  
  49   42    0    0   37    0    0    0    0   36    0   48    0    0    0    0    0   40   32    0   41    0   47   45    0   35   39    0   43   33   29   31    0   50   38    0    0   34    0    0   42    0   45   44    0   30    0   46    0   39  
  33   39    0    0   35   47    0   29   31   39    0    0   41    0   31    0    0    0   48    0    0   46    0   38   32   43   42   34    0    0   44    0   50   40   30    0    0   49    0    0   45    0   30    0   36   37    0    0    0    0  
  41   35    0    0   33   49   39    0    0    0   50   44   42   46    0    0    0    0   37    0   30    0    0   33    0   34   43    0    0   45    0    0    0    0   29    0   46   36    0   32   48    0   47   38    0    0   50   40    0   31  
  46    0    0   42   31    0    0   33   38   32   46   43   50    0    0   48   47    0    0   49   50    0    0   39    0   30    0   37    0   44    0    0   36    0   35    0    0   40   45    0    0   37    0    0   41    0   34    0   29    0  
   0   46    0    0   32    0    0   33    0    0    0   50    0    0   43    0    0   43    0   44    0    0   35   34   39    0   45   37   38    0   41    0   31    0    0    0   45   42   49   36   30   40    0    0    0   47   29   48    0   34  
  47    0    0   48   30   43    0    0    0   38   36   40   40    0   45   46    0    0   29    0   35   34    0   50   39   44    0   37    0    0   50    0   49    0    0   32    0    0   41   46    0    0   33    0    0    0    0    0   31   42  
   0    0    0   31   31    0    0   50    0   38   29   37   49   45   46    0    0   35    0    0    0   47   40   30    0    0    0   44   32   42    0   33    0    0    0    0    0    0    0   41    0   43    0   48   45   34    0   36   39   35  
  35   50    0   36    0    0   46    0    0    0    0   38   46    0    0   33   32   48   49   42   39   37   49    0    0    0   36   34    0   31   47    0    0    0   43   40    0    0   30   29   41   45    0   44    0    0    0    0    0    0  
   0   49   29   32   40    0   37    0   43   38    0    0   46    0    0   31   33    0   34    0    0    0    0   41    0    0    0   35   47    0    0   44   45   35    0    0   35    0   39   50   48   36   42    0   29    0    0    0   30    0  
   0   43    0   32   34    0    0   32    0   45   29    0   31    0   44   29    0    0    0   36    0    0   35    0    0    0    0   50   40    0    0    0    0   42   39    0    0   41   42   37   47   38    0   30   46   48   33    0    0   49  
   0    0    0   33    0   50   34    0   40   29    0    0    0   36    0   41   43    0    0    0   32    0    0   37    0   35    0   36    0    0    0   44   46   31    0    0   47   49   39   45    0   38   47   48   43    0   30   42    0    0  
  34    0   33    0    0    0    0   49   37    0    0    0   30   33   50    0   38   31    0    0    0   39   30   35   46   39   32    0    0   40    0    0   48    0   44    0    0    0   42    0   41   45    0    0   47   29   36   43    0    0  
  49   33    0    0    0   40    0   35    0   35    0   36   39   48    0    0    0    0   37    0    0    0    0    0   29    0    0    0   42   34   45    0   45   30   38    0    0   47   46   50    0   37   32   44    0    0   31    0   43   41  
   0   34    0   36   47    0   49   48    0    0   40   44   44   50    0    0   39   46    0   43   35   32    0    0    0    0   31    0    0    0    0   42   30   29    0    0   41   33    0    0    0    0   41   41   38   45   37    0    0    0  
  31    0    0   32   49   48    0    0   31   29    0   39   37    0   44    0    0    0    0   41    0    0   50   38   46    0   37   33   40    0    0   45    0    0   30    0   35    0    0   36    0    0   47    0   42   34    0   35    0   43  
   0    0   37    0    0   38   42    0   45    0    0    0    0    0   47   43   35    0   31    0   39   50   30   44   41    0    0    0   48   30    0    0   46   34    0    0   33    0   36    0   32   29    0   49   30   40    0   45    0    0  
   0    0   29   40    0    0    0   50   34   45    0    0    0    0   43   49    0   48   47    0   37   39   32   30    0   41    0   34   36    0    0   42    0    0    0    0   44   44   35    0    0   33    0   46   38    0    0   30   31    0  
  36   46   40    0   29   42   41    0    0   39   35   50    0   33    0    0   44   44   45    0    0    0    0    0   32   40   31    0    0    0    0   45    0   38   37    0    0   30    0    0    0   34   49   48    0    0   47    0   43    0  
  43    0    0    0    0    0    0    0    0   32   31    0   33   47   39    0   30   34    0   35   45   49   42   37   48    0   50   36    0    0    0   32   38    0   46    0    0   47    0   40    0   44    0    0   41   29    0   47    0    0  
   0    0   39   29   41   32    0    0    0   44    0    0    0    0    0   30    0   31    0   42    0    0   47   43   34   49   49    0    0    0    0    0    0   35    0   48   37   45   33    0    0    0   50    0   36   38   40   45   46   42  
  42    0    0    0    0   50    0    0    0   35   34    0    0   47   43   38    0   39   47   30    0   38   41   29   44    0    0   36    0    0    0   47   32   45    0   48    0   40   33   49   46    0    0   37    0    0    0    0   31    0  
   0    0   34    0   44    0    0   32   33   41   36   42   46    0    0    0   38   30   35    0   49    0    0    0   39    0   47   31   45   30   43   50    0   48    0    0   40    0    0   29    0    0    0   42    0    0    0    0   35   37  
  44    0   42   29    0    0    0   35    0    0   50    0    0   47    0   39   45   31   37   34   40    0   31    0    0    0    0   42    0    0    0    0   50    0    0   32   36    0    0   49   33    0    0   46   30   48   41    0   38   43  
   0    0   35   48    0    0    0   29   32    0    0    0    0    0   46   33   36    0    0    0    0    0   38   40    0    0    0    0   41   45   44   34    0   46   39   47    0   45   50    0   37   43   40   42    0    0   49    0   31   30  
  39    0   33   32   38    0   29   45    0    0    0   41   47   36    0    0    0   42   35    0    0    0    0    0   40    0    0   48    0   43    0   50   36   46   45    0   34   49    0   43   44    0    0   30    0   31   37    0    0    0  
   0   31    0   50   40    0   46   37   30    0    0   33    0    0    0   39   45   47   48    0    0   34    0   35   29   32    0    0    0   42   44    0    0    0   44   36    0    0   40   38    0    0   43    0    0   41    0   42   49    0  
   0   34    0   29   49    0    0    0   35    0   40   39   42   37   48   47    0    0    0   42    0    0   38    0   35   33   30   41   37   50    0   31    0    0    0    0   46   44    0   36    0    0    0    0    0   43   45    0    0   32  ] 
BUDGETS : [    6    6    8    9   10   11   12   12   13   15   17   21   23   24   24   25   33   34   35   37   38   39   40   42   42   48   51   52   55   55   62   66   66   66   71   71   75   77   79   81   84   84   89   93   94   97   97   98   98  100  ] 
