K : 50
I : 50
PREFERENCES : [    3    0   10    0   16   19    0    0    0    0    0    0    6    4    0   20    8    0   21   15    0    0    1    0    0   12    9    0    0    0    0   16    0    0    0   14   10    3    0    5    2   18    0   13    0   22    0   17    7   11  
   0   19    1    0    5   15    0   21    0    0   20    0    8   10   22    0    0    0   15   13   16    0    0   12    0    0   18    0    9    0    7    0    6   14    0   20   17    0    0    0    2    0    0    0   11    0    4    7    3    0  
   2    0    0   22   15    0    3    6    0    0   19    0    9   10    5   11    0    0   22    0   17    0    0    0    0   14   18    0    4   12    0   13    0    0    0    0   16    8    0   21   13    0    1    0   20    3    7    0    0    0  
   0    0   15   16   11    0    0   13    0    0   12    0    2    0    0    0    0    0   22    3    8    6    0   20    5   21   17    0    4    0   19    2    0    1    0   18    0    0    0   10   14    0   20    9    0    0    0    7   11    0  
  22    0    0    0   19    0   14    0   20   10    2   17   18    0    0    1    0    4    0    7   15    0   12   13   16    8    0    9    0    0    0    0    0    0    5    0    0    0    0    3   10    6    0    9   11    0   21    8    0    0  
   0    7   20   13    0   15    0   18    0    0    0    0    0    9    0    3    0   11   17    8    0   10    0   19    0   16    0    0    2    0   12   22    0    0    0   14   21    6    0    0   11    1    0   11   14    5    4    0    0    0  
  18    3    1    0   20    6   13    9    0    0    0   11   17    0    0    0    0    0    0    3    0    0    0    0   14   15   10    0    4    0    0    0    3   12    7    0    0    0   22    0   21    0    5   19   15    8    0    0   16    2  
  11   17    6   14    0   14    0    0    0    0    0    2    0    0   10   18   12   19    0    0   20    0    0    0    0   15    0    0    0   21    0    0    0    0   16    9    3    0    0    5    0    1    0    8   22   13   17   18    4    7  
   0   18   16   16    0    9    8    0   10    0   22    0    0    7    0    0    0    0    0    0    0   20   13    0    0    6    0    0    0   12    0   11    4    0    0   15    0    0   17    1   19    5   14    0    3   19    2   21    0    9  
   0    0   16    6    0    9   22    0   10    8    0   22    0    0    0   20   11    0    0    0   17    0    0    0    0   13    4    1    0    7   19   11   15    0    5    2    0    6    0    3    0   12   14    0    0    0   21    0    0   18  
   0   19    9    0   22    0    0    0   20    5   17    2   11    0    7    0   15   10    0    0    0    0    0    0   12    0    0   13   16    0    1   18    3    6    0    0   14    0    5    4    0   12    0    8   18    0    0    0    0   21  
   0    0    0    0    1   19   13    0   12   22   11    0    4    0    0    6    0    0   10    9    0   16    0    0   18    0   14   17   15   18    0   20    0    0    0    7    3    0    0    0   21    0   13    5   22    8    2    0    0    0  
  11   20    9   18   12    0    0    0    7   14    0    0    0    0    0   12    0   10   19   21    0   22    0    9    0   16   17    0    6   17    0    0    5   13   15    1    0    0    0    0    0    4    0    2    0    8    0    0    0    3  
  17    3    0    0    5    6    7    0    0    4    1    0    0    0   10    9    0    0   12   18   22   16    0    0   21   13   15    0    1    0    2   11    0    0   11    8    0    0    0    0   20   19    0   14    0    0    0    0    0    1  
  12    0   11    0    0    0    5    0    0    0    2   20    0   19   14    6   16    8    0    0    7   13    0    0    0    0   21   14   20    0    4    1    0   15    0    0    0   17    2    0    0    0    3    0   10   22    9   18    0    0  
   7    0    0    0    0    0    0    0    0   19   15    0    9   14    1    0    0    2    0   21    0    0    5    0    0    0   18    6   16   22    0    0    4   17   20    8   10    0    8    0    0    4    0    0    0    3    7   13   11   12  
   0   17    0   12    0    0    2   18    0    0    0    0    0    0    0    0   22   13    7   13    0    0    0    0   19    0   18    0    0   10   15    6    0   20   16   11    0    0   11    0    3    8   21    0    5    1   14    0    9    4  
  22   19    0   17    6    0    0    0    0   18    9   15    0    0   12    3    7    0   16   13    5   21    2    0    0    1   11    0   14    0   14    8    0    0    0    0   22    0    0    0    0    0    0   14    0   10    4    0    0   20  
   0   20   18    7    0   13    3    0   16    0    4    0    2    0   21    2    5    1   14   14    0   22    0    6    0    0   17    0   12    0    0    0    8   10    0   19    0   20    0    0   15    0    0    0    0    0    0    0    9   11  
   0   14    5   22   17   15   19    0    9    2    0    1    0    0    0   17    0    7    0    4    0    0   13    9    0    0    0    0    0    0    8    0    0    6    0   10    0    0    0    0    0    3   12   16   11   21   18   20   22    0  
   0    9    0    1    0   15    0   17    0    0    3    0    8   22   14    0    0   22   21    7    0    2   12    0    0    0    0    0    0    0   13    6   16   10    0   11    0    0    0   19   19   18   20    0    5    0    0    0   10    4  
   0   11    8   13   14   21    1   10   16   20    0    0    4    6    0    0   22    3    0    0   18    4    5    0    0   17    0    0    0    7    0    0    0    0    9    0   15   12    0    0    7    0    0    0    0    5    0    0    2   19  
  10    0    3    0    0   22    0    0    0   18    0    9    8    0    0    8   15   11    0    6   19   17   16    0   21    2    0   12    0    0    0    5    0   13    4    0    0    7    0    0    0   20    0    1   11   14    0   20    0    0  
   2    9    0    0   14    0    0    0    0   15    0    3    0    0    0    0    0   11   19    0   10    0    4    6    0   16   12    0    8   18   22   20    0    1   13    0    0   17    0    0    9    0    6    7    0   21    0    5    0   12  
  18   12    0    0   16    4    0   22   20   12    0    0   10    0   20    0    0    0    3    0    0    5    0   13   19    8    9   17    0    0    7    0    1   11   21    0    0    2    0    0    6    0   21    0   15   14    0    0    0    0  
  10   16    0    0   18    2   12    0    0    0    1    7    9    5    0    0    0    0   14    0   21    0    0   18    0   17    8    0    0    6    0    0    0    0   22    0    5   15    0   19    3    0    4   13    0    0    1   11    0   20  
   5    0    0    9   20    0    0   18   13   19    5    8    1    0    0    3    4    0    0    2    1    0    0   12    0   21    0   14    0    7    0    0   15    0   16    0    0   11    6    0    0   14    0    0   10    0   17    0   22    0  
   0    5    0    0   19    0    0   18    0    0    0    1    0    0    8    0    0    8    0    7    0    0   16   17   12    0    6   14   13    0   10    0   20    0    0    0    6    9    2   15   21   11    0    0    0    4   22    3    0   17  
   4    0    0    3   21    8    0    0    0   13   15   11   11    0    6    5    0    0   22    0   16   17    0    1   12    7    0   14    0    0    1    0    2    0    0   19    0    0   10    5    0    0   18    0    0    0    0    0   20    9  
   0    0    0   20   20    0    0    1    0   13   22   14    2    6    5    0    0   16    0    0    0    4   11   21    0    0    0    7   19    9    0   18    0    0    0    0    0    0    0   10    0    8    0    3    6   17    0   15   12   16  
  16    1    0   15    0    0    5    0    0    0    0   13    5    0    0   18   19    3    2    9   12   14    2    0    0    0   15   17    0   20    4    0    0    0    8   11    0    0   21   22   10    6    0    7    0    0    0    0    0    0  
   0    2   22   19   11    0   14    0    8   13    0    0    5    0    0   20   18    0   17    0    0    0    0   10    0    0    0   16    4    0    0    7    6   16    0    0   16    0   12    1    3   15    9    0   22    0    0    0   21    0  
   0    8    0   19   17    0    0   19    0    6   22    0   20    0    7   22    0    0    0   15    0    0   16    0    0    0    0    1   11    0    0    0    0    9   12    0    0   10    9   14    4   13    0   21    5    3   18    0    0    2  
   0    0    0   18    0    1   17    0   11   22    0    0    0   15    0   10    8    0    0    0   19    0    0   14    0   16    0   15    0    0    0    7    5   20    0    0    4    2   12    6    0   13    4    3    8    0   21    9    0    0  
  17    0   18    0    0    0    0    2   14    0    0    0   21   18    1    0   13   20    0    0    0   12   21   16    5   12   19    0    0   11    0    0    3    0    7    0    0    0    9    0   10    6    0    0    4   22   15    8    0    0  
   2   18    0    0    0   11    0   16    0   16    0   15   12    3    0    0    0    0   14    0    0    0    0    0   22    0    0    0    9   17    6    0    6   21   13    0    0    4    5    1    0   14   19    7    0    0   20    0    8   10  
   0   17    0   15    4    0    2    3    0    0   11    7    7    1    0    0   12    5    0    8   16   19    0    0    0    0   20    0    0    0    0    9   21   22    0    0   10   18    0    0    0    0   10   10   13    6   14    0    0    0  
  20    0    0   19    2    3    0    0   20   22    0   12   14    0    7    0    0    0    0   10    0    0    1   13    5    0   14   18   11    0    0    6    0    0   21    0   16    0    0   15    0    0    4    0    9   17    0   16    0    8  
   0    0   14    0    0   13    9    0    6    0    0    0    0    0    4    8   16    0   20    0   12    1   21    7   10    0    0    0    3   21    0    0    5   17    0    0   18    0   15    0   19   22    0    2   21   11    0    6    0    0  
   0    0   22   11    0    0    0    1   17    6    0    0    0    0    8    2    0    3    4    0   14   12   19   21    0   10    0   17   15    0    0    9    0    0    0    0    7    7   16    0    0   18    0    5   13    0    0   21   20    0  
  15    5   11    0   22    9   10    0    0   12   16    1    0   18    0    0    7    7    6    0    0    0    0    0   19   11   20    0    0    0    0    6    0   13   14    0    0   21    0    0    0   17    2    3    0    0    4    0    8    0  
   8    0    0    0    0    0    0    0    0   19   20    0   18    4   12    0   21   17    0   16    6    2    9   14    3    0    1   15    0    0    0   19   13    0    5    0    0    4    0   11    0    7    0    0   10   22    0    4    0    0  
   0    0   12   22   10   19    0    0    0    7    0    0    0    0    0   21    0   20    0    9    0    0    4    8   17    2    2    0    0    0    0    0    0   16    0    3   14    6   18    0    0    0    1    0   15   13   11    6    5    9  
   9    0    0    0    0    1    0    0    0   16   17    0    0    4    8   13    0   12    4   21    0   13   10   22    7    0    0   15    0    0    0    4   19    6    0    3    0   11   18    2    5    0    0   14    0    0    0    0   20    0  
   0    0   17    0    7    0    0   19   18   10   15    9    5    0    0    0   13   21   16    0    2    0    0    0   12    0    4   20    6   21    8    1    0    3    0    0   11    0    0   22    0    0    0    9    0    0    0    0   16   14  
   7    0    9   22    0    0    0   16    0    0    1    0    0    4    0   12    6   20   14   17   11    0   20    0    0    0    0    9    0    0    0    0    1    0    0   19   15    0    0    2   18    0    0    5   21    3   10    0   13    8  
   0    0   16    3    0    0    0   22   19    0    0    0    0    0    5   18   15    0    0    0    0    0   13   11    0    0    0    0   10    6    7   17    0    5   12    4    0    6    1    0   14    8   11    9    0    0    2    0   20   21  
  12    0   18   19   13    0   22    6    0    0    0   10    4   15    0    0    0    9   16    0    0    0    0    0   11    0    0    3    0    8    0    1   15    5    6    0   17    2    0    8    7    0    0   21    0   20   14    0    0    0  
   0   20    0    1   11    0    5   14   21    0    0   18    0    0    0   12    6    4    3    0    0   17    0   16   22   19    0    0    0    9    7    0    0    0    7   15    0    0   11   13    0    0    8    0    0   10    0    9    2    0  
   0   17    0   22    2    0    0    0   16    0   11   12    9   14    3    4    0    0    0    9    0    0   13    0   16   18   21   10   14    1    0   20    0    0    0    0    5    7    0   15    0    0    0    0    0    8    6    0    0   19  ] 
BUDGETS : [    6    6    8    9   10   11   12   12   13   15   17   21   23   24   24   25   33   34   35   37   38   39   40   42   42   48   51   52   55   55   62   66   66   66   71   71   75   77   79   81   84   84   89   93   94   97   97   98   98  100  ] 
