K : 50
I : 25
PREFERENCES : [   16    1   13   14    5   19    4    9   11    8    7    6    3   13   15    5    2   15   20   17   10   15    3   12   18  
  14   13   16   10    2    7    2   17   19    6   11    5   13   15   12    9   18    8    3    2   18    5    1    4   20  
  15    1   11    3   17   12   10    8   18   20    9    5    4   16    6   19   13    2   14    3    7   17    9    4   14  
  15   20   17   11    5   10   19    2    1   11    4   18    7   13    3   11    8   16   14   12    6    9   10   18   10  
  20   18   15   19    5   13    2    1   12   11    5    7    4    2   11   10   10    8   17    3    9    6   14    6   16  
  18   14   11    8   12   13   20    3   19   13    4    6    5   15    1   13   10   16    7    2   17    6   12   11    9  
   8    6   13   17   19    2   11   14    3    1   18   13   13    7   16    7   15    5   12   19    3   10    4   20    9  
  16   18   15    1   16   19   17   11    5    8    1   13    7   12   16   20    3   14   13    4    6   10    9   20    2  
   2   18    3   19    7    5    9    8    1   10    2    6   15   16   17   11   13    9   17    1    4   20   14   14   12  
   3   11   15    1   14    4   10    3   16   13   17    2   20   19    7    2    2   18    8    6    9    5   20   12   18  
   8   15    9   15    4    2   17   18    7    3   13   10    4    1   14    8   20    6   16   11   12   19    7    1    5  
  15   18   11   19    6    8   15    1   14    5   10    3    6   15    2   16   20    4    7    6   12   17   13    9   18  
   8   10   16    6   20    6    1   20   15   17   18   19   11    5   13    7    4    9   18    3   14    2   20   12   18  
  20   10    5   18    8    9   13    1    3    4    2   16   13   15    9   19   14    7   20   11   17   12   12   20    6  
  19   16   13   16    4    8   10   12   17    7    3   13   18    6   11    9   10    2   14   20    6   15   13    1    5  
   7   20   15    9    2   16    3   18   13   11    6    4    5   19   17   15    8   18    1    6   12   10    1   10   14  
   8    2   17   17    8    2    9    4    6    1   18   16    6   13   13   20   12   10    7    3   14   19   15   11    5  
   6    8   12   11   15   13   11   18   19    1   13    2    8    1   17   20   14    5    7   10    4    9   16    7    3  
   3    2   15   17    3    7    6    4    5    3   11   19   18   11   18   13    9    4   16    8    1   20   14   12   10  
  12    7    9   13   19   14    2    1    4   19    8   18   16   10   15    6   20    5   11   10   11   17   11    9    3  
  18   11    2    8    6    3    6    2    5   14    6    9   12   20   10   15   16    7   14   11    4   17    1   19   13  
   5    8    3    7    2    4   12    2   10   16   20   17    9   15   11    9   18    1   19    8   18   13   18    6   14  
  20    1   16   11    9   10   13    4    4    7    8    4   19    3   14    2   17   12    5    5    3    5   18   15    6  
  14    7    6   18    4   17   19    8   12    9    1    5   13   20    4   18   10   16   18    3    8   11    8   15    2  
  16   16    5    1    7   19   17   15   15    8   13   20   13   15   10   14   19    4    3   12    9   11    2   18    6  
   3    6   12    6   10    8   15    8    3   14   17   11    1    5   18   13    7    6    4    9    2   19   16   20   10  
   6   18   20   16   18   17    1    4    9    7   19   12    5   19   19   11   14    8    2   13    4   10   13    3   15  
  10   14    1   10    9    2   13    4   15    3   11    6    8    8   19   20   17    7    3   18    3    5   12   16   13  
  12    4   20    3    9   14   16   18   15    1    8   11    6   16    1   14   10    2   17   13    1    5    7   19   16  
  14   11    9    6    8    8   20    5   13   19    4   15   12    1    7   19   18    3   17    2   17   10   16    4    7  
   1    6    9   17   20    4   16    2   15   17    6   15   14   18    3   11   13    5   10   17   12    2    8   19    7  
  16   17    1   10    4    6   12   12    9    2    7    3   11   15    8    6   13   20    1    5    8   14    6   19   18  
  15   11   14    9    4    2    6    7    3   20    5   18    9    8   17    4   14   18    1   10   13   16   19   12    4  
   2    6   16    5   14    1    1   19   20   11    3    8    7    9   13   10    8   12   12   17   15    6   18    4    1  
  19    8    1   12    6   20   15    4   18   16    7    2   11    5    1    3    1   19   13    1    8   10    9   17   14  
  18   15    8   14    2   12   11   17    3    6   19    1   19    4    7   20    2    5   13   14    5   16    9   16   10  
   7   10   17    6   20   12    8    2    4   19   19    5    9    1   15   14   11   13   18    4   16    7    3    9    5  
   9    3   10    1    8   18    6    1    2   19   12   13    9   15   14   20    2   17   11    7    5    8    4   10   16  
  19    2    1    9   18    5   12    6   17   13   15   20   16    4    9   14   11   18   14    7   10   15    3   18    8  
   6   17   12    4   17    2   11    5   10   18   13    1   13   19    9    3    1   14   15    7   16   20    8    8   17  
  15    3    2   16   17   20   14   18    4   15    5    8    7   10   12    9    7    3    7   11    6    4   13   19    1  
   2   18   20   12   14   17   15   19   17    4    9    3    6   11   10    8   16   13    7    1    4   14    6   11    5  
   7    6    2   20   14    4    2   17   10   19   18   19    9    3   16    5   15   11   12   13    8   14   12    1    2  
  17    3   19   20   13    5   15    1    6    4   20    1    8   10   14    2    6   17    7   13    9   12   16   18   11  
  17   13    8   20   12   11    5   18    9   14    4   20   19    1    7    2   10   18   15   16    3    6    4   19    5  
  15    5    1   14   16   12    7    3    3   16   20   11   10   17    6    8    4   18    5    9   10   19   11   13    2  
  19   18    7   20    1    4   15   10   14   15   19   16    8   11    2   15    3    5   17    9   15   12   13    6   15  
   2   15   17   20    1   13    6   10   18    9   10    4    3   11    7   14    8   12   16    8    2   19    4    5    5  
   7    5    1   12   18   19    9   14    1    2   16   15   16   17    6    7   11   20   20   13    4    8   10    9    3  
   5    7   15   12    4    5    8   16   12    6   19   18   13   11   13   14   10    2   15   17    9    3    1   17   20  ] 
BUDGETS : [    1    1    7    8    9   11   13   14   14   15   17   17   25   26   27   31   32   33   38   39   46   48   50   53   55   57   59   60   61   65   65   67   68   73   73   76   76   82   83   85   86   87   91   94   94   94   94   95   95   99  ] 
