K : 100
I : 100
PREFERENCES : [    4    9    0    0    0    0    0    8    0    0    0    0    0    0    0   14    0    0    2   13    0    0    0    0    0    7    0    0    0    0   16   14    0    0    0    5    0   11    0    0   17    0    0    6    0    0    0    0    0   15   18    0    0    0    0    0    0    0    0    0    0    0    0    0    0    0    0    0    0    0    0    0    0    0    0   10    0    0    0    0    3    0    0    0    0    0   12    0    0    0    0    1    0    0   19    0    0    0    0    0  
   0    2    0    2    0    0    0    0    0    0    0    0    0    0    0    9    0    0    0    0    4    0    0   18    0    0    1    0    0    0   16    0    0    0    0    0   15    0    0    0    0    0    0    0    0    0    5   17    0    0    8    0   13   10    0    0    0    0    0    6   11    0    0    0    0    0    0    0   19    0    0    0    0    0    0    0    0    0    0    0    0    0    0    0    0    0    0   14    0    0    7    0   12    0    0    0    0    0    3    0  
   0    0    0    0    0   10    0    0    0    0    0    0    0    0    0    0   12    0    0    0    3    0    0    0    0    6    0    0    0    0    0    0    0    0    0    0    7    0    0    0    0    0    0    0    0    0    4    0   19    5    0    0    0    0    0   14    0    0   11    2    0    0    0    0    0   17    5    0    0    1    0    8    0    0    0    0    0   18    0    0    0    0   13    0    0    0    0    0    0    0    0    0   16    9   15    0    0    0    0    0  
   0    0    0    0    0    0    8    0    0    0    0    0    0    0    0    0    0    0    0   13   16    0   18    0    1    0    0    0    0   17    0    0    0    0    0    0    0    0    0    0    0    0    0    0   15    0    9    0    0    0   19    0    7    0    0    0    0    0    2    0    0    0    0    0   12   11    0    0   14    5    0    0    0    0    0   10    4    0    0    0    0    0    0    0    3    0    6    0    0    0    0    0    0    0    0    0    0    0    0    5  
   0    0    0    0    6    0    0    0    0    0    0    0    0    0    9    0    0    0    0    0    0    0    5    0    0   13    0   18    0    0    0    0    0    0    0    0    0    0   17    0    0    0    0    0    0    0    0    0    0    0    0    0    0    0   19   16    0    0    0    0    0    4    0    0    0    0    0    0    3    0   14    0   10    0   12    0    0    0    0   11    0    0    0    8    0    8    0    0    0    0    0    2    0    7    0    0    0   15    1    0  
   0    0    0    0    0    9    0    0   13    0    0    0    0    0   12    0    2    0    0    0    0    0    0    0    0    0    0   15    7    0    0    0    0    0    0    0    0    0    4    0    0    5    0    0    0    0    0    0    0   14    0   18    0    0    0    0   11    8    0   16    0    0    0    4    0    0    0    0    3   10    0    0    0   19    0    0    0    0    0    0    0    0    0    6    0    0    0    0    0    0    0    0    0    0    0   17    1    0    0    0  
   0    0    0    0    0    0   17   10    0    2    0    0    0    0    0    1    0    0   12    0    0    0    0    0    0    0    0    0    0    0    0    0   14    0    8    0    0    0    0   16    3    0    0    0    0    0    0    0    0    0   15    0   19    0    0    0    0    5    0    0   13    0    0    0    0    0    0   18    0    0    0    0    6    0    0    0    0    0    0    0    7    0    0    7   11    0    0    0    0    0    0    0    0    9    0    4    0    0    0    0  
   9    0    0    0    0    0    0    0    0    0    0    2    0    0    8    0    0    0    0    0    0    0    0    0    0    0    0    0    0    0   19    0    0    0    0    0    0    0    0    7    0    5    0    0    6    0    0    0    0    0    0   16    0    0    0    0    0    0    0   11   13   14    0    0    0    0    0    1    0   18    3    0    0    0    0    0    0    6    0    0    0    0   17    4    0    0   12    0    0    0    0    0    0   10    0    0   15    0    0    0  
   0    0    0    3    0    0   18    0    0    0    0    0    0   17    8   12   16    0    0    0    0    0    0    0    6    0   19    0    0    0    0    0    0    0    0   15    0    0    0    0    7    0   14    0    0    4    0    0    0    0    0    0    0    0    5    0    0    0    0    0    8    0    0    0    0    0    0    0    0    0    0    9    0    0    0    0    0    0    0    2   11    0    1    0    0    0    0    0    0    0    0    0    0   10    0    0    0   13    0    0  
   0    0    0    0   12    0    0    0   11    0    0    0   18    0    1    0    0    0    0    0    0    0    0    0    0    0    0    0    0    0    5    0    2    0    0    0   14    0    0    0    0    0    9    0    3    0    0    0   10    0    0    0    0    0    0    0    0    0   19    7    0    0   16    0    0    0    0    0    4    9    0    0   13    0    0    0    0    0   17    0    0    0    0    0    0    0    8    0    0    0    0    0    0    0    0   15    0    0    0    6  
   0    0    0   16    0    0   15    0    0    0    0    0    0    0    0    0    0    0   12   14    0    0    0    0    0   19    0    0    0    0    9    4    0    0    0    0    0    0    0    0    2    3    1    0    0   17    0   10    0    0    0    8   18    0    7    0    0    0    0    0   13    0    0    0    0    0    0    0    0    0    0    0    0    0    0    0    0    0   11    0    0    0    0    0    0   14    0    0    0    0    5    0    0    0    0    6    0    0    0    0  
   0   14   18    0    0    0    0    0    0    0    0   17    0   15    1    0    0    0    0    3    0    0    0    0   10    0    0    0    0    0    5    7    0    0    0    0    6    0    0    0    0    2   19    0    0    0    0    4    0    0   13    0    0    0   11    0    0    0    0    0    0    0    0    0    0    0    0    0    6    0    9    0    0    0    0    0    0    0    8    0    0    0    0    0    0    0    0    0    0    0   12    0    0    0    0    0   16    0    0    0  
   0    0    4    2    0    0   18    0    0    0    0   12    0    0    0    0    0    9    0    3   17    0    0   19    0    0    0    0    0    0    0    0    0   14    0   11    0    0    0    0    0    7    0    5    0    0    0   18    0    1    0    0    0    0    0    0    0    0    0    0    0   16    0    0    0    0    0   15    0    0    0    0    0    0    8    0    0    0    0    0    0    0    0    0    0    0   10    6   13    0    0    0    0    0    0    0    0    0    0    0  
   0    0    4    0    0    0    2    0    0    0    0    0    0    0    0    0    0    0    0    0    0   10    0    0    0    0    0    0    0    0    0    0    0    6    3    0   16    0    9    0    0   13    0    0    0    0    0   11   12    8    0    0    0    0    0    0   15    0   18    0    0    0    0    0    0    0    1    0    0    0    0    0    0    0    0    0    0    0    7    0    0    5    0    0    0    0    0   14    0    0   17    0    2    0    0    0    0   19    0    0  
   0    0    0    0    0    0    6    0    0    0    8    0    0    0    0    0    0    0    0   12    0    0    0    0   11   10    0    0   18    0    0    0    0    0    0    0    0    5    0    0    0    0    0    0   13    0    0    0    0   19    0    9    0   15    0    4    0    7    0    0    0    0    0    0    0    0   12    0    0    0    0    0    0    0   16    0    0    3    0    0    0    0    0    0    0    0    0    0    0    1    2    0   17    0    0    0   14    0    0    0  
   0    0    0    0    0    0   18    0    0    0    0    0    0    0   19    8    0    0    0    0    0    0    0    0    2    0    0    0    0    0    0    0    0    0    0   14    0    0    0    0    1    0    0    0    0    0    0   17    0    3    0   13    6    0    0   11    0    0    0   10    0    0    0    0    0    0    0    0   12    0    7    0    0    0    0    5   15    4    0    0    0    0    0    0    0    0   16    9   19    0    0    0    0    0    0    0    0    0    0    0  
   0    0    0    0    0    3    0    0    0    0    0    1    6    0    0   10    0    0    0    0    0    0    0    0    9    0   11    0    0    0    0    0    0    5   10   14    0    0    0    0    0    0    0    0    0    0   17    0    0    0    0    4    0   18    0    0    0    0    0    0    0    0    0    0    0    0    0    0   13    0    0    0    2    7    0    0    0    0    0    0    0   16    0   15   19    8    0    0    0    0    0    0    0    0    0    0   12    0    0    0  
   0    0    0    0   10    0   15    0    0    0    0    0   11    0    0    0    0    0    0    0    0    0    0    0    0    0    4   13    0    0    0    0    8    0    2    0    0    0    0    0    0    0    0    0    0    0    0    0    0    0    0    0    0    0    5    0    0    0    3    0   12    0    0    0   14    0    0    0    0   19    0   17    0    1    9    0    0    0    0    0    0    0    0   18    0   16    7    0    0    0   11    0    0    0    0    0    0    6    0    0  
   0    0    0    0    0    0    0    0    0   15    0    0    0    0    0    0    0    0    0    0    0    0    0   13    5    0    0    0    0   18    0    0    0   12    2    0   11    0    0    0    0    0    0    0    0    0    0    0    0   19    0    0    0    0    0    0    0    0    0    0   14    3    0    0    0    0   10    0    0    0    1    0    0    0    0    0    0    0    6   17    0    8    0    0    1    0    0    7    0    0    0   16    9    4    0    0    0    0    0    0  
  11    0    0    0    2    0    0    0    1    0    0    0    0    0    0    0    0    0   10    0    0    6    0    7   14    0    0    0    0    0    0    0    0   18    0    0    0    0    0    3    4    0    0   19    0    0    0    0    0    0   12    0    0    0    0    0    0    0    0    0    0    0   16    0    0    0    0    9    0    0    8    0    0    0    0    0    0    0    5    0    0    0    0    0    0    0    0    0    0    0    0    0   15    0    0    0   13    0   17   19  
   0    0    0    0    0    7    0    0    0   11    0   14    0    0    0    0    6    0    0    0   13    0    0    0    0   10    0   12    0    0    0    5    0    0   15    9    0    0    0    1    0   17    0    0    0    0   17   16    2    0    0    0    0    0    0    0    0    0    0    0    0    0    0    0    0    0    0    0    0    4   19   18    0    0    0    0    0    0    0    0    0    0    0    0    0    0    0    0    0    0    3    0    0    0    0    0    0    8    0    0  
   0    0    0    0    0    0    6   15    0    0    0    0   11    0    0    0    0    0    0    0    0    0    0    0    0    0    0    0    4    0    0   12   16    0    0    0    0    0    1    0    0    0    2    0    0   18    0    0    0    0    0    0    7    0    0   19    0    3   14    0   16    0    0    0    0   13    0    0   17    0    0    0    5    0    0    0    0    0    0    0    0    0    0    0    9    0    0    8    0    0    0    0    0    0   10    0    0    0    0    0  
  13    0    0    0    0    0    0    0    0    0   18    0    4    0    0    2    0    0   12    0    0    0    0    0    0    0    0    0    0    0    0    0    0    0   13    0    0    0    8    0    0    5    1    0    0    0    0    0    0    0    0    6    0    9    0    0    0    0    0    0    0    3    0    0    0    0    0    0    0    0   10   11    0    0    0    0    0   19    0    0    0    0    0   16   15    0    7    0    0    0    0    0    0   14    0   17    0    0    0    0  
  13    8    0    0   11    0    0    0   17    0    0    0    0    0    0    0    4    0    6    0    0    0    0   16    2    0    0    0    0    0   12    0    0    0   18    0    0    0    0    0   19    0    0    0    0    0    0    0    0    0    0    5    0    0    0    0    0    0    0    0    0    0    0    1    0    0    0    0    0    0    0    0    0   10   15    0    0    0    0    0    0    0    0    0    0    0    0    0    7   14    3    9    0    0    0    0    0    0   11    0  
   0    0    0    0    0   14    3    0    0    0    0    0    0    0   19    0    0    0    0    0    0    0    7    0    4   11    2    0    0    0    0    0    0    0    0    5    0    0    1    6    0    0    0    0    0    0   16    0    0    0   17    0   12    0    0    0    0    0    8   13    0    0    0    0    0    9    0    0    0    0    0    0    0   18    0    0    0    0    0    0    0    0    0    0    0    0   15   10    0    0    0    0    0    4    0    0    0    0    0    0  
   0    0    9    0    0    0    0   16    7    0   10    0    0    6    0    0    0    0    0    0   15    0    0    0    0    0    0    0    0   12    0    0    5   16    0    0    0    0    0    0    0    0   11    0    0   14    3    0    0    0    0    0    8    0    0    0    0    0    0   13    0    0    0    0    0    0    0    0    0    0    0    0   19    0    0    0    0    0    0   18    0    0    0    4    0   17    0    0    0    2    0    0    0    0    1    0    0    0    0    0  
   0    0    0    0    0    0    0    0    0    0    0    0    0    0    0    0    0    0    0   13    0    0    0    0    0    6    0    7    3    0    0    0   15    0    0    0    0    0    0    0    0    0    0   14    0    0    0    0   18   11    9   16    0    0    4    0    0    0    5    0    0    0    1    0    0    0   17    0    0    0    0   19    0    0    0    0    0    0    2    0   12    0    0    0    0    0   17    0    0    8    0    0    0    0   10    0    0    0    0    0  
   5   18    0    9    0    0    0    0    0    0    0    0    0    0    0    2    0    0    0    0    0    2    0    0    0    0    0    0    0    0    0    7   15    0    0    0    0    0    0   17    0   10    0    0    0    0    0    0    0   11    0    0    3   16    0    0    0    0    0    0    0    0    0    0    0   12    0    0    0    0    0    0    0    0    0   14    0    0   13    0    8    0    4    0    0    0    0    6    0    0    0    0    0    0    0    0    0   19    0    1  
   0    0   11    0    0    0    0   16    0    0    6    0    3    0    0    0    0    0    0    9    0    0    4    0    0   17    0    0    0    0    0    0    0    0    0    0    5    1    0    0    0    0    0    0    0    0    0    0    0    0   13    0   14    0   10    0    0    0    0    0    0    0    0    0    8    0    0    0   19    0    0    0    0    0    0    0    0    0    2    0    0    0   15    0   10    0    0    7    0    0    0    0    0   12    0   18    0    0    0    0  
   0    0    0    0    0    0    3   15    5    0    0    0    0    7    0    0    0    0    0    0    0    0   12    0    0    0   14    0    0    0    0    0    0    0    0    0    0    0    0    0    1    0    0    0    0    0    4    0    0    0    0    0    0    0   11    0   16    0    0    0    0    8    0    0    0    0   18    6    0   13    0    0   19    0    0    0    0    0    0    5    0    0   17    0    2    0    0    0    0   10    0    0    0    0    0    0    0    0    0    9  
   0    7   10    0    0    0    0    0    0    0    0    0    0    0    0    0    0    0   15    0    0    2    0    0    0    0    0    0    1    0    0    0    0    0    0    0   18    0   14   18    0    0    0    0    0    0    0    0    0    0    0    0    0    4    5    0    0    0    0   11    0    0    0   17   16    0    0    0    0    0    0   12    3    0    6    0    9    0    0    8    0    0    0    0    0    0    0    0    0    0    0   19    0    0    0    0   13    0    0    0  
   0   13    0    0   16    0    0    0    0    0    0   16    0    0    0    0    0    0    8    0    0    0    0    0    0    0    0   10    0    0    0    0    0    0    1    0    0    0    0    0    0    0    0    0    0    0    0    0    0    0   19    0   14    6   15    0    0    5   11    0    2    0    0    9    0    0    0    4    0    0    0    0    0    0    0    0    3    0    0    0    0   12    0    0   18    0    0    0    0    0    0    0   17    0    7    0    0    0    0    0  
   0    0    0    0    1    0    0    4    0    0    0    0    0   13    0    0    0    0   11    0    0    0    0   12    0   19    0    0   15    0    7    0    0   10    0    5    9    0    0    0    0    0    0    0    0    0    0    0    0    0    0   16    0    0    0    0    0    0    0    0    0    0   17    0    0    0    6    0    0    3   18    0    0    0    2    0    8    0    0    0    0    0    0    0    0   14    0    0    0    0    0    0    0    0    0    0    0   10    0    0  
   0   11    0    8    0    0    2    4    0    0    0    0    1    0    0    3    0    0    0    0    0    0    0    0    0    0    0   14    7    0    0    0    0    0    0    0    0    0    0    0    0    0    0    0    0    0    0    0    0    9    0   19    6   10    0   12    0   17    0    0    0    0    0    0    0    0    0    0    0    0   16    0    0    0   15    0    0    0   13    0    0    0    0   18    0    0    0    0    0    0    0    0    0    0    0    2    5    0    0    0  
   0    0    0    0    0    0    0    0    0    0    0   15    0    0    0    0    8    0    0    0    0    0    2    0    0    0    1    0    0    0    0    0    0    0    0   17    0   17    0    0    0    7    0    0    0   16    0    0    0    9    0   18    0    0    3    0    0    0    0    0    0    0    0    0    0    0    0    6    0   12    0    0   14    0    4    0    0    0    0    0    0    0    0    0    5    0    0    0    0    0    0    0    0   19   11    0    0    0   13   10  
   0    8    0    0    0    0    0    0   18    0    0    0   10    0    0    9    0    0    0    7    0    0    0    0    0    0    0    0   19    0    4    0    7    5    0    0    0    0    0    0    0    0   17    0    0    0   15    0    0    2    0    0    3    0    0    0    0    0    0   13    0    0    0    0    0   16    0    0    0   11    0    0   14    0    0    0    0    0    0    0    0    0    1    0    0    0    0    0    0    0    0    0    0    6    0    0    0    0   12    0  
   0    0    0    0    0    0    0    0    0    0    0    0    0    0   12    0   15    0    0   10    0   14    0    4    0    0   13    0    0    0    5    0    0    7    0    0    0    0    0    0    0    0    0   17    0    0    0    0    0    0    0   16    0    0    0    0    0    0    0    0    0    8    0    0    0    0    0   11    0    0    0    0    0    0    0    0    6    0    0   19    0    0    3    0    0    0    0    0    0    0    0    0    0   18    0    9    2    0    1   15  
   0    3   14    0    0    0    0    0    0    0    0    0    0    0    0    8    0    0    0    0    7    0    0    0    0    0    0    6    0    0    0    1    0    0    0    0    0   11    0   16    0    0    0    0    0   11    0    0    2    0   17    0    5    0   15    0   12    0    0    0    0    0    0    0   10    0    0   18    0    0    0    0    0    0    0    0    0    0    0    0    0    0    0    0    0    0    9    0    0    0    0   13    0    0    0    0   19    0    4    0  
   0    0    0    0    0    0    0    0    0    0    0   17    0    0    0    0    0   10    0    0    0    0    8    0    0    0    5    0    0    0   15    0    0    5    0    0    0    0    0    1    0   11    0    0    0    0    0    0   16    0    0    0    4    0    0    0    7    0   13    0    6    9    0   19    0    0    0    0    0   18   12    0   14    0    0    0    0    0    0    0    0    0    0    0    0    0    0    3    0    0    0    0    0    0    0    0    2    0    0    0  
   7    0    0    0    5    0    0   10    0    0    0    8    9   12    0    0    0    3    0   19    0    0    0    0    0    0    0    0    0    0    0    0    0    0    0    0    0   18    0    2    0    0    0    0    0    0   11    0    0    0    0    0    0    0    0    0    0   15    0    0    0    0   16    0    0    0   18    0    0    0   17    0    0    0    0    4    0    0    0    0   14    0    0    0    0    0    0    0    0    6    0   13    0    0    0    0    0    0    1    0  
   0    0   17    0    0    0    0   16    0    0    0    0    0    0    0    0    0    0    1    0    0    0    0    0    0    0    3    2    0    0    0    0    6    0    0   18    0    0    9    0    0    0   10    0    0    0    0    0    0    0    4    0   19    0    0    0   12    8    0   14    0   15    0    0   11    0    0    0    0    7   13    5    0    0    0    0    0    0    4    0    0    0    0    0    0    0    0    0    0    0    0    0    0    0    0    0    0    0    0    0  
   0    0    0    0    0   13    0    0    0    0    0    0    0   10    0    0    0    0    0    0   15    0    0    0    8    0    0    1    0    0    0   14    0    0    0    0    0    0    0    0    0    0    0    0    0    9    0    2    0    0    0   10    3    0    0    0    0    0    0   19    0    0    0    0    0    0    0    0    0    4    0   12    0    0    0    0    0   16    0    0    0    6    0    0    0    0    0    0    0    0    0   18   11    0    5    0    0   17    0    7  
   0    0    0    0   15    1    0   16    0    0   18    0    0    0    0    0    0    0   11    0    0    0    0   19    3    0    0   10    2    0    0    0    6    0    0    0   13    0    0    0    0    0    0    0    0    8    0    0    0    0    0    4    0   12    0    0   11    0    0    0    5    0    0    0    0    0    0   17    0    9    0    0    0    0    0   14    0    0    0    0    0    0    0    0    0    0    0    0    0    0    0    0    0    0    0    0    0    0    7    0  
   9    0    0    0    0    0    0    0    0    0    0    0    0    0    0    0    2    0    0    0    0   17    0    0    0    5    0    0    0    0    0    0    0   15    0    7    0    0    0    0   16    0    0    9    0    4    0    0   13    0    0    0    0    0    1    0   12    0    0    0    0    0    0    0   18    0    0    3    0    0    0   10    0    0    0    0    0    0    0    0   14    0    6    0    0    0    0    0    0    0   19    0    0    0    0    0    0    8   11    0  
   2    0    0    0    0    0    0    0    0    0    0    0    0   11    0    0    0    0    3    0    0    0    0    0    0   10    0    0    0   14    0    0    0    0    0    0    0    0    0    0    0   12    0    0    0    0    0    5    4    0    0    0    8    0    0   15   18    0    0    0   16    0    0    0    0    0    0    0    9   17    0    6   19    0    0    0    0    0    0    0    0    0    0   13   18    0    1    0    0    0    0    0    0    7    0    0    0    0    0    0  
   0    0    7    4    0    0    0    0    0    0    0    8    0    0    0   18    0    0    0    0    0    0    0    0    0   10    0   19    0    0    0   16    0    0    0   12    0    0    9    0    0    0    0   17    0    0    0   13   15    0    5    0    0    0    0    0    0    0    0    0    3    0    0    0    0    0    6    0    0    0    0    0    0    0    0    0    1    0    0    2    0   14   11    0    0    0    0    0    0    0    0    0    0    6    0    0    0    0    0    0  
   0    0    2    0   19    0    0    7    0    0    5    0    0   10    0    0    0    0    0    0    0    0    0   11    0    0    0    0    0    0   12    3    0    0    0    1    0    0    0    0    0    0    0    0    0    0    0   17    0    0    9    0    0    0    0    0    0    0    0    0   15   10    0    0    0    0    0    0    0    0    8   16    0    0    0    0    0   13    0    0    0    0    0    0    4    0    0    0    6   14    0   18    0    0    0    0    0    0    0    0  
   5    0    0    0    0    0    0    0    0    0    0    0    0    0    0    0    0    0    0    0    0    0    3    0    0    0    0    0    0    0    0    0    8    0    0    4    0    0    0    0    0    0    0    7   14    9    0    0    2    0    0    4    0    0    0    0   11    0    0    0    0    0   17    0    0   10    0    0    0   13   16    0    0    0    0    0    0    6    0    0    0    0    0    0   12    0    0   18   19    0    0    0    0    0    0    0    1    0   15    0  
   4    0    0    0    0    0    0    0    0    0    0    0    0    7    0    0    6    0   16    0    0    0    0    0    0   11   15    0    0    0    0    5    0    0    0    0    0    0    0    0   18    0    0    5   19    9    0    0    3    0   14    0    0    0    0    0    0    0    0    0    0    0    0    0    0    0    0    0    0    0   17    0    0    2    0    0    8    0    0    0    0    0    0   10    0    0    0    0    0    0    0    0   12    0    1   13    0    0    0    0  
   0    0   19    0    0    0    0    0    0    0   17    0    0    7    0    0    0   14    0    0    0    0    6    0    0    0    0    3    0    9    0   13   18    0    0    0    0    0    0   15    0    0    0    0    0    0   11    0    0   12   16    0    0    0    8    0    0    0    0    0    0    0    0    0    0    2    0    0    0    0    5    1    0    0    0    0   10    4    0    0    4    0    0    0    0    0    0    0    0    0    0    0    0    0    0    0    0    0    0    0  
   0    0    0    0    0    0    0    0    0    0    4    0    0    0    0    0    0    0    0    7    0    0    0    9    0    0    0   14    0    0    0    0    0    0    6   19    0    0    0    0    0    0    0    0   18    0   15    5    0    8    0    0    2    0    0    0   12    0    0   17    0    0    0    0    0    0    0   16    0    0    0    0   10    3    0    0    0    0    1    0    0    0    0    0    0   14    0    0    0    0    0    0   11    0    0    0    0    0   13    0  
   0    0    0    0    4    0    0    0    0    0   17    0    0    0    0    0    0    0    0    6    0    0   13    1    0    0    0    0    0    0    0    0    0    0    0   10    0    0    0    0    0   11    0    0   12    0    9   16    0    0    0    0    0    0    0    0   17    0    0    0   19    7    2    0    0    0    0    0    8    0   18    0    0    0    0    3    0    0    0    0    0    0    0    0    0    0    0    0    0    0    0    0    0    5    0   15   14    0    0    0  
   0    6    1    0   18   12    0    0    0    5   14    0    8   10    0   13    0    0    0   19    0    0    0    0    0   15    0    0    0    0    0    0    0    0    0    0    0    0    0    2    0    0    0    0    4    0    0    0    0    0    0    0    0    0    0    0    0    7    0    0    1    0    0    0    0    0    0    0    0    0    9    0   17    0    0    0    0    0    0    0    0    0    0    0    0    0    0    0    0    0    0    0    0    0   16    3    0   11    0    0  
   6   19    0    0    0    0   17    0    0    0    0    0    4    0    0   10    0    0    0    3   16    0    0    0    0    0   15    0    0    0    0    0    0    0    0    0    2    9    0    0    0    0    0    0    0    0    0    5    0    0   12    0    7    0    0    0    0    0    0    0   18    1    0    0    0    0    0    0    0    0    0   13   11    0    0    0    0    0    0    0    0    0    0    0    0    0    0    0    0    0    0    0    0    0    0    0    2    8   14    0  
   0    0    6    0   16    0    0    0    0    0    0    0    0    0   17    0    0    0    0    0    0    7    0    0    1    5    0    0    0   14    0    0    0    0    0    0    0    0    0    0   15   19    0    0    0    0   10    0    0    0   12    0    0    0   11    0    0    0    0    0    0    0    0    0    0    0    0    0    0    0    0    2    0   13    9    3    0    0    0    0    0    0    0    8    0    0    0   18    0    1    0    0    0    0    0    4    0    0    0    0  
   0    0    0    0    0    0    0    0    0    0    0    0    0    0    0    0    0    8   18    0   19    0    0    0    0    0    0    0    0    0   10    0    0    0   14    0    0    0    0   17    0    0    0    9    0    0    3    0    1    0    0    0    0    0    0    0    0   13    0    7    0    0    0    0    0    6   12    0    0    5    0   17    0    0    0    0   15    0    0    0   11    0    0    0    0    0    0    0    2    0    0    0   16    0    0    4    0    0    0    0  
  12    0   10    0    7   11    0    0   15    0    0   11    0    0    0    0   13    0    0    0   19    0    0    0    0    0    0    0    0   17   16    0    0    0    0    0    1    0    2    0    0    0    0    0    0    0    0    0    0    0    0    0    0    0    0    0    0    0    0    0    0    0    0    0    0    5    0    0    0    0   14    9    4    0    0    0   18    0    0    0    0    0    0    0    0    0    0    8    6    0    0    3    0    0    0    0    0    0    0    0  
   0    0    0    0    0    0    0    0    0    9    0    5    0    0    0    0   19   15    0    0    0    0    0    0    0    0    0    0    0    0    0    0    0    0   13    0   10    0    0    0    7    0    0    0    0    0    0    0    0    0    0    0    0    0    0   14    0    8    0    0    0    0    0   16    0   12    0    0    0    0    0    4    0    0    0    0    1    0   11    6   17    0    0    0    0   18    0    0   13    2    0    0    0    3    0    0    0    0    0    0  
   0    0    0    0    0    0    0    7    0    0    0   13    0   14    0    9    0    0   10    6    4    0    2    0    0    0    0    0    0    0    0    0    0    0    0    1    0    0    0    3    0   18    0    0    0   19    0    0    5    0    0    0    0    0    0    0    0    0    0    0    0    0    0    0    0    0    0   15   16    0   11    0    0   12    0    0    0    0    0    0    0    0    0    0    0    0    0    0    0   11    0    8    0    0    0    0    0   17    0    0  
   9    0    0    0    0    8    0    0   19    0    0    0    0    0    0   11    0    0    0    0    0    0    0    0    0    0    0    5   16    0    0    1    0    0    6    0    0    0    0    0    0    0    0   14    4    0    0    0   12   10    0    0    0    0    0    0    0    0   15    0    0    0    0    0    0    0    2    0    0    0    0    0    0    0    0    0   13    0    0    0    0   13    0    0    0    0    0    0    0    0    0   18   17    0    3    0    0    7    0    0  
   0    0    0    0    0    0    3    0    0    0    0    0   13    0    0    0    0    0    0    2    0    0    0    0    1    0    0    4    0    7    0    0    0    0    0    9    0   15    0    0    8    0    0    0    0    0    0    6    0    0    0    0    0   16    0   14   12    0    0    0    0   18    0    0    0    0   17    0    0    0    0    0    0    0    0    5   15    0    0    0   19    0    0   10    0    0    0    0   11    0    0    0    0    0    0    0    0    0    0    0  
   0    0    0   14    0    0    0   13    0    0    0    0    0    0    0    6    0    0    0    0    0    0    0   17    0    0    0    0    0    0   16    0    0    0    0    0    0    1    4    0    2    0    0    0    0    0    0    0    0    0   19    0    0    0    0    0    0    0    9    0   11    0    0    0    0    0    0    0    0    0    0   12    0   18    7    0    0    4    0    0    0    0    8    0    0    3    0    0   15    5   10    0    0    0    0    0    0    0    0    0  
   0    0    0    0    0    0    0    0    0    0    0    0    0    0    1    0    0    0    4    0    0    0    6    0    0    0    0   11    0    0   14    0    0    0    0    0    0    0    0    0    8    0    0    0   12    0    0   15    0    0    0   16   12    0    0   17    0    0    0    0    0    0   13    0    0    0    0   19    0    0    0    0    7    0    0    0    0    3   18    0    0    0    0    0    0    0    0    0    0    9    0    0    0   10    0    0    0    2    0    5  
   0   10    0    0    0    0    0    0    0    0    0    0    0    0    6    0    0    1    0    0    0    0    0    0   12    0    0    0    0    0    0    0    0    0    0    8    0    9    0    0    0    0    0    0    0    0    0   15    0    0    0    3    0    4   17    0    2    0    0    0    0    0    7    0    0    9    0    0    0    0    0    0    0    0   11    0   19    0    0    0    0    0    0    0    0    0    0   16    0    0   13    0   18   14    0    0    0    0    5    0  
   0    0    0    0    0   14    0    0    0    0    0    0    0    0    0    0    0    0    0    0    0    0    0    0   15    0   11    3    0    0    0    0    0   19    0    0    1    0    0    0    8    0    0    0    0    0    0    0    0    0    0    0    0    0    6    7    0    0    4    0    0   17    0   12    0    0    0    5    9    0    0    0    0    0   10    0    0    0   18    0    0    0    0   12    0    0    0    0   16    0    0    0    0   13    0    0    2    0    0    0  
  17    0    0    0   13    0    0    0    0   14    0    0    0    0    0    0    0    0    0    9    0    0    0    2    0    0    0   12    0    0    0   11    0    0    8    0    0    5   14    0    0    0    0    0    0    0   16    0    4    7    0    0    0    0    0    0   19    0    0    0    0    0    0    0    0   15    0    0    0    0    0    0   10    0    0    0    0    0    0   18    1    0    0    0    0    0    0    0    0    6    0    0    0    0    0    0    0    0    3    0  
  17    0    0    0    0    0   11   15    0    4    0    0    0    0    0    0    0    0    0   14    0    0    0    1    0    0   16    0    0    0    0    0    5    0    5    0    0    9    0    0    0    0    0    0    0    0    0    0    0    0    0   19    0    0    0    0    0    0    3   12    0    0    0    0    0    0    0    0    0    0    0   18    0    0    0    0    0    7    8    0    0    0    0    0    0    0    2    0   10    0    0    0    0    0    0    0    6    0    0   13  
   0    0    0    0    0    0    0    3    0    0    0    0    0    0    0    0   16   11    7    0    0    0    0    8    2   15    0    0    0    0    0   16    0    0    0    0    0    0    6    0    0    4    0    0    5    0    0    0   14    0    0    0    0    0    0    0    0    0   17    0    0    0   19    0    0   13    0    0    0    0    0    0    0    0    0    0    0    0    9    0   10    0    1   12    0    0    0    0    0    0    0    0    0    0    0    0    0    0   18    0  
   0   13    0    0    0    9    0    0    3    0    0    0    0    0    0    0    0    0    0    0    0    0    0    0    0    0    0    0    7    0    0    0    0    0    4    0    0    0    0    0    1    0    0    0   16    5    0    0    2    0    0    0    0   17    0    0    0    0    0    0    0    0    0    0   19    0   15    0    0    0    0    0    0    0    0    6    0   12   14    0    0    0    8    0    0    0    0    0   12    0    0    0   11   18    0    0    0    0    0   10  
   0    0    0    0    0    0    0    0    0    0    3    0    0    0    6   12    0    0    0    0    0    0    7    0    0    0    0    0    0   11    0    0    0    0    0   10    5    0    0    0    0    0    0    0    0    0    0    0    0    3   16    0    0    0    0    0   15    0    0    0    0    0    0    0    0    0    0    0    0    0   19    0    0    4    0    9    1    0    0    0   13    0    0    8    0    0    0    0    0    0   17   18    0    0   14    0    0    0    0    2  
   0    0    0    0    0    0   15   13    6    0    0    0    0    0    0    0    0    2    0   18    0    0    0    0    0    0    0   17    0    0    0    0    0    0    0    0    0   14    0    0    5    0    0    0    0    0    0    0    3    0    8    0    0    0    0    0    0    0    0    0    0    0   17   12    0    0    0    0    0    0    0    1    0    0   19    0    0    0   10    0    0    9    0    4    0   11   16    0    0    0    0    0    7    0    0    0    0    0    0    0  
  10    0    0    0    0    0    0    0    0    0    0    0    9    0    0   19    0    0    0    0   13    0    0    0    8    0    0    0    0    0   15    0    1    4    0    0    0    0    0    0    0    0   18    0    0    7    0    0    0    0    6   14    2    0    0    0   11    0    0    0    0    0    0    0    0    0    0    0   16    0    0    0    0    0    0    0    0    0   12    0    0    0   17    0   12    0    0    0    0    0    0    0    0    3    0    0    0    5    0    0  
   0   11    0    0    0    0    0    0    0    0    0    0    0    0    0    0    0    0    0    0    8    0    5    0    0    0   13    0    0    0   16    0    0    0   12    1    0   15    0    0    0   18    0    0    0    0    0    0    3    9    0   19    7    0    0    0    0    0    4    0    0    0    0    0    0    0    0   10    3    0    0    0    0    0   14   17    0    0    0    0    0    0    0    0    0    0    0    0    0    0    0    0    0    0    0    0    0    6    2    0  
  14    2    0    0    0    0    0    0    0    1    0   13    7    0    0    0    0   15    0    0    0    0    0    0    0    0    0    0    0   16    0    0    0    6    0    0    0    0    0    0    8    0    0    0    0    0    0    0    0    0    0    0    0    0    0    0    0    0    0    0    0   17    0    0    0    0    0    9    0    0    0    5    3    0   11    0    0   10    0   18    0    0    0    0    0    0    0    0    7    0    0    0    4   19   12    0    0    0    0    0  
   0    1    0   17    6    0    0    0    0    0    0    0   14    0    0    0    0    0    0    7   15    0    0    8    0   19    0    0    0    0    0   10    0    3    0    0    0    0    0    0    0    0    5    0    0    0    0   19    0    0    0    0    0    0    0    0    0    0   11    0    0    0    0    0    0    0    0    0    0    9    0    0    0    0    0    0    0    4    0    2    0    0    0    0    0    0   16    0    0    0    0    0   18    0    0   12    0   13    0    0  
  17    0    0    2    0    3    0    0    0    0    9    0    0    0   18    0    0    0    0    0    6    0    0    0    0    1    8    0    0    0    3    0    0    0    0    0   13    0    0   12    0    0    0    0    0    0    0    0   10    0    0    0    0    0    0   19    7    0    0    0    0    0   11    0    0    0    0    0    0    5    0    0    0    0   16    0    0    0    0    0    0    0    0    0    4    0    0    0    0   14    0    0   15    0    0    0    0    0    0    0  
  14    2    0    0    0    0    0    0    0    0    0    0    0    0    0    0    0    4    7    0    0   10    0    0   17    0    0    0    0    0    0    0    0    0    0    0    0    0    0    8    0   16    0    0    0    0    0    6    0    0   15    0    0    0    0    0    0   14    0    0    0    0    0    0    0    0    1    0   18    0    0    0   12    0    0    0    0    0    0    0    0    9    0    0    0    0    5    3    0    0   19    0   11    0    0    0   13    0    0    0  
   0    0    4   17    0    0    0    0    0    0    0    0    2    0    0    0    0    0    0    0    0    0    0    0    0    0    0    0    0    0   12    0    0    0   15    0    0    8    0    0    0    0   14    0    0    0   16    1    0    0    0    0    5    0    0    9    0    0    0    0    0    0    0    0    0    0    0    0    0    0    0    0    0    0    7    0    0   11    0    0    0    0    6   19    0    0    0    0    0    0    0    0   17    0    0   10   13    3   18    0  
   0    0   13    1    0    0    0    0   12   17    0    0   18    0    0    0    0    0    0    0   11    0    0    0    0    0    0    0    0    0    0    0    0    0   15    0    8    0    0    0    0    7    0    0    0    0    0    0    0    0    0    0    0    0    0    0   19    2   14    0    9    4    0    0    6    0    0    0    0    0    0    0    0    0    0    0    0    0    0   10    0    0    0    0    0    0    9    0    0    0    0    0    0    0    5    0   16    0    0    3  
  14    0    0    0    0    0   18    0   12    0    0   11    0    0   17   16   13    4    2    0    0    0    0    0   15    0    0    0    0    0    0    0    0    0    0    0    0    6    0    0    0    0    3    0    0    0    0    5    0    0    0    9    0    0    0    0    0    0    0    0    0    0    0    7    0    0    0    0    0    0    0    0   19    0    0    0    0    0    0    0    8    0    0    0    0    0    0    0    0    0    0    0    1    0    0    0    0   10    0   10  
   0    0   13    0    0    0   14    0    0    0    0    0    0    5   10    0    0    0    0    0    0    0    0    0    1    0    0    0    0    0    0    0    0    0    0    0    0    0    0    0    0    0    0    0    0    0    0    6    3   18    0    4    9    0    9    2    7   17    0    0    0    0   16    0    0   11    0    0    0    0    0    0    8    0    0    0    0    0    0    0    0    0    0    0    0    0    0    0    0    0   19    0   12    0    0    0    0   15    0    0  
   0    0    0    3    0    0   18    0    0    0    0    0    6    0   12    0    0    0    0    0    0    0    0    0    4    0   10    0    0    0    0    0    0    9    0    0    0    0    0    0    0    0    0    0    8   13    0    0    1    0    0   19    0    0    0    0    0   15    2    0    5    0   11    0    0    0    0    0    0    0    0    0    0   14    0    0    0   16    0    0    7    0    0    0    0    0    0    0    0   17   17    0    0    0    0    0    0    0    0    0  
   0    0    0    2    0    7    5    0    0    0   14    0    0    0    0   14    0    0    0    0    0    0    0   15    0    0    0   16    0   19    0    0    0    0    4    0    0   18   13    0    0    0    1    0    0    0    0    0    9    0    0    0    0    0    0    0    0    0   10    0    0    0    0    0    0    0    0    0    0    8    0    0    0    0    0    0    0    0    0   17    0    0    0   11    0    0    0    0   12    0    0    0    6    0    0    0    0    0    0    3  
   8   14   15    4    0   15    0    0    0    0    0    0    0    0    0    0    0    0   11    0    0    0    0    0    0    0    2    0   12    0   10    0    0    0    0   19    0    0    0    0    0    0    0    0    0    0   16    0    0    0    0    0    0    0    0    0    0    1    0    0    0   17    0    0    0    0    0    0    0    0    0    0    6    0    0    0    0    3    0    0    0    7    0    0    0    9   13    0    0   18    0    0    0    0    0    0    0    5    0    0  
   0    0    3    0    0    0    0    0    0    0    0    0    0    0    0    0    0    0    0    0   16    0    0    0    0    0    0    0    0    4    0    0    0   14    0    7    0    0   19    0    0    0    0    0    0    0    0    0    0   17   10   13    0    8    0    0    9    0    0    0   15   16    0    0    5    1    6    0    0    0    0    0    0    0    0    0   18    0    0    0    0   11    0    0    0    0    0    0    0    0   12    0    0    0    0    0    0    0    0    2  
   0    0    0    0    0    0    0    0    0    0    3    0    0    0   18    0    0    1    0    0    0   14    0    0   16    0   17    0   10   13    0    0    0    0    0    0    0    0    0    0    5    0    0    0    0    0   12    0    4    0    0    0    0    0    0    0    0    0    0    0    0    0    7    0    0    0    0    2    8    0    0    0    0    0    0    0    0   11    0    9    0    0    0    0    0    0    0    0    0    0   17    0    6    0    0    0    0   19   15    0  
  17    0    0   15    0    0    0   13    0    0    0    0    0    0   11    0    0    0    0    0    0    0    0    4    1    0    0    0    0    0    0    0    7    0    0    6    0   18    0    9    0    0    0    0    0    0    0   19    0    0    0    0    0    0    0   16    0    0    0    0    0    0    0    0    0    0    0   14    0    0    0    0    0    0    0    0    0    0    0   12    0    0    0    0    0    8    0    5    3    6   10    2    0    0    0    0    0    0    0    0  
   0    0    0    0    0    0    0    0    0    0    0   19    0    0    0    0    0    5    0    0    0    0   12   15    5    0    0   18    0    0    0    0   10    0    0    0    0    9    0    0    6    0   11    0    0    0   13    0    0    0    0    0    7    0    0    0    0    0    0    8    0    0    0    0    0    2    3    0    0    0    0   14    0   17    0    0    0    0    1    0    0    0   16    0    0    4    0    0    0    0    0    0    0    0    0    0    0    0    0    0  
   0    0    0    0    0    0    3    0    0   16    3    0   19    0    0   15    0    0    0    0    0    0    0    0    0    0    0    0    0    0    0    0    0    0    0    0   14   10    0    0    0   18    0    0    1    0    0    0    4    0    0    7    0   11    0    0    0    9    0    5    0    0    0   13    0    0    0    0    0    0    0    2    0   12    0    0    0    0    0    0    0    0    0    0    6    0    0    0    0    0    0   17    0    0    0    0    8    0    0    0  
   0    0    0    0    0    0    0    0    0    0    0    0    0    0    0    0    0    0    0    0    0    0    0    0    0    0    0    9    0    0    0    0    0    0    0    0   15   19    0    0    8   14    0    0   19    0   13    0    0    0    0    0    0    0   12    0   17    0    4    0    0   11    0    2    0    0    6    0    0    0    0   16    0    0    0    3    0    0    0    0    0    0    0    0    1    0    0    0    0    0    0    0    7    5    0    0    0   10    0   18  
   0    0   10    0   19   14    0    1   11    0    0    0    0    0    0    0    0    6    0    0    0    0    3    0    0    0    0    0    0    0    0    0    0    0    0   13    0   15    0    0    0    0    0    0    0   12    0    0    0    0    0   13    0    0    0    0    0    7    0    9   16    0    0    0   18    4    0    0    0    0    0    0   17    0    0    0    2    0    0    0    0    0    0    0    0    0    0    0    8    0    0    0    0    0    5    0    0    0    0    0  
   3    0    0    0    6    0    0    0    0    0    0    0    0    0    0    0    0    0    0    0    0    0    0    0    0    0    0   13    0    4    0    0    0    0    0    0   19   12    0    0    0    0    0    0   18    0   10    0   15    0    0    0    0   16   10    0    0    0    0    2    0    0    0    0    0    0    0    0    0    0    0    0    0    0    0    0    1    0    0    0    0    0    0    0    0    0    0    0    8    0   14    0    0   17    9    7    0    5   11    0  
   0    0    0   12    0   10    0    0    0    0    0    0    0    0    0    0    0    0    0    0    0    0    0    0   16    0    0    0    0    0   14    0    7    0    0    0    0    0    4    0    0    0   19    0    1    0    0    0    0    0    0    0    2    0    5   18   13    0    0   17    0    0    0   15    0    0    0    0    0    0    0   12    0    0    3    6    8    0    0    0    0    0    0    0    9    0    0    0    0    0    0    0    0    0    0    0    0    0   11    0  
   0    0    0    0    4    0    0    0   17    0    0    0    0    0   10    0    0    0    0    0    0    0    6    0   13    3    0    0    0    0    7    0    0    0    0    9    0    0    0    0   19   16    0    0    5    0    0    0   11    0    0    0    0    0    0    0    0    1    0    0    0    0    0   18   12   11    0    0    0    0    0    0    0    0    0    0    0    0    0   15    0    0    0    0    0    0    2    0    0    0    0    0    0    0    8   14    0    0    0    0  
   0    8    4    0   13    6   19    0    0    0    0   17    0   15    7    0    5    0    0    0   11    9    0    0    0    0    0    0    0    0    0   16    0    0    0   10    0    0    0    0    0    0    2    0    0    0   12    0    0    0    0   13    0    0    0    0    0    0    0    0    0    0    3    0    0    0    0    0    0    0    0    0    0    0    0    0    0    0    0    0    0    0    0    0    0    1    0    0    0    0    0    0    0    0    0   14    0    0   18    0  
   0    5    0    0    0    0    0    0    1    0    0   14    3    0   19   18    4    0    0    0    0    0    0    0    0    0    0    0    0    0    0    0    0    0    0    7    0    0    0    0    0    0    0    0    8    0    0   16    0    0    0    0    0    0    0   13   12    0    0    9    0    0    0    0    0   11    0    0    0    6    0    0    0    0    0    0    0    0    0    0    0    0    0    2    0    0   17    0    0   10    0    0    0    0    0    0   15    0    0    7  
   0    0    0    0    0    0    0    0    0    0    0    0    0    5   17    0    0    0    0    0    0    2    0    0    0    0    0    0   16    0    0    9   13    0    0   10    0    0    0    0    0   14    0    0    0    0    0    0   15    0    0   18    0    0    0    0    8    4    6    0    0    0    0    7    3    0   12    0    0    0   10    0    0    0    0   19    0    0   11    0    0    0    0    1    0    0    0    0    0    0    0    0    0    0    0    0    0    0    0    0  
   0    7    0    0    0    0    0    0    0    0    0    0    0    5    0    0    3   15    0    0    0    0    0    9    0    0   16    0    0    0    4    0    0    0    0    0    0   12    0    1    0    0    0    0    0    0    0    0    9    0    8    0    0    0    0    0   17    0    0   13    0    0    0    0    0    0    0    0    0   19    0   10   18    0    0    0   11    0   14    0    0    0    0    0    0    0    6    2    0    0    0    0    0    0    0    0    0    0    0    0  
   0    0    4    0    0    0    0    0    0    0    0    0    0    1    8    0    0    0    0    0    0    0    0    0    0    0    6    0    4    0   19    0   14    0   16    0    0    0    0    0    0    0    0    0    0    0    0    0    0    0   13    0    0    0    0    0    0    0    0    0    0    0    0    0    0    0    0    0    2    0    0    0    0   11   18    3    0    0    0    0    0    0    0    7    5   12    0    0   15   10    9    0    0    0    0    0   17    0    0    0  
   0    0    0    0    0    0    0    0    0    0    0    0    0    0    0    0    0    0    0    0    6    0    0    5    0    0    0    0    0    0    0    0    0   10    0    0   12    0   11    0    0    0   13    0    0    0    0    0    0   18    0    9    0   17    8    0    0    0    0    3   16    0    0    7    0    2   19    0    0    0    0    0    0    0    0    0    0   14    0    0    0    0    0    0    0    1    0    0    0    0    0    0    0    3    4    0    0    0   15    0  ] 
BUDGETS : [    2    7   13   15   22   24   25   34   34   36   37   54   56   57   59   60   62   69   71   72   74   74   75   75   75   77   78   81   85   89   90   91   94   95   99  100  102  103  105  107  107  111  114  116  118  124  124  124  126  128  134  134  134  136  139  140  141  142  143  143  143  144  145  146  148  148  148  149  152  155  157  160  161  165  165  169  170  171  172  173  174  177  178  183  184  184  186  186  188  189  189  190  190  193  193  193  195  196  199  200  ] 
