K : 100
I : 50
PREFERENCES : [   31    1   28   39   33    2   39   37   18   21   17   10   23   35   37   20   38   40   24   15   22   34    7   26   13   32   11   25   14   29    3   27    5   23    4   36   16   29   17   25    8    9   29   30   31    6   19    2   12   24  
   8   22   30   19   39   22   14    4   27   31   18   14   37   12   35   26   38   14   24   11   27   17   32    6    3   20   28   36   25    7   15   10   22    4   13   34   33    1   18   29   21   40    5   24   23    9   23    2   11   16  
   5   26    1   28   26   23   24   39   27    9   30   10   13    8    3   33    4    7    6   15   25   14   12    2   40    9    3   20   34   36   24   32   38   21   16   11   32   29    2   35    1   16   11   11   17   31   37   22   18   19  
  18   17   38   19   20    8   34    7   10   29   21   22   40    6    1   16   29   32   36   30   33   10   28    4   37    4   31   35   36   24   23   36   11    3   13   26    8   14   39   27    3   12   39   25    9   15   33    2   18    5  
  38    3    9   13   11   12   37   31   19    8   34   27   15   27   14   16   32    4   36    7   27   18   19    2   28   20   39   27    1   22   29   17    6   33   23   24    4   29   10   26   25    5   30   29    9   21   33   40   35   21  
  37   10   22   38   12   25   35   27   34   33   20   15   27    7    1    2    6   11   39   31    3   40   17   25   25   39    9   30   24   13   32   35   25   28   18   21   19   25    4   30   36   23    5    8   26   27   16   29   14   10  
  37   37    4    5    8   28    6    6   37   21   23   24   23   18   32    5   15    5   38    3   25   11   37   22   35   40   39   29   36   20   17   34   30   27    1   31   13   14   26   30    7   16   33    9   10   19    7   29    2   12  
  28    7   29    8   12   15   18   15   38   19   39   26   12   32   27   39    4   16    3   13   25   19   17   27   14   36   40   16   30    6   11   22   37   24   31   15   23   18    5   20    3    9   21   34    1   16    2   35   10   33  
  28   22   17    3   37   11    3   18   16   40    4   32    8   39   27   38   10   13   25   21   22   40   19    3    7    5   20   14    1   13   37   36    7   24   33   22   34   31    2   35    1   26   29   22   15   23   12   30    9    6  
   5   24    2   23   39   28   10    7   34   36   33   38   36   16   15   31   26    3   18    4    8   22   30   12   25    2   25   18   32   17   14   19    9   38   11    5   13   27    3   16    4   20    2   29   40   35    1   21    6   37  
  13   27    9   32   39   13   26   34   27   28   39   22   37    8   14    6    5    7    9   24   31   38   40    2   10   16   29   27   21    6   12   19   23   20   35    4   15    1   35    3   26   35   21   33   30   25   11   17   18   36  
  17   37   14   30    9    3   40   31    5   34   38   25   28   18   27   23   31   17   34   15   32   38    4   39   36   19   27   11   13   22    6   28    7    1   10   38   29   24   16    1   20   12   15   21   33   31   26    2    8   35  
  11    3   24   40    5    7   12   19   34   13   36   21    9   32   38    6   18   30   10    4   22   31   33   15   40   27   20   20   22   39   14   17   10   22    1   13   23    4   29   26    8   37   35   25    7   28    7   16    2   13  
  20   15   40   32    7   37    4   16   26   13   22    3    1   10   29   14   30   39   37    5    8   15   31   31   33   18   27   10    9   39   38   24    2   36   25   27   15   18   21   17   19   27   23   11   35    6   34   28   12   21  
  17   35   21   23    5   33   34   32    2   26    9   15   36    6   14   38   25   15   30   40   14    4   13    1    5   20   29   39   19   11    8   37   25   11   18   29   15    3   14   12   22   10   16   31   24   27    7    1   28   32  
   7   10   29   26   16   27   40   28   39    5   12   17   35   24   30   19   31   30   10    4   26   22   11    8   37    4   20   36   12    1   38    9    2   33   25    5    6   19   34    3   15   23   32   31   13    8   18   21   14    9  
   4   33   27   17   35   21   10   32   30   11   19   22   25   39   34   23    7   38   18    2   13   16   26    6   24   31    3   14   18   29   37   28   25   40   40    9   12   10    4   30   36    5    8    4    5   15   29    2    1   20  
  10   25   10   29    9   35   32   37   38    1   22   31   19   20   34   30    2   36   21   14   11   39    5   17    4    7   13    5   31   19   27   26    6   40   12   14   23   33    8   24   15    3   28   16   18   38   34   31   34   14  
  24   27   22   26   34   14    9   11    5   31    4   25   38    3   17   32   12    8   20   28   33   26   36   12    5   21   36   23    1   13   24   19   20    2   10    7    4   29   17   18    6   30   16   37   29    7   35   39   15   40  
  34    2   37   21   31    9   35   15   20   19   16   37   22    7   13   14   32   25    8   29    3   10   28   12   38    3    3    1   40   21   20   22   23   33   11   21   27    9   39   17   15    4   36   26   18   24   22    6    5   30  
  10   36   17   40   34   19   30    3   40   27   20   29   22   31   32   24    1   33   19   23   25    5   28   24   14    6    9    4    9   12    8    5   38   39   13    7   21   38    1    2   37   31   35   20   16   17   18   11   15   26  
  38   19    1   18   23   14    6    7   24   13   10   36   22   13    3    9   28   38   25   34   21    7   29   13   30   40   37    4   38   12   14   15   20   35    1   11   36   32    5   33   15   27   16   31    2    8   39   17   26   35  
   1   18   34    3    8    6   19   15   10    5   26   32   25    4   25   30    7    8   21   38   29    9    2    2   13   24   23   17   22   35   16   29   20   27   28   27   39   40   33   12   16   14   29   36   11   37   38   12   19   31  
  37   29   10   24   32   29   26    3   29   17   27   24   19   35   25   13   33   38    8   14   22   37    6   10   21   39    2    3   40    5   16   18    9   15   12   23   36   33   19   11   31    1   30    4   23   19    7   20   34   28  
   8    1   31    5    4   27   23   18   31    8   17   39   13   15    2   17   12   38   21    9   32    3   30   40   11   33    7   29   22   19   25   37   20   14    4   10   35   18   28   26   37   24   31   36   15    6    3   26   34   16  
  24   21   34   32   39    4   31    2   11    3   30   35   13   27   20    7   10   22   26   17   38   19   14   25    9   18   22   22   28    6   35   37   23   16    5    9   28   38    6   29   17   15   33   11    9    8   36    1   40   12  
  22   28   12   13   29    5   19   18    3   31   37   25   36   12   24   14    9   22    2   34   20    6   32   27   13   24   38    1   21   25   17   39   10   11   33    7   40    4    8   23   22   15   30   23    5   16   26   35   12   31  
  13   14   22    1   35   32   34    7   21    5   38   36    3    4   33   17   24   25    2   11   28   38   30    1    3   16   37   26    1   12   15   29   27   19   34    8   20    9    7   12   31   38   23    6   40   10   18   32    1   39  
  31   18   38   24   15   34   30    7   19    6   26   32   17   39   29   40    9    8    2    3   25   16   14   39   23   22   37   30   38    6   37   13   11   20    1   28   36   35   29   21   37   27   10   33   21    5   38   12   29    4  
  38   14    9   29   37   10   37   21   20    7    3   14   18   31   25   13   12    2   34   19   12    6   23   15   40   22   27    6   35    5   32    9   15   10   24   33   16   39   11   26   12   17   32    4   33   30   28    1   36    8  
  33   17   38   37    2   19    1   31   22   39   36    6   16   15    5   21   18   29    7   30   24   25   12   40   21   23   20   31   22   10   32   19   39   21   13   13   14   26   27    9   25   10    8   35    4   34   28   11    2    3  
  21    8    3   25   20   34   22   15   14   19   19   38   10   40   13   23   15    6   39    2   19   29   12   11   36    5   27    4   35    9   24   16   23   17   14   30    7   35    7   26   23   33   28   32   39   37   18    1   15   31  
  24    6    8   29   14    4   35    7   24   15    1   30   17   19   29   30   31    9    7   27   32   38   12   34   20   39   36   30   22    4   25   28    2   16    3   33    1   21    5   35   18    2   13   26    8   40   37   23   11   10  
  40   39   26   13   29   34    6    1   23    1    2    8   15   25   18   14   31   38   11   23   30   27   30   16   17   39   19   24   12    4   10    6   28    5    3   11   37   35   34   22    7   36    3   21   36   20   32   33    9   33  
  33   11   19   27   13   32   30   10   37    4   24    3   23   16   38   14   20   16   10    7   35   28   17   36    9    6   39    8   21   13   10    9    5   34   13   12   12    2    9   29   40   26   22   18   30   25   31    1   27   15  
  18   34   38    3   26    5   21   13   13   24    7   33    8   16   36   12   18   24    6   22   10    2   17   31   38   14    4   28   19   23   20   30   29    5   39   26    1   40    1   15   35   27   37   20   25   32    9   24   11   24  
  27   16    3   38    1   31   12   19   34   33   14   39   15   35   30    7   40   36   18   30   40   20   32   37    3    5    4    6   29   10   37   14   26    4   22   24   13   20   23   25   17   23   23   28    8   11    2   23    9   21  
  26   11   29   35   18   27    9    2   14   16   17   13   23   32    4   31    3   13    9   17   37   19   13   12   10   21   22   30   18   10   36   33   39   37   20    1   25    7   15   38   28   31    5    8   34   37   24   40   31    6  
  17   14   11   25   36   12    9    7   29    3    6   40    1   13   12   35   34   29   10    9   30   12   19    8   16   20    5   12   24   28   23   10   38   33   39   18    2    5   27   21    4   22   15   31   24   37   39   26   32   20  
  31   12   34   38   19   39    3    4   21   29    2   18    9   40   34   18    6   30   35   38   20    8   28   24   11   40   26   37   22   33   34    7    1   28   25    5   27   32    5   23   17    5   10   37   14   17   13   36   16   15  
  38    5   35    7   39   23   13   21   28    8   26   25    2   22    9   20   40   32   27    3   20    6   16   18   19   31   15   14   20   16   10   12   11   37   29   36   33    1   31   30   16   13   38    4   24   19   34   24   17   13  
  22    4   26   27   30   12    7   39   11    1   22   19    9   36   14   18    3   15   28   20   31   10    6   29   16   38   17   12   40   34    5   13   33    2   35   21    1   12   33   12   32   23   22   33   24   33   25   37   22    8  
  36   24   15    7    5   11   25    7   40   12   32   23   20    3   26   32   17   31    3   33   23   34    3    3   23    1   30    8   22   39   31   16   28   35   27   37    2   14   13    6   34    4   29   18    7   38   19   21   10    9  
   5    6   24   21   11   32   17   32    2   29   12   26    7    8   30    4   25   33    9   34   40   10   37   28   36   16    1   34   14   13   18   26   15   23   35   27    9    3   10   28    5   12   22   38   19   24   15   20   31   39  
  28   23   27   19   23   11    7   17   39    1   32   10   21    9   34   13   22   12   32   22   16   27    3    5   18   15   29   38   33   25    8    2   24    4   31   36   37   13   20   40    6    5   38   35   13   26    2   14   30   15  
   3   31   23    7   24   28    1   16   35   30    1   32    3   37   29   15   17   34   11   10    4   19    3    2   34    8   36   25   33    7   22    8   15   21   13   27   39    3   20   26    5   14    9   38    2   18   12   40    6    2  
  17   40   38   36    7   14   32   28   18   30    5   24   10   25   32    9   11   29   23    5   37   11   27   35   15   22    3   21   37   13   34    4    1   20    9   37    2    6   33   16   39   35    8   37   20   12   31   26   27   19  
  14    3   11   16   37   33   22    3    4   18    5    8   15    7   21   27    1   14   23   28   20   29   39   25   30   13    9   12    2   34    2   35   31   10   19   18   18   40   27   38   26   21   24   17    1    7    6   18   36   32  
  17   26   26   27   28   37    5   36   13   10   18    2   35    4   40   39   23   30   28    6   29   12   11    5    2   22   34    2   32    9   31   14   11   20   11   19   33   15    8   21   19   25    1   16    7   26   24    3   20   38  
  30    2   14   27    5   36   12    1   23   16    5   34    2   25   29   40    9   18    7    5    6   19   16    4    3   35   17    8   26   28   16   38   14   21   24   11   23   39   32   13   38   37   33   15    6   10    9   22   20   31  
  34   14   30   39    8   24   15   13   26   11    7    5   35   38    8    4   18   13   21   23   24   28   17   12   27   24    6   40   31    9    2   35   25   36   16    3   37   32   10   29   10   33   30   20   19   25   32    1   26   22  
  22   12   22   16    1   28   19   20   29   25    5    6   11   26   40   21   21   18    8   27   19   37   33   34    3   24   29   26   13    9   30   34    4    7    3   23    2   15   39   32   38   17   35   33   31    7   14   10   25   36  
  28   11    5   40   33   17   14    4   25   31   37   24   32   30   28   33   36    9   13   16   19   22   15   26   39   28    1   10   35   16   21   36   23   20   31   29   40    7   27    6    7   34    3   12    2    8   20   18   17   38  
  15   22    3   38   21   28   27    5    3   19   40    5   33   11   17    2    9   30    6   32   33   12   13    4   16    5   31   10    2    1   39   36   26   14   23    8   18   16   34   25   29    3   12   35    9   24    3    7   37   20  
   8   10   17   24   30   18   19   33   15    8   36   28   29    3   37   26    5    2   22   21   13   24    1   24   31   34   27   23    9    7   40   39   24   16   19   38   25   30   37   11    6    4   36   12   20   32   14    8   19   35  
  40   19   27   20    2   36   34   37   11   23   13   16    1   12   27   15    7   29   35   36   10   26    8   28   31   25    3   26   32    1   22   40    8   38   24   14    4   21   18   31   33    2    6   26   17    5   39    9    3   30  
  39   13   37   21   30   18    9   16   28   20   38    2   10   33    6   19   14    1   26    4   23   27    8   38   28   34   31   29   35   24   17    7   38   32   25   36    5   12   31   14   22   10    3    3   40   23    3   15   30   11  
  36   13   34   20   35    9   26   21   32   18    7    5    3   39   24   15   34   27   25   29   28    5   34    8    4   13   17   10   23   14    1   40    6   27   39   27   27   37   31   22   33   38    2   38   12   30   21   19   16   11  
  12    9   32   14   10   21   31   25   24   20    8   36   17   37   30   23   29   14   38    4   22    3   12   18    4   34   39   33   28   12   13   15   12   26    7    5   16   19   12   11   35   36   19   14    6    1    2   40   22   27  
  16   11   35   19    4   14   28    2   36   10   21    5   18    9    1    5   32    6   32    3   30   19   24   20   39   38   33   17   27   28   37   29   15   13   26   34    7   31   13   22   34   23   14    8   40   20   12    9   22   25  
  36   17    1   24   39   11    3   30   31   16    7   33   26   19    9   38    7   28   22   25    8   36   10   15   16    6   22   21   29   18   39    4    5   26   17   32   13   20   14   35    2   40   12    1   37   19   27   38   23   34  
   5   14    2   33   21   26   12   30   28   12   22   14    7   29    1   19   14   10    3   37   24   36   16   12   34   39   27   11   17    9   32   23   35   20   13   12   32   40   35   18   33   31   25   22   38    8    4   36   15    6  
  34   33   37    5   14   18   39   10   31    9   18   39   30   27   28    8    2    3   13   16   26    6   38   15   40   21    1    7   11   17   40   35   30   20   32   19   12   13   39    4   25    8   24   23   24   36    8   29   33   22  
  20   10   33   33   32    1   40   22   24   39   25   13   33   14   17   31   28   10   31   27   13    2   37    1   26   35   34   18    9   36    6   11   30   27    3   38    5   23    7   16   29    4    7   15   12   22    8   21    1   19  
  27   32   38   37   32   11    2   20    8   29   34   30    3   13   26   34   21   23   25   12   38   18   28    7    9   36   40   40   10   36   22   17   34    6   20   31   19    1   19   33   14   23    5   16   35   16    4   39   24   15  
  22   22   11   12   21   29   20   23   37   35   32   12   33   30   10   24   15   38    3    5   19    9   38   16   38   18   38   31    8   27   22   25    7    4   10    2    6   13   14   26   39   15   40   36   20   34   24   17   28    1  
  20   32   19   36   28   39   22   16   38   27   25   29    3    9   34    6   31    4   35   21   15   19   14    7   24   29   11   40   10   29   33    2   33   19   21    2   24    1    8    7   30   37   18    5   26   12   14   17   23   13  
   6   18   25    7   36   38   22    2   30    3    3   30   35   34    3    8   14   31    4   12   29   33   39   26   24   19   10   32    2   27    2   28    3    9   23    5   16   21   36   37   37    1   17   20   40   15   13   40   11   30  
   2    1    7    5   22   37    1    2   12    3   32   21    9   15   38   20    2    4   30    6   33    8   34   27   26   40   14   23   35   25   29   31   19   13    2   28   18   16   39   10   11   15   24   31   39   40   36   18    9   17  
  39   37   34   40   30    9   24   19    5    2   36   14   25   28   10   17   27    8   33   23   15   26   29   35   13   31   36   21   12   10    6   11   36    7   11   20   17   27    3   18    4   16    1   22   20   38   18   39   32   21  
   3   17    6   23    9   26   12   29   18   35   32    1   32   15   14   21   20   28    7   30   16   33   10   36    4    5   17   19   27   23    8    9   23   38   39    3   18    6   14   34   24   31   13    2   22   34   11   37   25   40  
  28   19    2   31    9   21   15   15   24   35   18   23   38   37   34   10   34   20   29   30   36    5   12   23    7   11   16   22    1    4    8   25   29   13   34   33   26    4   16   40   32   25   27   14   40    6   17    3   39   25  
  37    5   40   24   21    5    3   15   32   26   28   14   26   23    4    2    4   38   10   16   17    7   35   21   19    2   12   27    9   15   36   39   29   22   32   18   34    6    1   30   25   11    8   14    9   33   31   13   20   39  
  30   16   15   31   26   19   29    4   10    8   23   22    1    1   11   20   36   25   32   35   37    9   12   21    4    3    7   27   39   17    5   33   34   29   40    3   25   24   25   14   28    3   38   18    6   22   13    1   24    2  
  36   33   33   18   22    4   10   32   30   13   15   24   12   39   11   21   14   28    1   10   15    7   17    6   40   25   37   31   27    5   38    9   30    8   16   19   34    1    3   39   35   26   29    7   40    7   23    2    3   20  
  29   35    5   38   19   20    2   26   36   15    6   32   27   14   16    4   30   19   17   23   13    9   17    4   14   33   17   20   21   28   20   24    1   37   25   31   12   22    3   20    7    6   18    8   40   34   11   10   39   37  
  28   21   32    2   12    4   25   36   22   36    1   23   22   20   28   40   15   18   10   31   28   20   11    5   26   36   16   27   23    8    6   34   29   39    9   30   33   23   13   14   37   24   31   38   19    7   17   35    3    9  
   1   33   32   23   27   21   39    2   20   28    6   10   36   38   24    5   28   40   19    8    7   38   29   16   37    4   17   37   13   32   31   25   11   12   18   13   34    6   15    9   21   14   26    3   35   32   22   35   30   19  
  27   35   24   13   31    2   11   10   10    6   39    1   30    1   33   34    9   12   29   27    1    7   18   40    4   18   21   10   19   28   26   20   13   17    6   37   11   38   15    8   14   25   16   36   17   32    3   23    5   22  
  33   32   25   21   31   22   11   17    6   13   16   22    9   24   35   24   28   18    8   35   22    7   27   22   11   38   10   30   34   36    2   20   29   12    1   24   14   19   26   37   39    6    5   20    4   13    3   15   40   23  
  35   28   38   19   34    3    6   15   34    5   18   22   31   21   37   16   11   29   27   25   39   36   31   13   24   15   26    2    7   30    8   10   20   19   10   10   12   33    4   14    1   23   13   32    5   40   17    9   34   31  
  38   17   24   15   13   37   23   14   11   40   39   20   22   36   21   34   35   30   16   28   33    8    1   10   33    9   26    6    7   32    1    1    3   31   23   25   13    4    1   29   15   12   18   27   13   15    3    2   19    5  
   9    6   37   37    4   17   23   36   30   37   35   13   12   34   29   25   26   40   20   18    5    8   19   24    2    4    7   14   39   38   10   26   31    1   27   34   18   32    1   33    3   22   15   39   16   21   28   31   21   11  
  37    4   10   28   26   15    3   14   39   13   30   25    7   18    2   36   21   33   11   24   17   31    6   26    9   19    8   11   27   29   20   20   26   38    5   12   34   32   11   22   21   16   14   36   22   23   40    1    3   35  
   4   33   16   39    1   29   10   36    9   20   34   32   24   30   27   39   13   18   14   18   37   15    5   17   21   24   24   19   23   19   10   28   12   22   29    2    7   38   11   40    8   35    3    6   29   31   25   29   26    1  
  30   33   38   18   31   34   25   35   15   23   24   28    6    1   36   40   22   37    5   10    3   32   39   16   14   19    8   10    9   24   20    7   17   33   12   26    1   15    5   25   29    2   11   21   15   27    4   40    8   13  
   2   28   24   19   17    4   39   20   23   11    7    5   29   32   35   18   12   36   30   34   31   33   37   36   40    8   38   30    1   26   25    9   20   21   30   35   22   13   10    3    9   15   14   16   17    6   34   10    1   27  
  13   26    4   15   16   21   27   12   28    7   34   10    5    4   38   11   33   32   25    3   26   17    8    2   19   24    6   39    6   37   31   36   12   22   23   13    1   35    5   40   39   29   31   20   12   18    9   30   13   14  
   8    5   29   22    2   15   10   35   10   26   18    4   37   32    9   16   30   39   29   10   17   23   15   11   36   19   21    8   28   13   14   34   24   20   12   14   40    3   31   33   38    1   13    6    2   25   36    7   14   27  
  32   34   15   10   27   10   14   40   38   23   13    3    6   14   11    4    5    8    9   35   19   23   25    7   26   39    2   31   12   35   28   35   21   30   33   17   18   32   22   24   29   10   38    1   16   40   25   36   20   37  
  40   14   27   24   35   13   39   21   12   15   36   30    2   26   25   35   11    8   12    5   23   38   31    3   19    6   17   16   33   28   12   35    9    1   20   22   37   10    7    4   30   12   34   11   18   37   32   23    2   29  
  38    6   19   34    3   16   29   26   26   31   39   36    8   11    2   14   10   25   12   40   30   32   27   15   34   28   23    5    1   17   18    4   12    7   20   36   17   24   35   15   25   37   13    8   22   33   21    3    9   25  
  16   26   39    6   36   15   30   28   36   17   25   29   22   31   35   12    9    4   24   37   13   27    2   19   39   15    7   39   22   33   35   14   40   20   11   23   39   21    5    1   34   32   18   26   38    3   21    8   10    5  
  26   14   30   30   39   16   10   14   10   23    8   22   38    6    3   17   33   29   13   21   19   31   25   28   36   31    7   13   28   11    9   15   15    1    1   20    4   18   27   32    2   24   34    5   14   12   40   37   35   33  
   2   23   37   27    7   21   11    5   13   28   22   38   32   12   30    8   18   29    1    9   35   23   26    3   20    4   29    6   17   14   19   24   10   33   31   34    1   25   25   29   36   16   20   23   27    5   40   39    3   15  
   9   14    1   16    6   35   40   18   29    5   27   35   12   20   24    4   25   36   15   24   17   34   25    3    2   37    1   32   23   31   38   21   28   15   39   11   20   25   22    7   35   30   26    8   20   10   33   19   28   13  
  25   35   12   20   24   19    8   17   13   26   36   11   12   15   32   16   35   30   29   34    9   37    9   33    6   14   28    3   27    2   18   22   14    5   17   31    7   10   38    1   19   21   40   23   34    4   17    9   36   39  
  22   10   40    9    9   35    1   25   13   30   14   31    6   29   33   20    9    8   17   36   29   12   38   23   18   24    4   10   17   34   37   15   21   27   11    2   25   29   26   33   32   28   39    3   34    7   16    5    3   19  
  32   30   11   19    2   25   31   37   18   13   34    7    8    4   16   22   21   29   17   14   24   18   27    6   19   31    6   36   27   19   23   23    9   10   12    9   39    5   34   38    3   25   20    1   35   26   28   40   33   15  
  40   12   22   24   38   30    3   28   36   31   32    7   13    1    9   16   10   37   39    3   29    5   35   17   15   10   18   11    2   20   10   32   14    4   19   39   35   10   34   27   29    7   21   26    2   25    8   23    6   33  ] 
BUDGETS : [    5   11   20   24   26   27   28   36   36   37   41   43   44   47   51   52   54   55   59   62   69   69   74   76   78   79   80   81   81   82   83   89   89   90   91   93   97   99  100  104  104  104  106  108  110  111  112  113  113  116  117  117  120  122  122  124  124  126  126  127  133  134  137  137  139  139  140  142  142  143  145  147  147  149  150  157  158  159  162  163  169  170  170  170  171  174  175  177  179  182  187  190  190  191  192  193  194  197  197  198  ] 
