K : 50
I : 25
PREFERENCES : [    0    3    0    0    0    0    0    0    0    0    0    0    0    2    0    0    0    3    0    0    0    1    3    0    0  
   0    0    0    0    0    0    0    0    2    1    0    0    0    0    3    0    0    0    0    0    0    0    3    0    1  
   0    0    0    1    0    0    0    0    1    1    0    0    2    0    0    0    0    0    0    3    0    0    0    0    0  
   0    0    3    0    0    0    0    2    0    0    0    0    1    0    1    0    0    0    2    0    0    0    0    0    0  
   2    0    0    0    0    0    0    1    0    0    0    0    0    3    3    0    0    0    3    0    0    0    0    0    0  
   0    2    0    0    0    0    0    0    0    0    0    3    0    2    0    0    0    0    2    0    0    1    0    0    0  
   0    0    0    0    0    0    0    0    0    0    2    1    2    3    3    0    0    0    0    0    0    0    0    0    0  
   2    0    0    0    0    1    0    0    0    1    0    0    0    1    0    0    3    0    0    0    0    0    0    0    0  
   0    0    0    0    0    0    0    0    3    0    0    1    3    0    1    0    0    0    0    2    0    0    0    0    0  
   1    0    0    0    0    2    1    0    3    0    0    0    0    0    0    0    0    0    0    2    0    0    0    0    0  
   0    0    1    0    0    1    3    0    0    0    0    0    0    0    0    1    0    2    0    0    0    0    0    0    0  
   0    0    0    0    0    0    1    0    0    0    0    0    0    0    1    0    0    0    0    0    0    1    0    3    2  
   0    0    0    0    0    0    0    0    2    0    0    0    0    0    1    0    0    0    2    1    3    0    0    0    0  
   0    0    0    0    0    1    0    0    0    0    0    0    0    1    2    0    0    0    0    0    0    0    2    3    0  
   0    3    0    0    0    0    0    0    0    0    2    0    1    0    0    1    0    0    0    0    0    0    0    0    2  
   0    0    0    0    0    1    0    0    0    0    3    0    0    3    0    2    0    0    2    0    0    0    0    0    0  
   0    0    0    0    1    0    0    2    0    0    0    0    3    0    1    2    0    0    0    0    0    0    0    0    0  
   0    2    0    2    0    0    0    1    0    0    0    0    0    0    0    3    0    0    0    3    0    0    0    0    0  
   0    2    0    3    3    0    0    0    0    0    0    0    0    0    0    0    0    0    0    0    0    3    0    0    1  
   2    0    0    2    0    2    0    0    0    0    0    0    0    0    0    0    0    0    0    0    3    0    0    0    1  
   0    0    0    0    0    0    3    0    0    0    3    0    2    0    0    0    0    0    0    0    2    1    0    0    0  
   0    0    0    0    0    0    0    0    0    0    0    0    0    3    0    0    0    3    0    3    0    0    2    0    1  
   0    0    0    0    0    0    0    3    3    0    1    0    0    0    0    0    2    0    0    0    0    0    2    0    0  
   0    3    0    0    1    0    2    0    0    0    2    0    0    3    0    0    0    0    0    0    0    0    0    0    0  
   0    0    0    0    0    0    1    0    3    2    0    2    0    0    0    0    0    0    0    0    0    1    0    0    0  
   0    0    0    1    0    0    0    1    3    0    2    0    0    0    0    0    0    1    0    0    0    0    0    0    0  
   0    2    0    0    0    0    3    1    0    0    0    0    3    0    0    0    0    0    0    0    3    0    0    0    0  
   0    2    1    0    0    0    0    0    0    1    0    0    0    0    0    0    0    0    0    0    0    0    3    3    0  
   0    0    2    0    0    0    0    3    0    0    0    0    0    0    0    0    0    3    0    0    0    1    2    0    0  
   0    0    0    0    0    0    0    0    0    3    1    3    0    0    0    0    0    3    0    0    0    0    0    2    0  
   0    0    0    3    0    0    3    0    0    0    0    0    0    0    0    0    2    1    0    0    0    0    0    0    2  
   0    0    0    0    0    0    0    0    0    0    0    0    0    0    2    3    0    0    1    0    0    0    1    3    0  
   0    0    0    0    0    1    0    2    2    0    0    0    0    0    0    0    0    0    3    1    0    0    0    0    0  
   0    0    0    1    0    0    0    0    2    0    0    0    0    0    0    2    0    1    0    3    0    0    0    0    0  
   0    1    0    0    0    3    0    0    0    0    0    0    0    2    0    0    1    0    0    0    0    0    0    1    0  
   0    3    0    0    0    2    0    1    0    0    0    0    0    0    0    0    2    0    0    0    0    2    0    0    0  
   0    0    0    0    0    0    0    2    0    0    2    0    0    0    1    0    0    0    0    0    0    2    3    0    0  
   0    0    0    2    0    0    1    0    0    0    0    0    0    0    0    0    0    0    0    0    1    3    0    3    0  
   0    0    0    0    3    2    0    0    0    0    0    0    2    0    0    0    0    0    1    0    2    0    0    0    0  
   0    3    0    0    0    0    0    0    0    1    0    2    0    0    0    0    0    0    0    0    0    2    2    0    0  
   0    0    0    2    0    0    3    2    0    0    0    0    0    0    1    1    0    0    0    0    0    0    0    0    0  
   0    2    0    0    0    0    0    0    3    0    0    1    0    0    0    0    0    0    1    0    1    0    0    0    0  
   0    3    2    1    0    0    0    0    0    0    0    2    0    0    0    0    0    0    0    0    0    0    0    3    0  
   1    0    0    0    0    0    0    0    0    0    2    0    0    0    0    3    0    2    2    0    0    0    0    0    0  
   0    2    0    3    0    0    0    1    0    0    0    0    0    3    0    0    0    0    0    2    0    0    0    0    0  
   0    3    0    0    0    0    0    2    0    0    0    0    3    1    0    0    0    0    2    0    0    0    0    0    0  
   0    0    0    0    3    0    3    3    1    0    0    0    0    0    0    0    0    0    0    2    0    0    0    0    0  
   0    0    0    1    2    0    0    0    0    0    2    0    0    0    0    0    0    3    2    0    0    0    0    0    0  
   0    3    0    0    2    0    0    0    0    0    0    0    0    3    0    0    0    0    0    0    2    0    0    1    0  
   0    0    0    0    1    0    0    2    0    0    0    0    0    0    0    0    0    2    0    0    2    3    0    0    0  ] 
BUDGETS : [    2    4    5    8    8   11   18   18   18   21   24   27   28   29   30   31   31   32   32   32   34   35   35   35   39   43   46   46   47   48   55   60   61   63   64   66   67   68   70   71   75   77   77   78   79   80   83   84   92   95  ] 
