K : 100
I : 50
PREFERENCES : [   47    0   40   38   48   46   50   39    0   43   42    0    0   42    0    0    0    0   49    0    0    0    0    0   36    0   38   37   44    0   41   49    0   49    0   45   41   42    0    0    0   42    0    0   38    0   38    0    0   49  
   0    0    0   50   36   47    0   37   49   45   45   44   45   40   48    0    0    0    0    0   42    0    0    0    0    0   46   40   38    0   45    0    0   47    0    0   43   43    0    0   47   40   45   41    0    0   36    0   39    0  
  39   50   46    0    0    0    0   43    0   38    0   44    0   37    0    0    0   49    0    0   45    0   42   41    0   50   50   38    0    0    0   38    0    0   49   40    0   47   46    0   38   36    0   41   38    0    0    0   49   48  
  37    0   44    0   43    0   42   36   44    0    0    0    0   47    0    0   45   49    0    0   47    0   40   44   39   38    0    0   46   44    0    0    0   44    0   44    0   48   43   43    0    0   41    0   46    0    0    0   50   43  
  42   47    0   40   41    0    0   36    0   44   45   37    0    0    0    0    0    0   46    0    0    0   39   39   49    0   41   42    0    0    0    0   40   50    0   39    0    0   38   50    0   43   48    0   47    0   42    0   41   48  
   0   47    0   36   46   46    0   50   37    0   47   38    0    0   37    0    0   48   44   49    0    0   38    0    0   40    0    0    0    0   44   45   42   39   37   48    0   41   44    0   43    0    0    0    0    0    0   44   38    0  
  46    0    0    0   37   37   36    0   48    0    0    0   41    0   50    0   44   39    0   40    0   41    0    0    0   40   41   43   40    0   40   49    0   42   47   41    0    0   44   39   38    0    0   40    0    0    0   45    0    0  
   0    0   50    0    0   41    0   37   47   46    0   39    0   49   43   36   38    0    0    0    0   36   44    0   36    0    0    0   43   41    0    0    0   43   43   36    0    0   37   48   48   37    0    0    0   40    0   42    0   45  
  48    0   39   43    0    0    0   50   47    0   37    0   47    0    0    0    0    0   47   41   44    0    0   46    0    0   42   48   50   49   40    0    0   50    0   40   44    0   36   46    0   45    0    0   46   38    0    0   45    0  
   0    0    0    0   43    0    0    0    0   38   44    0    0   41   49   41    0   38   50    0    0   38    0    0   41    0   48    0   38   41   40    0   37    0    0   42    0   48   41    0   45    0   46   39    0   36   47    0   44   44  
   0   50   43   50   49    0   42    0   45   40    0   44   47    0    0   44    0   37   50   45    0   37    0    0    0    0   41   46    0    0    0    0   38   48   39    0    0   36    0   46   39    0   38    0    0    0   37    0    0   44  
   0    0    0    0   42    0   47    0    0    0   39    0   49   42    0   44    0    0    0    0    0   37   45   38   40    0   48   40    0   46    0   44    0    0   47   43   47   39   41   42   36    0   50    0    0   39    0    0   37   44  
   0   49   37   36    0    0   46    0    0    0    0   44    0    0    0   40   42   41   43   39    0   48    0    0    0   42   38    0   36   46   43    0    0    0   47   47   50   48   45    0   48    0   46   48    0    0    0    0   49    0  
   0   43   37    0    0    0    0    0   43    0   45   43    0    0   36    0   44   50    0    0    0   43   36   40   47    0    0    0   43   41   38   36    0    0   36   39    0   44    0   48   49    0    0   43   47    0   42    0   46    0  
   0   41   48   47   47   47   37   47    0    0    0   49   47   42    0   47    0   45   39    0    0    0   47   38    0    0   36    0    0    0   38    0   40    0   40   49    0    0    0    0    0   43   46    0    0   40   50   44    0    0  
   0   39   40   47    0    0   36    0   44    0    0    0   40   39    0   46    0   44    0   45    0   36    0    0   50    0   42    0   45   42    0   43    0   37   48   49    0    0    0   42   49    0    0    0    0    0   38   46   41   45  
  37   38    0    0   46   46    0   48   48   40   36   49    0    0    0   41   50    0    0    0    0   36    0   40   36   42    0    0    0    0    0   46    0    0    0   46   46   48    0   45   48    0   43    0   47   39   44    0    0    0  
  38   42    0   43    0   40   49   43    0    0   40   48    0    0   41   46   40    0    0   49    0    0   45    0    0   46   45    0    0   45    0    0   39    0    0   45    0   41    0   36    0   37   44   47    0    0   50    0   45    0  
   0    0    0   44   49    0    0   47    0    0   37    0    0   48   42   50    0    0    0    0    0    0   44   38   41    0   47   46    0    0   40   38    0    0    0   39    0   37   41   44    0   36   43   39    0   36   38   45   41    0  
   0    0   39   38    0   47    0   41   37    0    0   38    0   46   43    0    0   46   49   44    0   38   45    0    0    0    0   48   38    0    0   36    0    0   48   50    0   37   37    0   41   42   38    0   36    0   40    0    0    0  
  43    0   48    0   41    0   39   47    0    0   41    0    0   36    0   41    0   37   50    0    0   40    0   40   49   45   40   41   41   48    0   45   48    0    0    0   41    0    0   46   44    0    0    0    0   42    0    0    0   38  
   0   36    0    0   39   48   45    0    0    0    0   40   48   38   48    0   43    0    0    0    0    0    0   36   39   44   45    0   50    0   36    0   41    0   42    0    0   40   43   38    0    0   37    0   49   45   46    0    0   47  
   0    0   48   47   50    0   43   41   38   40   43    0    0    0    0    0    0    0   44   43    0    0   45   50    0   48    0   40   42   36   40   43    0    0    0   37    0    0   39    0   49   50    0   40    0    0   47   46    0    0  
  46    0    0    0   45    0   43    0   40   40   36    0    0   39   39    0   36   37    0   39   38   37   44    0   40   42   48    0   38    0    0    0    0   39    0    0   39   47    0    0    0    0    0    0   41   48   49    0    0   50  
   0    0   36   39   45    0   37    0    0   48    0    0    0   41   50    0   50   47   49   38    0   42   40    0   38    0   38   40    0   38   40   43    0    0    0   38   44   36   38    0    0    0   46    0    0   46    0    0    0    0  
  36   44    0   50    0    0    0    0   39    0    0    0   37   49   42    0    0    0   42    0   38    0   41    0    0   43    0   37   48    0   43   37   43    0    0   40    0   46   50   47    0    0   40   39    0   40    0    0   45   38  
   0    0   41    0   49   37    0    0   37    0   45    0   38   36    0    0    0    0    0   42    0   43    0    0   43    0   39   39   50   40    0    0   45   44    0    0    0   49   37    0   36   43   46    0   47   45   48    0   38    0  
   0    0   37   38   45   48   44   36   43    0    0    0    0   42    0    0    0    0   39    0   37    0    0    0   37    0    0   49    0   50   38   41    0   41   37    0   47   50   46    0   40    0   45    0    0    0   37   38   47    0  
  48    0    0   47   47    0   36    0    0   49   46   37   42    0    0    0   43    0   36   50    0   41   43    0   37    0   38   41    0   45   47   49    0    0   42    0   44    0    0   40    0    0    0   39   42    0    0    0    0   42  
  49    0   48    0    0    0   41    0   39    0    0   43   38   45    0    0   44   40    0    0   44    0   36    0    0   37   41   50   47   47   37    0   50    0   43    0   41    0    0   46   47    0   42   50   44    0    0    0    0    0  
  43    0   50   48   49   47    0   46    0   40    0    0    0   48   36   46    0    0    0    0   41    0   50   40   41    0    0    0    0   37    0   45   41    0   41   44    0    0   42   39   39    0    0    0   44   42   38    0    0    0  
   0   44    0    0    0   39    0   44   40   43    0   47   40    0   36    0   40   49    0   41    0    0   40    0    0    0    0    0    0    0   47   46   37   50   44   49   48   38   45    0   42   40   36    0   49    0    0    0    0    0  
   0    0    0    0    0   50    0    0    0    0    0   40   47    0   50   45    0    0   45   50   38   43   41   48   45    0   37   49    0    0   45   36    0    0   41   37   39    0   44    0   42   50    0    0   46    0   43    0    0   45  
  48   43    0    0   45   49   43   45   47   37   36   48   40   50   43   38   38    0    0    0    0    0   38    0    0   41    0   46    0    0    0    0    0    0   49    0   36   39    0    0    0    0   37    0   42    0   50   44    0    0  
   0    0   43   43   47    0    0    0   42   45   42    0    0   41   41    0    0    0   39   40    0   41   38   48    0   45    0   37    0   49   47    0   36   48    0    0   44    0   46   46    0    0   48    0    0   50   45    0    0    0  
  36    0    0    0   49    0   37    0    0   42    0    0   44   41    0    0   40    0   48   50    0    0    0    0   43    0   43    0   43    0    0    0   45    0   36   39   38    0   39   47    0    0   44   43   39    0   40   41   46   36  
   0    0   36    0    0   48    0    0   44   44   38   49   43    0   45    0   46   39   37   40    0    0    0   41    0    0    0    0    0   41   39    0    0    0   44   50   47    0    0   45    0   41    0   42   41    0   36   44    0   48  
   0   43    0    0    0   43   46   36   45    0    0   43   40   50   38   39   49   48    0   43    0    0    0   36    0    0   47   41   45    0    0   37    0    0   44   40    0    0   45    0    0    0    0   36   40   36    0    0   42    0  
   0    0   44   36    0   37    0    0   47   50    0    0    0    0   37    0    0    0   36    0   38   40   37    0   37   49   43    0   49    0   45   46   36    0    0    0    0   48   43   44    0   50   39   42    0    0    0   41    0   49  
   0   38   47   49    0    0    0   45    0    0    0    0   39    0   36   39   36   41   48   42    0    0   49    0   39    0    0   46    0    0    0    0   50   40   43   50   44   49    0   37    0    0    0   44   43   40    0    0    0   38  
  36    0    0    0    0   36   36    0    0    0   50   47   50    0    0    0   42    0   48   37    0   45    0    0   40    0    0    0   38   44    0    0   44   42   49   48   48    0    0   39   43    0    0   46    0   45   41    0   41   43  
   0    0   46    0   36    0   40    0    0    0   45    0    0   50    0   37   50    0   48   36    0   47   38    0   46   43    0    0   40    0    0    0    0   49   39   44   38   38   41   37    0    0   46    0   48    0   44   42    0    0  
   0    0    0   41   36    0   47   36    0   47   47    0   36   49    0    0    0    0    0   42    0   39    0   38   48   36   40   50   36   47   44    0    0    0    0    0   41   48    0   43   50    0    0   45    0   46    0    0   37    0  
   0   41   47   47    0   39   38   50   47    0   38    0    0    0   44    0   45   40    0    0   48    0    0   41   37    0    0   38   46    0   42   36   40    0   39   46   43    0    0    0   49   40    0    0    0    0    0    0   43    0  
   0    0   38    0    0   41   39    0   36   42    0   42    0   48    0    0   37    0   49    0   44   36    0    0    0   48   47    0   41   50   42   43   47    0    0   46    0    0   48   36    0   46   45    0   40    0   50    0    0    0  
   0    0   41   46    0    0    0    0   47   39    0   48    0    0    0    0    0   45    0   48   38   42   43   49    0    0    0   48   39    0    0   37   40    0   50    0   40   44   47   39   40    0    0    0   43    0   50   45   36    0  
  42   38   47    0    0    0    0    0   41    0    0   49    0   48    0    0   47    0   39   50    0   38    0   46   43    0   50   43   45    0    0   44    0   36    0   38   40    0   48   45    0    0   39   49    0    0    0    0   41   37  
   0    0    0   46    0    0    0    0    0   45   49   49    0   47    0    0   38    0   43   44   39    0    0   37   45    0    0    0   38    0   38   40    0    0   41    0    0   42   37    0   36   48   38    0   43   38   38   48   50    0  
  38    0    0    0    0   43   49   36    0    0   49   48    0    0    0   40   49    0   49   37    0   39    0   42   47   49   41    0    0    0    0   37   45   41    0   48    0   49    0    0   50   49    0    0    0   46    0   36   44    0  
  45    0    0   41    0   37    0    0   50    0    0   36    0   44    0    0    0   43   46    0    0    0    0   38   48   45   43   43   39   47   50    0   42   41    0   49    0    0    0    0    0   45   36    0    0    0   47   42   40   47  
  50    0   46    0   43    0   44    0    0   41   47    0   43   42   38    0    0    0   39   36   44    0    0    0    0   39   38    0    0   37    0    0    0   43    0   47   49   38    0   46   48   40    0    0    0   37    0    0   43   45  
   0   48   41   47    0    0    0   40   50   49   37    0   38    0   37    0   39   45    0   42    0    0   43    0   44    0    0   36   36    0   40   50    0    0   36    0   42    0   40    0    0   42    0    0   40    0   46    0    0   42  
   0   38    0   42   49    0    0    0    0    0    0   41    0   40    0   39    0   49   43    0   46    0    0    0    0   44   38   44   48   45    0    0    0   42   42    0   37    0   40   36   47   45    0    0   40   37   40    0    0   50  
   0    0   37   48    0   38    0    0    0   49    0    0   40    0   41   49    0   38    0    0   45   46   36   39   42    0    0   37   50    0   37    0    0   49   50    0    0   44   42    0    0   38    0    0   49   47   43   38    0    0  
   0   46    0   47    0   40   44    0    0    0   43    0   48    0   42    0    0   50   45    0   41   50    0   49   47   39    0   39    0    0    0   48   38   49    0   38    0   49    0   44    0    0   44    0   45   36   37    0    0    0  
   0    0    0    0   39   42   39   47    0   38    0    0    0   39   48   50    0   41    0    0   47   37   50    0   45    0    0   40   36    0   40    0   46   49    0    0    0   42   50   44    0    0   39   50    0    0   48   43    0    0  
  36    0   43   50    0    0    0    0   50    0    0   37    0    0   40    0   41   48   46    0   49    0   46   39   46   45    0   45   44   47   41    0    0   50    0    0   39    0   38    0    0    0   38    0   41   42    0    0    0   40  
  49   47    0   49    0    0    0   41    0    0   36    0   37   47    0    0   50   44   39    0    0   47   46    0    0   40    0   37   38    0   47   42    0    0   47   45   47    0    0   41    0    0    0    0   48    0   39   43    0   36  
   0   44   42    0    0   44    0   43    0    0   49   39    0   45   40   41   36    0   48    0   46    0    0    0   46   47   38   39    0   40    0   50    0    0   45    0    0   39    0   47   37    0    0    0    0   48    0   50   37    0  
  45   39   48   48    0    0   50    0    0    0   46    0    0    0   49   36    0   44    0    0    0   38   48   41   48    0   47    0    0   42   38   37    0   48   40    0   44    0    0    0    0   45   43   43    0   39   48    0    0    0  
  40   47   45    0   38    0   40    0   39   41    0    0   50   40    0    0   37   42    0    0    0    0    0    0   39    0   49    0    0   50   48   44   36   39   46    0   43   46   41    0    0    0   36    0    0   40    0    0   40    0  
  42    0   38    0   49   41   40   37   47    0    0   36    0    0   50    0   37   36   50    0    0    0   37    0    0   44   38    0   49    0   43    0   41    0    0    0   42   45    0    0   48   46    0   39    0    0   45   41    0    0  
   0   41   43   44   43   46    0    0    0   37   48    0    0    0    0   42   50   39    0   43   40    0    0    0    0    0   38   46    0    0   43    0    0    0   45   40    0   36    0   38    0   47    0    0   36    0   49   42   50   41  
   0    0    0   39    0   46    0   47   49    0   50    0   41    0    0   44   44    0   47   43   38   50    0    0   45    0   49   40   37    0   48   40   42   37    0    0    0   49    0    0    0   39    0   37    0   39    0    0    0   36  
   0   47   42    0   50   46    0   36    0    0   38   38    0    0   48   40   41   49   45    0    0   39    0   37    0    0    0   39   42    0   43   44    0    0    0    0    0    0   48   36    0    0   36    0   44   43   47   42    0    0  
  38   47   47    0    0    0   36   49   48   39    0   46    0    0   39    0    0    0   44   43   40   43   43    0    0    0   42   45   40   43   50    0   46    0   40    0    0    0   37    0    0   50   46    0    0    0    0    0   41    0  
   0    0    0    0    0   45   44    0   44    0    0   43   42    0   36   41    0    0    0    0   49   36    0    0    0   38   36   36    0   50   39   46    0   36    0   49    0   47   37   48    0   49   45    0   38    0   40    0    0   49  
  40    0    0    0   39   43   37    0   45    0    0    0   44    0    0    0   49    0    0    0   37    0   44   50   38    0    0   38   48   46   37   42    0    0   37    0   47   42    0    0   38   36   41   43    0   46    0    0    0   45  
  45    0    0    0   42    0   39    0   38    0    0   43    0   46   40    0    0    0    0   49   41    0   39   37    0   49    0   36   47   43   48    0   46   44    0    0    0    0   50    0   49    0   50    0   45    0   40    0   36   46  
   0    0    0   39   43    0   41   47   40   44   41   46    0   38   50    0   42   41    0    0    0    0    0   45    0    0    0   46   46   48   49   44   49    0    0    0    0    0    0    0   47   38   37   36    0    0    0    0   46   44  
  43   37   45   39   36    0    0    0   39   42   37    0    0    0   39   47    0    0   41   50   40    0    0    0   44    0   38    0    0   39    0   48    0   38    0   38   40    0    0    0    0   41   47   49    0   46    0   37    0    0  
  44   41   44    0   42    0    0    0   50   37   46    0    0   38   45    0   46    0   44    0    0   47   49   49    0   48   44    0    0   38   39   38    0   40   48    0    0    0   36    0   37   43    0    0    0    0    0    0    0   48  
  38    0   44   50   39    0    0    0   43    0    0   45    0    0    0   38   39   45    0   40    0   45   37   48   44   47   36    0    0   46    0    0   47   47   41    0   49    0   48    0   42    0    0   48    0    0    0    0    0   44  
   0    0   42   45   39    0   39   49    0    0    0    0    0   41   40   38    0   46   45   50    0   43    0    0   50    0    0   44   37    0    0    0    0   46    0   41   38   47   48    0    0    0    0   36   40    0   39   50   44    0  
  41   41    0   44   40   36   37   49    0   39   38    0   48    0    0    0   47    0   44    0   45   41    0   40   38   43   45    0    0    0    0    0   42   41    0   50   39    0    0    0    0   38    0    0    0    0    0   41    0   46  
   0    0    0    0   40   41   48   37    0   41    0   43    0    0    0   36   46   50    0   36   40   46    0   42   45    0   42    0    0    0    0   36   49   39   47    0    0    0    0    0   40   45   44    0   38    0   42    0   50    0  
  44    0    0   50    0   41   39    0   38    0    0   42    0    0   36   37    0   47   39    0   45   44    0    0    0    0   43    0   44    0   45   40    0   48   50    0    0   48   49    0   37   46    0   47    0   39    0    0   42    0  
   0    0    0   44   37   42    0   49    0   41    0   42   48   50    0    0   47    0    0    0    0   38   47   43   45   36    0   40   36   39    0   36    0    0    0   46    0    0   46    0   49   36    0    0   49   36    0   46    0    0  
   0    0    0    0   48    0   50   39   41   38   46    0   36   45    0   37   47    0    0    0   44    0   47    0    0   46   45   40    0   40   40   43    0    0   37    0   49    0    0   40   37   43   47    0   42    0    0    0    0    0  
   0    0    0   40   46   44    0   47    0    0    0    0   40   48   42   47   36    0   43   40    0    0    0   39    0    0   50    0   37    0   45    0    0    0    0    0    0   38    0   49   45   42   47   45    0   42   41   36    0   46  
   0   38   50    0    0   46   36   44    0    0    0   40    0   41   48    0   49   42    0    0    0   45   47   37    0    0    0   44    0    0    0   39   45    0   39   37    0   43    0    0   46   44   37   41    0    0   40    0    0   39  
  50    0   49   46   37    0    0    0    0    0   43   43   44   41   41    0    0   45    0   40   43   49    0   48    0   36   38    0    0   40   41    0    0    0    0   47    0    0   41    0   39    0   42    0   37   37    0    0    0   49  
  40   49    0   47   50    0   45    0   37   44   50    0    0    0    0   42   48    0   40    0   40    0    0    0    0   40   43   36   40   50    0    0   45   45    0    0    0    0   44   40   39    0   38    0   41    0    0   46    0    0  
   0   40   42   36    0   45    0    0   47   45   44    0   50    0   39   37    0    0    0    0   41    0   45   37   48    0   48   36    0   37    0   38    0    0   39    0   49    0   43    0    0   50   43    0   46    0    0   42    0    0  
  41    0    0    0    0   44    0   48   48   36   38   40   42    0    0   47   46   36    0    0    0   37    0    0   47   45   36   43    0    0   50    0   47    0    0    0    0    0   49   39   49   39   46   47    0    0    0    0    0   40  
   0    0   38   40    0   40   38    0   44   39   44    0    0    0    0    0   44    0    0    0   43   47   41    0    0   45   37    0   45   39   42   49   48   50    0    0   42    0    0    0    0    0   39    0   50   46   36    0    0   38  
  44   41   49    0    0   46   38    0    0   45    0    0    0   36    0   43   39    0   37   45   47    0   48   45   36   46   36   45    0    0    0    0    0   40   41   39   50    0    0    0    0    0    0    0   42    0   41   36    0    0  
   0   43   41   36   39    0   41    0   46    0    0   43    0    0    0    0   42    0    0    0   42   37   50    0    0   48    0    0   38   46   41   38    0   39   50   44    0   49    0    0   45    0   40   47    0    0    0   47    0   42  
  36   47   38   43    0   43   44   44    0    0    0   40   50    0    0    0   44    0   46    0   47    0   45    0    0   41    0   46   37    0    0   48    0    0   40   37    0    0    0   39   42    0   46    0   38   44    0    0    0   49  
  49    0    0   37   36   43   49   39    0    0    0    0    0    0   38   36   45    0    0    0    0    0   40    0   37   45    0    0   46    0   42   48    0   42   44    0    0    0    0   49   44   47   46   41    0   50   36    0   38    0  
  38   45   49    0   44    0   46   36   42   39    0   47    0   48    0   40   43   47    0   48    0    0   44    0    0   43   37    0   44    0   39    0    0    0    0   44   44    0   50    0    0    0    0    0   41   46    0   43    0    0  
   0    0    0    0   43   44    0    0    0    0   41    0   39    0   43    0    0   44   48   47   38   40    0   43   37   50   46    0    0   42   43    0   49   48   43   40   36   43    0    0    0    0   45   40    0    0    0    0   43    0  
   0   42    0   43   47   44    0    0    0   38    0    0   38   46   44    0    0   49   48    0   39   38    0   49   45    0   42    0   39    0   37   36   41    0   46    0    0   40    0    0   50    0    0    0    0   49    0   39    0   47  
  42   37    0    0    0   47    0    0    0   36    0    0   41    0    0    0   50    0    0    0   37    0   47   45   40    0   48    0    0   38   42    0   40   42   47    0   43   39   44    0    0   40   46   41    0   36    0    0   43   49  
   0   37    0   39    0   38    0   42   50   44    0   46    0    0    0    0    0   46   38    0   48   42   44   36    0   50   39   41   50    0   49   45    0   47    0   40    0   39    0   48   50    0    0    0    0   43    0    0    0    0  
  47    0   42   36    0   49   49    0    0   45    0   49    0    0    0   49    0   41   38   46   44    0    0   41    0   38    0   37    0    0   36    0    0    0   46   46    0    0    0   43    0   48    0   38   40    0   39   38    0   50  
   0    0   50   38    0    0   36    0   37   43    0   44    0   48    0   48   45   48    0   47    0   46   48   49    0    0    0    0    0    0    0    0   42   46    0   45   40    0    0    0   41    0   39    0   38   42   39   39   38    0  
   0   39    0    0   49   49    0    0    0    0    0    0   41    0   43   47    0    0   43    0   45    0    0   43   48   46   43    0   37    0   42    0    0   46    0   38    0   40   37    0    0    0   44   50    0   37   50   39   36   37  
  36   41    0    0    0   37   42    0   37    0   46   50    0    0   38   44   43   49    0    0   42    0   42    0    0    0   45   38    0   43   42    0   40    0   39   36   41   47    0    0    0    0    0   48   50    0   50    0    0    0  
  43   40    0    0    0    0    0   50   44    0    0   48    0   42    0    0   45    0    0   36   41   44    0    0   47    0   46    0   46   43   49    0   44    0   37   47   45    0    0    0   43    0   42    0    0   42   38   39   44    0  ] 
BUDGETS : [    6    8   13   14   15   18   19   20   21   22   24   27   28   28   33   33   37   37   38   40   41   43   44   45   45   49   52   55   56   57   59   67   67   67   68   68   70   71   72   73   76   77   77   79   83   84   85   86   89   91   92   93   94   94   94   94   97   98   98   99  102  104  104  106  107  111  111  112  115  115  117  126  127  130  133  134  136  137  142  149  153  153  155  158  161  164  167  169  170  173  174  174  178  178  181  182  184  188  199  199  ] 
