K : 150
I : 15
PREFERENCES : [   10    0   11   13    0    0   14    0    0   15    0   14    0   11   12  
  10    0    0    0    0   13    0    0   11   12   12   15    0   12   14  
   0   11    0   10   10    0   14    0   13    0   10    0    0   15   12  
   0   15   14    0   12    0   11    0   15    0   13    0   10   10    0  
  10   10    0    0   11    0   15   13    0    0   12    0    0   10   14  
   0    0    0    0   12    0   10   10    0   11   13   14   15   13    0  
  13    0   11   15    0    0    0    0   12   13   13    0   14   10    0  
   0   10    0   11    0   15   14   14    0    0   12    0    0   14   13  
   0    0   13    0    0    0   10   11    0   10    0   13   14   15   12  
   0    0    0   12   13   15   11   10   13   14    0    0   13    0    0  
   0    0    0   10    0   12    0   15   11    0   12   14   13   12    0  
   0    0   13    0   10   12    0    0    0   10   14   15    0   11   14  
   0    0   11   10   15   15   15   13    0   12    0    0   14    0    0  
   0   10    0    0    0   13    0    0   10   14   11    0   15   11   12  
  10    0    0   13    0    0    0    0   14   15   11   14   13   12    0  
  10    0    0    0    0   11   11    0    0   12    0   14   13   15   11  
  13    0    0    0    0   12    0   10   11   15   15    0   12   14    0  
   0    0   15    0   13   14    0   11   12    0   10   12    0    0   14  
  14   11    0   10    0   13   10   12    0    0   15    0    0    0   11  
  15   14   15    0   12    0   10   15    0    0   11    0    0   13    0  
  15   12    0    0   14   12   13   12   11   10    0    0    0    0    0  
   0   15   15   10    0    0   13    0   13   12   11    0   14    0    0  
   0   14   11    0    0    0   13   15    0    0    0   12   10   15   11  
  13   12    0   11    0   10    0   14    0    0   10   15   13    0    0  
  15    0    0    0   12   13    0    0   11   14   10   14    0    0   13  
  12   15    0    0   11   14   13    0    0   11   10    0   13    0    0  
  13   15    0    0   10   14    0    0   11    0    0   14    0   12   13  
   0   10    0    0   14   13    0   15   13    0    0   12   11    0   15  
   0   14   14    0   13    0    0   12    0   15   10   14    0    0   11  
  12   13    0   10   15    0   13   14    0    0   11    0   11    0    0  
  14    0    0    0    0   11   15    0   12    0   13   13    0   10   13  
  12   13    0    0    0   10    0   12    0   11    0   10    0   15   14  
   0    0   15   13   14    0   12    0    0    0   10   10    0   14   11  
   0    0    0    0   14   13   10   12    0   15    0   15   11    0   13  
   0    0   11    0   15   14    0   12    0    0   10   13   15   15    0  
  10    0    0   15   11   10    0   14   13    0    0    0   12    0   13  
   0    0   12   14   10   15    0    0    0   12    0   12   11   13    0  
  12    0   11   10    0    0   14    0   13   15   12    0    0   12    0  
  11   10    0    0    0    0    0    0   15   13   11   12    0   11   14  
  13   14    0   11    0   14    0    0   15   11    0    0   12   10    0  
   0    0   14   10    0   12   11   15   11    0    0    0   10   13    0  
   0   14   13   10    0   12    0   15   11   14    0    0   12    0    0  
   0   11    0   13   14    0   12    0   15    0    0   10    0   12   10  
   0   12    0   13    0   10   14   11   11    0    0    0    0   14   15  
   0   13   11   12   10    0    0    0    0   11   14    0   13   15    0  
  10   11    0    0   12   15    0    0    0   13   13   11    0    0   14  
   0    0   13   12    0   14    0    0   11   14   10   14    0   15    0  
   0   11    0    0   14   10   11   15    0   13    0    0   11   12    0  
  10    0   12   14    0   13   11    0    0    0   13    0    0   15   10  
  15    0   10   13   11   12   13   12    0    0   14    0    0    0    0  
  10   14   10   13    0    0   12    0    0   11    0    0   15   12    0  
   0    0   12    0   10   15    0   11   15   15    0    0   14   13    0  
  10   12   14    0   13   14    0   12    0    0   11   15    0    0    0  
   0   11   13    0    0   10    0   15   10   13   12    0   14    0    0  
  14   15    0    0    0    0    0   15   12   10   15   11   13    0    0  
   0   11   10    0    0   11    0   13   10    0   15    0   14   12    0  
  15   11    0   15   13    0   14    0   10   12    0    0    0   12    0  
  11    0    0   15   14    0   13    0   12    0   11    0   10   15    0  
  15    0   11   14   12    0   13    0    0   15   15    0    0    0   10  
  12    0   13   11    0   14    0   11    0    0   10   14    0   15    0  
  14    0   12   11    0    0   10    0    0   15   13    0   10    0   13  
  14    0    0   13   10    0   10    0    0   11   12    0   15    0   10  
   0    0   11   13   12   11    0   10    0   14    0    0   12    0   15  
  13    0    0   14   10   12    0   11    0   15    0   12   13    0    0  
   0   11   14   10   13    0    0    0   10    0   15   12    0    0   15  
  15   15    0   14   11   14   12    0    0    0    0    0   10   13    0  
   0    0   11   15   10   12    0   13    0    0    0   14   15   13    0  
   0    0   11    0   12   10   11    0   15   14   13   13    0    0    0  
   0    0    0    0    0   14    0    0   13   13   15   10   12   11   10  
  15    0    0    0    0   12   12    0   10    0   14    0   11   10   13  
  14   10   11    0    0   11   15    0    0    0   12   13    0   10    0  
   0    0   10   13    0   12    0    0    0   12   11   15   15    0   14  
   0   15    0    0   13   13   12   11   14    0    0   10   13    0    0  
   0    0    0   15    0   14    0    0   12    0   11   14   10   10   13  
   0   15    0   11   12    0    0   13   14   14   13    0    0   10    0  
   0   15   13   14    0    0   11   12   10    0   10    0    0   13    0  
   0    0   13   14   15    0   11   12    0    0    0    0   10   11   13  
  13   14    0    0   11    0   12    0    0   13   15    0   10   11    0  
   0   12    0    0   11   14   10    0   15    0   11   13   15    0    0  
  11   11   11    0    0   14   12   13   15    0    0    0    0    0   10  
  11    0   14   15   12    0    0   14   10    0   13    0    0   14    0  
   0   13   14    0   10    0    0   11   11    0   15    0   12    0   14  
   0   11    0   11    0    0   15   10    0   13   14   12   13    0    0  
   0   14   12    0    0    0   11   15   13    0    0    0   10   14   12  
  12   10    0   15   14    0   11    0   13   12    0    0    0    0   13  
  11    0   12   15    0   10    0    0   14    0    0    0   10   13   13  
   0   10    0   12    0   12   13   12    0    0   11    0   14    0   15  
  10    0    0    0   14   10    0   11   15    0   11   13   12    0    0  
  13    0   15   12    0    0   14    0   11   12   10   15    0    0    0  
   0   11   13   14   12    0    0   15    0    0   10   15    0   12    0  
  14    0   10    0   13    0    0   15    0    0    0   11   12   15   10  
  11   12    0   12    0   15   13   10    0    0   14    0    0    0   11  
  11    0    0    0   15    0   12   14   11   13    0   10    0    0   15  
  12    0    0    0   14   15    0   10    0   13   13    0   11    0   14  
  15   13    0    0    0   11    0    0   14   14    0    0   10   15   12  
   0   15    0   13   14   13   13    0   12   10    0    0    0    0   11  
   0    0   15   11    0    0   14    0   13    0   13   10   12    0   12  
  13   15    0    0    0    0   11    0   12    0   11    0   11   14   10  
   0    0    0   10    0   10    0   12   14   11   15    0    0   11   13  
   0    0   14    0   13    0   15   12    0   10   12   11    0    0   15  
   0   13    0   11   13   14   10    0    0    0   12    0    0   11   15  
   0   15    0    0   10    0   11   13   12    0    0   14   11    0   11  
  14   11    0    0    0    0    0   12   13   15    0   14   10   15    0  
  10   11    0   13    0   12    0   10    0   14   15    0   12    0    0  
   0    0   10    0   10    0    0    0   14   12   11   14   15   13    0  
  14   11    0   13   13    0   13    0   15    0    0   10   12    0    0  
  13   12   14    0    0    0   15    0   10   12    0   11    0    0   15  
   0   11   11   12    0   11    0    0    0   13   10    0   14   15    0  
   0    0   13   11    0   12   15    0   13   10    0   14    0    0   13  
  10    0   11    0   15   11    0    0   12   14    0    0   15   13    0  
  15   11   13    0    0   14    0   14    0   10    0    0    0   12   12  
  14   12   15    0    0   13   15    0    0   10    0   14    0   11    0  
   0    0   14   11   13   15    0   15    0   11    0   10    0    0   12  
  11   12   15   14    0   13    0    0    0    0   10    0    0   10   13  
   0   13    0   12   10    0   11    0    0   10   15    0   11   14    0  
  11   15    0   14    0   13    0   14    0    0   12   10    0   11    0  
  15   11   10    0    0   10   11    0   12    0    0   13    0   14    0  
  14    0    0    0   13    0    0   11   11    0   12   10    0   11   15  
  13   12    0    0   13   15    0   10   11    0    0    0   14   10    0  
   0    0   11    0   10    0   13   14    0   13   12   15    0    0   15  
   0    0   13   10   11   10    0    0   14   15   12    0    0    0   11  
   0   12   11    0   12    0   13    0   15    0   10   14    0   10    0  
  13    0   10    0    0    0   15   15    0    0   12   14    0   15   11  
  15   10    0   14    0    0   11   10    0    0   12   13   12    0    0  
   0    0    0   15   11   12   12    0    0   12   10   14    0    0   13  
   0   11    0   10   15   14   10    0   12    0   11    0    0    0   13  
  12    0   11    0   10    0   15   14    0    0   10   13    0    0   15  
  12   14    0   14    0   15   11    0   10   13    0    0    0   13    0  
  15   14   12    0   14    0    0   13    0    0   11    0    0   15   10  
  12    0    0   11   14   12    0   14   13    0    0    0    0   10   15  
  15    0   15   12   14   10   13    0   11    0    0    0   15    0    0  
   0   10   12    0   14   12    0    0    0    0   14   13    0   15   11  
  13    0    0    0    0   10   12   15    0   11    0   11   14   15    0  
   0    0   13    0   12    0    0   14   11   10    0    0   11   15   11  
   0   11    0    0    0   12   10    0   10   13   15   14   14    0    0  
  11   13    0   13    0    0    0   15   10    0   11    0   14    0   12  
  10    0    0    0   15   14   13   12    0    0   14   11   12    0    0  
  13   12   12   14    0    0   10   13   11    0    0   15    0    0    0  
  15    0   10   12    0    0    0   13   12    0   14   10    0   11    0  
   0   14    0   15   10   15   14   12    0    0    0   13    0   11    0  
   0   15    0   12   10    0    0    0   14   11   12   13   13    0    0  
   0   15   12    0    0   10    0   13    0   14    0   11   15    0   11  
   0    0   12    0    0   14    0    0   13   11    0   10   12   15   15  
  13    0    0    0   15   14    0   11   12   10    0    0    0   14   10  
  11    0    0   15   15    0   10    0    0   14   13    0   12    0   13  
   0   14   10    0   13    0   11   15    0    0   11   10   12    0    0  
   0    0   14    0   14   13    0   15    0   11    0   12    0   12   10  
   0   14    0   11    0   12    0    0   11   13   11    0   15   10    0  
   0   11    0   11   10   10   14    0    0   13   12    0    0    0   15  
  13    0   15   12    0    0    0    0   12    0   14   10   11   10    0  ] 
BUDGETS : [    3    5    5    5    6    7    8   11   13   13   16   18   19   21   23   29   29   31   31   33   33   35   40   40   41   42   44   45   45   49   51   52   54   55   55   56   57   60   62   64   66   68   70   73   75   80   84   84   94   94   95   95   98  102  103  104  104  105  106  108  109  110  118  125  125  126  126  129  135  136  136  140  140  140  143  148  149  149  152  152  153  157  157  158  159  159  162  165  165  168  171  171  172  175  181  183  185  188  191  191  192  192  195  196  201  202  205  208  211  213  216  219  220  221  227  229  232  234  235  236  236  239  242  243  245  247  250  251  251  255  257  259  260  261  266  269  270  274  280  282  284  288  289  290  292  298  298  298  299  299  ] 
