K : 100
I : 100
PREFERENCES : [   83   22   82   94   66   17   76    9   56   36   26   60   88   11   12   33   95   72   91   80   30   78   77   70   68   50   25   37   10   48    4   18   79   55    3   16   93   61   95   53   75   87   58   86   64   67   74   15   35   44   85   24    7   97    5   46   63   73   14   23   29   96   27    2   51    1   42   84   19   62   65   47   52    6   20   59   71   69   43   54   34   90   38   10   45   39   58   32   49   92   41   81   31   40   89    8   13   28   21   57  
  50   27   49   14    4    1   41    5   80   23   83   32   96   57   63   81   42   84   87   62   39    1   91    7   43   17   19   79   65   21   60   56   59   54   78   71   85   68   30   77   26   28   34   22   40   64   55   90    9   79   86   76   31   15   33   66   88    3   45   70   18   69   51   61   24   20   58   16   46   52   82   97    7   13   75    8   35   44   93   29   92   67   37   89   38   95   10   12   73   36   94    6   48   11    2   25   47   72   74   53  
  96   17   90    5   42   32   57   50   18   43   70   78   34   36   92   45   15   26   13   31    4   61   49   59   35    3   79   14   71   87   33   39   93   12   43   68   75   60   66   48   74   47   29    1    7   30   95   37   67   38   23   40   62   55   58   41   53   72   19   28   21   44   47   89   24   64   94    2    8   22   82   11   81    6   69   73   51   85   25   86   10    9   16   63   52   27   83   88   80   65   77   56   80   97   91   76   46   54   84   20  
  71   93   89   76   18   79   37   65   63   43   50   54   84   11   85   33    9   38   49   70   24   82   15   23   52   48   42   51    5   66    2   14   32   64   13   26   61   62   58   19   60   81   27   69   40   67   55    4    7   78   94   34   96   92    3   16    1   68   57   86   91   88   35    6   31   44   74   80   75   47   46   39   30   76   22   72   29   88   20   25    8   80   83   12   97   77   73   87   36   56   53   95   90   45   21   28   17   10   59   41  
  78   40   79   64   68   81   19   22   67   38    5   59    7    9   11   66   94   42   24   82   77   43   45   87   14    6    2   51   62   52   46   71   10   72   63   41   69   25   96   16    4   18   73   47   33   54   34   17   73   28   26   91   92   12   70   83   44   48   89   90   39   87   93   80   88   65   49   55   13   35   97   84   95   20   30    8    1   37   75   58   61   86   15   23   60   56   50   85    3   36   57   76   31   32   21   53   74   27   29   83  
  74   65   60   18   39   83   86   28   96   11   79   43   35    7   95   24   37   33   19   34   25   50   87   78   64   44   67   31   43   30   76   57   70   71   55   66   62   45    5   32   59   54   38   16    6   90    3   84   93   69   49   10   73   51   16   20   13    1   75   46   88   68   14   47   36   56   82   81   63   23    4   52   17    2   12   27   15   85   21   97   53   48   72    9   22   42   26   41   77   40   61   94   91   58   92   65    8   89   80   29  
  91   93   37   28   27   69   11   77   61   79   52   56   14   76   72   96    2   26   58    6   44   24   21    9   16   62   70    8   68   59   46   89   36   15   13   51   33   30   40   20   50   86   22   82    5   80   63   88   74   64   43    7   81   49   39   54   57   95   58   17   60   84   67   94    3   31   32   92   38   85   45   48   35   10   90   47   25   62   34   41    4   78   12   65   75    1   66   87   19   55   29   23   73   42   83   67   53   18   71   97  
  18   12   31   43   58   36   27   51   26   38   85   22   30   39   64    8   57    4   14   94   96   63   41   37   28   55   90   17   67   76   48   69   54   60   62   97   35    2    7   13   49   50   73   95   87   23    1   78   75   88   72    6   59   52   56   45   11   86   84   34    5    3   74   30   70   80   79   71   93   72   33   32   20   83   40   47   15   24   89   61   10   29   82   91   92   19   21   71   68    9   44   77   16   25   53   66   65   42   81   46  
  52   95   10   57   77   56    7   58   22   82   11   31   40   29   16   28   93   92   50   24   74   49   90    6   47   23   76    1   63   44   25    8   75   26   93   46    2   33   39   15   35   88   97   21   67   71   48    9   55   41   68   72   36   94   32   13   38   66   34   51   96   78   64   87   70   85   42   91   27   37   45   81   59    5   73   86    7   84   79   17    3   80   60   14    4   65   19   61   12   83   89   18   77   62   43   69   53   54   30   20  
  33   84   67   40   26   20   93   72   85   94   79   11   88   49   76   90   46   55   73   96   31   95   44   10    1   74    7   38   93    6   56   91   69   35   58    5   16   36   18   14   59   52   19   43   32   24   12    9    2   61   39   22   86   42   89    4   51   28   47   80   77   70   62   97    3   65   68   15   92   60   83   64   30    8   84   78   41   21   27   66   23   91   50   37   17   87   45   48   81   75   53   25   29   71   54   63   34   57   13   82  
  35    3   19   13   60   84   26   47    5   37   11   72   16   52   12   59   51   78   49   38   83   45   44   95   97   29   61   50   87   13   10   15   71   77   17   54    4   48   18   14   34   66   73   67   91   53   25   96   39   42   65   32    1   18   23   43   31   70   64    9   93   40    7   75   24   41   76   68   55   88   82   81    8   33   63   80   20   69   89   36   90   22   21    6   46    2   79   85   57   27    6   58   74   56   94   30   28   92   86   62  
  67   74   62   82   53   75   12   83   31   65   85   56   68   84   33   63   94   84   45   11   87   59   54   16   10   19   90   64   93   70   21   55   79   24   97   41   50   89   61   76    1   22   38   72   42    3   48   46   81   14   34    2   95   66   88   28   23   36   96   92   47   44   13   37   32   29   20    7    4    5   51   30   69    8   26   60   73    6   18   77   52   86   17   69   91   27   25   43   15   49   35    9   78   71   80   39   57   40   58    6  
   7   19   81   78   91   96   21    9   48   24   59    2   33   64   87   56   49   38   67   26   27   80   60   62   58   10   77    5   25   73   15    1   42   35   23   41   12   32   88   45   89   79   72   77   28   97   83   18   44   86   75    6   93   95   37   31   39   43   74   29   52   84   16   34   11   65   57   66   30   51   41   71   46   47   20   63   14   17    8   94   37    4   90   50   55   92   82   54   22   53   68   40   76   13   85   69   36   61   70    3  
   7   83   17   24   62   70   59   86   54   72   46   43   66   48   16   85    4   88   93   80   49   68    5   73   29    3   22   97   38   51   89   60   55   76   58   26   21   90   25   12   50    6   63   27   30   56   69   13   75   81   71   65   45   23   81   28   10    2   39   77   74   91   84   18   52   32   34   20   36   42   57   64   14   94   41   11   35   79   67   23   96    1   82   87   19   31   61   92    9   78   44   22   33   95   47    8   53   40   37   15  
  31   41   61   64   45   26   66   81    9   74   56   32   12   19   30   73   67   27    2   72   83   49   55   31   52   58   10   49   59   51   76   88   29   34   22   63   69   84    6   36    7   60   43   87   53   13   89   18   68   71   90   65   16   91   96   44   80   79   21   86   39   15    3   75   97   78   77   50   28   82   57   25   41   23   70   11   85   47   14   33    4   62    1   24   46   38   37    8   48    5   42   92   20   54   40   17   95   94   93   35  
  91   84   17   39   56   27   88   57   86    4   83   78   74   50   72   54   36   81   68   52    3   28   95   90   75   21   92   53   11   97   20   24   23    7   18   31    1   10   63   60   48   77   46   51   15   67   51   14   87   49   93    6   35   65   32   45    8   76   12   79   42   33   80   61    2   16   43   94   62   44   85   13   29   40   34   37   69   89   96   22    9   66   73    5   25   82   59   38   64   26   41   70   58   71   55   49   78   30   47   19  
  23   35   50   39   28   82    4   96    8   80   79    1   47   84   26   74   55   46   67   95   94   45   25   66    5    9   87   17   91   68   48   90   71   14   85   70   52   92   76   56   75   12   86   18   97   60   81   40   33   31   36   69   10   29   22   41   21   73   49   38   44   45   64    3   63   15   93   11   34   25   37   30   72   46   32   89   19    2   78   43   57   65   24   16   51   83    6   88   61   42   77   53    7   62   27   54   13   58   59   20  
  64   74   93   13   59   40   42   75   17   38   56   51   63   79   89   23   46   60   10   31   87   55   24   78   58   22   97   73   29   54   68   12   88    9    1   19   79   76   47   20   86   84    2   72   39   53   77   71   76    6   30   50   57   15   69   43   25   92   45   95   44   70   61    4   35   16   81   83   90    3   33   65   80   18   41   28   48   96   26    8   32   49   62   27   94   66   36   52   11   67   37   14   85   21   83   82   34   91    5    7  
  16   53   87   85    7   34   88   30   24   54   19   63   96   13   16   18   51   49   23   36   56   28   95   57   42   76   91   71   72   45   37   59   40   61   97   43   58   97   17   67   83    2   75   12   25   21   52   90   29    9   27   86   92   82   73   69   13   48   47   26   10   78   11   35   64    1   22    6   38   20   33   15   55   31   74   41   60    8   14   89   77   70    3   50   39   94   68   79   93   46   84    4   44   32   62   66   65   80    5   81  
  50    5   44   65   20   49   74   13   87   10    6   94    1   42   84   79   55   70   97   54   59   66   18   75   89   33   16   60   68    8   83   26    9   48   29    2   58    5   96    4   93   86   28   21   81   36   39   72   30   82   90   80   14   11   76   73   67   61   62   12   57   46   15   43   45    7   37   23   22   63   78   92   91   69   64   27   85   35   53   52   24   17   34   40   77    3   47   51   84   40   71   56   88   31   41   95   25   19   38   32  
  64   85   61   10   25   41    8   28   92    5   94   93   57   33   11   60   63   54   90   66   17   65   26   13   80   32   34   82   49   46   20   51   35   89   12   40   76   37   83   42   95   22   36   44   39    7   43   53    6    3   16   87    9   91   62   72   84   18   15   78   74   58   47   50   40   19    2   70   73   33   86   77   56   52   79   59   55   48   23   21   96   50   45   97   24   67   30   68   31   81   69   71   75    1   27   88   14   29    4   38  
  62   88    6   47   14   92   34   15    9    8   40   60   95   93   21   27   80   83   18   44   97   16   84   39   19    2   37   48   96   86   36   63   26   53   58   94   33   55   90   17   79   77   11   68   70   78   71   28   29   69   91   55    4   31   12   56   38   57   20   72   50   49   81   43   24   74   66    3   30   76   89   25   87   10    5    1   46   22   65   54   41   75   73   57   59   42   82   78   32   45   61    7   13   64   51   85   67   35   23   52  
  79   28   65   49   54   21   18   93   91   77   71   94   82   66   89   70   38   59   24   69   74   51   20   16   84   36   48   58   87   46   42   90   40   55   45   61   80   39    6   76   48   14   41   19   33   63   57   60   12   43   83   78   47    8   64    2   96   86    5   50    1   32   67   10   73   37   75   85    3   92   34    9   25   44   95   31   11   35   56   83   68   23   22   29    4   27   12   26   88   17   52   72   53   13    7   81   62   97   15   30  
  76   95   69   33   27   30    1   78   73   70   38   29    3   68   59   61   85   54   74   63   17   81   43   72   50   86   89   51   77   84   39   14   46   56   52   13   23   28   87    7   90   64   34   15   21   16   11   91   92   67   19   60   41   12   58   79   32   57   10   31   45    8   97   36   53   42   55    6   24   71   88   83   20   92   86    9    2   96   48    4   47   18   26   94   82   35   44   66   22   73   37   65   80   62   93   25   49   40    5   75  
  66   84   48   65   39   70   62   91   52   86    4   90    5   93   31   35   27   58   50   57   79   83   96   20   95   11   92   19   23   34   38   74    6   32   54   75   33   15   59   25    8   43   81   91   28   77   76   43   69   42   53    7   45   12   71   29   73   46   49   10   24   80   78   40   17   72   51    2   88    1   56   14   41   63   67   94   21   97   18   13   69   30    3   82   37   85   44    9   36   68   26   22   87   89   60   47   16   55   61   64  
  45    4   26   64   95   42   51   82   56   28   62   46   16   41   83   65   73   27   70   75   39    9   55   35   66   63   90   54   21   47   34   78   79   67   76   29    1   30   93   48   50   24   25   40   88   22   36   92    3   60   23   38   53   77   13   31   89   86   44   32   10   84   14   74   81   87   32   57   59   94   52   58   61   96   11   85    2   17   42    5   49    6   80   37   71   12    8   19    7   33   43   68   97   27   69   72   20   91   15   18  
  74   90   10   58   57   63   20   86   39   56    9   78   94   44   79   18   49   46   43   11   15   97   24   28    9   45   41   82   64   95   71   66    6   13   85    2   75   25   77   31   72   37   51   47   59    5   91   21   33   73   50   54   87   17   40   68   38    7   55   96   36   23   34   84   73   65   61   83   22   80   30   52   62    1   81   48   88   16    8   29   69   35   92   53   60   70   14   12   76    4   26   67   89   42   27   19   19   93    3   32  
  48   75   59   60    5   15   16   93   55   82   14   33   86   45   91   77   11   83   51   92    3   73   76   53   40   78   88   17   87   22   65   47   70   34   64   94   71   58   35   88   31   32   43   28   27   49   42   90   85    9   23   57    6   80   89   24   67   29   46   44   62   30   41   69   68   74   61    2   79   18   97    8   38   12    4   54   72   97   62   63   10   26   84   20    1   36    7   81   25   19   66   95   50   52   37   96   39   56   13   21  
   3    4   74   11   91    1   63   45   53   20   44   31   82   42   38   25   88   37   89   16   82   83   95   90    2   21   26   23   54   54   67   52   77   27   32   56   84   70   18    9   36   58   47   79   17   13   60   76   66   71   80   86   68   15   59   72   92   96    7   62    5   64   65   50   94   87   69   10   39   28   14   57   24   30    8   85   43   22   33   61   81   73   40   49   78    6   75   12   34   41   29   51   35   68   19   48   46   93   97   55  
  11   48   31   80   66   27   64   22   61    8   96   71   87   88   43   84   53   49   12   58   86   32   59   24   89   93   26   62   40   13   38   73   83   10   14   33   19   77   82   20   28   23   15   63   37   47   81   79    5    1   78   50   11   41   91   30   56   51   29   36   92   90    2   46   95    4   69   42   55   75   57   74   17   58   60   67   68   35   18    6   72   54   97   34    7   65   76   44   39   52    9   40   70    3   16   45   94   21   25   85  
  53   77   39   38   17   45   72   93   58   44    6   13   63    2    7   51   22   54   25   42   24    8   86   11   29   18   50   67   94   85   64   76   74   14   15   55   32   89   87   61   71   82   68   88    4   69   27   19   56   91    9   34   75   41   18   95   57   40   65   92   47   30   12    5   70   37   83   82   16   36   96   10   20   48   52   21   23   31   43   46   62   60   26   35   97    1   84   80   78   81   28    9   73   33   49    3   66   79   90   59  
  33   46   38   96   31   17   62    4    1   19   77   42   41   86   73   94   50   76   83   44   45   93   16   12   26   14   36   67   11   20    5    2   21   66   40   35   85   92   60   30   23    1   61   97   91   20   32   27   22   55    7    6   80   54   43   89   39   24   37   69   34   71   52   84   56   79   57   25   70   88   75   28   87   95   64   59   29    9    3   51   10   63   74   11   49   47   58    8   90   18   78   72   53   82   15   68   13   48   81   65  
   5   15   64   89   67   96   84   77   66   14   71   30   83   40   55   94   55    3   73    6   90   45   33   93   58   53   37   32   63   62   95   61   92   12   21    2   16   23   85    8   87   48   91   39   47   54   68    7   60   76   13   59   41   80   52   74   36    2   69   88   91   28   26   18   81   75   72   51   19   78   56   22   79    4   65   20   17   31   97   50   82   43   35    1   49   42   27   25   34   57   38   70   10   46   24   44   86    9   29   11  
  69   89   66   63    1   95   93   94   44   16   25   83   67   52    4   54   22   65   58   57   50    5   77   22   81   21   87   88    7    2   36   90   59   12   43   53   91   82   14   48   11   78   71   33   42   72   92   32   68   46   19   97   47   60   24   69   51    8   56   30   15   96   62   55    6   75   45   18   70   29   49   28   80   85   74   95   64   79    9   10   26   84   34   17   23   38   86   20   35   31   61   73   39    3   76   41   13   27   37   40  
  61    7   59   82   80   97   28   58   22   92   41   39   65   76   42   26   32   13   45   50    5   46   69   63   60   11   23   38   90    9   24   49   31   88    3   19   95   51   36   29   72   30   96   44   89   10   75   67   95   54   48   70   87   85   20   81    1   93   68   17   77   84   79   21   62   15   16    4    2   34   12   91   33   43   86    8   27   14   47   94    6   55   56   83   75   25   35   78   66   64   74   37   57   53   71   18   50   52   73   40  
  37   52   20   66   88   28   91   92   18    5   32   24   13   23   48   43   80   59   64    9   39   86   90    4   40   16    2   97   69   63   94   31   14   78   95   51    7   62   34   35   50   73   56   17   58   68   10   76   75   74   54   84   38   81   87   19   82   42   21   44   50   49   41   89   65   67    8   79   77   36   45   93    3   61   96   11   26   72    1   71   15   29   45   33   88   47   57   22    6   83   70   53   12   55   46   60   30   85   25   27  
  93   56   24   31   46   42   92   36   11   77   39   23   96    6   10   22   51   37   45   35   87   76   84   32   25   33   75   71   66   44   18    1   59   83   47   14   67   16   62   54   88   37   38   95   40    8   49   82   52   27   89    2   85   13   15   78   73    7   69   28   29   12   72   91   21   90   41   79   74   86   30   26   19   48   97   50   20   81   57   80   63   17    9   69   43   34   66   94   64   68    5   70   58   53   65   61    4   60   55    3  
  17   14   16   19   44   12   60   52   93   10   35   73   90   30   39   97   13   23   31    3   61   42   20   11   88   62   77    6    2   94   32   76   81   57   26   29   70   85   43   79    6   45   48   37   41   72   50    5   46   18   75   56   21   55   95   49    9   15   64    7   68   22    1   96   65   59   87   33   58   86   71   78   80   13   25   66   83   24   84   54   91   74   96   69   67   63    4   47   89    8   38   36   51   40   53   82   28   92   34   27  
  17    3   86   37   47   75   23   79    2   15   34   30   91    4    8   21   49   88   50   85   46   24   57   43   19   14   38   33   20   81   41   63   60   42   66   68   26   35   83   12   52   61   18   53    9   54   48   74   88   93   67   72   87   96   40   16   64   51   59   77   97   76   31   22   92   76   45   71   12   25   28   36   95   27    5   84   11   39   55   13   69   62   56   73   82   94   80   78   10   65   32   89   29    7   70   90   44    6   58    1  
  27   90   60   58   80   65   68   61   45   71   57   43   19   30   11   17   24   59    1   13   53   31    2   81   72    5   91   46   14   20   77   52   51   82   34    6   75   62   54   22   79   44   42   93   47   18    4   36   38   39   96   29   93   70    9   63   28   35   64   95   26   32   21   19    3   41   78   73   37   50   84   89   33    7   94   92   10   76   86   87   74   15   49   12   23   56   66   97   67   16   83   40   55   25   52   88   85   69   48    8  
  77   97   33   78   75   25   50   12   96   17   73   59   89   11   54   46    7   51   91   41   18   15   49   44   81   83   38   82   55   74   68   57   64   66   65   94   88    1   85   79   71   62   35   39   24    9   42   53    2   22   87   70   76   63   90   84    8   32   92   51   13   40   30   86   48   14   28   21    4   43   75   52   34   95   23    5   19   45   36   47   72   16    6   93   20   26   58   80   61   67   31   27   29   69   37    3   56   60   10   26  
  38   63   78   50   83   35   40   96   47    5   75   46   67   57   95   55   54   48   61   13   82   51   29   76    6   70   10   53   42   25   74   85   80    9   91   52   86   32   36   44   20    8   47   45    7   22   87    4   30   69   33   68   37   66   60   16   43   34   90   64   97   71   53    2   84   58   24   72   62   15   41   73   79   94    3    1   23   89   56   17   12   59   18   88   79   93   14   21   39   26   81   49   65   28   19   27   31   11   92   77  
  55   23   90   68   58   61   57   66   64   46   36   76    1   96   62   49   72   22   12   21   83   88   54   24   84   92   70   36   14   50   48   25   63   34   74   73   67    6   77   33   11   85   18   20   59   97   51    5   95   65   46   44   40   52    2   43   81   91   27   38   29   82   28   41    4   39   31    7   32   75   94    3   37   13   16   87    9   10   47   71   60   53   80   30   86   56    8   19   18   79   69   35   42   45   93   26   15   89   78   17  
  90   19   81   75   48   30   58   43   28   38   74   17   46   62   80   33   26   63   59   86   50   61   18   96    9   16   21   54   12   29   91   41    5   83   56   85   35   11   69   77   45   47   97    2   49    1   67   90   22   72   39   71   84   95   10   70    6   78   44   14   53   92   52   15   65   34   13   89   20   68   25   66   27   82   88   60   36   94   26    3   57    8   24   37   87   93   76   23   79    4   32   73   40    7   51   64   55   83   42   31  
  32   93   47   44   33   74   22    1   68   20   53   46   19    3    4   85   29   17   30   61   89   94   42   62   84   35    7   86   39   45   18   43   73   63   24   58    5    9   12   18   37   27   22   48   78   88   64    6   16   14   67   70   40    2   52   76   82   71   69   87   57   23   90   25   96   50   15   10   60   92   11   26   59   72   81   56   21   49   80   41   54   40   13   55   75   66   97    8   83   79   65   77   34   36   28   31   95   38   51   91  
  59   66   76   96   57   17   48    8   57   86   20   44   58   74    6   52   91   95   80   84   63   14   11   56   46   22   87   18   43   70   64   24   88   90   60   27   15   16   30   37   29   71   47   51   89   82   32   73   65   34   42   12    2   35   72   54    9   49   13   79   75   81   83   53    5   25   95    3   77   23   33   31   10   68   69   92   36   50    4   78   95   94   45   85   61    1   93   28   62   67   26   40   38   19    7   41   55   21   97   39  
  86   43    5   50   13   41   73   75   82   84   28   89   92   25   32   63   68    9   94   31   90   27   78   45   17   65   56    7   14   35   23   75   87   24   55   61   38   12   70   46   67   66    2   43   95    8   77   21   54   97   48   64   93   62   81   33   80   42    6   39    4   59   87   29   47   30    3   74   18   76   44    1   72   52   53   57   34   96   83   36   22   40   10   58   60   71   15   79   88   20   26   49   51   11   16   69   85   19   37   91  
  92   20   88   24   47   41   71   95   66   23   57   73   94   67   82   72   61   69   30   34   64   39   48   44   86    2    4   45   58   62   40   50   65   36   63   38   74   52   16   19    3   55   29   13   21   79   33   93   81   25   90   18    6   59   46   85   78   35   10   17   60   84   14   49   12   27   28   76   37   22   54    1   75   56   91   89   37   70   97   83   77    7   42   26   77   11   80   51   15   32    5   54    9   96   53   43   31   68    8   87  
  70   11   87   77   30    3    7   81   96   33   40   51   59   76   41   20   53   29   43   79   95   19   65   27   32   26   89   55   94   69   90    1   60   13   54   58   45   64   14    8   16    6   23   86   50   18   73   49   56   35   66   75   84   71   28   97    9   74   91   63   61   68   10   92   15   37   88   47   17   83   85    5   44   42   72   36   34   25    4    2   39   22   57   48   24   31   62   89   78   82   46   52    9   12   38   80   73   67   21   93  
  34   40   69   72   60   93   37    5   38   85    3   90   27   71   57    8   14   33   24   97   55   81   22   17   39    2   56   50   83   70   21   66   79   25   23   62   86   20   32   80   65   12   46   88   74   51   63   73   72   82   19   48   54   30   67   76   44   29    7   43   13   91   96   15   31   36   75   42   87   18   58   45    1   26   61   35   49   78   10   59   41   89   52   11   94   64   93   53   84   95    4   92   16   47   74    6   77   28    9   68  
  69   73   93   33   70   30   13   42   65   89   53   43   54   66   23   94   22   56   55    8   87   94   27   25   19   44   17   71   85   68   41   24   48   20   16   39   75    3    2   59   60   34    1   83   29   77   84   96    4   82   61    7   11   67   14   91   78   12   35   46   45   10    9   58   80   51   63   32   31   57   49   21   95   52   64   86   62   72   88   47   74   37    7   79    5   81   38   90   26   73   15   28   50   40   18   97   36   92    6   76  
  41   70   97   10   84   85   88   79   30   80   81    4   42   61   27   28   76   82    8   48   63   50   60   57   26   22   36    7   12   74   71   23   94   29   68   64   67   65   35   32   59   78   44   14   96   90   11   18   45   17   95   20   72   92   75   33   15   21   42    1   52   62   58   73   40    3    6   77   24   31   69   92   25   39   55    5   47   86   82   91    9   51   34   46   53   54   16   13   37   56   93   66   83   87   49   38   19    2   43   89  
  79   80   60   49   23   16   30   76    7   96   77   40   64   11   61   86   26   34   50   47    5   93   22   72   31   68   92   35    9   27   56   69   14   24   21   73   48   59   41   91   29   63   20    6   46   17   75   66   74   57   42   65   55   44   45   71   37   58   38   88   90   78   15   14   85   36   12    4   70   18   97   39    9   67    3   81   10   96   25    1    2   83   54   28   51   19   52   82   62   94   53   43   33    8   84   95   32   13   89   87  
  32   40   15   75   64   61   45   38    5   14   65   16   25   59   70   90   27   44   24   26    9   39   72   21   82   49    2    3   80   66   29   83   78   94   48   60   79   17   76   54   87   89   35   18   93   71   36    1   63   84   97   47   41   53   91   85   96    2   86   92   43    7   12   46   77   51   37   30   88   57   58   22   81   11   20   50    4   34    6   52   95   31   74   28   69   10   84   62    8   68   19   42   73   33   67   13   11   56   55   23  
  23   25   48   87   74   97   59   22   46   44   55   20   21   67   85   54   26   92   31    6   62   42   71   36   41   64   53   78   94   56    4   91   27   40   30    9   68   72   43   47   69   45   56   73   47   24   12   57   65   77   86    3   19   29   33   82   15   18    8   14   51   40   34    1   60   96   70    5   58   38   93   10   17   90   61   76    2   79   63   49   50   80   84   35   83   32    7   75   52   13   88   39   89   66   95   11   28   37   16   81  
  33   31   63   84   68   89    2   43   62   70   92   75   46   10   25   64   41   73   32   12   50   14   19   45   76   69   17   61   96   30    7   38   81   18   78    8   59   26   21   44   91   47   22   62   72   71   52    6   86   83   66   90   56   54    1   51   16   13    5   23   88   94   20   57   82    9   34   29   60   48   35   93   42   15   49   37   58   24   87   80   79   74   47   39   55    4   97   40   36   11   53   85   28   67   95   27   28   65    3   77  
  97   78   30   86   40   67   48   24   85   42   77   69   63   57   64   10   79   20   32   15   65   41   44   27   43   73    4   52   51   29   75   53   50   82   45   68   88    3   90   18    6   13   12   95   74   76   94   56   47   66   74   84    5   87   33   89   91   28   93   70   61   71   25    8   17   35   11   38   83   36    1    7   19   72   60    2   62   46   23   64   96   55   39   14   54   53   59   34    9   92   80   58   37   16   26   49   81   22   31   21  
  85   23   37   49   64   35   68   41   38   22   92   54   70   46   82   27   71    2   83    1   80   12    7   31    1   50   90   73   26   78   67   71   58   43   19   56   63    9   93   94   57   77   84    6   79   42   16    4   66   15   28   24    3   55   48   34   11   17   25   96   10   61   91   60   65   97   81   20   87   89   39   69   76   33   74   51   59   75   40   53   90   72   18   52   36   32   47   95    5   62    8   30   44   45   29   13   88   86   14   21  
  49   97   52    7   96   68   55   37   53   47   85   93   20   76   79   58   25   74   83   61    3   67   26   23   31    6   91   13   86    1   82   40   94   81   12    2   46   78   16   60   18   44   56    5   43   54   29   47   63   64   27   92   90   42   38   72   50   88   14   77   19   17   34   38   10   32   84   57   48   89   51   87   41   73   33   22   39   71   66   80   95   59   30   45   35   76   75   70   28   36   15   69   62    9    8   65   11   24    4   21  
  40   57   39    2   19    5   63   31    6   22   26   28   61   93   48   80   65    9   41   64   30   11   50   76   72   75   23   60   38   10   84   20   79   54   55   43   35   92   71   53   37   12   33    7   97   82   16   89   81   46   24   21    4   17   13    1   86   61   45   44   74   87   42   51   27   62   52   29   88   85   49   96   69   68    3   67   91   70   23    9   47   59   25   95   78   83   36   14   66   15   73   32    8   18   56   94   58   34   90   77  
  19   58   93   82   55   97   84    2   26   83    6   95   37   69   78   18   23   88   96   65   25   51   56   73   36   44   16   92   80   52   94   81   40   61   13   28   30   66   49   77   72   60   78   24   32    3   21   42   38   96   47   68   17   54   11    4   34   62    8   89   87   71   43   31   53   86   91   59   41   70   76   27   50    1   74   67   79   57   63   97   46   14   39   90   15   48   64   22   35   45    9    5   20   12   75   85   10    7   33   29  
  95   36    6   74   43   64   49   88   25   80   47    8   18   32   50   79   28   19   91   22   76   21   78   57   10   71   69   16   17   72   53   15   39   20   54   35   66   23   67   77   65   11   33   73   12   34   38   90   86   58   44   60    3   51   13    5   87   94   92   37   85   31   82   62   55    4   30   97   46   75   84   26    9   52   97   14   27   61   56   89   93   24    7   81   59   29   48   11   45    1   83   68   70   96    2   42   41   31   40   63  
  62   31   10   38   95   49   54   21   25    3   52   69   94   12   37   73   90   79   70   91   86   93    2   43    7   34   44   96   42   60    8   27   53   85   20   92    9   76   46   74   30   28   42   66   77   24   71   17   15   82   48   81   58   16   97   68   84   18   64   41   33    6   39   51   87   35   75   29   60   47   19   89    1   78   13   45   32   72   36   11   61    4   82   57   80   88   26   83   23   22   65   50   67    5   63   40   59   14   56   55  
  76   90   78   46   84   70   91   80   44   13   36    2   47   23   28   95   33   68   18   63   85   93   57   15    1   34   19   22   27    6   11   61   39   12   67   62   45   56   49   31   54   32   24   14   73   58    4   28   96   41   52   51    7   77   35   30   20   42   69   26   83   71    3   94   50   16   75   79   29    8   72   48   17   38   21   64   88   10   86   53   60   43    9   92   89   81   25   82    5   97   74   66   59   82   37   12   40   87   55   65  
  57   33   83   29   43   94   32    1   72   51   50   11   87   27   68   38   35   42   19   75   78   53   44   24   21   23   62    8   17   70    6   74   73    7   58   52   96   22   77   90   86   13   65   55   85   66   39   85   60   37   40   97   54   81   26   49    2   31   88   56    3    4   12   71   80   69   82   79   63   16   67   84   14   46   18   34   41   36    5   10   64   20   72   15   92   93   48   45    9   28   61   89   47   60   25   95   30   76   59   91  
  19   11   58   18   63   34   43   30   41   62   83   70   88    8   46   79   76   25   17   81   82   51   71   54   85   47    5   20   72   49   84   96   95   37   69   24   89   27   13   63   87    3   80   29   40    1   33    2    6   48   12   14   61   57   60   36   32   23   56   52   90    3   28   75   97   38   86   67   53    7   94    9   91   15   68   42   44   66   64    4   74   21   65   16   50   92   55   78   26   77   35   59   31   73   93   10   45   22   35   39  
  22   53   75   78   29   23   96   89   34   81   12   27   73   92   79   70   77    6   97   10   35    7   57   55   33   49   61   54   83   62   50   64   46   87   13   43    4   38   93   20   37   21   19   72   84   11   69   80   68   45   94   32   58   88   39   86   14   30   85   24   52   76   41   74   28    9   53   90    8   60   47   16   15   66   56   13   91   71    1   36    2    5   42   40   27   65   63   51   95   25   31   17   82   18   67   26   44   48   59    3  
  85   74   71    2    8   96    5   63   67   46   61   91   22   62   83   89   23   44   72   15    7   60   37   40   69   26   57   87   93   34   13   49   82   64   50   45   52   48   79   38   55    9   84   59   90   97   80   31   86    6   21   68    4   16   76   94   24   25   36    1   81   28   18   75   95   10   54   27   29   30   17   19   32   14   35   53   51   39   58   70   77    9   73   47   33   92   11    3   41   78   43   12   81   56   20   42   66   88   65    3  
  91   97   74   12   67   35   34   16   70   31   65   69   46   87    2    3   60   75   92   38   27   21    4   76   94   52   14   95   78   17   88   96   58   20   61   59    8   44   40   62   32   16   71   83   57   29   68   86   28   52   89   36   84   93   43   18    1   45   47   53   72   90   24   13   15   55   85   23   10   79   11   39   42   41    6   26   19   82   37   22   56   36   54    7   73   30   77   48   63   80   25   49    5   33    9   81   51   50   66   64  
  39   90   72    3   56    6   35   51   82   83   58   91   26   92   36   55    1   60   21   15   76   95   42   54   43   11   89   14   47   10   88   16   84    2   86   70   18   22   77   85   50   73   31   34   41   79   46   59   33   48   75   30   62   32   61   57    9   12   24   80   23   97   78   37   20   28   76    8   64   49    7   93   63   68   27   74   47   33   69   53   71    5   19   45   87   44   17   94   29   81   52   25    4   65   96   40   38   67   13   66  
  59   79   24   53    3   26   88   31   65   55   10   89   29   64   73   62   54   80   69    9   67   42   49   12   77   86   87   18   20   17   97   47   90   44   85   32    8   60   27   75    2   19    7   48   68   16   56    1   37   91   43   81   38   13   39   51   72   21   11   70   57   15   66   52    6   74   73   41   28    5   82    4   85   93   61   40   36   33   14   83   46   35   58    8   78   30   23   95   76   84   45   94   34   92   71   50   25   63   96   22  
  59   11   12   57   35   87   34   93   42    7   55   50   32   31   67   33    9   43   25   56    1   77   69   80   92   85   51   64   75   39   94   84    4   41   90   36    2   46   78   29   53   44   58   30    6   88   89   66   13   20   73   47   91   45   62   96   79   16   26   60   19   10   82   76   24    5   70   27   72   81   15   17   63   12   74   86   23   10   65   68   40   97   49   71   21   14   28   83   53   54   52   37   38    8   61   48   18   22   95    3  
  23   96   67   51   50    9   76   89   44   55   37   29   30   74   54   35   49   70   19   62   84   24   92   86   33   65    1   40    2   21   75    7   78   83   46    3   13   12    5   41   20   22   32   77   27    4   10   40   48   79   97   66   26   14   39   63   59   88   85   61   68   93   38   60   47    6   34   69   56   58   94   36   32   45   16   91   64   18   15   73   72   43   82   95   80   81   53   67   87   11   28   57   25   90   71    8   42   31   52   17  
  44    3    5   36   64   16   65   20    6   19   33   32   73   90   63   71   58   47   70   49   62   42   52   48   77   26   78   45   30   74   50    1   83   22   21   13   46   95   92   76   56    4   87   18    9   96   47   55   39   41   93   66   82   61   34   88   43   17   72   57   14   84   85    7   80   67    1   31   27   25   35   94   11   37   24   59   38   15    8    2   10   54   23   79   40   75   45   68   28   89   69   91   51   53   29   60   12   97   81   86  
  54   83   63    2   14   62   31   92   95   10   85    6   20   70   17   13   11   57   75   47   60   86   37   21   36   88    8   61   35   67   87   90   22   46   29   81   68   84   53    1   66   73   89   16   40   41   48   44   64   52   50   51   56   79   76   45   94   28   82   91   30   18   78    5   80   74   59   94   33   72   39   43   49   19   26   23   12   23    7   71   65   55   77    4   24   42   97    3    9   32   38   58   25   93   82   96   15   69   27   34  
  86   65    7    6   23   73   67   77   72   75   45   42   96   87   16    9   60    8   68   33   93   70   53    1   61   78   69   74   55   14   27   82   44    2   43   12   24   59   20   97   29   40   21   79   76   71    3   37   22   52   85   15   83    4   66   34   77   13   92   26   48   95   35   49   80   41   30   51   91   18   89   39   81   31   62   25   47   84    5   11   46   28   81   88   32   10   63   58   54   90   27   17   56   64   57   38   50   94   19   36  
  42   95   61    6   18   79   91   84   77    4   81   25   85   11   48   88   96   67   68   65   64   43   75   45   20   92   29   80    5   72   44   56   90   20   32   87    7   24    2   74   89    9   28   40    1   53   19   31   82    3   76   60   93   12   21   54   17   55   35   58   57   78   30   15   83   37   16   23   50   26   73   34    8   69   49   10   59   86   66   39   52   22   71   15   97   94   38   47   70   46   51   36   14   63   36   62   41   27   33   13  
  81   86   64   72   73   48   28   15   44   85   26   22    4   14    1   29   95   96   53   67   89   76   49   75   80   91   51   10   35   34   30   90   11   84    6    8   52   87   19   56   24   71   70   74    7   13   66    5   59   57   88   92   42   43   89   58   47   21   94   97   16   54   50   20    2   68   41   27   82   31   12   36   78   62   79   56   17   60   37   25   63   77   93   45   69    9   53   38   18   83   40   46    3   61   32   55   65   39   33   23  
  47   62    4   85   67    8   48    3   23   64   88   89   97   38   60   26   57   35   50   15   43   20   40   31   41   32   21   27   75   87   81   61   45   17   92   52   86   46   33   34    5   65   25   93   90   10   55   74   69   82   56   84   71   91   96   73   29    2   63   27    9   53   76   82   13   83   79   80   94   30   77   58    1   39   22   18   19   44   36   28   11   66    7   24   90   42   72    6   16   37   51   68   78   54   49   14   70   12   95   59  
  48   18   55   51   25   79   14   71   44   57   66   39   96   76   35    8    2   33   63   83   64   41   95   22   62   80   55    4    7   65   59   72   27   58   36    9   69   30   87   16   75   43   78   86   77   19   23   94   11   40   38   50   67   32   53   45   54   46   13   61   88   49   47   56   28   29   15   39    3   85   70   20   17   10   52   26    6   68   31   73   34   89   21   92    5   12   82   37   60   97   91   84   81   24   93   74   51   90   42    1  
   7   75   89   94    2   57   18    6   30   22    1   21   92   42   35   66   31   47   61   40   63   12   56   68   11   62   43   71   53   15   80   90   88   46   14   34    3   91   84   86   29   49    5   70   81   19   45   51   83   10    9   24   33   37   59   66    4   96   32   48   79   25   97   87   77   41   74   78   55   13   52   38   23   73   26   67   60   76   17   50   54   20   64   58    8   28   82   69   50   27    9   95   93   72   36   85   65   44   39   16  
  71   54    7   52   72   96   61   30   79   31    6   24   38   48   21   45   70   88   27   93    8   69    8   94   90   60   49    4   66   58   15   94   56   22   41    5   40   12    2   42   33   44   68   55   23   37   14   16   86   32   47   92   67   80   34   19   87    3   29   53   81   77   82   11   25   73   63   36   84   83   18   35   46   91   89   64   28   97   85   39   46   51   57   50   65   43   13   95   20   76   10   78    9   62   75   26   59    1   74   17  
   2    7   35    8   39    3   76   75   38   88   10   74   73   95   81   58   87   82   27   62    6   45   68   40   89   32   92   54   49   30   69   43   28   44    5   82   22   15   84    1   12   96   46   13   57   61   23   94    3   42   72   48   24   34   18   91   88   21    4   93   71   85   53   25   47   97   26   78   50   37   60   11   36   67   20   90   33   52   66   55   83   63   19   14   56   86   41   17   77   59   79   80    9   70   16   64   51   65   31   29  
  41   36   66   18   37   84   22   65   53   15   40   74   85   34   48   13   56   75   52   38   35   70   55   26   79   45   14   10   95   57    5   61   63   59   54   20   97   27    9   16   11    1   88   62   80    8   58   73   90   82   46    7    3   32   21   47   25   83   72   78    2   31   76   33   24   28   51   43   77   69   68   65   30   86   96   29   19   94   67   64   55   60   81   42   71   92   93   87   17   89   91   36   44    6   39   50   23   12    4   49  
   2   94   66   68   46   77   13   60   80   11   56   95   49    7   91   27   85   59   58   21   97   53   31    5   28   74   33   24   82    9   39   63   47   20    1   73   14   23   30   22   87   51   10   86   18   79   38   96   34   20   32   19   62   43   83   25   93   71   41   72   81   54   16    8   78   36   64   70   75   61    3   76    4   48    6   89   55   50   69   67   52   26   37   88   40   12   65   40   45   42   35   84   92   15   20   29   17   44   90   57  
  48   60   78   84   69   43    8   37   59   85    2   56   42    7    5   96   94   52   11   79   87   10   68   45   46   23   27   96   49   50   65   51   90   31   32   61   76   57   81   82   14   70   12   53   47   75   19   86   35    4   74   92   28   80   22   97   29   17   42   33   40   88   15    6   16   95   64   41   72    1   62   26   93   91   58   39    9   73   24   66   18   21    3   83   44   55   67   34   77   36   89    7   13   63   20   38   71   54   25   30  
  31   33   53   69   30   24   75    2   68   67   27   60   42   89   11    9   81   36   71   35    4    5    3   79   29   94   90   78   88   62   13   37   41   49   95   14   36   25   38   92   45   10   63   51   32   15    1   86   22   48   39    7   43   96   56   47   40   17   54   19   82   12   64   83   93   76   18    7   52   55   66   91   23   50   72   59   28   21   74   73   46   80   42   65   84    6   26   58   87   77   16   34   70   44   20   61   85   57    8   97  
  55   93   86    9   84   29   92   62   53   59   97   39   94   12   87   80   70   47   40   35   85   13   31   18   74   65   67   17   96   38   43   90   44   51   73   45   48   64   60   32   95   46    1   69   77   14   56   11   54   81   23   63   66   72    8   58   41    5   37   30   24   75   36   34   91   21   49   15   50   71   83   61   52   68   76   28   40   79   78   19   22   20   57   33    4    6   16    3   89   10    2   29   27   88   82   26    7   42   25   96  
  22   67   66   74   27   52   62   71   68   41   85   72   93   43   53   87   54   70   94   80   23   34   65   64   47   60   79   44   50   12    2   73   18    8   51   38   52   78   89   32   33    1   31   26    6   36   45   57   96   17   95   39    9   35   46   29   19   16   90   82   48   81   45   97   77   88   13   20   49   76   69   56   25   63   14   40   59    5    9    4   28   75   11   10   42    7   58   37    3   91   61   24   55   21   83   86   15   92   30   84  
  72   54   48    5   24   11   86   12   59   56   67   94   57   15   88   25   84   79   40   22   41   74   39   96   77   93   82   30   26   49   18   91   92   44   43   35    9   63   80   16   60   80   89   33    7   62   55   38   97   65   17   70   68    4   27   46   37   45   78   75   64   23   50   20   14    6    1    8   76   32    2   73   58   85   90   61   36   19   31   19   42   81   34   66   69   71   83   21   28   53   52   51   95   87   13   47    3   71   10   29  
  38    9   53   17   57   43   31   27   39   24   21   91   56   76   86   51   76   82   55   18   52   84   66   64   45   73   42    7   50   16   33   41   37   87   11   69   10   65   72   23   47   58   61   20   14   29   60   54   92   77   96   62   49   12   44   46    5   85   78   79   63   90   88   67    1   94    2   81   97   34   15    3   30   35   48   68   93   26   59   40   19    8   36   13    6   91   22   89    4   28   74   83   32   42   95   80   71   25   70   75  
  85   78   43   82   74   45   59   94    5   87   14   18   17   16   97   80   83    9   61    3   22   88   79   60   65   24   96   84   97    8   36    1   44   58   40   69   93   30   47   89   31   38    2   96   66   28   76   33   63   77   15   70   29   56   90   50   55   68   39   27   95   46    7   71   37   67   48   13   12   81   57   73   72   21   95   52   92   26   32   91   42   10   25    6   49   51   19   11   23   34   86   20   62   35   64   75    4   41   54   53  
  35   33   35   42   34   68   50   40   25   47   30   38   49    2   87   76   79   28   81   51   88   29    4   31   46    3   45   20   37   72   52   83   16   26   91    6   93    1   96   86   59   70   53   94   24   75   78    7   56   69   55   82   89   14   39   15   61   12   18   65   32   13   57   36   73   31   19   22    9   80   62   21   58   64   84   43   92   85   60   27   54   90   97    5   95   41   95   17   66   63   44    8   77   10   74   23   48   71   67   11  
  90   61   39   52   42   91   48   27   62   36   44   81    4   35   74   75   79   34   59   96   54   77   12   92   86   38   67   16   80   85   71   45   40   88    5   13   31   11    3   43   64   82   63    9    1   10   49   15   29   70    2   23   53   73   66   87   17   58   47   22   84   19   78   93   65   14   69   33   55    8   51   20   25   75    6   28   83   38   41   30    7   95   37   46   56   50   72   60   24   68   35   32   89   76   97   57   94   18   21   26  
  47   93   97   26   64   85    4   32   39   67   63   14   33    5   25   65   79   66   41   17   90   56   86   20   51   78   95   87   69   61   10    7   52   30   73   58   27   38   43   50   40   77    6   49   23   76   81   16   57   88   55   94   70   74   15   82   84   11   45   18   37   72    3   13   89    2   21   92   68   53   71   46   75   80   36   19   12   59   31   91   48   83   40   42   24    8   44   54   60   29   35    1   49   22   96    9   97   28   34   62  
  25   86   60   47   73   64   39   72   29   38   11    9   44   65    2    3   90   12   78   34   46    8   83   37   43   24   22   79    6   94   17   27   93   33   70   69   43   67   58   35   32   82   28   96   23   18   74   54   87   40   61   19   51   59   85   42   92   88   13   43    5   39   62   95    7   77   20   68   81   53   56   21   76   52    1   10   89   80   97   63   14   48   55   36   91   49   84   45    4   71   31   57   41   30   15   16   50   26   75   66  
  38   35   24   33   28   71   41   78   37    4   51    2   66   86   26   47    5   74   29   93   32   31   45   94   34   19   76   82   54   18   46   72   84   27   89   22    7   68   10   25   14   91   11   10   79   61   75   15   69   88   70    3   30   73   63   17   67   55   53   52   90    6   39    8    9   49   21   50   56   97   60   20   77   81   11   80    1   40   36   12   23   16   96   64   65   92   42   95   87   85   44   83   57   60   59   43   48   62   58   13  
  41    9   44   70   48   84    5   73   35   45   54    1   63   17   83   59   66   71   82   80    7   94   85    8   32   86    3   76   29   22   87   61   20   27   42   62   14   79   47   34   36    6    9   46   15   42   65   16   68   30    2   23   24   39   28   49   55   90   85   43   52   58   72   92   95   78   60   12   91   88   97   11   75   64   13   26   74   81   37   93   89   31   51   25    4   77   21   96   56   57   67   53   38   33   18   10   69   40   50   19  
  32   65   27    7   63   67   23   93   82   21   86   46   30   77   78   70   35    5   54   76   43   26   39   34   96   31   88    1   75   64   38   39   97   22   58   73   48   85   11   79   40    6   90   62   41   53   25   15   59   89   44   72   17    2   61   80   45   51   81    9   60   47   91   12    3   29   95   33   28   36   74   37   55   10   84   69   94   18   66   77   56   19   49   52   13   71    4   22   57   83   92   42   50   14   16   87    8   68   24   20  
  16   24    9   59   32   22   52   72    3   61   25   58   37   23   20   85   31   79   17    4   51   56   29   77    1   94   84   88   80   91   46   41   76   40   39   47   86   45   48   43    2   56    8   87   27   68   73   26   36   13   95   62   70   82   53   97   38   69   96   67   11   93   74   66   21   34   15   90   35   60   42   55   33   30   18   83   14    6   12   49   71   50   81   63   89   75   57   10   65   28   44   54   78    6   92   64    7   19   52    5  ] 
BUDGETS : [    1    2    4    7    9   11   13   13   16   20   22   24   27   33   34   34   35   40   41   42   42   43   45   47   47   48   50   51   55   57   59   63   63   64   67   69   69   71   74   76   79   79   80   80   81   85   86   88   96  100  100  102  103  103  103  103  108  109  109  109  110  110  114  118  122  122  124  124  125  127  128  128  129  130  131  133  134  136  139  142  150  151  157  159  165  169  175  180  181  181  186  187  187  188  193  193  195  195  197  197  ] 
