K : 50
I : 50
PREFERENCES : [    0    0    0    0    0    0    0    0    1    0    8   14    5    0   17    0    0   12    3   12    0    0   15    0   15   19    0    7    0    0   16    4    2    0    0    0    0    0   11   12    6   18   10   15   20   12    0   13    9    0  
   5   12    9   13    0    0    0    0    0    6    0    0   19    0   14   16    0    2   10   15    0    0    0   17    0    0    0   10    7    1    0   20    0   16    0    4    0   10    0    5    0   11    0   18    3    0   15    0    0    8  
   2   14    0   12    0    0   17    0    0   16    0    0    0    0   17    9   17   15    0    8   13    5    0    0    0   10    7    1    0    0    5    0    0   16    0    2   19    6    0    0    0    4   20    0   11    3   18    0    0    0  
   0   16   15   19   18    0    0    0    0    0    0    6   11    6    0    0   19    0    0    4   13    0    0    2    7    0    0    0    0   20    0    0    0    9    0   17    2   14    0    3    5   20    0    0    1   14   12   10    8    0  
  11   18   20   20    1    0    0   10    9    0    0    0    0    0    0    0   15    0    4    4    0    0   14    0    0   13   18    0    0    7    0    4    6    0    0   20    0   16    0    3    0   12   17    2    0    8   19    0    0    5  
   7    0   10    0    0    0    5    0    0    0    0    0    0    0    3   16    0    0    9   14   11   14    0    1    0    0   19    0    0   17   12    0    0   13    3    4   13   12    8    0   15    0    2    6    0    3   18    0    0   20  
   4    0    0   13    0    0    0    0    0    5   19    0   14    0    4    0    6    0   20    0   20   17    0    0    0    0   18    7    0    3    0    0    0   12    0    0    9   12    0   10    1    0   16   11   14   15    8    0    2   11  
   6   15    0    0    0    0    0    4    0    0    0    0   18   11    1   12    0    0    0    0    0    3   10   19    7    0   17    0    0    0    0   20    0    9    3    5   10    2    0    0   10    3   18    0    0    0   13   14   16    8  
   0    0    4    0    0    0    0    0    0   15   17   11    0    9    0   13    0    0   11    8    7   19   17    0    0   14    0    0    0    3   18    3    0   12    5    5   16    0    0    0    1    0   10   20    2    0   10    0    6    0  
   0    0    0    0    4   15    0    0    0    3   20    7    0   18    0    0   17   13    9    5   16   12    0   14    0    6    0    0   10   19    0    0    0    0   11    0    0   14    0    0    0    2   11    0   17    0    6    1    8   13  
  18    0    0   12    0   19   11   10    0    0    5   14    9    0    9    2    6    0    5    0    0    1    6    0   15    0    0   13    0    4   17   18    0   12    0    3    0    0   16    0    0    0    8    0    0    0   20    0    7    0  
   0   15    0    2    0    5    0    0    8    0    0    0    0   11   20    0   14    6    0   10    1   18    0    0    0    3    7    0   13    9    0    8    3    0    0    0    4    0    0   15   20    0    4   12    0   19    0    0   16   17  
  16    9   13   10    9    1    6   12   14   15    1    0    0    0   17    0    0    0    4   11    0    3    2    0    0    6    0    0    0    0   20    0   18    7    0    0    0    0    0    7    5    0    0   18    0    8    0    0   19    0  
  12    0    2   17    1    0   14   18   17    0    9   11    0    0    0    0   10    0    0    0    0   19   16    0    0    0   15    8    5    0   13    4    6    0    0    1    0    0   13    2    0    0    0    3    0    0    9    7    0   20  
   8    0    0    0    0   11    0    1    0   18   13    0   11   17    0    0    0    7    0    9    0    0    0    0    6    2    4   20   10   16    0    0   20   14    0   19   15    0    3    0    0    5   10    0   12    5    7    0    0    0  
  10    0    0    0   18    0    0    0    8    0    0    9    0    0    0   12    0    7   15    0    0    0    0    5    4   14    0   11   18    3    3    0   12    0    0    0    0   13   20    0    0    6   19   16   17    1    2   10    0    8  
   0   17    8    5    0   14   15    0    7    0    0   10   19    2   13    6    0    2    0    0    0   18    4    0    3    9    0    5    0   11    2   14    0    0    0    0   20    9    0    0    1    0    0    0    0    0    0   12    0   16  
   0   11    6    0   19    0    0    1    7    0    0    0    0    5    8   18    0    0    0    3    0    0   13    0    4   20    0    9    0    6    0    0    0   14    0   16    0    0    2   17    0    0   10   17   12   16   14   15   16    0  
  12    9    0   15    5   20    0    0    0    0   10   10    0    9    0    8    0    0    0    0    0    0    0    0    6    0    0    0    0    0    7   14    4    0   13   18    2    2   16    8   17    3    0   11    0    0   19    0    1   12  
   0    0   10    8   12    0   10    1   20    0   16    0    0    0    0   13    0    0   18    2   16    1    0    6   10    0   14    0    0    4   15    5   14    0    9   19   17    0    0    0    0    0    3   11    0    0    0    0    0    7  
   0    1   12    0    0    0    0    0    0    0    9    0    1    0    0    0   13    0    0    0   10   15    2    9   11    8    0    0   20    0    6    0    3    5   13   16    0    0    0    9    0    0    0   17    4   18    1   19    7   14  
   0   19   20    8    2    0    0    7    1   16    0    0   10    0    0    9    0    0   13   11    5   12   14    4   15    0    6    0   17    3    0    0   15    0    0   12    0    0    0    0    0   14    3    7    0   18    0    0    0    0  
   2    0    0    3    0    0    0   10    4    5    0    0    0   12    0    0    0   18    0    0    0   11   17   18    9   19   14    0    0   15    6    1   13    7    0    0    0   16   13    0    0    0    8    1   19   20    0    0   18    0  
   0    0    8   20    0    6   14    0    0   13    8    0    9   16    1    0    2   12    0   15    0   20    0   11    7    0   18   10   13    0   20    0    0   17    0    5    0    0    0    0   19    3    0    0    0    0    4    0    0   11  
   0    0    0    0    3    1    6   20    0   16    4    0    0    0    0    7    0   19    0    9    0   14    0    0    0    0    0    0    0   17    0    0    5    2   18   12   14   10    0    0   13   15   13    0    0   11    1   13    8   17  
   0    1   15   10    0    0    0    0    7    9    1    0    0    0   15    0    0    0    0   14   16    6    0    4   19    0    0   11   12   17    3    0   15    0    0   20    0   18    0    0   16    2    5    0    0   13    0    8    0    7  
   0   12    0   13    0    0   19    4    0    1    0    0    0    0    0    0   11   15    0    0    1   14    0   16    5    0    7    0   18    0   20    0   17    0    6    0    8    3   12    0   10    0    5    0    2    1    9    0    8    0  
   0    0    0    8   18    0    0    7   12    0    4    3    0    0   13   20    2    9    8    0    5    0   11    0    0    0   16    0   10    2   20   15    0   17   19    0    0    0    0   14   17    1    0    0    0    0   18    6    0    0  
   4    3    0    0   13   11    7    0    0   16   17    0   15    2    9   12    2    0    6    0    1   10   18    5   15    0    0    0    0   20    0   14    0    0    0    0    0   19    0    0    0   17    0    2    8    0    0    0   17    0  
   0    0    0    2   12   17    7    0   11    5   20    0    0    0   15    3    0    0    8    0    0    8   10    7   11    0    9    0    1    0   13    5   18   19    0    0    6    0   16    1    0    0    0    0    0    0    0    4    0   14  
  10    0   11   13    0    0   17   14    0    4    0    0    0    0    3   15    9    9    8    0   19   12    1    6    0    0    0   20    0    0   14    0    0    0    2   12    0   18    0    7    0    0    6    0   16    5    2    0    0    0  
   0    6    2    1   12    4    0    0    0   15    0    0    0    0    5   14    4   11    7    3    0    0    0    0   18    0    0    0    0   12    0   16   14   17   10    0    0    8   13   18    9    0    2    0   20    0    0   19    0    0  
   3    0    0   16    0    0    0    0   19    0    0   19   14    0   12   15    0    0    2   18    7    6   11    0   19    0    0    0   17    1    0    5   10    2    0    8    9    0    0    0    0    0    9    4    0    0    0   20    9   13  
   4    0    0   16   16    0    4    0    8    0    0    7    5    0    0    1    0    0    0   18    0   12    0    3    0   13    9    9   20   10   17   15   14    0    0    4   11    0    0    0    0    0   19    2   15    0    0    6    0    0  
   0    4    3    9    0    0    0    8    6   10   10    0    0   15   20    0    0   17   16    0    0    0    0   18    0    0   11    0    0    0    7    0    2   14    0    1   19    0   15   19   18    0    0    0   13    5    0    0   12    8  
  17    0    8    0   10    0    2   20    0   10    4    0    0    0    5   11    4   10    0    0   15    0    9    0   12   18    0   16    0    0    0    0   19    7    0    1    6    0   14    0    0   13    0    0    0    0   15    0    3   16  
  16   11    0    0    0   18    0    7    0    1   19    0    0    0    5    3   18    6    0    3   10   16   13    0    0    8    0   20   17   20    0    0    0    0    9    4    0   19    0   15    0   14    0    2    0    0    0    0    0   12  
   0    0    0   12    0    0    0    8    0    6    0    0    1   17    1    0   17    0    7   20   11    3   13    0    0   14    0    0    1   10    0    0    0    0    4    0    2    2   15    0    0    0   18    0   16   12    9    5   19    0  
   0    4    6   11    0    0    0   14    0    0    4    0    0    0   12    0   20    0    0    0    6    9    0    0   13    3    0   16    0   15    0    0   12    0    0    0   16    5    0   15    8    2    1   10    0    7   18   19    0   17  
   9    0   17    8    0    3   14   11    0    3    0    6    0    1    0    0    2    0    0    0   18    0   19    0    0    3    3    0   15    0    0    0    3   20   10    0    0   16    0   13   20    0    0    0    0    0   12    4    5    7  
   6    2   20    0   17    5    0    0   18    0    0   12    7   13    0    0    0    4   11    0   19    0    3    8    0    0    0    0    0    0   16   10   14   18    9   11    0    0    0    0    4   15    0    0    1    0    0   10   13    0  
   0    0    0   20    0    0    0    7   15    6    0   20   10    0    9    1    0    0   16    0    0    0    0   10    5   15    2    3    0    8   12    0   17   18   13   14   20   11    0    0    0   19    0    0    0    0    0    5    0    4  
  20    0    0    0    9    0    0    0   11   14    2    0   17    0    0    8    7   13    0    7   12    4   19    0    0    0    0    8    0   16    0    6    0    0    0    0   18   15    0    1   10    0    9   15    0    2    0    0    3    5  
   4    3    0    0   18    9   17    3    0   12   20    2   11   14   10    0    7    0    0    6   16    8    9    1    0    0   18    0    0    0    0   13    0    0    0    8   15    0    0    0    5    0   19    0    0    0    0    0   11    0  
   0   12   18    3    7   10    8   11    0    0   16    0    0    0    0    5    0    4    9    0   15   20    0    0   19   15    0   15    9    0   13   17   14    3    0    0    2   12    0    0    0    1    0    0    0    0    0    6    0    0  
   0   19    0    1    0    0    0    0   11    7   10    8   10    0   14    0    5    9   18   16    0    0    0    0    2    0   13    0    0    0   12   20    0    4    0    0   13    3    0   12   10    1    0   15    0    0   17    0    0    6  
  14    0   20    1    8    0    0    0    0   18    0   10    0    0    1   12    6    0    6    7    0    0   11    2   13    0    5    0    0    3    0    0    0    4    0   19   16   15    0    0    0   11    0   11    0   17    0    0    9   13  
   0    2    0    0    5    0   20    0    6   14    8    0    0    9    0   20   16    0    0    0   13   19   17    0    0    0    0    0    4    0    0    8    0    0    3   15    0    0   19    2    7    0   11   19    0   18    1    0   10   12  
   0   17    0    0   18    0    0    0    3    9   16    0    7    0   13    0    0    1   10    0   17    4    5    0   14   20    0    0    0    0    0    0    2    0   19    6    0    8   15   12    0    5   14   11    0    0   17    0    0   11  
   0    3    0    5    5   14    2   18    0   12    0   19    0    9    0    6   20    3   16    0    0    0    0    0    4    0    1    0    0    8   11    0   14    2    0   15    0    0    9   17    0    0    0    0    7    0    0   13   10    0  ] 
BUDGETS : [    1    5   11   12   14   15   17   18   24   24   25   26   27   31   32   32   33   39   40   40   44   44   46   47   52   54   55   56   56   61   62   63   65   65   68   71   72   74   74   74   83   84   86   86   88   91   92   93   96   96  ] 
