K : 50
I : 25
PREFERENCES : [   15   23   13   17   11   20   11   12   22   19   18   19   14   24   16   21   23   24   17   23   11   25   24   21   17  
  13   13   20   20   13   18   12   15   23   24   14   20   15   13   21   19   17   16   19   15   15   11   22   20   25  
  15   15   18   23   16   17   20   15   24   25   11   14   22   15   13   13   16   13   12   21   19   14   18   13   12  
  15   15   22   12   19   13   12   23   20   15   14   20   25   14   24   18   21   17   23   16   12   11   18   12   14  
  25   21   18   22   19   20   12   25   18   18   14   16   14   23   24   13   20   17   24   14   15   19   16   11   15  
  17   22   12   19   13   16   14   12   18   11   14   21   13   24   20   14   15   12   23   13   12   25   19   12   15  
  12   13   17   12   19   14   11   17   15   17   24   25   23   22   21   16   19   11   16   15   18   13   20   12   14  
  22   19   20   13   18   25   14   21   17   24   19   16   21   23   17   11   22   14   13   18   17   18   15   21   12  
  15   17   12   15   18   19   14   12   24   17   21   25   23   20   25   17   13   14   11   25   22   23   20   16   14  
  25   18   20   20   13   24   25   14   23   20   15   20   18   21   12   16   20   11   22   24   14   18   17   19   20  
  17   11   25   19   21   25   23   12   21   22   18   21   20   13   15   25   16   24   18   16   22   16   18   21   14  
  16   19   21   22   14   14   23   12   12   12   21   11   21   21   25   17   21   20   13   18   21   24   15   23   23  
  19   13   12   11   13   21   20   14   24   18   16   12   14   18   24   11   12   19   23   25   22   15   17   14   16  
  19   17   19   19   16   24   14   19   20   18   14   21   19   25   22   18   11   11   12   20   15   13   23   22   19  
  16   22   12   15   16   21   18   11   14   15   24   12   25   17   13   25   15   20   19   12   20   15   21   15   23  
  12   19   11   15   22   25   17   20   15   12   23   12   18   24   11   25   22   11   25   16   19   13   21   14   14  
  15   15   20   17   25   19   11   24   17   16   18   21   23   13   25   24   14   16   16   12   14   22   11   15   12  
  19   24   12   24   14   11   20   25   17   20   16   21   16   13   17   22   12   11   12   23   12   15   18   22   13  
  20   25   15   23   24   12   18   12   19   21   14   14   11   13   14   21   17   16   14   12   13   22   15   13   25  
  24   12   18   23   17   24   11   13   14   20   15   11   20   11   16   12   19   21   11   12   22   16   11   11   25  
  16   12   16   19   17   16   22   17   14   13   21   17   23   16   18   16   14   15   16   14   24   25   20   11   18  
  12   14   18   13   18   18   19   11   17   17   16   22   14   23   11   16   15   23   20   23   21   20   24   15   25  
  18   11   12   15   14   18   17   22   23   12   25   22   16   13   20   16   24   21   12   19   19   18   23   15   12  
  15   23   11   14   25   16   24   15   20   22   24   19   21   24   16   12   23   17   18   13   16   13   13   16   18  
  14   11   21   13   18   23   24   15   24   24   17   24   21   13   15   24   13   22   16   19   21   25   20   12   20  
  15   12   16   25   12   13   20   25   23   22   24   20   19   12   19   14   17   25   15   21   17   20   15   18   11  
  11   24   20   12   14   15   23   25   19   16   21   22   24   19   23   22   18   14   13   12   24   16   11   15   17  
  18   23   25   11   18   15   17   13   19   24   16   14   19   18   18   17   18   20   21   12   16   18   22   22   19  
  12   11   24   17   14   16   21   23   18   18   16   21   14   14   18   13   19   22   20   14   15   25   24   17   20  
  20   14   14   16   20   21   15   14   17   22   25   22   20   20   17   18   20   23   11   19   12   17   14   24   13  
  21   17   19   22   13   21   22   14   11   11   19   16   15   12   12   20   24   25   18   20   13   13   11   15   23  
  11   16   17   21   13   17   13   15   12   19   16   18   15   11   24   24   14   11   25   18   22   13   25   23   20  
  17   21   17   12   22   25   21   25   25   15   11   14   20   24   20   16   19   21   24   25   13   20   23   18   13  
  17   13   21   24   11   19   16   19   23   11   11   13   21   19   12   23   15   25   14   22   20   18   12   13   13  
  18   25   18   12   11   21   19   13   18   19   11   14   17   22   13   13   24   19   16   20   15   13   16   23   13  
  17   23   22   20   19   24   21   25   18   16   12   11   18   19   19   15   24   11   11   23   12   24   14   21   13  
  18   12   11   21   12   16   21   23   20   14   24   11   22   18   25   16   11   13   15   15   21   24   22   19   17  
  19   21   15   24   19   15   25   22   21   20   20   11   12   17   11   14   13   16   15   17   25   22   11   23   18  
  19   12   23   22   24   24   20   13   15   11   18   12   24   15   14   16   12   20   25   17   25   21   23   17   12  
  11   24   17   14   24   21   12   20   19   25   24   25   21   16   13   15   22   15   23   24   18   25   24   12   12  
  22   16   16   24   11   17   23   23   16   20   13   18   14   16   25   25   16   21   17   11   15   21   12   19   20  
  14   24   12   23   20   19   14   17   23   13   19   25   14   17   19   12   18   21   25   23   25   11   16   22   15  
  17   23   23   25   20   22   20   12   16   20   15   24   19   14   20   13   23   21   11   12   20   18   11   23   11  
  25   20   22   13   19   20   20   16   15   19   24   20   19   17   19   23   11   25   24   20   12   14   17   21   18  
  21   25   17   22   19   17   11   25   14   20   11   12   16   23   14   13   21   15   21   24   15   21   18   13   21  
  20   23   18   14   22   15   22   24   21   13   22   15   22   25   18   11   16   20   24   22   13   19   20   17   12  
  22   23   22   15   24   15   23   25   25   18   14   21   19   18   17   13   11   16   12   25   13   20   19   15   17  
  21   11   16   25   22   13   20   16   11   18   23   14   18   19   19   15   12   22   24   13   12   11   21   21   17  
  15   21   13   19   23   17   17   14   14   18   15   15   17   22   12   20   16   20   14   11   24   15   14   25   14  
  17   15   16   18   25   13   13   24   21   19   14   19   14   13   20   22   12   25   11   17   24   23   22   20   13  ] 
BUDGETS : [    2    4    5    8    8   11   18   18   18   21   24   27   28   29   30   31   31   32   32   32   34   35   35   35   39   43   46   46   47   48   55   60   61   63   64   66   67   68   70   71   75   77   77   78   79   80   83   84   92   95  ] 
