K : 100
I : 100
PREFERENCES : [   99   95    0    0    0    0    0   96    0    0    0    0    0    0    0   90    0    0   99   92    0    0    0    0    0   97    0    0    0    0   89   91    0    0    0   98    0   93    0    0   88    0    0   97    0    0    0    0    0   90   87    0    0    0    0    0    0    0    0    0    0    0    0    0    0    0    0    0    0    0    0    0    0    0    0   94    0    0    0    0   99    0    0    0    0    0   93    0    0    0    0  100    0    0   86    0    0    0    0    0  
   0   99    0   99    0    0    0    0    0    0    0    0    0    0    0   92    0    0    0    0   97    0    0   86    0    0  100    0    0    0   88    0    0    0    0    0   89    0    0    0    0    0    0    0    0    0   96   87    0    0   93    0   91   92    0    0    0    0    0   95   92    0    0    0    0    0    0    0   86    0    0    0    0    0    0    0    0    0    0    0    0    0    0    0    0    0    0   90    0    0   94    0   92    0    0    0    0    0   98    0  
   0    0    0    0    0   92    0    0    0    0    0    0    0    0    0    0   91    0    0    0   98    0    0    0    0   96    0    0    0    0    0    0    0    0    0    0   95    0    0    0    0    0    0    0    0    0   97    0   86   96    0    0    0    0    0   90    0    0   91   99    0    0    0    0    0   88   96    0    0  100    0   94    0    0    0    0    0   87    0    0    0    0   90    0    0    0    0    0    0    0    0    0   89   93   90    0    0    0    0    0  
   0    0    0    0    0    0   93    0    0    0    0    0    0    0    0    0    0    0    0   90   89    0   87    0  100    0    0    0    0   88    0    0    0    0    0    0    0    0    0    0    0    0    0    0   89    0   93    0    0    0   86    0   94    0    0    0    0    0   99    0    0    0    0    0   91   92    0    0   90   97    0    0    0    0    0   92   97    0    0    0    0    0    0    0   98    0   95    0    0    0    0    0    0    0    0    0    0    0    0   96  
   0    0    0    0   98    0    0    0    0    0    0    0    0    0   95    0    0    0    0    0    0    0   99    0    0   92    0   87    0    0    0    0    0    0    0    0    0    0   88    0    0    0    0    0    0    0    0    0    0    0    0    0    0    0   86   89    0    0    0    0    0   99    0    0    0    0    0    0  100    0   91    0   94    0   92    0    0    0    0   93    0    0    0   96    0   96    0    0    0    0    0  100    0   97    0    0    0   90  100    0  
   0    0    0    0    0   92    0    0   89    0    0    0    0    0   90    0   99    0    0    0    0    0    0    0    0    0    0   88   94    0    0    0    0    0    0    0    0    0   96    0    0   95    0    0    0    0    0    0    0   88    0   87    0    0    0    0   90   93    0   87    0    0    0   97    0    0    0    0   98   91    0    0    0   86    0    0    0    0    0    0    0    0    0   94    0    0    0    0    0    0    0    0    0    0    0   87  100    0    0    0  
   0    0    0    0    0    0   87   92    0  100    0    0    0    0    0  100    0    0   90    0    0    0    0    0    0    0    0    0    0    0    0    0   88    0   93    0    0    0    0   88   99    0    0    0    0    0    0    0    0    0   88    0   86    0    0    0    0   97    0    0   89    0    0    0    0    0    0   87    0    0    0    0   96    0    0    0    0    0    0    0   95    0    0   94   91    0    0    0    0    0    0    0    0   92    0   98    0    0    0    0  
  95    0    0    0    0    0    0    0    0    0    0  100    0    0   95    0    0    0    0    0    0    0    0    0    0    0    0    0    0    0   86    0    0    0    0    0    0    0    0   96    0   99    0    0   98    0    0    0    0    0    0   89    0    0    0    0    0    0    0   94   92   91    0    0    0    0    0  100    0   87  100    0    0    0    0    0    0   97    0    0    0    0   88  100    0    0   93    0    0    0    0    0    0   95    0    0   90    0    0    0  
   0    0    0   99    0    0   87    0    0    0    0    0    0   88   94   92   89    0    0    0    0    0    0    0   97    0   86    0    0    0    0    0    0    0    0   89    0    0    0    0   96    0   90    0    0   98    0    0    0    0    0    0    0    0   97    0    0    0    0    0   95    0    0    0    0    0    0    0    0    0    0   93    0    0    0    0    0    0    0   99   93    0  100    0    0    0    0    0    0    0    0    0    0   93    0    0    0   91    0    0  
   0    0    0    0   92    0    0    0   93    0    0    0   87    0  100    0    0    0    0    0    0    0    0    0    0    0    0    0    0    0   97    0   99    0    0    0   90    0    0    0    0    0   94    0   98    0    0    0   93    0    0    0    0    0    0    0    0    0   86   95    0    0   88    0    0    0    0    0   97   95    0    0   91    0    0    0    0    0   87    0    0    0    0    0    0    0   95    0    0    0    0    0    0    0    0   89    0    0    0   96  
   0    0    0   89    0    0   89    0    0    0    0    0    0    0    0    0    0    0   91   89    0    0    0    0    0   86    0    0    0    0   94   98    0    0    0    0    0    0    0    0  100   99  100    0    0   88    0   93    0    0    0   95   87    0   96    0    0    0    0    0   90    0    0    0    0    0    0    0    0    0    0    0    0    0    0    0    0    0   92    0    0    0    0    0    0   90    0    0    0    0   97    0    0    0    0   97    0    0    0    0  
   0   91   87    0    0    0    0    0    0    0    0   88    0   90  100    0    0    0    0   99    0    0    0    0   94    0    0    0    0    0   97   95    0    0    0    0   96    0    0    0    0  100   86    0    0    0    0   98    0    0   91    0    0    0   93    0    0    0    0    0    0    0    0    0    0    0    0    0   97    0   94    0    0    0    0    0    0    0   95    0    0    0    0    0    0    0    0    0    0    0   92    0    0    0    0    0   89    0    0    0  
   0    0   97   99    0    0   87    0    0    0    0   92    0    0    0    0    0   95    0   98   88    0    0   86    0    0    0    0    0    0    0    0    0   91    0   93    0    0    0    0    0   97    0   97    0    0    0   87    0  100    0    0    0    0    0    0    0    0    0    0    0   89    0    0    0    0    0   90    0    0    0    0    0    0   96    0    0    0    0    0    0    0    0    0    0    0   94   97   92    0    0    0    0    0    0    0    0    0    0    0  
   0    0   97    0    0    0   99    0    0    0    0    0    0    0    0    0    0    0    0    0    0   93    0    0    0    0    0    0    0    0    0    0    0   95   98    0   88    0   94    0    0   91    0    0    0    0    0   93   92   94    0    0    0    0    0    0   89    0   87    0    0    0    0    0    0    0  100    0    0    0    0    0    0    0    0    0    0    0   95    0    0   96    0    0    0    0    0   90    0    0   88    0   98    0    0    0    0   86    0    0  
   0    0    0    0    0    0   97    0    0    0   95    0    0    0    0    0    0    0    0   92    0    0    0    0   93   94    0    0   86    0    0    0    0    0    0    0    0   98    0    0    0    0    0    0   91    0    0    0    0   86    0   95    0   89    0   99    0   96    0    0    0    0    0    0    0    0   91    0    0    0    0    0    0    0   88    0    0   99    0    0    0    0    0    0    0    0    0    0    0  100   99    0   87    0    0    0   90    0    0    0  
   0    0    0    0    0    0   88    0    0    0    0    0    0    0   87   95    0    0    0    0    0    0    0    0   99    0    0    0    0    0    0    0    0    0    0   92    0    0    0    0  100    0    0    0    0    0    0   89    0   99    0   93   97    0    0   93    0    0    0   93    0    0    0    0    0    0    0    0   93    0   96    0    0    0    0   98   91   99    0    0    0    0    0    0    0    0   90   94   86    0    0    0    0    0    0    0    0    0    0    0  
   0    0    0    0    0  100    0    0    0    0    0  100   97    0    0   93    0    0    0    0    0    0    0    0   95    0   92    0    0    0    0    0    0   98   94   91    0    0    0    0    0    0    0    0    0    0   88    0    0    0    0   99    0   87    0    0    0    0    0    0    0    0    0    0    0    0    0    0   91    0    0    0  100   97    0    0    0    0    0    0    0   89    0   90   86   96    0    0    0    0    0    0    0    0    0    0   91    0    0    0  
   0    0    0    0   93    0   89    0    0    0    0    0   93    0    0    0    0    0    0    0    0    0    0    0    0    0   97   91    0    0    0    0   94    0   99    0    0    0    0    0    0    0    0    0    0    0    0    0    0    0    0    0    0    0   96    0    0    0   98    0   92    0    0    0   90    0    0    0    0   86    0   87    0  100   93    0    0    0    0    0    0    0    0   86    0   88   95    0    0    0   93    0    0    0    0    0    0   96    0    0  
   0    0    0    0    0    0    0    0    0   88    0    0    0    0    0    0    0    0    0    0    0    0    0   89   95    0    0    0    0   87    0    0    0   90   98    0   91    0    0    0    0    0    0    0    0    0    0    0    0   86    0    0    0    0    0    0    0    0    0    0   89   97    0    0    0    0   92    0    0    0   99    0    0    0    0    0    0    0   94   87    0   93    0    0  100    0    0   93    0    0    0   87   93   96    0    0    0    0    0    0  
  94    0    0    0  100    0    0    0  100    0    0    0    0    0    0    0    0    0   95    0    0   98    0   97   91    0    0    0    0    0    0    0    0   88    0    0    0    0    0  100   99    0    0   86    0    0    0    0    0    0   93    0    0    0    0    0    0    0    0    0    0    0   89    0    0    0    0   96    0    0   96    0    0    0    0    0    0    0   98    0    0    0    0    0    0    0    0    0    0    0    0    0   90    0    0    0   92    0   89   87  
   0    0    0    0    0   95    0    0    0   91    0   90    0    0    0    0   96    0    0    0   90    0    0    0    0   92    0   90    0    0    0   97    0    0   89   93    0    0    0  100    0   87    0    0    0    0   87   88   99    0    0    0    0    0    0    0    0    0    0    0    0    0    0    0    0    0    0    0    0   98   86   86    0    0    0    0    0    0    0    0    0    0    0    0    0    0    0    0    0    0   99    0    0    0    0    0    0   94    0    0  
   0    0    0    0    0    0   96   90    0    0    0    0   92    0    0    0    0    0    0    0    0    0    0    0    0    0    0    0   98    0    0   91   89    0    0    0    0    0  100    0    0    0   99    0    0   87    0    0    0    0    0    0   95    0    0   86    0   98   90    0   88    0    0    0    0   90    0    0   88    0    0    0   97    0    0    0    0    0    0    0    0    0    0    0   93    0    0   94    0    0    0    0    0    0   93    0    0    0    0    0  
  90    0    0    0    0    0    0    0    0    0   86    0   97    0    0   99    0    0   91    0    0    0    0    0    0    0    0    0    0    0    0    0    0    0   90    0    0    0   94    0    0   97  100    0    0    0    0    0    0    0    0   96    0   93    0    0    0    0    0    0    0   98    0    0    0    0    0    0    0    0   93   92    0    0    0    0    0   86    0    0    0    0    0   88   88    0   95    0    0    0    0    0    0   89    0   87    0    0    0    0  
  91   95    0    0   93    0    0    0   88    0    0    0    0    0    0    0   98    0   96    0    0    0    0   89   99    0    0    0    0    0   92    0    0    0   87    0    0    0    0    0   86    0    0    0    0    0    0    0    0    0    0   97    0    0    0    0    0    0    0    0    0    0    0  100    0    0    0    0    0    0    0    0    0   94   89    0    0    0    0    0    0    0    0    0    0    0    0    0   95   90   99   94    0    0    0    0    0    0   94    0  
   0    0    0    0    0   90   99    0    0    0    0    0    0    0   86    0    0    0    0    0    0    0   96    0   98   93   99    0    0    0    0    0    0    0    0   97    0    0  100   97    0    0    0    0    0    0   88    0    0    0   88    0   92    0    0    0    0    0   95   91    0    0    0    0    0   95    0    0    0    0    0    0    0   87    0    0    0    0    0    0    0    0    0    0    0    0   89   94    0    0    0    0    0   97    0    0    0    0    0    0  
   0    0   97    0    0    0    0   89   98    0   96    0    0   99    0    0    0    0    0    0   91    0    0    0    0    0    0    0    0   94    0    0   99   90    0    0    0    0    0    0    0    0   95    0    0   92  100    0    0    0    0    0   97    0    0    0    0    0    0   93    0    0    0    0    0    0    0    0    0    0    0    0   86    0    0    0    0    0    0   87    0    0    0  100    0   88    0    0    0  100    0    0    0    0  100    0    0    0    0    0  
   0    0    0    0    0    0    0    0    0    0    0    0    0    0    0    0    0    0    0   93    0    0    0    0    0   97    0   97  100    0    0    0   91    0    0    0    0    0    0    0    0    0    0   92    0    0    0    0   87   95   96   90    0    0   99    0    0    0   98    0    0    0  100    0    0    0   88    0    0    0    0   86    0    0    0    0    0    0  100    0   94    0    0    0    0    0   89    0    0   96    0    0    0    0   96    0    0    0    0    0  
  97   86    0   94    0    0    0    0    0    0    0    0    0    0    0  100    0    0    0    0    0   99    0    0    0    0    0    0    0    0    0   96   88    0    0    0    0    0    0   87    0   93    0    0    0    0    0    0    0   92    0    0   98   88    0    0    0    0    0    0    0    0    0    0    0   91    0    0    0    0    0    0    0    0    0   89    0    0   90    0   95    0   97    0    0    0    0   96    0    0    0    0    0    0    0    0    0   86    0  100  
   0    0   91    0    0    0    0   89    0    0   97    0  100    0    0    0    0    0    0   94    0    0   99    0    0   88    0    0    0    0    0    0    0    0    0    0   98  100    0    0    0    0    0    0    0    0    0    0    0    0   90    0   90    0   92    0    0    0    0    0    0    0    0    0   95    0    0    0   86    0    0    0    0    0    0    0    0    0  100    0    0    0   89    0   93    0    0   96    0    0    0    0    0   90    0   87    0    0    0    0  
   0    0    0    0    0    0   98   89   96    0    0    0    0   94    0    0    0    0    0    0    0    0   90    0    0    0   89    0    0    0    0    0    0    0    0    0    0    0    0    0  100    0    0    0    0    0   97    0    0    0    0    0    0    0   91    0   89    0    0    0    0   93    0    0    0    0   87   95    0   89    0    0   86    0    0    0    0    0    0   96    0    0   88    0   99    0    0    0    0   92    0    0    0    0    0    0    0    0    0   92  
   0   94   91    0    0    0    0    0    0    0    0    0    0    0    0    0    0    0   89    0    0   99    0    0    0    0    0    0  100    0    0    0    0    0    0    0   87    0   90   87    0    0    0    0    0    0    0    0    0    0    0    0    0   97   96    0    0    0    0   91    0    0    0   88   88    0    0    0    0    0    0   91   98    0   95    0   92    0    0   93    0    0    0    0    0    0    0    0    0    0    0   86    0    0    0    0   90    0    0    0  
   0   92    0    0   89    0    0    0    0    0    0   90    0    0    0    0    0    0   95    0    0    0    0    0    0    0    0   94    0    0    0    0    0    0  100    0    0    0    0    0    0    0    0    0    0    0    0    0    0    0   86    0   91   96   91    0    0   97   93    0   99    0    0   95    0    0    0   98    0    0    0    0    0    0    0    0   99    0    0    0    0   93    0    0   87    0    0    0    0    0    0    0   88    0   95    0    0    0    0    0  
   0    0    0    0  100    0    0   98    0    0    0    0    0   92    0    0    0    0   92    0    0    0    0   92    0   86    0    0   90    0   96    0    0   94    0   98   95    0    0    0    0    0    0    0    0    0    0    0    0    0    0   89    0    0    0    0    0    0    0    0    0    0   88    0    0    0   97    0    0   99   87    0    0    0   99    0   95    0    0    0    0    0    0    0    0   91    0    0    0    0    0    0    0    0    0    0    0   93    0    0  
   0   92    0   93    0    0   99   97    0    0    0    0  100    0    0   98    0    0    0    0    0    0    0    0    0    0    0   89   94    0    0    0    0    0    0    0    0    0    0    0    0    0    0    0    0    0    0    0    0   93    0   86   95   92    0   91    0   86    0    0    0    0    0    0    0    0    0    0    0    0   87    0    0    0   88    0    0    0   90    0    0    0    0   86    0    0    0    0    0    0    0    0    0    0    0  100   96    0    0    0  
   0    0    0    0    0    0    0    0    0    0    0   89    0    0    0    0   94    0    0    0    0    0  100    0    0    0  100    0    0    0    0    0    0    0    0   87    0   87    0    0    0   95    0    0    0   88    0    0    0   93    0   87    0    0   99    0    0    0    0    0    0    0    0    0    0    0    0   96    0   90    0    0   90    0   98    0    0    0    0    0    0    0    0    0   97    0    0    0    0    0    0    0    0   86   91    0    0    0   90   92  
   0   94    0    0    0    0    0    0   87    0    0    0   93    0    0   93    0    0    0   95    0    0    0    0    0    0    0    0   86    0   98    0   95   97    0    0    0    0    0    0    0    0   88    0    0    0   89    0    0  100    0    0   99    0    0    0    0    0    0   91    0    0    0    0    0   89    0    0    0   92    0    0   90    0    0    0    0    0    0    0    0    0  100    0    0    0    0    0    0    0    0    0    0   96    0    0    0    0   91    0  
   0    0    0    0    0    0    0    0    0    0    0    0    0    0   93    0   91    0    0   95    0   92    0   98    0    0   92    0    0    0   97    0    0   96    0    0    0    0    0    0    0    0    0   88    0    0    0    0    0    0    0   89    0    0    0    0    0    0    0    0    0   95    0    0    0    0    0   94    0    0    0    0    0    0    0    0   97    0    0   86    0    0   98    0    0    0    0    0    0    0    0    0    0   87    0   95   99    0  100   90  
   0   98   89    0    0    0    0    0    0    0    0    0    0    0    0   93    0    0    0    0   94    0    0    0    0    0    0   95    0    0    0  100    0    0    0    0    0   91    0   88    0    0    0    0    0   91    0    0   99    0   87    0   96    0   88    0   91    0    0    0    0    0    0    0   92    0    0   87    0    0    0    0    0    0    0    0    0    0    0    0    0    0    0    0    0    0   93    0    0    0    0   90    0    0    0    0   86    0   97    0  
   0    0    0    0    0    0    0    0    0    0    0   88    0    0    0    0    0   94    0    0    0    0   96    0    0    0   96    0    0    0   89    0    0   97    0    0    0    0    0  100    0   93    0    0    0    0    0    0   89    0    0    0   97    0    0    0   96    0   91    0   96   95    0   86    0    0    0    0    0   87   92    0   90    0    0    0    0    0    0    0    0    0    0    0    0    0    0   98    0    0    0    0    0    0    0    0   99    0    0    0  
  95    0    0    0   97    0    0   92    0    0    0   94   93   90    0    0    0   98    0   86    0    0    0    0    0    0    0    0    0    0    0    0    0    0    0    0    0   87    0   99    0    0    0    0    0    0   91    0    0    0    0    0    0    0    0    0    0   88    0    0    0    0   88    0    0    0   87    0    0    0   88    0    0    0    0   97    0    0    0    0   89    0    0    0    0    0    0    0    0   96    0   89    0    0    0    0    0    0  100    0  
   0    0   86    0    0    0    0   87    0    0    0    0    0    0    0    0    0    0  100    0    0    0    0    0    0    0   98   99    0    0    0    0   94    0    0   86    0    0   92    0    0    0   91    0    0    0    0    0    0    0   96    0   86    0    0    0   89   93    0   87    0   87    0    0   90    0    0    0    0   93   88   95    0    0    0    0    0    0   97    0    0    0    0    0    0    0    0    0    0    0    0    0    0    0    0    0    0    0    0    0  
   0    0    0    0    0   91    0    0    0    0    0    0    0   92    0    0    0    0    0    0   90    0    0    0   94    0    0  100    0    0    0   90    0    0    0    0    0    0    0    0    0    0    0    0    0   93    0   99    0    0    0   92   98    0    0    0    0    0    0   86    0    0    0    0    0    0    0    0    0   97    0   92    0    0    0    0    0   89    0    0    0   96    0    0    0    0    0    0    0    0    0   87   92    0   97    0    0   88    0   95  
   0    0    0    0   89  100    0   88    0    0   86    0    0    0    0    0    0    0   92    0    0    0    0   86   99    0    0   94   99    0    0    0   98    0    0    0   90    0    0    0    0    0    0    0    0   96    0    0    0    0    0   99    0   91    0    0   93    0    0    0   98    0    0    0    0    0    0   87    0   95    0    0    0    0    0   90    0    0    0    0    0    0    0    0    0    0    0    0    0    0    0    0    0    0    0    0    0    0   97    0  
  95    0    0    0    0    0    0    0    0    0    0    0    0    0    0    0  100    0    0    0    0   88    0    0    0   99    0    0    0    0    0    0    0   90    0   97    0    0    0    0   89    0    0   94    0   99    0    0   91    0    0    0    0    0  100    0   92    0    0    0    0    0    0    0   87    0    0  100    0    0    0   94    0    0    0    0    0    0    0    0   90    0   98    0    0    0    0    0    0    0   86    0    0    0    0    0    0   96   93    0  
 100    0    0    0    0    0    0    0    0    0    0    0    0   94    0    0    0    0   99    0    0    0    0    0    0   95    0    0    0   92    0    0    0    0    0    0    0    0    0    0    0   94    0    0    0    0    0   98   98    0    0    0   96    0    0   91   87    0    0    0   90    0    0    0    0    0    0    0   95   89    0   97   86    0    0    0    0    0    0    0    0    0    0   93   88    0  100    0    0    0    0    0    0   96    0    0    0    0    0    0  
   0    0   94   98    0    0    0    0    0    0    0   93    0    0    0   87    0    0    0    0    0    0    0    0    0   92    0   86    0    0    0   87    0    0    0   90    0    0   93    0    0    0    0   87    0    0    0   90   88    0   97    0    0    0    0    0    0    0    0    0   99    0    0    0    0    0   96    0    0    0    0    0    0    0    0    0  100    0    0  100    0   89   91    0    0    0    0    0    0    0    0    0    0   95    0    0    0    0    0    0  
   0    0   99    0   86    0    0   96    0    0   97    0    0   94    0    0    0    0    0    0    0    0    0   92    0    0    0    0    0    0   92   98    0    0    0  100    0    0    0    0    0    0    0    0    0    0    0   88    0    0   95    0    0    0    0    0    0    0    0    0   90   93    0    0    0    0    0    0    0    0   96   89    0    0    0    0    0   92    0    0    0    0    0    0   98    0    0    0   97   91    0   87    0    0    0    0    0    0    0    0  
  97    0    0    0    0    0    0    0    0    0    0    0    0    0    0    0    0    0    0    0    0    0   99    0    0    0    0    0    0    0    0    0   94    0    0   99    0    0    0    0    0    0    0   95   89   93    0    0  100    0    0   98    0    0    0    0   91    0    0    0    0    0   88    0    0   92    0    0    0   90   88    0    0    0    0    0    0   96    0    0    0    0    0    0   91    0    0   87   86    0    0    0    0    0    0    0  100    0   89    0  
  99    0    0    0    0    0    0    0    0    0    0    0    0   95    0    0   96    0   89    0    0    0    0    0    0   91   90    0    0    0    0   98    0    0    0    0    0    0    0    0   87    0    0   97   86   93    0    0   99    0   90    0    0    0    0    0    0    0    0    0    0    0    0    0    0    0    0    0    0    0   88    0    0   99    0    0   94    0    0    0    0    0    0   92    0    0    0    0    0    0    0    0   91    0  100   90    0    0    0    0  
   0    0   86    0    0    0    0    0    0    0   88    0    0   94    0    0    0   90    0    0    0    0   95    0    0    0    0   98    0   94    0   90   87    0    0    0    0    0    0   89    0    0    0    0    0    0   92    0    0   91   89    0    0    0   94    0    0    0    0    0    0    0    0    0    0   99    0    0    0    0   95  100    0    0    0    0   93   97    0    0   96    0    0    0    0    0    0    0    0    0    0    0    0    0    0    0    0    0    0    0  
   0    0    0    0    0    0    0    0    0    0   98    0    0    0    0    0    0    0    0   96    0    0    0   94    0    0    0   88    0    0    0    0    0    0   96   86    0    0    0    0    0    0    0    0   86    0   88   97    0   95    0    0  100    0    0    0   91    0    0   87    0    0    0    0    0    0    0   88    0    0    0    0   93   99    0    0    0    0  100    0    0    0    0    0    0   89    0    0    0    0    0    0   92    0    0    0    0    0   90    0  
   0    0    0    0  100    0    0    0    0    0   89    0    0    0    0    0    0    0    0   99    0    0   93  100    0    0    0    0    0    0    0    0    0    0    0   95    0    0    0    0    0   95    0    0   94    0   96   90    0    0    0    0    0    0    0    0   88    0    0    0   86   98  100    0    0    0    0    0   97    0   87    0    0    0    0  100    0    0    0    0    0    0    0    0    0    0    0    0    0    0    0    0    0   99    0   91   92    0    0    0  
   0   97  100    0   87   92    0    0    0   98   91    0   95   93    0   92    0    0    0   86    0    0    0    0    0   90    0    0    0    0    0    0    0    0    0    0    0    0    0  100    0    0    0    0   98    0    0    0    0    0    0    0    0    0    0    0    0   96    0    0  100    0    0    0    0    0    0    0    0    0   94    0   88    0    0    0    0    0    0    0    0    0    0    0    0    0    0    0    0    0    0    0    0    0   89   99    0   92    0    0  
  94   86    0    0    0    0   87    0    0    0    0    0   96    0    0   92    0    0    0   97   88    0    0    0    0    0   89    0    0    0    0    0    0    0    0    0   98   93    0    0    0    0    0    0    0    0    0   95    0    0   91    0   94    0    0    0    0    0    0    0   87  100    0    0    0    0    0    0    0    0    0   90   92    0    0    0    0    0    0    0    0    0    0    0    0    0    0    0    0    0    0    0    0    0    0    0   99   93   89    0  
   0    0   95    0   88    0    0    0    0    0    0    0    0    0   88    0    0    0    0    0    0   95    0    0  100   95    0    0    0   90    0    0    0    0    0    0    0    0    0    0   89   86    0    0    0    0   92    0    0    0   91    0    0    0   91    0    0    0    0    0    0    0    0    0    0    0    0    0    0    0    0   98    0   91   93   97    0    0    0    0    0    0    0   94    0    0    0   87    0   99    0    0    0    0    0   96    0    0    0    0  
   0    0    0    0    0    0    0    0    0    0    0    0    0    0    0    0    0   94   87    0   86    0    0    0    0    0    0    0    0    0   92    0    0    0   88    0    0    0    0   87    0    0    0   93    0    0   98    0  100    0    0    0    0    0    0    0    0   89    0   95    0    0    0    0    0   96   90    0    0   97    0   87    0    0    0    0   88    0    0    0   91    0    0    0    0    0    0    0   99    0    0    0   88    0    0   98    0    0    0    0  
  92    0   94    0   97   93    0    0   90    0    0   92    0    0    0    0   91    0    0    0   86    0    0    0    0    0    0    0    0   88   89    0    0    0    0    0  100    0  100    0    0    0    0    0    0    0    0    0    0    0    0    0    0    0    0    0    0    0    0    0    0    0    0    0    0   98    0    0    0    0   91   95   99    0    0    0   87    0    0    0    0    0    0    0    0    0    0   96   97    0    0   99    0    0    0    0    0    0    0    0  
   0    0    0    0    0    0    0    0    0   95    0   98    0    0    0    0   86   89    0    0    0    0    0    0    0    0    0    0    0    0    0    0    0    0   92    0   95    0    0    0   97    0    0    0    0    0    0    0    0    0    0    0    0    0    0   90    0   96    0    0    0    0    0   88    0   93    0    0    0    0    0   98    0    0    0    0  100    0   94   97   88    0    0    0    0   87    0    0   91   99    0    0    0   98    0    0    0    0    0    0  
   0    0    0    0    0    0    0   96    0    0    0   90    0   90    0   94    0    0   94   97   98    0   99    0    0    0    0    0    0    0    0    0    0    0    0  100    0    0    0   99    0   87    0    0    0   86    0    0   98    0    0    0    0    0    0    0    0    0    0    0    0    0    0    0    0    0    0   89   88    0   93    0    0   91    0    0    0    0    0    0    0    0    0    0    0    0    0    0    0   92    0   95    0    0    0    0    0   87    0    0  
  94    0    0    0    0   94    0    0   86    0    0    0    0    0    0   92    0    0    0    0    0    0    0    0    0    0    0   96   88    0    0  100    0    0   95    0    0    0    0    0    0    0    0   89   97    0    0    0   91   93    0    0    0    0    0    0    0    0   88    0    0    0    0    0    0    0   99    0    0    0    0    0    0    0    0    0   89    0    0    0    0   90    0    0    0    0    0    0    0    0    0   87   87    0   98    0    0   95    0    0  
   0    0    0    0    0    0   98    0    0    0    0    0   91    0    0    0    0    0    0   99    0    0    0    0  100    0    0   97    0   96    0    0    0    0    0   95    0   89    0    0   96    0    0    0    0    0    0   96    0    0    0    0    0   89    0   91   92    0    0    0    0   87    0    0    0    0   88    0    0    0    0    0    0    0    0   97   90    0    0    0   86    0    0   94    0    0    0    0   93    0    0    0    0    0    0    0    0    0    0    0  
   0    0    0   90    0    0    0   90    0    0    0    0    0    0    0   95    0    0    0    0    0    0    0   87    0    0    0    0    0    0   88    0    0    0    0    0    0  100   97    0   99    0    0    0    0    0    0    0    0    0   86    0    0    0    0    0    0    0   93    0   92    0    0    0    0    0    0    0    0    0    0   91    0   86   94    0    0   98    0    0    0    0   93    0    0   99    0    0   89   96   93    0    0    0    0    0    0    0    0    0  
   0    0    0    0    0    0    0    0    0    0    0    0    0    0  100    0    0    0   97    0    0    0   95    0    0    0    0   91    0    0   89    0    0    0    0    0    0    0    0    0   94    0    0    0   91    0    0   89    0    0    0   88   91    0    0   87    0    0    0    0    0    0   90    0    0    0    0   86    0    0    0    0   94    0    0    0    0   98   86    0    0    0    0    0    0    0    0    0    0   93    0    0    0   92    0    0    0   99    0   96  
   0   93    0    0    0    0    0    0    0    0    0    0    0    0   97    0    0  100    0    0    0    0    0    0   91    0    0    0    0    0    0    0    0    0    0   95    0   93    0    0    0    0    0    0    0    0    0   88    0    0    0   99    0   99   87    0   99    0    0    0    0    0   96    0    0   94    0    0    0    0    0    0    0    0   92    0   86    0    0    0    0    0    0    0    0    0    0   87    0    0   90    0   87   89    0    0    0    0   98    0  
   0    0    0    0    0   89    0    0    0    0    0    0    0    0    0    0    0    0    0    0    0    0    0    0   89    0   93   99    0    0    0    0    0   86    0    0  100    0    0    0   95    0    0    0    0    0    0    0    0    0    0    0    0    0   97   96    0    0   98    0    0   87    0   92    0    0    0   98   94    0    0    0    0    0   94    0    0    0   86    0    0    0    0   91    0    0    0    0   88    0    0    0    0   90    0    0   99    0    0    0  
  88    0    0    0   90    0    0    0    0   89    0    0    0    0    0    0    0    0    0   93    0    0    0  100    0    0    0   91    0    0    0   92    0    0   94    0    0   97   88    0    0    0    0    0    0    0   88    0   98   95    0    0    0    0    0    0   86    0    0    0    0    0    0    0    0   88    0    0    0    0    0    0   92    0    0    0    0    0    0   87  100    0    0    0    0    0    0    0    0   96    0    0    0    0    0    0    0    0   99    0  
  88    0    0    0    0    0   93   90    0   98    0    0    0    0    0    0    0    0    0   91    0    0    0  100    0    0   89    0    0    0    0    0   97    0   98    0    0   94    0    0    0    0    0    0    0    0    0    0    0    0    0   86    0    0    0    0    0    0   99   93    0    0    0    0    0    0    0    0    0    0    0   87    0    0    0    0    0   95   95    0    0    0    0    0    0    0  100    0   94    0    0    0    0    0    0    0   96    0    0   92  
   0    0    0    0    0    0    0   98    0    0    0    0    0    0    0    0   87   92   95    0    0    0    0   94   99   88    0    0    0    0    0   88    0    0    0    0    0    0   95    0    0   97    0    0   96    0    0    0   89    0    0    0    0    0    0    0    0    0   86    0    0    0   86    0    0   90    0    0    0    0    0    0    0    0    0    0    0    0   93    0   93    0  100   91    0    0    0    0    0    0    0    0    0    0    0    0    0    0   86    0  
   0   92    0    0    0   94    0    0   98    0    0    0    0    0    0    0    0    0    0    0    0    0    0    0    0    0    0    0   95    0    0    0    0    0   98    0    0    0    0    0  100    0    0    0   89   97    0    0   99    0    0    0    0   88    0    0    0    0    0    0    0    0    0    0   86    0   90    0    0    0    0    0    0    0    0   96    0   93   91    0    0    0   94    0    0    0    0    0   92    0    0    0   93   87    0    0    0    0    0   93  
   0    0    0    0    0    0    0    0    0    0   98    0    0    0   96   92    0    0    0    0    0    0   95    0    0    0    0    0    0   92    0    0    0    0    0   93   96    0    0    0    0    0    0    0    0    0    0    0    0   99   88    0    0    0    0    0   89    0    0    0    0    0    0    0    0    0    0    0    0    0   86    0    0   97    0   93  100    0    0    0   91    0    0   94    0    0    0    0    0    0   88   87    0    0   90    0    0    0    0  100  
   0    0    0    0    0    0   90   92   96    0    0    0    0    0    0    0    0   99    0   86    0    0    0    0    0    0    0   88    0    0    0    0    0    0    0    0    0   91    0    0   97    0    0    0    0    0    0    0   98    0   94    0    0    0    0    0    0    0    0    0    0    0   87   92    0    0    0    0    0    0    0  100    0    0   86    0    0    0   94    0    0   94    0   98    0   93   89    0    0    0    0    0   95    0    0    0    0    0    0    0  
  93    0    0    0    0    0    0    0    0    0    0    0   94    0    0   86    0    0    0    0   91    0    0    0   95    0    0    0    0    0   89    0  100   98    0    0    0    0    0    0    0    0   86    0    0   95    0    0    0    0   96   90  100    0    0    0   92    0    0    0    0    0    0    0    0    0    0    0   88    0    0    0    0    0    0    0    0    0   92    0    0    0   87    0   91    0    0    0    0    0    0    0    0   99    0    0    0   97    0    0  
   0   90    0    0    0    0    0    0    0    0    0    0    0    0    0    0    0    0    0    0   93    0   96    0    0    0   89    0    0    0   86    0    0    0   89  100    0   87    0    0    0   86    0    0    0    0    0    0   98   92    0   86   94    0    0    0    0    0   97    0    0    0    0    0    0    0    0   91   97    0    0    0    0    0   88   86    0    0    0    0    0    0    0    0    0    0    0    0    0    0    0    0    0    0    0    0    0   95   99    0  
  89   99    0    0    0    0    0    0    0  100    0   90   96    0    0    0    0   88    0    0    0    0    0    0    0    0    0    0    0   88    0    0    0   97    0    0    0    0    0    0   94    0    0    0    0    0    0    0    0    0    0    0    0    0    0    0    0    0    0    0    0   87    0    0    0    0    0   93    0    0    0   98   99    0   91    0    0   92    0   86    0    0    0    0    0    0    0    0   95    0    0    0   99   86   91    0    0    0    0    0  
   0  100    0   88   96    0    0    0    0    0    0    0   90    0    0    0    0    0    0   95   89    0    0   94    0   86    0    0    0    0    0   93    0   98    0    0    0    0    0    0    0    0   96    0    0    0    0   87    0    0    0    0    0    0    0    0    0    0   92    0    0    0    0    0    0    0    0    0    0   94    0    0    0    0    0    0    0   97    0   99    0    0    0    0    0    0   88    0    0    0    0    0   88    0    0   91    0   90    0    0  
  87    0    0   99    0   97    0    0    0    0   91    0    0    0   86    0    0    0    0    0   94    0    0    0    0  100   92    0    0    0   98    0    0    0    0    0   89    0    0   89    0    0    0    0    0    0    0    0   90    0    0    0    0    0    0   86   93    0    0    0    0    0   90    0    0    0    0    0    0   95    0    0    0    0   88    0    0    0    0    0    0    0    0    0   96    0    0    0    0   88    0    0   88    0    0    0    0    0    0    0  
  91   99    0    0    0    0    0    0    0    0    0    0    0    0    0    0    0   98   95    0    0   93    0    0   88    0    0    0    0    0    0    0    0    0    0    0    0    0    0   94    0   89    0    0    0    0    0   96    0    0   90    0    0    0    0    0    0   91    0    0    0    0    0    0    0    0  100    0   87    0    0    0   91    0    0    0    0    0    0    0    0   93    0    0    0    0   97   98    0    0   86    0   92    0    0    0   91    0    0    0  
   0    0   98   88    0    0    0    0    0    0    0    0   99    0    0    0    0    0    0    0    0    0    0    0    0    0    0    0    0    0   92    0    0    0   90    0    0   95    0    0    0    0   91    0    0    0   89  100    0    0    0    0   97    0    0   94    0    0    0    0    0    0    0    0    0    0    0    0    0    0    0    0    0    0   96    0    0   92    0    0    0    0   96   86    0    0    0    0    0    0    0    0   87    0    0   93   91   98   87    0  
   0    0   90  100    0    0    0    0   91   87    0    0   87    0    0    0    0    0    0    0   91    0    0    0    0    0    0    0    0    0    0    0    0    0   88    0   95    0    0    0    0   96    0    0    0    0    0    0    0    0    0    0    0    0    0    0   86   99   89    0   93   97    0    0   96    0    0    0    0    0    0    0    0    0    0    0    0    0    0   92    0    0    0    0    0    0   94    0    0    0    0    0    0    0   97    0   88    0    0   98  
  89    0    0    0    0    0   86    0   90    0    0   91    0    0   87   88   89   97   99    0    0    0    0    0   89    0    0    0    0    0    0    0    0    0    0    0    0   96    0    0    0    0   98    0    0    0    0   97    0    0    0   93    0    0    0    0    0    0    0    0    0    0    0   95    0    0    0    0    0    0    0    0   86    0    0    0    0    0    0    0   94    0    0    0    0    0    0    0    0    0    0    0  100    0    0    0    0   92    0   92  
   0    0   90    0    0    0   90    0    0    0    0    0    0   98   92    0    0    0    0    0    0    0    0    0  100    0    0    0    0    0    0    0    0    0    0    0    0    0    0    0    0    0    0    0    0    0    0   97   98   87    0   98   94    0   93   99   96   88    0    0    0    0   89    0    0   92    0    0    0    0    0    0   95    0    0    0    0    0    0    0    0    0    0    0    0    0    0    0    0    0   86    0   91    0    0    0    0   89    0    0  
   0    0    0   98    0    0   87    0    0    0    0    0   96    0   92    0    0    0    0    0    0    0    0    0   97    0   94    0    0    0    0    0    0   94    0    0    0    0    0    0    0    0    0    0   95   91    0    0  100    0    0   86    0    0    0    0    0   89   99    0   97    0   93    0    0    0    0    0    0    0    0    0    0   90    0    0    0   89    0    0   96    0    0    0    0    0    0    0    0   89   88    0    0    0    0    0    0    0    0    0  
   0    0    0   99    0   95   96    0    0    0   89    0    0    0    0   90    0    0    0    0    0    0    0   89    0    0    0   89    0   86    0    0    0    0   97    0    0   87   91    0    0    0  100    0    0    0    0    0   93    0    0    0    0    0    0    0    0    0   92    0    0    0    0    0    0    0    0    0    0   94    0    0    0    0    0    0    0    0    0   88    0    0    0   91    0    0    0    0   91    0    0    0   96    0    0    0    0    0    0   98  
  95   91   90   98    0   90    0    0    0    0    0    0    0    0    0    0    0    0   93    0    0    0    0    0    0    0   99    0   92    0   94    0    0    0    0   86    0    0    0    0    0    0    0    0    0    0   89    0    0    0    0    0    0    0    0    0    0  100    0    0    0   88    0    0    0    0    0    0    0    0    0    0   97    0    0    0    0   99    0    0    0   96    0    0    0   94   91    0    0   87    0    0    0    0    0    0    0   98    0    0  
   0    0   99    0    0    0    0    0    0    0    0    0    0    0    0    0    0    0    0    0   89    0    0    0    0    0    0    0    0   98    0    0    0   91    0   96    0    0   86    0    0    0    0    0    0    0    0    0    0   88   94   92    0   95    0    0   94    0    0    0   90   89    0    0   98  100   97    0    0    0    0    0    0    0    0    0   87    0    0    0    0   93    0    0    0    0    0    0    0    0   93    0    0    0    0    0    0    0    0  100  
   0    0    0    0    0    0    0    0    0    0   98    0    0    0   86    0    0  100    0    0    0   88    0    0   88    0   87    0   91   89    0    0    0    0    0    0    0    0    0    0   96    0    0    0    0    0   89    0   97    0    0    0    0    0    0    0    0    0    0    0    0    0   94    0    0    0    0   99   93    0    0    0    0    0    0    0    0   90    0   92    0    0    0    0    0    0    0    0    0    0   87    0   95    0    0    0    0   86   88    0  
  88    0    0   90    0    0    0   92    0    0    0    0    0    0   93    0    0    0    0    0    0    0    0   97  100    0    0    0    0    0    0    0   95    0    0   97    0   87    0   94    0    0    0    0    0    0    0   86    0    0    0    0    0    0    0   89    0    0    0    0    0    0    0    0    0    0    0   91    0    0    0    0    0    0    0    0    0    0    0   93    0    0    0    0    0   95    0   97   98   96   94   99    0    0    0    0    0    0    0    0  
   0    0    0    0    0    0    0    0    0    0    0   86    0    0    0    0    0   98    0    0    0    0   92   89   99    0    0   87    0    0    0    0   94    0    0    0    0   95    0    0   97    0   93    0    0    0   91    0    0    0    0    0   97    0    0    0    0    0    0   96    0    0    0    0    0  100   99    0    0    0    0   90    0   87    0    0    0    0  100    0    0    0   88    0    0   99    0    0    0    0    0    0    0    0    0    0    0    0    0    0  
   0    0    0    0    0    0   99    0    0   87   99    0   86    0    0   88    0    0    0    0    0    0    0    0    0    0    0    0    0    0    0    0    0    0    0    0   89   93    0    0    0   86    0    0  100    0    0    0   98    0    0   95    0   92    0    0    0   94    0   97    0    0    0   90    0    0    0    0    0    0    0   99    0   91    0    0    0    0    0    0    0    0    0    0   96    0    0    0    0    0    0   87    0    0    0    0   95    0    0    0  
   0    0    0    0    0    0    0    0    0    0    0    0    0    0    0    0    0    0    0    0    0    0    0    0    0    0    0   95    0    0    0    0    0    0    0    0   89   86    0    0   95   90    0    0   86    0   91    0    0    0    0    0    0    0   92    0   88    0   98    0    0   93    0  100    0    0   97    0    0    0    0   89    0    0    0   99    0    0    0    0    0    0    0    0  100    0    0    0    0    0    0    0   96   97    0    0    0   94    0   87  
   0    0   93    0   86   90    0  100   93    0    0    0    0    0    0    0    0   96    0    0    0    0   98    0    0    0    0    0    0    0    0    0    0    0    0   91    0   90    0    0    0    0    0    0    0   92    0    0    0    0    0   90    0    0    0    0    0   95    0   94   89    0    0    0   87   97    0    0    0    0    0    0   88    0    0    0   99    0    0    0    0    0    0    0    0    0    0    0   95    0    0    0    0    0   97    0    0    0    0    0  
  98    0    0    0   95    0    0    0    0    0    0    0    0    0    0    0    0    0    0    0    0    0    0    0    0    0    0   91    0   97    0    0    0    0    0    0   86   91    0    0    0    0    0    0   87    0   92    0   89    0    0    0    0   88   93    0    0    0    0   99    0    0    0    0    0    0    0    0    0    0    0    0    0    0    0    0  100    0    0    0    0    0    0    0    0    0    0    0   94    0   90    0    0   87   93   94    0   96   92    0  
   0    0    0   91    0   93    0    0    0    0    0    0    0    0    0    0    0    0    0    0    0    0    0    0   88    0    0    0    0    0   90    0   96    0    0    0    0    0   99    0    0    0   86    0  100    0    0    0    0    0    0    0  100    0   98   87   90    0    0   88    0    0    0   89    0    0    0    0    0    0    0   90    0    0  100   97   95    0    0    0    0    0    0    0   94    0    0    0    0    0    0    0    0    0    0    0    0    0   92    0  
   0    0    0    0   98    0    0    0   88    0    0    0    0    0   94    0    0    0    0    0    0    0   96    0   91   98    0    0    0    0   96    0    0    0    0   94    0    0    0    0   86   89    0    0   97    0    0    0   93    0    0    0    0    0    0    0    0  100    0    0    0    0    0   87   92   92    0    0    0    0    0    0    0    0    0    0    0    0    0   89    0    0    0    0    0    0   99    0    0    0    0    0    0    0   95   90    0    0    0    0  
   0   94   97    0   90   95   86    0    0    0    0   87    0   88   94    0   96    0    0    0   92   93    0    0    0    0    0    0    0    0    0   87    0    0    0   92    0    0    0    0    0    0   99    0    0    0   91    0    0    0    0   90    0    0    0    0    0    0    0    0    0    0   98    0    0    0    0    0    0    0    0    0    0    0    0    0    0    0    0    0    0    0    0    0    0  100    0    0    0    0    0    0    0    0    0   89    0    0   87    0  
   0   97    0    0    0    0    0    0  100    0    0   88   98    0   86   86   98    0    0    0    0    0    0    0    0    0    0    0    0    0    0    0    0    0    0   95    0    0    0    0    0    0    0    0   93    0    0   87    0    0    0    0    0    0    0   89   90    0    0   93    0    0    0    0    0   91    0    0    0   96    0    0    0    0    0    0    0    0    0    0    0    0    0   99    0    0   87    0    0   92    0    0    0    0    0    0   88    0    0   94  
   0    0    0    0    0    0    0    0    0    0    0    0    0   99   88    0    0    0    0    0    0   99    0    0    0    0    0    0   89    0    0   96   91    0    0   95    0    0    0    0    0   91    0    0    0    0    0    0   90    0    0   87    0    0    0    0   97   99   99    0    0    0    0   98   99    0   92    0    0    0   94    0    0    0    0   86    0    0   93    0    0    0    0  100    0    0    0    0    0    0    0    0    0    0    0    0    0    0    0    0  
   0   96    0    0    0    0    0    0    0    0    0    0    0   97    0    0   98   90    0    0    0    0    0   94    0    0   89    0    0    0   98    0    0    0    0    0    0   92    0  100    0    0    0    0    0    0    0    0   95    0   95    0    0    0    0    0   88    0    0   91    0    0    0    0    0    0    0    0    0   86    0   93   87    0    0    0   93    0   90    0    0    0    0    0    0    0   96   99    0    0    0    0    0    0    0    0    0    0    0    0  
   0    0   98    0    0    0    0    0    0    0    0    0    0  100   95    0    0    0    0    0    0    0    0    0    0    0   96    0   99    0   86    0   90    0   89    0    0    0    0    0    0    0    0    0    0    0    0    0    0    0   91    0    0    0    0    0    0    0    0    0    0    0    0    0    0    0    0    0  100    0    0    0    0   93   87  100    0    0    0    0    0    0    0   96   97   92    0    0   89   94   95    0    0    0    0    0   88    0    0    0  
   0    0    0    0    0    0    0    0    0    0    0    0    0    0    0    0    0    0    0    0   95    0    0   95    0    0    0    0    0    0    0    0    0   92    0    0   91    0   92    0    0    0   91    0    0    0    0    0    0   87    0   92    0   88   93    0    0    0    0   98   89    0    0   94    0   99   86    0    0    0    0    0    0    0    0    0    0   91    0    0    0    0    0    0    0  100    0    0    0    0    0    0    0   97   96    0    0    0   90    0  ] 
BUDGETS : [    2    7   13   15   22   24   25   34   34   36   37   54   56   57   59   60   62   69   71   72   74   74   75   75   75   77   78   81   85   89   90   91   94   95   99  100  102  103  105  107  107  111  114  116  118  124  124  124  126  128  134  134  134  136  139  140  141  142  143  143  143  144  145  146  148  148  148  149  152  155  157  160  161  165  165  169  170  171  172  173  174  177  178  183  184  184  186  186  188  189  189  190  190  193  193  193  195  196  199  200  ] 
