K : 100
I : 10
PREFERENCES : [    0    2    2    0    0    0    1    0    1    1  
   1    0    0    0    2    0    2    2    2    0  
   2    0    2    1    2    0    0    2    0    0  
   2    2    1    0    0    1    1    0    0    0  
   1    0    0    0    0    1    1    1    0    2  
   2    0    0    2    0    0    0    1    2    2  
   2    2    1    0    2    0    2    0    0    0  
   2    0    0    0    2    1    2    0    0    2  
   1    0    2    0    1    1    0    0    2    0  
   2    0    0    2    1    2    0    1    0    0  
   0    2    0    2    1    0    2    0    0    2  
   2    0    1    1    0    1    2    0    0    0  
   0    0    2    1    0    2    2    2    0    0  
   1    2    2    0    0    0    0    0    1    1  
   2    1    0    2    0    2    0    0    0    1  
   2    0    0    0    2    0    2    1    0    1  
   1    0    2    2    0    0    0    0    1    2  
   0    2    1    0    0    2    2    0    0    1  
   0    0    2    0    2    0    2    1    1    0  
   2    0    0    2    0    0    1    2    0    2  
   1    0    2    1    0    0    1    0    1    0  
   0    1    0    0    1    0    2    1    1    0  
   1    0    1    0    2    1    0    0    0    1  
   1    0    2    1    2    0    0    0    0    2  
   0    2    0    1    0    1    1    2    0    0  
   0    1    2    2    0    0    0    1    1    0  
   1    0    1    2    1    0    0    1    0    0  
   0    1    2    0    2    0    1    0    1    0  
   2    0    1    0    1    0    0    0    2    2  
   0    2    0    0    0    1    0    2    1    2  
   0    0    2    2    0    0    0    1    2    2  
   1    2    0    1    0    0    1    0    1    0  
   1    2    1    0    0    0    0    2    1    0  
   1    0    0    1    2    1    0    0    2    0  
   2    0    0    1    0    2    2    0    2    0  
   2    0    2    0    0    1    0    0    1    2  
   0    2    0    1    0    2    0    1    2    0  
   0    2    2    2    0    0    0    1    0    2  
   1    1    0    2    2    0    0    2    0    0  
   1    2    0    0    1    0    0    1    0    1  
   0    0    1    2    1    2    0    0    0    2  
   1    0    0    1    0    0    0    2    1    2  
   0    2    2    0    2    0    2    1    0    0  
   0    1    1    0    0    1    0    0    2    1  
   1    1    0    0    2    2    0    0    1    0  
   2    2    0    1    0    1    0    0    1    0  
   0    1    2    2    0    0    0    0    2    2  
   1    1    2    0    1    0    0    1    0    0  
   0    1    2    2    0    0    1    1    0    0  
   0    0    0    1    1    0    0    2    1    1  
   2    1    0    2    2    0    1    0    0    0  
   0    2    2    1    0    0    2    2    0    0  
   0    2    0    0    2    0    2    1    0    2  
   0    0    0    0    2    1    2    0    2    1  
   0    2    0    1    0    0    2    0    1    2  
   1    0    2    0    0    0    2    1    0    2  
   0    0    2    0    0    1    0    1    2    1  
   0    2    2    0    1    2    1    0    0    0  
   2    0    2    0    2    1    0    0    2    0  
   0    2    2    2    0    1    0    2    0    0  
   0    0    2    1    2    0    2    0    0    1  
   0    2    0    0    0    2    2    0    1    2  
   1    0    1    1    0    2    1    0    0    0  
   0    2    1    2    0    0    1    0    0    1  
   1    0    1    1    0    1    2    0    0    0  
   0    0    2    2    0    1    2    0    2    0  
   0    1    1    0    0    2    0    0    2    1  
   0    0    0    1    0    0    2    1    2    1  
   2    1    0    0    0    1    0    0    1    2  
   0    0    1    0    2    0    2    2    2    0  
   0    0    2    2    1    0    2    0    2    0  
   0    2    2    0    2    0    1    0    0    1  
   0    0    1    0    1    2    0    0    1    2  
   0    0    2    1    1    1    0    0    2    0  
   2    2    1    0    0    0    0    1    2    0  
   0    2    2    2    2    0    0    0    0    1  
   2    2    0    1    2    0    0    2    0    0  
   1    1    0    0    0    2    2    1    0    0  
   0    0    2    1    1    2    2    0    0    0  
   0    1    0    0    2    2    0    0    1    2  
   1    1    0    0    2    0    0    1    1    0  
   0    0    2    2    1    0    2    0    0    2  
   1    0    0    1    0    0    1    2    0    1  
   0    0    2    0    0    0    2    1    1    2  
   0    1    1    1    2    0    2    0    0    0  
   0    0    1    1    0    2    2    0    0    1  
   0    0    2    0    0    2    2    0    1    1  
   1    1    2    1    0    0    0    1    0    0  
   2    0    0    0    2    0    2    0    1    2  
   2    0    2    1    0    0    0    2    0    1  
   2    1    2    0    1    1    0    0    0    0  
   1    0    1    0    1    1    0    0    2    0  
   0    0    1    0    0    1    0    2    1    2  
   0    1    0    0    0    2    1    1    1    0  
   0    1    0    0    2    1    1    2    0    0  
   2    1    0    0    1    2    0    2    0    0  
   0    0    0    2    2    0    0    2    2    1  
   0    0    0    1    1    0    2    2    0    2  
   1    0    2    2    1    2    0    0    0    0  
   1    0    0    2    0    1    0    1    0    1  ] 
BUDGETS : [    6    9    9   11   11   12   14   15   17   18   20   22   23   25   32   33   33   35   36   36   38   45   49   49   51   53   56   60   61   67   68   70   70   74   76   78   80   81   83   85  100  104  107  108  108  109  117  119  120  120  121  121  123  126  127  132  133  133  139  139  139  140  141  141  142  142  146  146  148  152  153  153  154  155  155  159  160  160  161  162  163  164  166  166  167  171  172  173  177  179  179  188  188  189  189  190  192  195  195  199  ] 
