K : 100
I : 50
PREFERENCES : [    0    0    0    0    0    0    0    0    0    0    0    0    0    0    6    0    0    0    7    0    0    0    0    1    5    2    0    0    0    0    0    0    0    0    9    6    0    0    0    0    0    0    0    0    0    4    8    3    0    0  
   0    0    0    0    0    0    0    0    0    9    1    0    0    0    5    0    0    0    0    0    0    0    7    0    8    0    2    0    0    0    4    0    0    0    0    0    0    0    6    0    0    0    8    0    0    0    3    0    0    0  
   0    0    0    0    0    0    0    0    2    0    4    0    0    0    0    0    6    0    4    0    0    7    0    0    0    5    8    0    0    9    0    0    3    0    0    0    0    0    0    0    0    0    0    0    0    0    1    0    0    0  
   0    0    9    3    0    0    0    0    0    0    0    3    0    0    0    0    0    0    0    0    0    0    0    4    7    0    5    0    0    0    0    2    8    0    6    0    0    0    0    0    0    0    0    0    0    0    0    0    0    1  
   9    0    1    0    0    0    0    3    0    0    0    2    0    6    0    0    0    4    0    0    0    0    7    0    0    2    0    0    0    0    0    0    0    0    0    0    0    0    8    0    0    0    5    0    0    0    0    0    0    0  
   0    0    0    0    2    0    0    8    0    0    0    0    0    0    0    7    6    1    0    0    0    0    0    0    0    0    0    0    0    9    0    0    0    0    0    9    0    0    0    0    5    0    3    4    0    0    0    0    0    0  
   0    0    9    0    0    0    0    0    0    3    8    5    0    0    0    0    0    7    0    0    6    0    0    0    0    0    0    0    2    0    0    0    1    0    0    0    4    0    0    0    0    0    2    0    0    0    0    0    0    0  
   0    0    0    0    0    0    8    9    0    0    0    0    5    1    0    0    0    0    0    0    0    0    3    0    2    0    6    0    7    4    0    0    8    0    0    0    0    0    0    0    0    0    0    0    0    0    0    0    0    0  
   0    0    0    3    0    1    0    0    9    0    0    0    0    0    7    0    0    0    0    0    0    0    0    0    0    0    0    2    0    0    9    4    0    0    0    0    5    0    0    8    0    0    0    0    0    0    0    0    6    0  
   0    0    1    7    0    0    0    0    0    0    0    0    0    0    0    2    0    9    0    0    0    0    1    0    0    0    6    0    3    0    0    0    0    0    0    0    0    0    0    0    0    4    0    0    5    0    0    0    8    0  
   6    0    0    1    0    0    0    0    0    4    0    0    0    0    4    0    0    2    5    0    0    8    0    0    0    7    3    0    0    0    0    0    0    0    0    0    0    0    0    0    0    0    0    0    0    0    0    9    0    0  
   0    0    0    0    0    7    0    8    0    0    5    1    0    0    0    0    0    0    8    0    0    0    0    0    0    9    0    0    0    0    0    0    2    3    0    0    4    0    0    0    0    0    0    0    6    0    0    0    0    0  
   0    0    0    6    0    0    0    3    0    2    0    0    1    4    0    0    0    0    0    7    9    0    0    0    0    0    0    0    0    0    0    0    3    0    0    0    8    0    0    5    0    0    0    0    0    0    0    0    0    0  
   0    0    0    0    0    0    0    0    0    0    7    0    0    0    0    0    4    0    6    0    0    0    0    0    0    0    0    0    2    0    0    0    0    0    9    0    0    3    0    0    9    8    0    0    0    0    0    5    1    0  
   0    0    0    0    6    0    0    7    0    0    0    3    0    1    8    0    0    6    0    0    0    0    0    0    0    0    0    0    0    0    0    0    0    0    0    5    0    9    0    0    0    0    2    0    0    0    0    4    0    0  
   7    6    0    0    0    0    0    0    0    0    0    0    9    8    3    0    0    0    2    0    0    0    0    0    5    0    0    0    0    0    0    0    0    0    0    0    0    1    4    0    0    0    0    2    0    0    0    0    0    0  
   0    4    6    0    3    0    0    0    2    8    0    1    0    0    0    0    0    9    0    0    0    0    0    0    0    0    0    0    0    0    0    0    5    0    0    0    0    0    7    0    3    0    0    0    0    0    0    0    0    0  
   0    0    0    0    0    0    0    1    9    0    0    4    0    0    0    0    0    5    0    2    0    3    8    0    0    0    0    7    0    0    0    0    0    0    6    0    0    5    0    0    0    0    0    0    0    0    0    0    0    0  
   8    0    0    0    0    0    0    0    4    0    0    0    0    9    0    2    0    0    0    0    0    0    0    0    0    0    0    0    0    2    0    0    3    0    0    0    1    0    0    6    0    0    0    0    0    5    0    0    0    7  
   0    0    0    0    0    0    1    0    0    0    0    0    4    0    0    0    9    0    7    0    0    7    6    0    0    0    0    3    0    0    0    0    0    0    5    8    0    0    0    0    0    0    0    2    0    0    0    0    0    0  
   0    0    0    0    0    0    0    0    7    0    4    0    1    0    0    0    9    0    0    0    0    0    0    0    0    8    0    2    6    0    0    0    0    0    0    0    0    0    0    0    0    0    5    3    0    0    0    0    5    0  
   0    0    0    9    0    0    0    0    0    0    0    0    0    0    0    7    0    0    0    0    5    1    0    0    0    0    0    0    9    6    8    2    4    0    0    0    0    0    0    0    0    0    0    0    0    0    0    3    0    0  
   0    0    0    0    0    0    0    7    0    0    9    0    1    0    0    0    0    0    0    0    3    0    0    6    8    0    0    0    0    9    0    0    0    0    0    0    0    0    0    0    2    0    0    0    4    0    0    5    0    0  
   0    0    6    0    5    0    0    0    0    0    0    0    0    0    0    0    0    0    0    0    0    8    0    0    9    2    0    0    0    0    0    0    0    0    0    0    0    0    0    2    0    7    1    0    0    0    0    4    0    3  
   0    0    3    3    4    0    0    0    0    0    0    0    0    0    0    0    0    0    6    0    0    0    0    0    7    0    0    1    0    0    0    0    0    0    0    0    0    0    0    0    0    2    0    0    0    8    9    5    0    0  
   0    0    0    0    2    0    0    0    0    0    0    0    0    0    0    0    9    0    0    7    1    0    0    0    0    0    0    0    0    0    0    0    4    0    3    8    0    0    0    0    0    0    0    5    0    0    0    5    0    6  
   0    0    0    0    0    0    0    0    0    5    0    3    0    6    0    0    1    0    0    0    0    0    0    0    0    0    0    0    0    0    0    0    2    8    0    2    0    0    0    0    7    0    0    0    0    9    0    0    0    4  
   0    0    9    0    0    0    0    0    0    0    4    0    0    0    5    1    6    0    7    0    0    0    0    0    0    0    0    0    0    0    3    0    0    0    0    0    0    0    0    0    1    0    0    8    0    0    0    2    0    0  
   0    0    0    0    0    0    9    0    0    0    0    3    0    0    0    0    7    0    0    0    0    0    5    0    0    2    0    0    0    4    1    0    0    0    0    0    0    0    9    0    0    0    0    8    0    0    6    0    0    0  
   0    0    6    0    0    7    0    0    0    0    0    0    4    0    0    0    0    5    0    2    0    0    0    0    0    0    0    9    0    0    0    0    0    0    0    1    2    0    0    0    0    0    0    0    0    0    3    0    0    8  
   0    0    0    0    0    0    0    0    0    0    9    2    0    0    0    0    0    0    1    0    0    2    8    0    0    0    7    0    0    6    0    0    0    0    0    0    0    0    0    0    0    3    0    0    0    5    4    0    0    0  
   0    0    0    0    0    0    0    4    9    0    0    0    0    0    0    7    8    0    0    0    7    0    0    0    1    6    2    0    0    0    0    0    0    0    5    0    0    3    0    0    0    0    0    0    0    0    0    0    0    0  
   0    2    0    0    0    0    0    0    0    0    0    0    9    0    0    4    0    0    1    0    0    7    0    0    0    0    0    0    0    0    0    0    3    0    0    3    0    0    6    0    5    0    0    0    0    0    0    0    0    8  
   0    4    5    0    0    0    0    0    0    0    0    0    0    7    0    0    0    2    4    0    9    0    0    6    0    0    0    0    0    0    0    0    0    0    0    0    1    0    0    0    0    0    0    3    0    0    8    0    0    0  
   0    0    0    8    0    1    0    6    0    0    0    0    0    0    7    0    0    2    0    0    0    0    0    0    0    4    3    0    0    0    7    0    0    0    0    0    0    0    0    0    0    0    9    0    0    0    0    0    5    0  
   0    0    0    0    0    6    0    5    0    0    0    0    0    0    0    0    0    0    0    0    0    0    2    0    0    0    0    4    9    0    0    0    3    6    0    0    0    0    8    0    0    0    0    7    0    0    0    1    0    0  
   0    0    0    1    0    8    0    0    0    0    0    0    0    0    0    0    9    0    0    0    2    0    5    4    0    9    0    0    0    0    0    0    0    0    0    0    0    0    0    0    0    3    0    0    0    7    6    0    0    0  
   0    1    3    0    0    7    2    0    9    0    0    0    0    0    0    0    0    0    0    0    0    0    0    0    6    0    0    0    0    0    0    0    0    0    5    0    0    0    0    0    8    4    0    0    0    0    0    0    9    0  
   0    0    0    0    8    0    5    0    0    0    9    9    0    0    0    0    0    0    7    0    0    0    0    0    0    0    3    0    0    0    0    0    0    0    1    0    0    4    0    0    0    6    0    0    2    0    0    0    0    0  
   4    0    0    0    0    0    3    0    0    0    0    0    0    0    0    0    0    0    0    0    8    0    0    9    0    0    0    6    0    0    2    2    0    0    0    0    5    0    0    0    0    1    0    0    0    0    0    0    7    0  
   0    0    0    0    0    0    0    3    0    7    0    0    0    5    0    2    1    8    0    0    0    0    0    0    0    5    0    0    4    0    0    0    0    0    0    6    0    9    0    0    0    0    0    0    0    0    0    0    0    0  
   0    0    0    5    0    0    0    0    0    0    8    0    0    1    0    0    0    6    0    0    0    0    0    3    0    0    0    4    0    0    0    0    0    0    0    0    0    0    0    7    0    0    0    0    0    1    0    2    0    9  
   0    2    3    0    0    0    4    0    0    0    0    0    0    0    6    8    0    0    0    0    0    0    0    7    0    0    0    0    0    0    0    0    0    9    0    0    5    0    0    0    0    7    0    0    1    0    0    0    0    0  
   0    0    0    7    0    0    0    0    0    0    6    0    4    0    2    0    0    0    5    0    0    0    6    0    8    0    0    0    0    0    1    0    0    9    0    0    0    0    0    0    0    0    0    3    0    0    0    0    0    0  
   0    2    0    0    0    0    9    0    0    0    0    0    8    0    0    0    0    0    0    6    7    0    0    0    4    4    0    0    0    0    0    1    5    3    0    0    0    0    0    0    0    0    0    0    0    0    0    0    0    0  
   0    0    0    0    0    0    0    0    0    0    0    0    0    0    0    0    0    0    0    0    3    2    0    5    0    0    7    1    0    0    0    0    0    0    0    0    0    0    0    9    8    0    3    0    0    6    4    0    0    0  
   0    0    0    0    0    0    0    0    0    0    0    0    0    0    0    0    0    0    1    0    0    0    9    0    0    0    0    0    0    1    0    4    0    7    0    0    0    0    8    0    6    2    0    0    0    0    0    0    3    5  
   0    0    9    1    7    5    0    0    2    0    9    0    0    0    0    0    3    0    0    0    6    0    0    0    0    0    0    0    0    0    0    0    0    0    4    0    0    0    0    0    0    0    0    0    0    0    8    0    0    0  
   0    0    0    0    0    0    0    0    4    3    7    0    0    0    0    9    0    0    0    0    0    0    0    0    0    0    6    0    0    0    0    0    0    0    0    2    1    0    0    0    0    0    6    0    5    0    0    8    0    0  
   0    0    0    0    0    6    0    4    0    8    0    0    0    0    0    1    0    0    0    9    0    0    0    2    5    3    0    0    0    0    9    0    0    0    0    0    0    0    0    0    0    7    0    0    0    0    0    0    0    0  
   0    0    0    0    2    0    0    0    0    0    0    0    0    6    0    0    4    0    8    0    0    0    4    0    0    9    7    0    0    5    0    0    0    0    3    0    0    0    0    0    0    0    0    0    0    0    0    0    1    0  
   0    0    0    0    9    3    0    0    0    0    0    0    0    0    0    0    6    0    0    0    0    4    0    7    0    0    0    0    0    6    0    0    0    0    0    0    0    0    2    5    0    0    0    0    8    0    0    0    0    1  
   0    0    0    1    0    0    3    0    0    0    0    0    0    0    0    0    0    0    0    0    0    0    0    8    0    0    0    0    9    5    6    0    0    0    0    0    0    0    0    2    0    0    0    0    0    0    0    2    7    4  
   0    0    0    0    0    0    0    0    0    0    2    0    0    0    0    0    0    7    2    9    0    0    0    0    0    0    5    0    0    0    0    0    0    4    6    0    0    8    0    3    0    0    0    0    0    0    0    0    0    1  
   0    0    0    0    0    0    0    0    0    0    0    0    0    0    0    2    5    0    0    0    4    5    0    0    7    6    0    0    0    0    0    0    1    9    0    0    0    8    0    0    0    0    0    0    0    0    3    0    0    0  
   5    0    0    0    0    0    0    0    3    0    0    7    0    0    4    2    0    1    0    0    0    0    0    0    0    0    0    0    0    0    6    8    0    0    0    0    0    0    0    0    0    0    0    0    0    0    9    0    8    0  
   3    5    0    0    0    2    0    4    0    0    0    1    0    0    5    0    0    0    0    0    0    0    7    0    0    0    0    0    0    6    8    0    0    0    0    9    0    0    0    0    0    0    0    0    0    0    0    0    0    0  
   0    0    0    9    0    0    0    1    2    0    0    0    0    0    8    0    0    0    0    7    6    0    0    0    0    0    0    0    0    9    0    4    0    0    3    0    0    0    0    0    0    0    0    0    0    0    5    0    0    0  
   1    0    0    0    0    6    0    0    0    0    0    0    0    0    5    0    0    0    0    0    0    0    0    4    0    7    0    6    0    0    0    0    0    3    0    0    0    0    0    2    0    0    9    0    0    0    0    8    0    0  
   0    0    0    0    7    0    0    0    8    0    6    0    0    0    8    0    0    0    4    0    0    0    0    0    2    0    0    0    0    0    5    3    0    0    9    0    0    0    1    0    0    0    0    0    0    0    0    0    0    0  
   0    0    0    6    0    0    0    0    0    0    0    0    0    0    0    0    0    0    9    4    0    0    0    0    0    0    0    0    0    8    0    0    2    0    0    0    6    1    0    3    0    7    0    0    0    5    0    0    0    0  
   0    0    0    0    1    0    2    0    0    4    5    0    0    0    0    0    0    0    0    0    8    0    0    0    0    0    0    3    0    7    0    9    0    8    0    0    0    0    0    0    0    0    0    0    6    0    0    0    0    0  
   0    0    0    1    0    0    4    0    7    0    2    3    0    0    0    0    0    9    0    0    0    0    0    0    0    8    0    0    5    0    0    0    4    0    0    0    0    0    0    0    0    0    0    0    0    0    0    0    6    0  
   1    7    0    4    0    0    4    0    0    0    2    0    0    0    0    0    0    0    6    0    0    0    0    0    0    0    9    8    0    0    0    0    0    0    0    0    0    0    0    5    0    0    0    0    3    0    0    0    0    0  
   2    5    0    0    0    8    0    0    0    0    0    0    0    0    0    0    0    0    0    5    0    0    6    0    0    0    0    0    0    0    0    9    0    0    0    7    0    0    1    0    4    0    0    0    0    0    0    0    0    3  
   0    0    0    1    0    0    0    0    2    0    0    4    0    0    3    0    0    0    8    0    0    0    0    0    0    0    0    0    0    0    0    5    0    9    0    7    0    0    0    0    0    0    0    0    0    0    5    6    0    0  
   0    0    0    0    0    0    0    0    0    0    0    0    3    0    5    0    2    0    0    0    0    0    0    0    8    9    4    0    0    0    0    0    0    0    0    0    0    0    1    0    6    7    0    0    0    0    0    0    0    1  
   0    0    0    0    0    2    0    0    0    0    0    0    6    5    0    0    7    0    0    0    0    4    0    3    0    0    0    0    0    1    0    9    0    0    0    0    0    8    0    0    7    0    0    0    0    0    0    0    0    0  
   0    0    0    0    0    0    0    0    0    0    0    0    0    1    0    0    0    0    0    0    7    0    3    0    0    9    0    8    6    0    0    0    0    0    3    0    0    0    0    0    0    2    0    0    5    0    0    4    0    0  
   0    7    0    0    0    0    0    0    0    0    0    0    0    3    0    5    0    0    0    9    0    0    0    0    0    0    0    0    0    0    0    0    4    0    0    0    2    4    0    0    0    0    0    0    8    6    0    1    0    0  
   0    0    0    0    7    0    0    0    3    0    0    0    5    0    9    0    0    0    0    2    8    0    0    0    0    5    0    0    4    0    0    1    0    0    0    0    0    0    0    0    0    0    0    0    0    0    0    0    0    6  
   0    0    0    0    0    5    1    0    0    0    0    0    0    0    0    0    0    8    0    7    0    0    0    4    0    2    6    0    0    0    0    0    0    0    0    9    0    0    0    3    0    0    0    0    0    0    0    9    0    0  
   2    0    0    0    3    6    0    5    0    0    0    0    0    0    0    0    0    0    0    0    0    0    8    0    0    0    9    0    0    7    0    0    0    0    0    0    3    0    0    0    0    0    4    1    0    0    0    0    0    0  
   0    0    0    9    0    0    2    0    0    3    5    1    0    0    0    4    4    0    0    0    0    0    0    7    8    0    0    0    0    6    0    0    0    0    0    0    0    0    0    0    0    0    0    0    0    0    0    0    0    0  
   0    0    0    0    4    0    0    0    0    0    3    0    0    0    0    6    0    0    0    5    0    0    0    1    0    0    0    0    0    0    0    8    0    0    0    0    0    0    0    0    0    0    5    0    0    0    0    2    9    7  
   0    0    0    0    0    0    0    0    0    0    4    5    0    0    0    0    0    0    0    0    0    0    0    0    0    1    0    0    7    0    3    7    0    0    0    2    0    0    0    0    0    0    6    8    0    0    0    0    0    9  
   4    0    0    0    0    0    0    0    0    0    0    7    0    2    0    0    9    1    0    8    0    0    0    5    0    0    0    0    0    3    4    0    0    0    0    0    0    0    0    6    0    0    0    0    0    0    0    0    0    0  
   0    0    0    0    7    0    0    0    0    2    0    0    0    0    0    0    0    0    9    0    0    0    0    0    1    0    0    0    0    0    0    3    5    0    0    8    0    0    6    0    4    0    0    0    2    0    0    0    0    0  
   8    0    0    0    3    0    0    9    4    0    0    0    0    5    0    0    0    0    0    0    0    0    0    0    0    0    0    0    6    0    0    0    0    0    2    0    0    7    0    0    0    0    0    0    0    0    0    6    1    0  
   0    5    0    0    0    0    0    0    0    2    6    0    0    0    0    0    4    0    0    0    0    0    7    0    9    0    3    0    0    0    0    0    0    0    0    8    0    0    0    0    0    1    0    0    0    0    0    0    0    4  
   0    0    0    0    0    0    1    0    2    0    0    0    0    7    0    0    0    0    0    0    8    0    4    0    0    3    0    0    0    0    0    0    0    0    0    9    0    0    0    0    6    5    0    0    0    0    7    0    0    0  
   0    0    0    0    0    0    0    0    0    0    0    0    0    3    0    0    0    0    0    0    0    0    0    6    0    0    0    0    0    0    2    7    0    0    0    0    8    0    0    9    0    0    5    7    4    0    0    1    0    0  
   0    0    0    0    0    0    0    3    0    0    0    0    0    0    0    0    7    0    0    0    0    1    0    0    6    0    5    0    4    0    0    0    0    0    0    2    0    0    0    7    0    0    0    0    0    9    0    0    8    0  
   0    0    0    0    1    4    0    7    8    0    0    2    0    6    0    3    0    0    0    6    0    0    0    0    9    0    0    0    0    0    0    0    0    0    0    0    0    0    0    0    0    0    0    0    0    5    0    0    0    0  
   0    1    0    0    0    0    2    0    0    6    7    0    0    1    0    0    0    4    0    0    0    0    0    0    0    0    0    0    0    0    0    0    0    0    5    3    0    0    8    0    0    0    0    0    0    0    9    0    0    0  
   4    0    0    0    0    0    0    0    0    0    0    0    0    0    9    8    0    0    0    2    0    0    0    9    0    0    0    0    0    0    0    0    5    0    7    6    0    0    0    0    0    0    1    0    0    0    0    3    0    0  
   0    0    6    7    0    0    0    0    4    0    9    0    0    8    0    0    0    0    0    0    5    0    0    0    0    0    0    0    3    0    0    8    0    0    0    0    0    2    0    0    0    0    0    0    0    0    0    0    0    1  
   0    2    0    0    4    0    0    0    0    0    0    3    0    8    1    0    0    0    0    0    0    5    7    0    0    0    0    0    0    0    0    0    6    9    0    0    0    0    0    0    0    0    8    0    0    0    0    0    0    0  
   0    0    0    9    0    0    0    0    0    2    0    0    9    0    1    0    0    3    7    0    0    0    0    5    0    0    0    4    0    0    0    0    0    0    0    0    0    0    0    0    0    0    6    0    0    0    8    0    0    0  
   0    0    0    0    0    0    0    0    4    8    0    0    0    0    0    0    3    0    6    0    0    0    0    0    0    8    0    0    0    2    0    0    0    0    0    0    0    0    0    7    0    1    0    9    0    5    0    0    0    0  
   0    5    0    0    0    0    0    0    0    0    0    0    9    0    2    0    0    0    0    0    0    0    0    0    2    0    0    0    0    0    0    0    0    1    0    0    3    0    4    0    0    8    6    0    7    0    0    0    0    0  
   0    0    1    0    3    7    0    0    0    0    0    0    0    0    4    0    0    0    8    0    0    0    0    0    0    0    0    0    0    0    0    5    9    0    0    0    0    0    0    9    0    0    2    0    0    0    6    0    0    0  
   9    0    0    0    0    0    0    0    4    0    5    0    0    7    0    0    3    0    0    0    0    0    0    0    0    0    8    0    0    0    0    0    6    0    0    0    0    0    0    2    0    0    1    0    0    3    0    0    0    0  
   0    0    2    8    0    0    0    9    3    0    0    0    0    0    0    0    0    5    0    0    0    0    7    0    0    0    4    0    0    0    0    0    6    0    0    0    0    8    1    0    0    0    0    0    0    0    0    0    0    0  
   0    9    0    1    0    0    0    0    0    0    0    0    0    2    0    3    0    5    0    0    7    6    0    0    0    0    0    0    0    0    0    0    3    0    4    0    0    0    0    0    0    0    0    0    0    0    8    0    0    0  
   0    1    0    8    0    0    0    0    0    4    0    0    3    0    0    0    0    0    0    4    0    0    6    0    0    0    0    0    0    0    0    2    0    0    0    7    0    0    0    0    0    0    0    9    0    0    0    0    5    0  
   5    0    0    0    0    2    1    0    0    0    0    0    0    0    0    0    0    6    0    0    0    0    0    0    0    3    0    0    9    0    0    0    0    8    0    0    0    0    0    0    0    0    0    4    0    7    0    8    0    0  
   0    4    0    7    0    0    0    0    0    0    5    9    0    0    0    0    0    9    0    0    0    0    0    8    0    0    0    0    0    0    0    0    0    0    1    0    0    0    0    0    2    0    0    6    0    0    0    0    3    0  
   0    0    0    0    0    0    0    0    4    0    0    0    0    0    0    0    0    2    0    0    0    1    0    0    8    0    0    0    6    0    3    0    0    5    0    0    4    0    9    0    0    0    0    0    0    0    7    0    0    0  
   0    8    1    0    0    0    0    0    0    0    9    0    0    0    7    0    0    0    0    0    0    0    0    0    0    0    0    4    3    0    0    0    2    0    5    6    0    0    0    0    0    0    0    0    0    4    0    0    0    0  ] 
BUDGETS : [    2    4    7   10   11   12   13   15   15   17   17   18   19   24   27   28   28   29   33   39   43   45   45   48   50   50   59   60   60   65   67   70   71   72   73   74   76   78   79   80   81   84   86   86   94   95   96   96  100  100  102  105  109  111  112  116  122  123  124  129  132  135  137  138  142  143  145  146  147  147  148  152  152  152  154  155  155  156  158  159  161  163  166  170  176  181  183  184  186  187  189  190  191  194  194  196  199  199  199  200  ] 
