K : 100
I : 100
PREFERENCES : [    0    3   30   16    0    0    0   19   32    0   37   43   31    0    0   39    0   36    0    0   38    0    0   41    0    0    0    0    0    0   35   15   44    0    2    0    7   21    0    0   33    0    0   14    0   32   23   45   13    0   27   20    0    1   22    0   46    0    0   42    8    0   29   18   44    0    0   10    0    0   26    0    0   12    0   47   25   40    0    4   17    6    0    0    0    0    0   28    0   35   24   34    0    0    0    0    9    5    0   11  
   0   10    0    8    0    0    0    0    0   43   20   24    0   14    0    0    0    0   15   47   33    0    0    0   18    0    4    0   41    0    1    0    0    6   28    0    0    0   37    3    7   38   17   46   31    0    0   39   29    0    0   21    0    0    0    0    2   23   44    3    0    0    0   11    5    0   25   40   45    0    0    0    0    0    0   18   30    0   34   42   16   22    0    0   35   36   26    0    0    0   21   27   19    0    0   32    9   12   13    0  
   0    0    0   11    0   19   26    0    0   37   34    0   44    0   25    0   10   22   17    0    0    0    0   42   28    0    0   40   12   33    0    0   27   13   43    0    0   24   18    0   32    0    0    0   29    0    0    0    0    3   15   24   14   36    0   20    0    0    0    0    7    0    8   31    0   46    0    0   45   16    0    9   41    0   47   30   45    0    0    0    0    6    0    4    0   23   38   22    2    0    0    0    1    5   35    0    0    0   21   39  
  37   20   24   47   44    0    0    0    0    0   23   13    1    0    6    0   30   10   46   41    2   43    0    0    0    0   11   35   20   32   32    0   43    0    0    0    0    9   33   34    0    0   25    0    0    7    0    0    0   17    0   27   28   40   45    0    0   18    8    0    0   12    0    0   16    0   21   31   39   36   26    0    0    0    3    0   15    0    0   29    0    0    0    0   19    0    0   38   42   14    0   22    0    0    0    0    4    0    0    5  
   0   23    0   27    0    0    0    3    9   23    0    0   35   11   16   15    0    8   44   28    0   33   25   31    4   22    0   38    0    0    0   13   21   46    0    1    7    0    0   10    0   47    0    0   29   43    0    0   24    0   30    6    0    0    0   32    0    0    0    0    0    0    0   41   34    0    0   26    0    0    5   36    0   18    0   37    0   13    2    0   14    0   19    0    0   39   20   40    0   42   12    0    0    4    0   45    0   17    0    0  
   0   10    0    0    0   38    0    0   43   31    8    0   25   24    0    0    6    0    7    9   34   14   33    0    0   47    0    0    0   37    0   12   21    0    0   20    0    0   23   36    5   46   30   44   41    1   17    0    0    0    0   39   40    0    0   11    0   19    4   40    0    0   45    0    0   15    0    5   18   32    0   42    0    0   28    0    0    0    0    0   13    0    0   29    0    0    3   27   16    0    0    6   35    2   26    0    0   22    0    0  
   0   12    0    0    0    2    0    6    0    0   33   43   38    0   47   39   13   17    0   45   28   32   44   20    0   27    0   24    0   22    0    0   30   37    0    0    5    5    0   41   35    0    0    0    0   15    0    0    0    0    0   46    7    0    3   31    0    0   14    0    0    4    0    0   36    0    0   42   26    0    0    9    0   43    0    9   29   18    0    0   11   40    0   19   25    8    0    1    0    0   16   10    0    0    0   23   21   34    0    0  
   0    0    0    0    0    0   14   32   11    0    0    0    0    6    0   27    0    9    0   29    0   44    0    0    0    0    0    0    0   42   12    0   19    8   35   21    0    2    0    0    0    0    0    0    0    0    0    9    3   18    0    0   13   39   45    3   41   25   33    0    7   15   37    0   20   24   17    5    0   46   28   26    0    0   30    0   12   23    0    0   16    0   40   10    0   22    0   31    1   36   47    0   43   38    0    4    0    0    0   34  
   0   28    0   37   26    0    0    9    0    0   42    0    0   18    0   44   29   20   31    0    0   21    0    3    0   10    0    0   36    0    1   34    0    0   12   17    0    0    1    0   38   22    0    0   25    0   45    0    0   46    0    0    0    0    0   41   33    9    0   15    0    0    2   27    0   43    0    8   11    0   19    5    0    6   35   23    0   40    0   13   47   32    0   30    0    7    0    0   39    0    0    5   24   16    0    0   14    4    0    0  
   8    0   25   14    0   30    1    0   18    0    0   39    0   47    0   40   35    0    0    0    0   20    0    0   10    0    7    0    4    0    5   27    0    0   15    0    0   33   23   23    0    0    0   44    6   37    0   31    0   17   11    3   28    0    0    0   19   13    0   16   24   38   29    0    0    0    0   43    0   45    0   36    0    0   21    0    0    0   22   34   26    9    0   12    0    0    0   13   46   41    0    0    0   32   10   42    0    2    0    0  
   0    3   38   40    0   47    0   19   12   22    0   36   39   30    0    0   18   14    6   27   34    0   31    0    0   26   28    0    8   17    0   38   42    0    0   20    0    1    0    0   45   46    0   32    0    0   33    0    0    0    0    5    0   23   41    0   11    0    0    0   35    0    0    0    0    0   25   21    0    0    0   29    0   28   13    0    2    0    9    0    0   44    0   24    7   16    0    4    2   43    0   15   37   10    0    0    0    0    0    0  
   9    0   44    0    0   30   16   24   38   47    0   30   41   46    3   20   17    0   29    0    0    5    0    2   43    0   10    0   11    0    0   39   14    0    8   40    0    0    0    0   45    1   28    0   25    0    0    0    0   37   33   34   22   35   15    0   36    0    0   31    4   19    0    0    0    0   13    0    0    0   18    0   26    0    0    6    0   34    7   23    0    0    0    0   42    0    0   27   15    0   21    0    0   12    0    0   32    0    0    0  
  19   31   42    3   22    0    0    0   16   20   39    0    0   21    0    0    0    0    0   26   45    0   37    0   36    2    0   27    0   47   14   18   23    1    0    0    7   34    5    0   41   39    0    0    0   15    0   44    0    0   32    0   33   17   43   46    0    0   30   12   13   25   24    0    0   11   40    0    0    4    6    0    0    0    0    0    0    0   35    0    0    0    8   43    0   38   28    0    9    0    0    0    0    0   10    0   33    0    0   29  
  38    0    0   12   33   18   43   32    0    0   31    0   40    0    0    0    0   21   13    9    3   45    0    0    0    5   45   27   40    4    2    7    0   29   19    0   42    0   16    0    0    0    0    0   14   11   46    0    0   26    0    0   23    6    0    0    0   47    0    0    8    0    0   28   37    0    0    0    0    0   36    0   41   30   20    0   25   44    0    0    0   22    0   17   24    0    0   34   39   10    0    0    0    1   44    0    0    0   35   15  
   0    0   19    0    0   33   13   21   30   11   16   44    3   27    0   12   36   28    0    0    2    0    0   43   35   22    0    0   15    1   41    0    0   34    0   10    0    0   38    0   42    0    0    0    0   20   47   26   29    0    7    4    0    0    0    0    0    0    0    0   47   32    0    0    0    5    0    0   37   40    0    0    0   24   23   45   14    6    0   20    0   36    0    8   46   39    0    0   25    0   18    0    9   17    0   31    0    0    0    0  
  47   11   43    0    0   39   42   34    5    7    0   23    0    0   10    0    9    0   44   12    0    6    4    0    0   25   21    0   24    0   17   36   31    0   30    1    0   45    0   35    2   39   28    0    8    0    0    0    0    0   27    0    0    0    0    0    0   32    0    0    0    0    0    0    0   38   15    0    0    5    0   41   16   46   14   29    0    0    0   40    3   20    0    0   13   18   33   37    0   22    0    0    0    0    0    0   44    0   19   26  
  45   37   26    0   43   42   14    0    3    0    0   35    2   28   11    0    0    0    0   47   33    0    0    0   38    0   25   32    0   30    0   18   13    5   16    0   44    7   10   20    0   36    1    5    0    0   24   12    0    0   34    0    0    0    0    0   19    0    0    0   17    0    4    0    9   23    0   40    6   27   41   15   22    0    0    0    0    0    1   29    0   21    0    0   46    0    0    9    0    0    0    0   31    0    0    0    8   39    0    0  
   0   34   22   20    0    0   27    0    7    0   43    0   10   41   28    0   46    0   32   12   31    0    0    0    0    0    5   13   36   12   18   38    0   45    0    0   24   14    0    9   29   18   13   30    0   26    0   25    0    8    0   33   21   23   19   40    0    2    0    0    4   35    0    0   17    0    0    0    0    0    0    0    0   39   47    0   11   16    0    1    0    0    0    0    0    0    3    0    0    0    6    0    0    0   15   44    0   42   37    0  
  36    0   11    0   26    0    0    0   37    0    0    0    0    0    0   41   30    0   29   35   25    2    8    6   31   39   22    0   17    0    5   24    0   33    0    0    4    0    0    0   23    1    0   43    0    1    0   20    0   28    0    0    0    0   44    0    0    0   14    0    3    0   22    0   40    0    0   18    7    0    0    0   34   32    0    0   12    0   16   13    0    0    0   42    0    0    0    9   15   38   45   10    0   21   32   46   19   27   47    0  
   0   25   22   32    0    0    0    0   23   42    0   44    0    0   24    0    9    1   27    0    0    8    0   33   28    0    0    0    3    0   47   12   13   41   36   11   16   30    0   35    6    0   17    0    0    4    0   14    2   21    0   39   40   29   15    0    0   34    0    0   38   20    0   26    0    0    0   31   37   46    0    0   18   19    0    5    0   41    0    0   16    0    0    0    0    0    0    0    0    0    0    0    0    7   20   10    0   43    0   45  
  30   13   36    0    6   41   24    3    0   45   35    0   44    0   26    0   10    9   18    0    0    0   20    0   33    0    0    0   14   37    0    0   12   21    0   46    0    0   17    0   16   31   47    8    5   11   25    0    0    0    0    0    0    0   28   32    0   23    0    0    0    6    0    0    0   29    0    0   19   43    0   39    0    0    0    0    2    1    0   40   34   42   27    0    0    0   22   38    0    0    0    4    0    0    3    0    7   15    6    0  
   4   43   15    8   35    0    0    0   13    0    0    0   26   22   29   21    0    0   47    0    0   27    0    0    0    0   41    1    0    7    0   25    0    0    0   42   33    0   21    0    0   11    0    0    0    0   45   20    0   30   37    0   39   34   23   19   16   10    0    5    0    0   37    0    0   32    2    0    0    0   44    0   18    5    0   28   36    0    0   31    0    3    9   17    0    6   38    0    0    0    0   40   14    0    0    0    0   12   24   46  
  24   39    0    0    0    9    0    0    0   11   17   26    0   41    0    0   19    0    0    0    0   20   42    0   14   44    4    0   33   27    0   15   29   39    0    0   13    0    0   23   40    0    0    0    0   21    9   37    0    0   22    6    0    0   30    0    0    0    0    0    0    0   12   28    0   10   35    0    0   43    1   45    0    0    1    2   16   32    5    0   31    0    0   36   25   38    0    3    7    0   46    8   47   34    0    0    0    0    0   18  
   7   47    8    0    0    0    0    0   10   22    0   30    0   12   34    2   21    0   28    0   33   11    0   44    0   20    0    1    0    0    0   13   32    0    0    0    0    0    0    0    5   15   36   27    0    0    0    9    0    0    0    0    0   42    0    0    0    0   31    0    0   28   19   16    0   25   39    0    4   23    0    0    0    0    0   46   18   35    0   37    0    3    0   14   38    6    3   24   41   43   17   16   40    0   26   29    0    0    0   45  
  26    0    0    0   41   37   46    0    0   24   42    0    0    3    0    0   40    0    5   21   11   25    0    0    0    0    0   36   13    0    0    0    0    0    0   40    8    6   30   20    0   16    0    0    0    0    0    2    0   43    0   29   10   44    0   45    0   15    0    0    0   17   22    0    0   33    0    4   12    0   47   34   31   14    0    0   24    0    0    0    0   35    0   23   38    0    0   28   19    1    7    0    0   47    9   18   39   27    0   32  
   0    0    0    0    0   27    0   21   18    0   11   20    0    0    0    0    0   38    0   15    8    0   10   31    0    0    0   42   28    0   16   37    0    0    0    0   25   40   22    0    0   39   29   27   43    0    0    0    0    3   24   36    0    0    0    0   37    0    0   45   26   32    0   13    0    0   23    0   35   47    0   30    0    0   44    0    0   33   14   11    9   46    7   41    5    0    0    6    1    0    0   34   12   19    0    2    0    4    0   17  
  11    0    0   31   19    0   37    0    0    0    0    7   40    0   23   38    1    0    0    0    0   43   29    0    0    0    7   39    0    0    0   35   47    0    3   20    0   25    8    0   44   28    0   13    2    0    0   34    0    0    0    0    0    0   12    9   21    0    0   36   42   45   32   18   46    0   26    0    0    4   41   10   14    0    0    0   39   22   27    0    0    6    5   16    0   33    0    0   30    0    0    7   24    0    0   17    0    0    0   15  
   1    0   33   15    0    3    0   16    0    0    0    0    5    0   15   30    0    0   43    0    0   46   28    0    0    0   17    0    0   10    0    0    2    0    0   37   20   47   19    0    6    0    0   38   22    0    0    0   45    7    0    8   39    9    0    0    0    0   27   41    5    0    0   35   11   36   18   42   44    0   13   29    0    0   31   32    0    0    0    0    0    0    0   14    0   23    6   21    0   12   26   25    0    0    4    0   24   40   34    0  
   0    0    0   29    0    0    0    0    0    0   25    0    0    0   46    6    0    0    0   11    0    0    0    0   41    0    0    0   32    0   19   43   17    0    0    9    0   10   27   45    0   18    0    0   20   30   22   23    3    0    0   34    0   38   13    2   31    0   16   26   36    0    0    0    5   16   47   40    0   21    0    7    0    0   30   26   35   12    0    8    1   33    0   42   37    0   44   28    0    0   39   24    4    0    0   15    0   14    0    0  
  45    0    0    0    0    0   33    0    0    0   19    8   39    0   17    0   24    0   38    0    3   21    0   12    0   23    0   43    0   47    0    1    0    0    0    0   31    5    0   32   28    0    0    2    0   35    0    0    0   15    0    6   13    0   42    7   37   41    0    0   26    0   10   41    0    0    0   10    0    0   20   29    0   46   22   29    0   18   25    9   14   40    0   34    0    0    0    0   30    4    0   36    0   44   11    0    0    0   27   16  
  19    0    0   26    0   27   11   16   47   37   29   35    0    0   21    0    0    7   20   17    0    0   39    0    0   32   23   46    0   31   14   40   33   38   13    0    0   12   44    5    0    0   45    0   24    0    0    0    0    0   18    0    0   22    0    0    0    0    0    0    0    0   38    0    0    2    0    0   36    0    6   29   43   25   10    1    0   18    0    9   34    0    8    0    0   42    4    3    0   28    0    0    0   15    0    0    0    0   41   30  
   9   42    0   24    0   29    0   39    0    0    0    7    0    0    1   18    0   47   17    0    0    0    1   14    0    0   43   21   36    0    0    6    0    0    0    0    0   26    0    0    0    0    0    8   22   33    0   38   44   13    0    0    0   45    0    2   41    0    0   12   37    0   27   25    5    0    4    0    0    0   10    0   40   19   16    0    0    0   11   23    0    0    0   28   34   31   30   15   36    0    0    0   35    0   32   26   46    0   20    3  
  33   15    5    0    0   42   20    0    0   43    0    0    0    0    0    0    9    0    0    0    0   21   12   14    0   25    0    0    0    6    0   22   37   12    0    0    0   28    0   16   17    0   32   41    1   11    0   36   19   40    2    0    0   13    0   34   31    7    0    0    8   33   24    0   24   23    0    0    0    0    0    0    0    0   46    0   30    0   38    0   10    0   26   27   39   44    0    4   18    0    3    0   45    0    0    0    0   29   47   35  
   0    6    0    0   27   17    7    0    0    0   44    0    0   45   15   39    9    4   40    0    0    0   23   34    0    0   23   28    0   31    0   19    0    0    0   39    0    0    0    8    0   30    0   41    0    0   16    0   12    5   24    0   20   14    0    0    0   43   42    0    0    0    0    0    0   26    0   10    0    0    0   21   13   42   11   46   32    2   22    3    0   33   38    0    1    0   18   36    0   29    0   25    0    0   35    0    0    0   37   47  
   0    0   15   16   11    0    0    0   30    4   14   13   22   42   33   37   39   34    0   32   40    0    0   16    0   22   20    0   35   29    9    0    3    0    0   46    0    0    0    0    5    0    0    6    0    0   18    0    0    0   10   28    0    0    0    0    0   12    0   21    0    0    0   36   45   23    8    0    0   41    0    0    0    0    0    0   43   25   17    7    0    0   26    0    0    0   19    0   47   24    0    1   38    6   27    2    0   44   31    0  
   0    0    0    0    0   40    7   28    0   19   34    0    0   31    0   13    0   24   46   36    0   16    0    0    0    0    0    0    0    1    0    0    0    0   27   39   43    4   10   14    0    0    0    0   12    0    9   41    0    0    0   35   30   25   24    0    5    0   33   15   26    0    0   42    0    0    0   44    0    0   32    0    0    8    3   18    0    0   45   47   20   17   38   22    0   11   29    0   30   23    0    6    0    2   21   45   37    0    0    0  
   0    0   29   31   20    0    0    0   23    0   12    2    0    0   24   25    0    0    0   14    0    0   21    0    0    1    0    0   28    0    9    0    0   39    0   13    0   18    0    0   17    0   41   40    0    0    0   32    0    0   41    0    0    0    5   42    0    0    0   34    0   35   19    0    0   36    0   11   45    0    0   16   15    7   10   33   43   27   38    6   36   44    3   41    0   30    0    0   22    0    0   37   46   47    0    8    0    4   26    0  
   0    0   22    0   40    3    0    0   36    0    0   19    0    8   18   10   27    0    0   33    0    0   35   11   24   44    0    0    0    0    0    0    0    4   20   40   43   41    0    0   17   23   46   15    0    0   31    0   25    5   47    0   25   45    2   26    0   37   30    0    0    0    0    1   34    0    6   38    0   12    0    0   33    0    0   13    0    0   16    0    0    0    0    0    9    0   42    0    0   32    7   21   14    0   28   39    0    0   29    0  
   0    6    0   13    0    0    0    0   22    0    0   39    0    0    1   34   26    0    0    0    0   40   20   37   38   24    0   12   42   31   25   32   10    0    0    0   27   29    0    4    0    0   18    0    0   36   15    0    0    0    8   46    3    0   35   33    0   21   41    0    0    0    0    0   21    0   30    0    0    0   17    0   16    3    0   28   23   14   19    0   43   11    0   44    0   38    0    0    9    0    2   47    0    7    0    5    0   45    0    0  
  31    0   44    0   46   43   27    0    0    9   34   13   14    0   37    0    0    0    0   23    0    4   32    0    6   18    0    0    1    0   38   47    0    0    0   21   10   29   20    0   37    3   33    0   17   16    0   30    8    0   39    0    0    3    7    0    0   19   45   41    0   24    0    0    0    0    0    0   26    0    0   40    0   35   36    0   28    0    0    5   42    0    6   22    0    0   25    0   11    0    0    0    0    2    0    0    0   15   12    0  
  44   32    0   12   15    0    0    0    0    0   27   16   47    0   10   31    0   14    0    0    7   21    0    0    0   13    0   23    0    0   39   36    0    0    0   41    0   42    0   25   41   38   24    4    0    0   11    0    0   18    5   40    0   29    0    0    0    0   19    6    9   46   22    1    0    0    0    0   26    0    8    0   17    0    0   20   35   28    0   45   31   37    2   34    0    5   43    0    0    0   33   30    0    0    0    3    0    0    0    0  
   0    0    0   25    0    0    0    0    0   29   12    0   26    0   15   17    0    0    0   20    0    0   43    3   46   36   40    0    0   31    0    0    2   32   10   19    5   30    0    9    8    0    0   21    0    0   23    0   34    4    0    0    0   37    0    0   11    0   13   22    0   28   33    7    0    1    0    0   39    0   44    0   47    0   16   21    0   10    0   35   41   18    6    0    0   24    0   45   38   27    0   14   42    0    0   24    0    0    0    0  
   0   26   22   12   35    4    0    0    0    0   45   44    8    0    0    7    0   46   34    0    0   32    0    5   14   47   36    9    0    0    5    0   24   17   29    0   38   11   41    0    0    0    0   33    0    0    0   47   18   40   21    0   39   16    2   19    0    0    0   30   37    0    0    0   23    0   20   31    0   43   15    0    0    3    0   33    0    0    0    0   10   27    0    0   13   25    0    0    0    0    0    0    0    1    6    0    0   28    0   42  
   0    0    9    0   14    8    0    0   23   43    0   20   24   25   31    7    0    0    0   28   30    0    0   44    0   26    0   17   46    6   22   42    0   11    0    2    0    0   21    0    0   18    0   19   33    0    0    0   19    0    1    0   34    0    0   13   12   37   47    0   16    0    0    0    0   35    0   24    4   15   40    0    0    0    0   39    3   38    0    0    0    0    0   29    0    8    0   27    0    5   10    0   32    0    0    0   36   41    0   45  
   0   31   44    0    2   14    0   38   21    0    0   16    0   35    0    0   30   18    0   40    0    0   17    0    0    0    0    1    0   25    9    0    0   43   47    0    0    0    0    3    0   29    0    8   11   12    0   24   46   37   28   23    0    4   36   26   15    0   32    0    0    0    0   36   12   19    0    5    2    6    0   22    0    0    0   34    0   27    0   20    0   39   33    0    0    0    0    0   13    0    0    0    0   10    0   41   42    0   45    7  
  31    7    0   40    0    0   44    0   22    0    0    0    0    0    0   29    0    0   17   38    0   23   18   46   13    9    1    0    8    0    0   10   36    0    0    0   39    0    0    0    0    0   47    0    0    5    0    0   14    0    0    0    0    0   21    0    0   15   24    2    0   25   42   32    0    0    0    0   20    6    0    2    0   30    4   33    0   41    0   35   16   11   19    0   27   37   12   24    3   34    0   43    0    5    0   45    0   28    0   26  
   9    0   40    0   30   21    0    0    0   15    3    0   14   22    2    0    0   10    0   45   23   33   28    0    0    0    8    0   26    7   20   19    0    0    0   16    5    0   37   24   38    0    0   17    0    0    0    0    0    0    2    0    0    4   35    0   13   42    0    0   29   12   27    0   31   11   36    0    0   44    6    0   41    0    0   35    0    0    0    0   32   18    0    0   46    0   43    1    0    0   25    0   47    0    0    0   39    0   34   46  
   0   47    5   14   11   27    3    0    0   25   44    0    0    0   39    0    0   29    9    2    0   15    0   37    0   43   42   19   45   20    8    0    0   24    0    0    6   40   46   22   33    0    0   16   10    4    0    0    0    0   26    0    0    0   41    0   11   38    0   12    0    0    0    0    0   31    3    0    0   34    0    0    0    0    0   30    0    0   35    0    0    0   18   36    0   35    0    0   28    0   23    7   32    0   17   21    0    1    0   13  
   0    0   29   31   33    0    0   32    0   26    9   30    5    0    0    0   20   13    0    0    0    0   27    8   14    0    6    0    0   25    0   11    0    0   38    0   35   37   17    0    0    0    0    0    0   12    7   13    0   16    0   34    0    0    0    0   15    0    0    0   22   28    0   39   46   40    0    0   41    0    1    8    0    4    0   47   19   24    0   43    0    0   23   36    0   18    0   21   45    3    0    0    0    2   44   42    0   10    0   41  
   0   36    0   10   38   33    0   18    0    0   41   14    0    0   41    0   12    0   19   26   15   23   20    0    0   45    0   21   44    3    0    0    0   43   29    0    0    0    0    0   26    0    2   35    0    0    6   32   13    0    0    0    0   31   37    1    0   36    7    0   30    0    0   24   42    0   47    0    0   22    0    0    8    0   39   27   46    0    0    0   11   28    0    0    0   40    9   25    0   34   17   16    0    5    4    0    0    0    0    0  
  13    0    9   10    0   14   40   47    0   29   28    0    0   30    0    0    6   32    0    0    0   22   37    0    0    5   21    1    0    0    0   26   19    0    3    0    0   44    0    0   27    5    0    0    0    0   16    0   33    0    0   41   15    0    0   31   39    0    0   45   36   18    0   20    0    0    0    0   43    4    0   12    0    0   38    0    8    2   25    7   24   34    0    0    0    0    0   35   17   23    0    0    4    0    0   11   46   38    0   42  
   0   38   45   23   20   43    0    0    0   26   14   13    5    0    0    0   42    0    0   10   43    0   17   37    0    0   30   31    0   18    0    0    1    0    0   34   27    0   11   29   19    4   41    0    0    0    3    0    9   36    0    0    0    0   33    2    8    0    0    0    0   44   21   39   35    0    0    0   32    0   12   25    0   47   24    0    6    0    0    0    0   36   15   28   16    0    0    0   22   45    0    0    0   40    0    0    7   46    0    0  
   0    0    0    0   47    0   19   18   25   45    0    0   43    7    0    1   21   31    0   14    0    4    0    0    0   44   26    0   34    0    9    0   39   42    0    0    0    0    0    0    0   23    8    0    0    0    0    0    0   29    0    0   17    0    0   24   33    0    2   16   41   11    0    0   15    3    0   36   27    0   32    0   37   30    0    0    6   13   10   11   28    0   35    5   20    0   27   13   38   22   46    0    0    0    0    0    0    0   40   12  
   0   35   40    0   20    0   46    9    8    0    0    0   33    0   36   32   45    0    0   28    6    0   18   26   47   17    0    0   23    0   12   23    0   19    0   30    0    0    0   21    0    0   34    1    0    4   31    0   25   41    0   22    0   29    7    0    0    0    0    0    0    0   24   33   27    2    0   13   15   42    0    0   38   16    0   11    0   44    0    0    0    0   16   37    0   39    0    0    0    0    0    0   43   14    5    0    0   10    3    0  
   0   44    0    0    0    0   14   41   46    0   37   26   47    0   34   18   44    0    1   28    0    0    7    0    0   29    0    0    0    5   32   40    0   43    0    0    0    0   21    0    0   31    0    0    0    2   38   13    0    9   34    4    8    0   30    0    0    0   42   36    0   17    0    0   35    0   21    0   10    0   15   22    3   39   11    0   33    0    0   20   16    0   12    0    0   27   23    0    0   25    0   24    0    0    6    0    0   45    0   19  
   0   18    0    0   25   20   40   36   33    0    0    0    0   11   38    7   45   43   32    0    0    0    0    0    0    0    0    0   47   35    0   13    0    0    0    0   17   23   19    8   34   24    0   36   29    0    5   37    2    3    0    0    1    0   16    4   41   27    0   10    0    0    0    0    0    0   21   22    0    0   31   26    0    0   28    9    0    0    0    0    0    0   23    0    0    0    0    0    0   39   12   14   44    0   14   30   46    6   42   15  
  22    9   42   14    0   13   37   41    0   10    0    0   25   31   43   40   38    0   46    0    0    0    0    0   34    1    0   43   33    0   12   19    0    0   15    0   44    0    0    3    0   18   17    0    0    0    0    0    9   27   26    0    0    5    0    0    6    0   32    0    0   28   11   47   45    0   36    0    0    0   20    0    2    2    0   35    4   24    0    0   30   29    0   39    0    0    0    8   21    0    0    0    0    0    0   23    7    0    0   16  
   0   24    0    0   18    0   36    0    0    0   30   15    0    0    0    0   26    0   43   12   28   11    3    0   17    0    0    0    0   41   13   37    9   33   22   14   39   29    0    5    0    0    8    7    0    0    0   19   17    0   42    0   20    0   12   45    0   32    1    0    6    0    0    0   16    0    0    0   34    0   23    0    0   44   46   10   47    9    0   38   31   40    0   27    0    0   21   35    0    0    0    0    0   25    2    0    0    0    0    4  
  15   38   26    0    0    8    0    0   41   29    0   22    0   33    7    0   18    0   44    0    0   12    4    0    6   11    0   28    0    0   21    0   17    0   47    0    0   24    0    0    0    0    0    0    0    0   34   40   37    0    0    0    0   10    0   27    0    0   24   31   42   14   35    0    0    1    0    0    0    0   13   43    0   16    0   45   36    0    0    5    0   23   39   19    9   24   20   46    0    0   46    0    0    0   25   32   30    0    3    2  
  20    0    0   34   19    0    0    7   24    0   44   10    0    0   26    8   43    9    0    0    0   37    0    0    2    0   25   15   12    0    0    0   35    0    0    0   45   47   22   33    1   14    0   13   21   31    0    0    0   24    0    0    3    0    0    0   24    0   18   23    0    0   38   39   27   36   11    0   17    0    0    0   40    6    0    5   26    0   16    0    4   32    0    0    0   30    0   41    0    0    0    0    0    0    0   46    0   29   28   42  
   0    0    0    0    0    0   24    0   41    0   13    1   29    0    0   14    0   33   45   10   20   42    0    0    6    0    0   31   22   47    0    0    0    0   43   32    0    0   18    2    0    0   15   40    0    0   19    7   26    0    0    0   27   37    0   12   23   34   35    0    0    0   44    0   17    0    5    8    0    3   30    0    0   46    0   21   11   33    0    0    0   36   25   38    0   39    2    0    0    0    0   16   33    0    0   28    4    0    9    0  
  11   14   13   45    0    0    0    6   40    0    7   38    0    0    0    0    0    9    0    8   32    0   30    0    0    0    0    0    0    0   17   29   43   36    0    0   23   19    0    0   22    0    5    0   27    0    0   20    0    0    0   16   24    0    0   21   35   42   41    0    0    0   37   15    1   23    0    0    0   23    0    0   31    0    0   34   44    0    0    0   10    0    2    4   25    0    0   12   46   47    0   18   26    0    3    8   39   28    0   33  
   8   27   39   10   30    0    0    4    0   11   23    9   38   43   26   37   16    0    0   41    0    0    0    0   32    0    0    0   13    0   11    0    1    6    0   31    0    3   44    0    0    0    7   19    0    0    0   35   22    0    0    0   33   45   46   15    0    0    0   36   18   20   42    0   24    0    2    0   14   12    0    0    0   40   20    0   17    5    0    0   28    0    0   34    0   25   47    0   29    0    1   21    0    0    0    0    0    0    0    0  
   0    0    0    0   19    0    0    0    0   11   32    0    0   16    0    0    9   29   38   20    0    0   31    4   18    0    0    0   41    0   39    0   35    0   42   27   10   21    0    0    2   29    6    0   26    0   31    0    0    0   17    0    0    3    0    0    0   45    0   15    1   22   28   43    8    0   25   13   30   24   14    0    0   40    0    0   46    7   36   23    0    0   44    0   12    0    0   37   14   33   34    0    0    0    0    5    0    0    0   47  
   0   46    0    0   11   37   16    0   36    0    0    6    0   24    0   32   39    0    0   44    0    8    0   40    0    0   17    0    0    0   13    0    2   41    0    0    0    0    0   30    0   28   15    0    0   45   23    0    0    0    6    5    3   33   18    0   12    7   43   38    0    0   34    0    0    0    0    0   22    0    0    0   14    0   26   35    0   27    1   19    4   29    0   25   20    0   21    0   31   23    0   41    0    0   47    0   42   10    0    9  
  25   41   39   18    0   12   36    0    0    0    0   45   13    0   19    0    0    0    0    8   27   24    3   28    0    0   30    0   22   10    5    0    0    0    0   28    0   15   35   33   22    0   21    0    0    0    0   20    9    0    0    0    0   44    0    0    2   46    0    1    0   43    0   11    0    0    4    0   40   31   47   23    0   46    0    0   26    0   14   37    0    0   17    0   34   29    0   42    0    0    7    0    0   32    0   38    0    0    6   16  
  46    9    0    0   15   42    0    0   37    0    3   35    8    0   25    0    0   33   32   34    0   11    0   44    0   21   36    0    0    0    0    0   47    0   17    0    0   19   41   20   16    0   43   18    0   13    5   25    0    0    0    0    0    0    4    0    0    0    0   22    0   37    0   24   14    0   12    1   28    0    0   23    0   29    0    0   39   10   38    0    7    0    4   31   27    0    0    0   26    6    2    0    0   30    0   40    0    0   45    0  
   1    0   37    9    0    0    0    0   25   11    0    0   15    0    0   22   40   35   28    0   39    4   41    0    0    0   22    2    1    0    0    0    0    0    0   13    0   18    0    0   27   25    0    0   12   38    0   30    0    0   29    0    0    0   23    0    0    0    0   31   45    0   46    8   10   32   19    0    0   44    0    0   34    0    5   33   47    0    6    0    0    0    0   43   14    3   26   36   24   21   42    7   17    0   20    0    0    0   16    0  
   0    9    0    8    0   27    0   31    0   16    0   34    0   38    0   24    0   39    0    0    2   14    0   36    0   29    0   18   23    0    0   15    0   20   18    0   33    0    0    7    0   47    0    0    0    0   11    0   10    0    0    3    0    0   37    2   25    0   44   45    0   46    0   17    0   35   26   30   40    0   22   23    5    0   19    0    0    0    1   42   12    0    0   13   43    4    0    0    6    0   32    0   41    0   28    0    0   21    0    0  
   0   17   35    0    0   44    0   30    0    8   32   38    2   18   46    0   34    0    0   19    0   14    0    0    0   20    0   25    0    0    0    0   27   21    4    2    0    0   30   43    5   31   29    0    0   15   24    0   37    0   10   26    0    0    0   39   28    0    6    0    0   16    1    0   22   33   36    3   40    0    0    9    0    0    0   22    0    0   45    0    0    0    0    0    0    0    0    0   23    0    0   13    0   12   11   42    7   47   41    0  
  17    0    0   18    0    0    3    8   38    0    0   45    0    0    0   30    0    8    0   10   47    0    0    0    0   28    0    0   29    4    0    0    9   44    0    0    0    0    0    0   34   22   33   43   36   19   16    0   35   25    0    0   20    0    0   32    0    7    0   14    0    0    0   40    0   26    0   23    0   31   37   13    0   41    0    0    0    0    0   15    0    0   11   21    2    1    0    0   39   46   12   42    6    5    0    0   27   24   25   32  
   0    0    0    0   27    0    0    0   47    0   25    0    0   21   34    0   12   37    0    0    3   15    0   13   11    0   31    0    0    1    0   44    0    0   18   23    0   26    0    0   35    4   40    0    0    0   14    0   29    9    0   41    0   20    0   39   16    0   32    8   10    0    0    0    0   36    0   38   17    6    0    0    0    0   33   22    0    2    0    0    5    0   19    7   30    0   31   42   43    0    0   28    0   45   24   26    0   16    0   46  
   0    0   14    6   37   45    9   43   25   47   13    0    0   19    0    0   27    0    8    0    0   24    0   31    0    2   20   39    0   10   46    0    0    0    0   41    0    0    0   44    1    0    1   34    0   29    0   22    5    0    0    0    0   21    0    0   42   32   30   32    0   16   36    0    0   35   33    0    0    0    0    0    0   28   35    0    0    0   12    0    0    0    0   11    3    0   38    0   40   26    0    0    0   17   18    4    7   23   15    0  
   0   29    3   24    0   46   13   26    0   42   16   11   39    0    0    0   31    0    5    0   28   25   14   38   27   30   35    0    0   12    0   22    0    0   41   47    0    0    8    1   44   15    0    9   10    0   23    0    0    0   18   17    0    0    0    0   19    0   43    0    0    0    6    0    0   21    0    0    3    0   26    0    0   20   34    0   24    0    4    0   33   36    2    0    0   32    0   45    0    0    0    0    0   37    0    7   40    0    0    0  
  11    9    0    0    0    0    0    0    8   14   41    0   22   46   23    0   15    0   21   35    2    5    0    1   47   24   41    3   13   31    0    0    0    0   37    6    0    0    0   12    0   30    0    0    0   28   36    0    0   18    0    0   42   10    0    0    0    0    0    0   29    0   27    9   40    0    0    0    0    0   32    0   16    0   38    7    0   34    0    0   17   39    4    0   44   26    0   19    0   43    0   25    0    0   19    0   20   45   33    0  
   0   23    0   36    0   26    0   24    0    0    0    0    0    0   31   47   25   41   12   12   19    0    0    0    0    0    0    0   30    0    0   13    4    0   23    6    0    1    0    0   44   35    0    0    0    3   37    0    5    0   38   21   42   16    0   22    0   10    0   29   11   39    0    0   40    9    0   45    0    0    2    8   14   27   46   32    0   15    0   18   20   43    0    0   28    0    0    1    0    0    0   33    0    7   17    0    0    0   34    0  
   0    0   16   27    0   39    0   47   21    4   26   12    0   40    0    0    8   28    0   10    0    0    0    0   30   34   17   23   34    6   14   37    0    0    7    0    0    0    0   45    6    0    0   29   44    0   41    0    0    0    0    0    0    0    0   13    9    0    0    0    0    3    0    0   25   46    0    0   24    0   35    0   15    0    0   31    0    1    0   42   18    2    0    0    5   43    0   37    0    0   19   22   33   36    0    0   38   11   20   32  
  29    0    0    0    0   18    9    0   39    0   46    5   15    0    1    0   38    0   12    0    0    0    0   35    0    0    0    0    0    0    0   10    0   22    0    0   26   25    0   27   16   28    0   14    0    0   24    0   37   20   42   10   30   32    0   13    3    0   23    8   33    0    2   31    0    0   44    0    0   47    0    0    0    0    7    0   31    4   19    6   34   17   11   21    0   43    0    0   36   36   45    0    0    0    0   40    0    0   41    0  
  34   39   15   11   23    0    0    0    0   33   37    0   42   29   46   25   10    0    2    0   13    6    0    0   41    0    0   36    0    0    0    0    0    0   16   24    4   45    0    0   44    0    0    5    9    0    0    0    0    7   32    0    0    0   17   14   43    0    3    0   22   35    0   28    0    0    0    0   38    0    0    0   30    0   40    0    0    0    0   31    8   26    0   46   47   18    0    0   19   12   37   21    0   14    0   27    1    0    0   20  
  26    7    0    0    0   27    0    0    0    0   22    0    0    0    0    0   28    0   25    0    0   33   19   26    0   12    0    0   45   45   30   16    6   38   41    0    0    0   15    0   39    9    5    0    0    4    0   10   44    0    0   20    0   21    0   24   43   35    1    0    2    0    0   31   17    0    0   14    0   11    0    0   26    0    0    0   42    0   47    8   34   13    0   18    0    0    0    3    0   37    0    0   23    0    0   36   32   46   29   40  
  41    0   39    0    3   42   15    0    0    0    0    0    0   19    0   46   23    0   11   27   21   12    0    0    6    0    2    0    1    0    0   29    0    0    0    0   10    0   47    5   25    0   33    0   37    0   18   14    0    0    0    0    5    2   31    0    0   16   28    0   44    0    7    0   13    0   17   40    0    0   38    0    0   26    0    0    9   30   43   22   24   35   34    0    0    0    0   45    0   20    4   36    8    0    0    0    0    0   32   29  
  31    0    0    0   17    0    0    0   12   25    0   41    0    0    2    0   36    0    0   27    0   29    0   14   18    0   22    0    0    0   16    0    0    0    0    0   33   15    5   10   28    0   46   44    0   23    0    0    0    1   19    0   18    0   39    0   32    0   25    0    7   35    0   13   30   38    6    0   24    4   42    0    8    0   20    0    0    0    0    0   21   40   45    9    0   37   26    0    0    0   34    0    3    0   11   47   43   14    0    0  
   0    0    0    0    0    0    0    0    7    0   16   22   38    0    0    0   31   14   24    1   12   11    0    0   34   20    6    5    0   30   10   13    0   37    0    4   42   17    0    0    0   29    0    0    0   47    8    0   35   32    0   33   46   45   23    0    0    0    0    0   15   38    0    0    0   25   43    0   39    9   41    3    0    0   36   18    0    0    0   21   40   15   15    0   27    0   19   26    0    0    0    2   44    0   28    0    0    0    0    0  
  36    0    0    0   33    0    0   22   40   32   37    4   47    0    0    0   24   44    0    0   13    0   47    0    0   26    0    6    0    0    0    0   31    7    2    0    0   41   46    0    0    0    9    0    1    0    0    0    0   29   11    3    0    0    0   28    0    0   19    0    0   38    0   23    0   25   35   17    0   39   42    0    0   34   27    0   43   20    0    0    0   14   21    0    8   15    0   12   16    0   18    5    0   39   45    0    0   10   18   30  
  27    0    3    0   20    7   13    0    0    5    9    0    0   31   39    4   16    0    0    0   30   11    0   17    0    0    6   18   24    0    0    0    0   47   26   43    0   34   29   36    0    0    1    0    0    0   38   28    0    0    0   35   33    0   14    0    0    0    2   10    0   27    9   40   15   37    0    0   44   23    0    0    0   22    0    0    0    0   46   25   19    0    0   42    0    8    0   41    0    0    2   32    0    0   45   12    0    0   21    0  
  44    0   31    0   46    0    0    6   12   33   36    0    0    0    0    0   45    0   43    0    0    0   29   19   10   21    0   14   41   18   39   34   42    0   23    0    0    0    0    0    9    0    3    0    0    5    0   11   16    0    0   24   25    0   27    0    0   13    0    0   26    0    0    0   40    0   38    0    2    0    0    8   20    0   37    1   30    0   32   23    4    7    0    0   22   27    0    0    0    2   15    0    0   47    0    0   35   28    0   17  
   0    0    0    0   18   43    0   13   23   45    0   22    0    0   16   31   25    0    5    0   44   14   37    0    0    0   46    0   20   34    0   12    0   33    0    0    0   19   21   39    0    0    1    9    0   30    0   47    0    0   14    8    0    0    0   40    0   26   24    0    0   41    0   38    0    0   15   35   29   32   36    3    0    0   19    2    6    4    0    0    0    0   27   42   35   28   17    0    0    0    0   10   11    0    0    0    7    0    0    0  
   4    0    8    0    0   34   14    0   10    0   42    0   23    0   44   38    7    0   24    0    0    0    0   43    8    0    0    0   20   16    0   47    0   19    0   11    0    0   41    0    0   40   29   22    0    0    0   36    0    0   45    0    0    0   21    0   39    0    0   25    0    0   28    0    9   33   11   31    0   17    0   32    0   37   35    3    0   46   30   12   27    0    0   18    0   15    2    0    0    6    0    0   13    0    0    0    1    5   37   26  
  32    0   37   44    0   10    0    0   34    2   13    0    0   27   23   25   18    0    0   29    0   15    0    0    0   43    0   11    0    0   16    0    0   47   31   40    0    0    0    0   24   14   24   12    4   28    0   38    0   39    0    6    0   39   17    1    0   22    0    0    0   19   36    0    0    5    0    0    0    0   41    0   26    0   35    0   10    0    0    0    0    0    9    0   45    0    0    3    0    7   20   33   42    0    0    8   30   21    0   46  
   0   42   24   22    0   12    0    0    3    4   39   13   30   21    0    0   36    0    0    0   14    9    0   27   47   18    0    0    2    0   29    0   40    0    0    0    0    0   38   33    0    0    0   45    0    1   38    0    0    0    0   10    0    0    7   19   23    0    0   28    8   37   20   44   32   44    0    0   16    0    0    0   25    0   31    0   34   15   26   41    0    0    5    0    0    0    0   46    0    0   35    6   11    0    0    0    0   17    1   43  
   0   20    0    0   30   13    0    0    2    0    0   24   44   22   37    0    0   29   27    5    0   45   18   25    0   14    0    0   46   17    0    0   40   26    0   28   23   34   38   19   43    0    0    0   15    0    0    0    3    0    0    0   35    0   41    0   12   38    0   33   42    0    0   47   36    0    0    0   39    9    1    0   32    0    8    0    0    7    0   16   10    0    0   31   21   36    6   11    0   12    0    0    0    0    4    0    0    0    0    0  
  21    0    0    0    0   37    0    0   32    0    0   35    8   43   29    0    0    0   15    9    0    0    2   17    0   22   14    0   24    0   20   23   41    0   45   15   34    4   39    0   19   31    0    0    0    0    0    0   28    0   25   34    0    0   26   40   38    0    0    0   46    0   33    7   10   18    0   16    5    0    0    3   44    1    0   13    0    0    0    6   11    0   36   27    0    0   30   47   12    0    0   31    0    0    0    0    0    0    0   42  
  14    0   22    0    0    0    0    0   11    0    5   20    0    0    0    0    0    4    0   44   21    0   25   35    0   38    0   41   13    0   42    0   19    0    0   29   33    0   30   43    0    3    0   17   23    0   10    0    0    0   31   32   21    3    0    0    0   45    6    0    8   12    0   26    0    4    0    0    7    0    0   46   28    9    0    0    0    0   36    2   47   27    0    0    0    0    0    0   39    0   15    0   34   24   18   40   16   37    1    0  
   0   23    0    0   32    0   19    3    0   27    0    8   24    0    0   15   16   28    0    0    0    5   47    0   18    0   26   30    0   43    0    9   25   34   11    0   31   14    0   29    0    0    1   40   13    0    0    0    0    0   20   46    0    0    0    0   36   22   34   38    0    0   41   17    0    0    0    0    7   45    6   33   39    0    0    0    0    0    0   45    0    0    0    0   44    4    0    0    0   21   10    0    0   12   35    0   37   10   42    2  
   0   34    3    7    0    2    0   21    0    0   23    0    0    0    6   36   10   37   31   47    0    0    0   38    0    0    5   20   17    0    0    0   27    0   33    0   30   44   26   28   41    0    0   15   45    0   13    0   19   46    0    0   22    0   14    8    0    9    0    0    0    0    0   42    0    0    0   16   23   43   40   11   39    0    0   35    0    0    0    0   32   24    0   12    1    0    0   25    4   37    0    0    0    0   18   29   26    0    0    0  
  16   29   14    0    0   10    0   36    0    0    0    4    0   44   37   35   42    0   31    2    0    0   43   40    0    0   41    0    0   23    0   15   47   20   34    0    8    0    0    0    0    5   26   18    0    0    0   17   28    0   21   39    3    0    0    0   27    0   45    0    0   38    6    0    0    5   11    0    0    5    0    0    0    0    0    0   33   32   22    0    9    0   25    0    0    7    0   13    0    1    0    0   30   36   19    0   46   12    0   24  
   0    0   28    0    0   39    0   30   36   37    0    9    0   32    1   16    0    0    0    0    4    0    0    0    0    0   18    0   33    8   38    0   10    3    0   37   40   42   43   46    0   12   35   14   24   22    0    5    0    0    0    0   34    7   45   20    0    0    0   13    0   41    0    0   21    0    6    0    0   10    0    0   31   11   47   19   29    0    0   28    0    0    0    0   26    0   44   23   27   15   17    0    0   25    2    0    0    0    0    0  
  16   34   26   45   39    0   18    0   29    0   44   16   43    0   14    4    0    0    0    1   46   11    0    3   31    0   19    0   22    0   28    0    8    0   41   24    7   36    0   23    0   32   42   12    0   15    0    0    0   47    0    0   10    0    0    0    0   27    0   20   30    0    0   13    6    0   40   27    0   21    0    0    2   35    9    0   17    0    0    0   37    0   33   38    0    0    0   14    5    0    0    0    0    0    0    0    0    0    0   25  
   0    0   32   34   47    0   36   23   35    0    8   33    5   20    0   14    0    0    0   11   29    0    0   40    0   40    0    0    0    0   39    3    0   38   41    0    0    0    0   26   12    4   22    9    0    0   19    0    0    0    0   28   26    0   25   27   38    0   31    0    0    0    6    0    2   43    0   15    1   46   30    0    0    0   18   45    0    0   44   13   17    0   21    0    0   16    7    0    0   10   42   24    0   37    0    0    0    0    0    0  
   6    7    1   45   36   22    0    0    0    0    0   30   38    0    0   32    0    0   19    0    0   12    0    0    0    0    9    0    0   17    0    0    0   21   27   42   23   39   20   37    0   41   35    0    0    0   31   14    0    0   12    0    0   34    0    0   18   45   26    0   24   10    0   47   13   15   16    0    5    0    0   25    0    0    2    3    0   11    0   44    0    0   46    0    0   43    0   29   28    0    8    0    0    4    0    0   40   43   33    0  ] 
BUDGETS : [    1    1    4    6   11   13   17   20   20   24   29   32   35   36   37   38   39   40   41   43   45   48   48   50   53   56   62   68   72   72   73   74   75   76   76   78   79   81   86   96   97   97   98  100  100  102  102  103  103  104  107  107  110  114  114  115  116  117  117  118  119  120  120  125  126  127  136  137  141  142  143  144  145  145  145  146  147  149  150  152  154  155  155  160  161  162  163  163  165  166  170  174  186  186  187  189  190  192  194  196  ] 
