K : 100
I : 50
PREFERENCES : [    6   24   38    9    9   29   35   22   14   12   45   37   16   41   33   13   36   34    8   26   15   43   27   32   39   25   48   36   11   47   49   23   17   40   19   46   50   25   25   42   10   44   18   23   21   31   28   20    7   30  
  18   31   24   10   42   49   23   17   30   34   20   36   19   38   40   48   12   22    6   49   27   21   28    7   44   35   41   47   16   26   46   14   37    6   11   29    6   43   15    9   45   32    8    7   33   25   13   14   50   39  
  21   39   30   42   26   20   16   12   31   44   49   41   37   27   43   38   35   11    8   48   29   46   13   33   10   40   45   24    7    6   50   23   19   12   17    8   32   35   15   18   22   11   25   28   47    9   34   14   47   36  
  45   22   42   23   11   43   33   46   44   45    6   10   14   20   40   16    6   34   32   24   31   18   36   47   35   16    9   39   29   12   38   27   22   13   28   15   37   50   17   41   26    7   19    8   30   49   48   21   25   41  
  35   36    6   19   25   13   14   30   34   44   32   24   21   39   29   11   10   25   31   41   48   42   22   28   13   46   45   26   12    8   27   49    7   50   47   15   20   38   40    8   34   16   40   17   23    9   37   18   33   43  
  37   47   19   40   45    7   48   10   20   28    8   11    6   15   50   30   22   43   14   13   12   24   26   36   23   18   25   44   29   27   37   48   41   28   17   16   39   32   35   34   49   46   33   42    9   38   31   11   31   21  
  35   15   20   21   17   38   16    9   33    8   50   32   10   16   14   40    6   27   28   30   18   45    7   39   41   49   22   31   19   13   43   26   37   47   48   49   34   36   29   44   23   48   46   42   42   25   12   24   11   20  
  41    6   39   33   11   40   37   23   24   10   38   46   28   35   37   27   22   30   13   40   25   18   21   12    7   26   34   48   16   10   17   47   31    8   15    9   43   25   36   42   20   50   29   49   19   27   32   45   44   14  
  32   36   39   48   18    7   37   38   49   40   46   23   44   26   27   41   18   43   25   50   31   11   13    7   20   37   30   24   10    8   17   42   34   47   35   19   21   16   12   29    9   33   28   25   45   22   39   15   14    6  
  10    7   14   12   38   25   48   45   20   47   46   24    9    8   22   32   31   26   28   15   30   38   17   19   35   38   41   21   16   35   42   40   36   26   44   27   26   37   49   39   43    6   13   50   23   29   18   34   33   11  
  22   48   34   14   40   13    8   19   41   35   31   18   32   10   11   15   47   27   42   20   34   23   33   46    7   26   28   12    6   50   16   44    9   11   37   29   38   49   39   45   17   36   24    9   21   13   43   45   25   30  
   8   22    9   17   15   28   35   41   12   42   37   34   23   36   15   29   22   36   31   16   49   39   46   50   45   18   43   26   48   20   44   47   27    6   19   14    7   24   10   30   25   38   32   11   30   33   13   21   40   45  
  30   23    7   44   37   49   40   11   21   16   24    9   14   12   19   30   28   45   34   47   43   38   48   49   23    6   42   33   35   36   22   25   20   10   36    8   31   15   26   27   39   29   17   34   18   41   32   46   50   13  
  10   15   19   17    8   13   39   12   34   28   16   45   20   11   30   38   44   31   41   42   37   36   25   48   27    7   26   47   22   24   49   23   29   42   32   27   21   38    6   18   14   47    9   40   43   46   49   50   33   35  
  40   21   28   37   13   39   48   46   12   50   47   45    6   35    7   10   35   49   19   29   33   30   11   43   34   17   37   22   38   24   36   14    8   27   41   18   13   44   38   26   42    9   32   20   23   16   31   41   25   15  
  11    7   35    9    6   48   45   32   40   37    8   27   14   10   43   31   19   25   41   50   44   49   30   34   28   47   13   42   46    6   26   10   45   18   50   15   39   23   33   38   29   12   36   20   16   17   40   24   22   21  
  23    9   25   35   24   40   45   47   30   42   26    7   11   42   44   39   21   12   29   27   37   14   17   38   10   44   15    6   16   32   36   20   28   43   48   41   23   19   13   45   18    8   50   46   49   33   22   34   31   43  
  25   11   47   28   19   46   41   26   20   37   32   45   21   35   40   33   36   15   48   10   43   13   21   29    8   34   27    7   24    9   23   30    7   38   31    6   50   13   22   17   12   39   16   37   14   44   18   42   40   49  
  33   13   26   11    8   23   35   25   25   29   25   24   46   41    9   31   45   32   22   14   16   19   43   37   38   30   18   27   15   47   39   40   17   48   38   10   46    7   42   36   28   20   49   50   12   21   44   34   41    6  
  20   22   43   14   47   44   48   17   24   39   38   31   47   42   15   25   37   12   33   27   21    6   30    6   40    9   10   45    7   11   32   46   34   41   23    8   49   16   37   29   36   28   35   19   26   50   13   18    6   13  
  16    8   47   46    6   14   50   22   32    6   13   29    9   10   31   41   18   34   49   42   45   19   15   32   43    7   38   44   28   39   26   33   25   11   17   46   37   36   12   48   40   20   21   30   35   18   23   16   24   27  
  12   11   46   30   45   44   23   32   42   26   43   40   35   47   14   14   10   32   37    7   34   33    9   16   39    8   29   41   24   20   19   25   27   28   17   48   15   13   22    6   42   36   49   18   31   50   38   21   41   27  
   6   16    9   41   18   34   25   42   32   11   33   48   28   37   30   49   13   41   36   17   27   20   29   19   46   48   22    7   17   40   10   38   21   39   50   12   14   31   45   23   26    8   35    6   15   24   43   44   47   40  
  31   41   44   22   16   43   48    8   17   10   15   27   14   13   10   44   18    9   29   49   34   50   39   45   26   30   28   19   42   21   30   38   24   36   40   32   12   35   11    7    6   19   20   34   33   47   25   46   37   23  
  22   50   46   11   27   16    8   23   33   15   41   12   34   14   45   47   26    6   38   43   17   24   20   39   49   25    9   41   21   28   32   42   23   24   19    7   37   36   48   29   13   31   44   40   35   30   18   10   24   48  
  23   33   45   21   50   41   47   44   32   40   16   37   13   34   33   20    9   14   22   46    6   26   22   43   11   19   39   38   42   30    7   35   49   29   40   10    8    7   49   27   17   31   12   24   48   25   28   15   36   18  
  19    7   42   38   11   47   43   33   50   34   25   37   31   46   28   18   23    9   15   32   40   20   36   30   45   47   13   41   26   44    8    7   32   16   21   14    6   17   29   10   40   27   22   35   48   49   39   12   24   23  
  30   34   11   20   39   40   35    9   39   25   27   28   36   44   10   50   16   18    8   26   41   46   29   13    7   14   22   15   47   32   17   33   11   48   42   27   31   23   29   12   45   49   43   36   37    6   19   21   38   24  
  12   19   48   21   42   36    8   39   23   49   24   38   32   21   26   35   16   11   29   43   30   10   15   46   13   22    7   41   47   33   45   41   26   25   37   31   18    6   17   27    9   34   44   12   50   20   40   14   28   28  
  45   10    6   21   25   26   11   17   22   37   39   44   24    7   15   13    8   49   27   25   14   46   29   50   33   41   31   28   19   32   43   36   30   18   10   23   10   48   47   34   38    7   42   12    9   38   40   35   20   16  
  10   41   27   15   45   37   28   35   50   30   46   22   20   25   36   29    8   33   31   19   47   42    7   40   18   26    6   41   49   14   44   45   35   38   24   16   48    9   17   12   23   34   22   32   21   11   39   16   13   43  
  12   22   10   41   38   16   45   20   17   10   34   49   40   42   18   12    7   15    9   26   30   36   50   35   19   11   43   32   33   42   28   31   46   39    8   27   13   23   14   18   24   21   29   37   48   47    6   25   24   44  
   7   17   18   15   42    9   15   22   27   49   24   28   10   11   45   30   31   25   20   48   32   11   38   20   36   46   21   26   12   43   50   19    8   40   14   19   35   37   13    6   16   26   41   44   33   47   29   23   39   34  
  45   38   50   15    6    8   25   26   17   33   34   30   43   44   10   36   36   18   31   41   19   35   27    9   16   42   30   11   37   23   12   24   21   49   44   20   39   28    7   22   29   48   47   16   24   13   46   14   40   32  
  13   19    6    9   21   12   27   38   42   44   16   43   10    8   25   36   15   40   32   31   20   22   14    8   29   28    7   50   34   47   41    8   45   17   39   23   24   46   30   27   11   35   33   48   23   49   37   23   18   26  
  28   14   26   33    7   42    8   43   38   12    9   41   41   13   27   21   15   16   32   35   45   31   29   39   30   44   17   22   47   37    6   19   50   23   24   25   10   47   18   44   36   48   11   41   34   20   49   40   35   46  
  44    6   36   15   39   45   46   49   47   48    7   50   26   30    9   42   22   21   16   11   45   27   12   38   43   35   29   20   10   45   14   40   41   34   13   33   37    8   18   23   19   17   31   33   24   15   32   28   28   25  
  46   50   17   23   10   26   16   22   34   41   39   20   35   49   12   30   42   48   24   13   18   26   21   47   37    7   14   11   19    6   18   25   38   29   45   31   49   34   43   33   32   36   40   28    9   44   11    8   15   27  
  28   26    8   42   10   38   39   20   13   40    9   19   25    6   29   12   11   36   47    7   43   45   46   15   31   41   50   36   21   28    9   49   47   44   29   32   14   23   27   16   17   30   35   22   37   33   24   48   18   34  
  44   16   28   46   42   10   38   22   33   22   25   26    6   17   49   31   36   40   18   24   14   41   33   27    7   43   28   29   13   47   21   30   32   20   15   45   12   11    8   48   19   27   44   23   35   39    9   50   34   37  
  49   19   27   45    8   20   14   50   39   12   29   14   32   13   44   31   23   36   48   47    6   26   24   10   37   25   46   42    7   43   41   33   11    6    9   16   34   22   15   21   30   35   28   18   49   40   17   38   17   48  
  42   35   46   20   10   32   28   18    9   14   39   23    7   47   16   31   50   24   30   26   21   45   33   49   27   19   40   47   15   43   17   34   29    6   36   37   48   11   12   22   22   25   41    8   16   14   13   44   34   38  
   6   30   16   15   44    7   14   45   39   31   43   38   33   20   47   27   48   50   11   32   25   34   23   42   30   49   12   12   41   35   37   27   40   17   28   24   36   18   10   26   22   29   21   19    7   13   35   46    9    8  
  40   42   32    9   12   38   24   10   27    7   19   37   30   18   35   24   23   28    8   27   25   14   50   42   44   48   17   29    6   31   46   25   22   13   34   16   33   20   11   41   49   43   21   15   39   34   36   47   45   26  
  42   10   35   18   23   25    6   49   18    9   40   11   44   47   16    7   41   21   13   39   31   40   28   36   17   22   34   15   33   35   50    8   26   20   32   46   24   45   29   43   19   14   10   30   38   48   27   37   12   50  
  33   20    9   10   34   35   32   30   47   48   16    6   27   21   24   44   14   38   23   25   13   43   18   36   26   28   17    7   29   37   12   17   11   42   25   40   31   22    8   39   46   19   41   50   49   46   33   11   15   45  
  13   32    6   37   31   48    6   26   33   30    9   27   38   45   34   28   46   41   19   49   44   23   16    8   50   14   18   36   43   44   35   11    7   29   17   24   26   42   20   25   40   36   15   10   39   22   12   47   21   50  
   6   36   32   39   11   40   20   39   21    7   31   28   50   12   16   15   47   44   24   10   19   25   15   34   41   37   45   10   42   23   22   38   18   12   43    8   29   13   49   27   48    9   33   30   46   16   17   35   26   14  
  47   29   22    8   26   42   39   24   38   13   36   43   11   20   24   15   16   30   21    6   48   44    9   34   28   14   31   46   32   35    8   40   45    7   49   36   12   50   17   23   41   25   27   28   18   19   13   33   10   37  
  10   20   31   45   21   43    9   22   37   15   13   21   38    7   47   42   41   34   35   36    8   39   27   40   33   25   10   12   48   24   50   15   14   44   16   21   32   19   48   49   29   46   17    6   23   26   28   30   18   11  
  40   46   20   25   34    8   50   47   42   10   15   32   41   14   38    8   44   19   21   39   31   12   24   43   30   27    6   36   35    9    7   26    6   11   18   13   33   28   23   31    6   29   49   45   25   37   48   17   22   16  
  19    7   29   33   13   28   26   20   10   35   30   21   11   24   15   47   37   16   11    8   42   32   44   10   40   36   22   18    6   50   49   45   12   23   39   38   14   31   22   34   46   21   25   27   17   48   43    9   33   41  
  47   25   41   17   26   33   45   44   46   50   49   39   32   23   38   10   34   17   18   12   40   24   20   46   35   31   21   37   28   36    6   19   16   48    9   15   14   24   27    8   34   13    7   43   30   22   11   46   42   29  
  28   40   30   43   39   47   29    6   23   12   21   14   10   48   22   35   49   44   41   25   46   18   32   15   44   34   20   13   11   31    9   26   20   18   10   42   36   16   24    8   37   50   27   33   19   46   38    7   17   45  
  37   48   35   10   36   26   40   20    9   38   21   18   44   50   13   32   34   11   31   45   42   15   19   46   27   13   25   23    7   39   12   43   41   28   44   49   17   16   15    6   47   14   30   33    8   29   36   43   24   22  
  31   45   49   36    8   34   43   41   10   20   21   23   38   22   17   40   44   22   30   47   46   16   24   13    7   12   39   26   11   29    9   35   48   38    6   32   19   25   50   46   27   28   32   15   37   18   14   11   33   42  
  16   35   33    8   37    9   19   34   15   14   31   32   12   17   21   16   38   18   20   18   43   10   26   45   42   48   23   27   13   28   47   29   50   45    9   44   41   38    7   36   24   30   39   22   11   46   40   49    6   25  
  18   37   15   38   44   43   13   21   46   39   49   13   12   17   22   20   32    7   40   19   28   30   25   22   47   33   11   31   36   34   48    9   41   42   14   10   35   27   16   34   45   24    6   29   23   37    8   50   26   44  
  30   49   50   38   42   25    8   12   33   14   35   40   19   17   20   48   15    9   27   45   32   29   34   18   30   21   40   39   24   23   37    6   36   15   47   43   11   31   22   16   26   46    7   13   44   28   10   32   41   37  
  24   10   15   22   16    6   18   35   27   31   13   33   49   17   27   21   46   14   24   39   19   14   36   25   43   47   42   32   12   48   45   16   20   41   26    8    9   23   11   34   29   37   28   43   40    7   38   30   44   50  
  46   25   36   40   38   14    8   17   26   13   44   39   40   30   22   50   22   39    7   12   23   43   21   32   29   49   10   34   42   47   27   17   35    6   19   45   24   20   28   37   41   11   31    9   48   36   16   15   33   18  
  23   22   15   31    7   41   12   50   47   11   29   21   39   26   45   30   44   33    9   19   37   34   38   35   16   45   49   18   45   35   28   25   43   10   20   13    8   27   32   46   42   46   24   40   36   43   48    6   14   17  
  35   20   12   15   28   40   34   12   16   32   25   11   26   43   45   30   31   14   38   27   36   24    8   32    6   37   13    7   18   42   47   23   19   39   10   48   33   34   50   49   29   23   21   46   44    9   22   18   41   17  
  42   34   39   26    8   47    8   32   42   12   25   27   22   45   17    6   21   49   24   35    8   30   20   38   31   41   14   18    9   46   43   44   28   37   16   23   15   33   19   13   14   45   40   11   36   48   10   50    7   29  
  44   32   38   28   34   26   35   48   22    8   37   40   49   33   31   13   15   14   12   39    7    6   17   27   46   33   43   41   21   41   36   42    9   30   20   47   25   11   24   15   16   23   45   32   44   19   10   18   29   50  
   6   40   24   27   38   13    8   21   29   46   18   12   16   19   15   37   50   31    9   42   43   17   33    7   49   28   45   44   32   18   30   39   34   34   41   35   23   37   25   47   16   22   14   11   10   26   41   20   36   48  
  29   46   46   22   19   41   50    7    6   39   20   16   17   28   43    9   40   35   10   48   47   11   48   24   22   30   39   23   38   44   34    8   42   42   36   27   15   26   21   12   14   31   45   32   18   33   25   49   13   37  
  27   13   38    6   42   48   33    7   39   45   36   32   18   43   40   20   44   38   39   21   12   26   35   34   25   17   22   49   31   30   29   24   14   46   48   41   37    9   28   31   16   23   50   19   10   15   11   36    8   47  
  36   25   34   40   48   46   18   37   19   27   23   32    7   15   28   46    6   18   22   47   24   14   12   35   21   49   44   25   42   35   26   13   29    9   50   16   10   48    8   20   41   43   33   11   45   39   38   30   31   17  
  31   18   12   25   27   43   44   24   39   49   50   15   19   35   32   11   10    8    6   37   28   22   48   13   42   47   38   14    7   23   36   20   40   12    8   26   17   36    9   41   45   16   26   21   33   34   46   30   39   29  
  44   23   34   30   10   20   33   22   18   48   13   35   27   42   45   14   17    8   40   31   32   23   24    6   47   37   43   19   50   12   38   21   49   46   25   28   15   29   26   11   36    9   14   35    7   32   50   39   16   41  
  44   38   34   37    7   49   21   35   45    6   47   36   29   15   22    9   11   31   40   25   25   26   33    8   43   35   32   16   18   46   30   40   19   41   19   42   50   23   14   28   20   24    8   39   17   48   12   10   13   27  
  44   43   15   26   38    6   29   20   22   24   49   10   42   23   29   19    9   28   31   32   40   33   22   27   48   41   18   34   14   26   25   11    8   47   39   17    7   30   50   45   37   35   13   12   46   16   21   15   36   36  
  30   41   42   18   39   47    7   25    9    8   17   33   32   35   28   36   14   23   36   12   15   26   46   10   44   48   40   43   38   22   37   25   24   50   34    8   20   49   16   29   13   21   31   27   12    6   45   11   19   11  
  39   20   46   18   10   43   49   11   26   14   38   21   23   17   45   27   28   47   35    8    9   16   50   36   29   32   34   29   33   15   49   11   44   40   41   40   31   30   24   48   13   25    7    6   37   19   24   22   12   42  
  48   36   10   15   28    7   38   26   42   40   12   34    8   41   30    6   10   13   37   24    6   14   44   31   16   39   47   23   45   33   18   43   19   21    9   32   27   29   17   25   38   38   49   24   35   11   46   22   20   50  
  19   37   17   30   40   25   33   31   36   44   38   33   32   49    9   20   28   29   34   48   39   47   12   18   42   23   21   16   45   46   13    8   11   26   27   22   15   49   10   14    8   35   24   50   37    7    6   41   43   40  
  44    7   12   32   46   50   33   38   49    9   43   18   15   13   24   21   26   32   39   14   23   47   45   20   16   48   13   40   29   34   36   35   31   41   42   19    6   17   28   46    8   25   48   22   30   37   39   11   27   10  
  47   10   45   12   11   44   13   48   28   17   26   30   38   32   43   27    6   19   42   23   41    8   41   37   24   20    7   15   35   22   39   36   32   34   46   21   16   40   45   49    9   14   33   50   15   31   25   18    7   29  
  42   33   25   38   23   11   49   45   36   47   34   46   10   29   19   44   22   14   30   49   11   48   24   41   49   37   35   15   39   26   31   16   20    7   50   28   18   43   12   37   17   13    6   45    9   40   32    8   21   27  
  17   29   34   16   12   27   42   38   35   41   44   37   33   48   26   24   49   39   22   14   37   19   43    7   23   37   21   46   15   12   45   47   10   32   13   25   11    6    9   18   30   40   40    8   36   20   48   50   31   28  
  21   46   22   41   30   34   15   26   35   36   48   11    9   29   26   23   24   49   33   38   39   42   47   14   13   10   17   16   50   32   14   27   19   20   43   12   37   31   25   41   28    6   40   45   42   18   44    8    8    7  
  36   42   10   15   27   32    8   39   45   38   47   24   19   44   11   21   22   41   43   46   37   23   48    8   25   20   29   35   46   26   13   14    9   30   36    7   13   18   12   37   40   31   50   33   16   34    6   28   17   49  
  34   33   36   45   38   37   30   17   19   12   30   23    9   25   35   32   22   41   43   29   49   46    7   32   40   14   39   24   21   44   10    6   50   40   26   15   16   20   48   11   47   28   30   27   32   42   13   31   18    8  
  37   43   27   22   48   42   36   38   47   28   39   10   32   41   36   24   47   45   23   47    6   29   35    7   12   17   49   44   46   26    8   11   33   19   31   16   13   18   34   30   21   40   13   50   15   20    8   25    9   14  
  37    8   15   29    9   12   40   18   20   30   49    6   17   21   41   48   45   12   27   18   43    7   10   22   50   24   13   25   36   33   28   46   16   19   27   39   11   38   35   23   14   42   31   47   34   44   26   25   32   49  
  30   43   22   14   29   10   49   16   26   48   47   17   38    6   41   45   34   13   21   15   29   24   35   18   43   36   37    9   40   37   41   28   50   46    8   25   12   11   17   33   19   27   44   20   31   32    7   23   42   39  
  47   50   12   41   38   32   26   34    7   42    9   11   45   21   33   30   22   40   36   29    7   48    8   49   25   13   23   39   43   46   35    7   10   14   12   37   42   28   20   19   24   18   44   26   27   17   31   16    6   15  
  30   42   43   17   29   40   35   49   25   38   27   45   33   11   23   34   26   46   20   22   10   39   21    8   44   15   14   15   41   12   19   46   33   31   36   18   32   50   13    7   24   48   28   37    9   30    6   47   25   16  
  15   46   11   18    7   43   16   19   50   28   22   27   17   44   40   47   39   34   33    9   38   45    7   41   30   37   32    6   36   21   10   13   26   31    8   40   25   12   48   23   14   20   12   35   42   29   43   24   49   43  
  44   26   41   16   23   50   42   37    6   40   48   11   36   25   24   32    8   12   10   20   45   21   25   34   35   39   39    9   46   43   48   15   40    7   19   18   33   22   47   17   49   30   27   31   29   27   13   14   28   38  
  27   35   15   49   46    7   41   31   49   44   10   39   34   23    9    6   18   10   36    6   37    8   32   25   50   33   21   19   12   30   14   48   18   43   11   10   47   22   38   17   42   29   13   24   40   26   20   28   16   45  
  41   28   24    6   29   12   21   50   44   33   36   15   38    9   32   22   19    8   14    6   35   20   25   13    7   11   10   42   45   21   32   48   43   49   27   34   17   46   18   31   37   39   40   16   23   26   47   42   16   30  
  38   11   17   42   16   20    7   23   10   24   41   18   14   26   36    9   48   40   32   27    6   13   47   12   46   44   35   22   21   34   33   30   15   49   31   25   50   34   17   43   33   39   32   45    8   15   19   29   37   28  
  11   50   32    9   19    7   20   49   14   18   21   26   13   42   44   47   40   22   44   28   37   36    6   27   25   41   31   16   23   34   12   28   38   48    8   10   15   45   24   23   29   17   30   43   31   35   13   33   39   46  
  39   21   43   44   23   32   31   14   37   50   16   47   30   41   14   42   13   27   26   22   46   18   10   45   15   19   36   20   12   11    8    9   28   40   49   25   24   33   34   45   17   48   41   35   38   29   44    6   14    7  
  23   48   40   37   28   22   11    8   30   33   34   38   47   25   14   26    6   15   45   21   34   35   10   12    7   10   41   16   49    9   13   17   32   46   29   27   50   36   39   18   24   20   44   43   49   21   19   42   31   41  
  13   31   11   26   28   34   34   20   43    6   23   39   32   48   47   12   36   43   30   10   42   33   41   29   49   14   24   25   45   40   13    9   27   16   17   15   44   37   35   50   18   40    7   19   22   38   46   21   10    8  
   6    8   10   16   35   13   37    7   44   18   21   34   15   25   48   32   45   46   43   14   49   22   36   31   42   26   45   29   30   10   33   41   23   19   40   28   39   47   20   44    9   31   38   50   17   11   27   12   24   44  
  20   45   34   36   46   48    6   27   15   25   50   16   26   12   42    9   21   30   21   44   37   11   37   19   29   46   33   32   18   38   31   35   16   47   43   39   28   49   17    8   41   10    7   21   24   40   14   23   13   22  ] 
BUDGETS : [    4    5    6    8   11   13   15   17   21   22   25   26   28   31   31   35   37   38   39   41   42   46   46   47   50   51   53   55   56   57   58   60   65   68   70   70   75   76   79   85   87   92   93   95   95  101  104  106  106  107  115  115  116  117  117  118  122  125  127  127  127  128  128  132  135  136  136  136  139  139  139  139  143  144  147  150  150  151  151  151  155  155  157  163  165  165  171  172  174  177  180  181  183  184  186  189  190  194  199  199  ] 
