K : 50
I : 25
PREFERENCES : [    0   22    0    0    0    0    0    0    0    0    0    0    0   25    0    0    0   23    0    0    0   25   24    0    0  
   0    0    0    0    0    0    0    0   23   24    0    0    0    0   22    0    0    0    0    0    0    0   23    0   25  
   0    0    0   24    0    0    0    0   24   25    0    0   23    0    0    0    0    0    0   22    0    0    0    0    0  
   0    0   22    0    0    0    0   23    0    0    0    0   25    0   24    0    0    0   24    0    0    0    0    0    0  
  24    0    0    0    0    0    0   25    0    0    0    0    0   22   23    0    0    0   23    0    0    0    0    0    0  
   0   23    0    0    0    0    0    0    0    0    0   22    0   25    0    0    0    0   24    0    0   25    0    0    0  
   0    0    0    0    0    0    0    0    0    0   25   25   24   23   22    0    0    0    0    0    0    0    0    0    0  
  22    0    0    0    0   25    0    0    0   24    0    0    0   23    0    0   22    0    0    0    0    0    0    0    0  
   0    0    0    0    0    0    0    0   23    0    0   25   22    0   24    0    0    0    0   23    0    0    0    0    0  
  25    0    0    0    0   23   24    0   22    0    0    0    0    0    0    0    0    0    0   24    0    0    0    0    0  
   0    0   25    0    0   24   22    0    0    0    0    0    0    0    0   23    0   22    0    0    0    0    0    0    0  
   0    0    0    0    0    0   23    0    0    0    0    0    0    0   25    0    0    0    0    0    0   24    0   22   23  
   0    0    0    0    0    0    0    0   24    0    0    0    0    0   25    0    0    0   23   25   22    0    0    0    0  
   0    0    0    0    0   24    0    0    0    0    0    0    0   25   23    0    0    0    0    0    0    0   24   22    0  
   0   22    0    0    0    0    0    0    0    0   24    0   25    0    0   25    0    0    0    0    0    0    0    0   23  
   0    0    0    0    0   25    0    0    0    0   22    0    0   23    0   24    0    0   24    0    0    0    0    0    0  
   0    0    0    0   25    0    0   24    0    0    0    0   22    0   25   23    0    0    0    0    0    0    0    0    0  
   0   24    0   23    0    0    0   25    0    0    0    0    0    0    0   22    0    0    0   23    0    0    0    0    0  
   0   24    0   23   24    0    0    0    0    0    0    0    0    0    0    0    0    0    0    0    0   22    0    0   25  
  25    0    0   23    0   24    0    0    0    0    0    0    0    0    0    0    0    0    0    0   22    0    0    0   25  
   0    0    0    0    0    0   22    0    0    0   22    0   23    0    0    0    0    0    0    0   24   25    0    0    0  
   0    0    0    0    0    0    0    0    0    0    0    0    0   23    0    0    0   24    0   22    0    0   24    0   25  
   0    0    0    0    0    0    0   22   22    0   25    0    0    0    0    0   24    0    0    0    0    0   23    0    0  
   0   22    0    0   25    0   24    0    0    0   24    0    0   23    0    0    0    0    0    0    0    0    0    0    0  
   0    0    0    0    0    0   24    0   22   23    0   24    0    0    0    0    0    0    0    0    0   25    0    0    0  
   0    0    0   24    0    0    0   25   22    0   23    0    0    0    0    0    0   25    0    0    0    0    0    0    0  
   0   24    0    0    0    0   22   25    0    0    0    0   23    0    0    0    0    0    0    0   23    0    0    0    0  
   0   23   25    0    0    0    0    0    0   24    0    0    0    0    0    0    0    0    0    0    0    0   23   22    0  
   0    0   24    0    0    0    0   22    0    0    0    0    0    0    0    0    0   22    0    0    0   25   23    0    0  
   0    0    0    0    0    0    0    0    0   22   25   23    0    0    0    0    0   24    0    0    0    0    0   24    0  
   0    0    0   22    0    0   23    0    0    0    0    0    0    0    0    0   24   25    0    0    0    0    0    0   24  
   0    0    0    0    0    0    0    0    0    0    0    0    0    0   24   23    0    0   25    0    0    0   24   22    0  
   0    0    0    0    0   24    0   23   24    0    0    0    0    0    0    0    0    0   22   25    0    0    0    0    0  
   0    0    0   24    0    0    0    0   23    0    0    0    0    0    0   23    0   25    0   22    0    0    0    0    0  
   0   25    0    0    0   22    0    0    0    0    0    0    0   22    0    0   24    0    0    0    0    0    0   23    0  
   0   22    0    0    0   23    0   25    0    0    0    0    0    0    0    0   22    0    0    0    0   24    0    0    0  
   0    0    0    0    0    0    0   23    0    0   24    0    0    0   25    0    0    0    0    0    0   23   22    0    0  
   0    0    0   24    0    0   24    0    0    0    0    0    0    0    0    0    0    0    0    0   25   22    0   23    0  
   0    0    0    0   22   23    0    0    0    0    0    0   23    0    0    0    0    0   25    0   24    0    0    0    0  
   0   22    0    0    0    0    0    0    0   25    0   24    0    0    0    0    0    0    0    0    0   24   23    0    0  
   0    0    0   23    0    0   22   23    0    0    0    0    0    0   24   25    0    0    0    0    0    0    0    0    0  
   0   23    0    0    0    0    0    0   22    0    0   24    0    0    0    0    0    0   24    0   25    0    0    0    0  
   0   22   23   25    0    0    0    0    0    0    0   24    0    0    0    0    0    0    0    0    0    0    0   22    0  
  25    0    0    0    0    0    0    0    0    0   22    0    0    0    0   22    0   24   23    0    0    0    0    0    0  
   0   24    0   22    0    0    0   25    0    0    0    0    0   22    0    0    0    0    0   23    0    0    0    0    0  
   0   23    0    0    0    0    0   24    0    0    0    0   22   25    0    0    0    0   25    0    0    0    0    0    0  
   0    0    0    0   23    0   22   24   25    0    0    0    0    0    0    0    0    0    0   25    0    0    0    0    0  
   0    0    0   25   23    0    0    0    0    0   24    0    0    0    0    0    0   22   25    0    0    0    0    0    0  
   0   22    0    0   24    0    0    0    0    0    0    0    0   23    0    0    0    0    0    0   24    0    0   25    0  
   0    0    0    0   25    0    0   23    0    0    0    0    0    0    0    0    0   24    0    0   23   22    0    0    0  ] 
BUDGETS : [    2    4    5    8    8   11   18   18   18   21   24   27   28   29   30   31   31   32   32   32   34   35   35   35   39   43   46   46   47   48   55   60   61   63   64   66   67   68   70   71   75   77   77   78   79   80   83   84   92   95  ] 
