K : 100
I : 50
PREFERENCES : [   41   49    0    0   39    0   36   47    0    0    0   37    0    0    0    0    0    0    0    0    0   38   50   42   46    0   41    0   40   38   36   43   41   37    0   43   44    0   39    0    0    0    0    0    0   39   48   49   45   44  
  43    0   36   41    0    0   36    0    0   39    0   48   42   45   36   37    0   41    0    0   41    0    0    0    0   50   38   36   46    0   45    0   42   36    0    0   49    0   40    0    0    0   39    0   48    0    0   44   47    0  
   0    0    0   48    0   36   44    0   50   37    0    0   42    0    0    0   42   50   41   46    0   49   41    0   50    0    0    0    0   40    0   47    0    0    0   46   38   50   41   43    0   46    0   39    0    0    0   38   37   45  
   0   48    0    0   50   47    0   50   40    0   39   46   48   37   41    0   44   36    0    0    0    0   41    0    0    0   42    0   38    0    0    0    0   43   38   46   49    0   40    0    0   43   45   42   47    0    0    0   37    0  
  41   50   39   46   48   47    0   36    0   38   36   49    0    0   47   42    0    0   46    0   38    0   48    0   46    0   38    0   44    0    0   43   37    0    0    0   38    0    0   40    0    0   47   36    0    0    0    0   45    0  
  41    0   41   41    0   45   46    0   38    0    0   49    0    0    0   47   48   37   50   40    0    0    0    0   42    0    0    0    0   39   37   43    0    0    0    0    0    0    0   44   50   42   41    0    0   37   45   40   36   46  
   0    0   49    0    0   38   42   43    0   48   40    0   46   42    0    0    0   38   45   40    0   38   46    0    0   47    0   50    0    0   41   37    0   39   36    0   40    0   42    0    0    0   42    0   46   44    0   41    0    0  
   0    0    0    0    0   46    0   40    0   38   43   50    0   38   37   47   42   42   42    0    0    0    0    0    0   49   45    0   38    0   44   40   42   38    0   48    0   38   49    0    0    0   36   44    0   39    0    0   41    0  
  49    0   42   45   48   36   40   40   50   39   47   48    0    0   43    0    0    0    0    0   50    0    0    0    0   41   50    0   49    0    0   48   38   37    0    0   46   44    0   50    0    0    0    0   48    0    0   41    0   37  
  36   46   40   41   47   41    0   43    0    0    0    0   38    0    0   43    0   49   40    0   45   46    0    0    0   42    0   48    0   42   37    0   49    0    0    0   39    0    0   45    0   40   38   39    0   50    0    0    0   44  
   0    0   38    0   48    0    0   40   39    0   38    0    0    0   44   50   37    0   44   46   42   36    0   49    0   37   50   45   48    0    0    0    0   36   40    0    0    0   42    0   38    0   36    0   43   41   47    0    0    0  
   0    0   44   46    0    0    0    0   39   39   38    0   43   49   47    0   36    0   39    0   50   40    0    0   50    0   42    0   36   41    0    0    0    0   50    0    0    0   46    0   39   37   36    0   49   45   48   45    0    0  
   0    0   44    0    0    0   41   39    0   49   37   42    0   42    0    0    0   37    0    0   40    0   47   43   46   48   42    0    0    0    0    0   39    0   48    0   45   48    0   42    0   37   38    0    0   50    0   39   49   36  
  41    0    0   44   50    0   36    0   48    0   40    0    0   43   49    0   43   37   49   50   50    0    0    0    0   50   47   43    0   46   45    0    0   38   50    0    0    0    0   46    0   42    0   38   47    0    0    0   39    0  
  43   41    0    0    0   42   44    0   41   38   42    0    0    0    0    0   37    0    0   40    0   48    0    0    0    0    0    0   41    0   39   45   50    0   40   38   45   36   47   49   46    0    0    0   45   49   38    0    0   50  
   0   43    0    0   39    0   41    0    0   38    0   40   43   47   40    0   49   39    0   37   48    0   42    0   48    0   46    0    0    0   50    0   43    0    0   48   50   36    0   45    0    0   43   50    0    0   39    0   44    0  
   0    0   39   42    0   50   45   40    0   43   45    0   45    0   49   46    0    0   46    0    0   48    0    0   50    0    0    0    0    0    0   37    0    0    0   41   39   44   36    0   43   49   47    0    0   42   38    0   49   46  
   0   49    0    0   47   48    0    0    0   45    0    0   49    0   50    0   48    0    0    0   38    0   48   48   44    0    0   40    0   44    0   46    0   48   36    0   47   42    0   50   37   41    0   43    0   44   39    0   41    0  
  43   47    0   45    0    0   42   38    0    0   46    0    0    0   43   39    0   41   40    0    0    0   40   48    0   43    0    0    0    0   36    0   37   44    0   36    0   36   50   46    0    0    0    0   43   49    0   38   40   37  
  42   36    0   41    0    0   42   43    0   45    0   48   37   47    0   39   45    0    0    0   48   38   46    0   49   42    0    0    0    0    0    0   40   46   44    0    0    0    0   50    0    0   46   36   45    0   42   48    0    0  
   0    0    0   46    0   48   49   38    0   48   45    0    0   38    0    0    0    0   44    0    0   38    0   40   41    0    0   39   41    0   48    0    0    0   42   38   50   42   48    0   47    0    0   37    0   47    0   43   50   36  
  42    0    0    0   50   36    0   44   38    0    0   50    0   40    0    0   39   42    0   38   47    0   42   46    0    0    0   48   48   39   41    0    0   50    0    0    0    0    0    0   45    0    0    0   46   46   43   37   49   38  
   0   43   49    0   46   38   45   36    0    0    0   39   44    0   40    0    0   41   41    0   42    0    0    0    0   44   36   42   37    0   38   47    0   48    0    0   38    0    0    0   41   44   38   50   46    0    0    0    0    0  
   0    0   49    0    0    0   36    0   44   46   40    0    0    0   38   39   44    0    0   44   43   37    0    0    0    0   48   45    0    0   41   42   43   48    0   40    0    0    0   38   50   48    0   40   48   44   47    0    0    0  
   0   42    0   44   37    0   50   38    0   40   39    0    0   43   40   49   46   37   43   42    0    0    0    0   36    0   41    0    0    0   48    0    0    0   45   40    0   38   44   47    0    0   40    0   40    0    0    0   38    0  
   0   46   48   37   50    0    0   40   36   47    0    0    0    0    0   39   36    0   45   36    0   38    0    0    0   44    0    0   37    0   50    0    0    0   47   43    0   49    0    0   45   50   47   40   42    0   41   48    0    0  
  45   48   47   41   40    0    0    0   40   40   36    0    0   48    0    0    0    0   47   42    0   43    0   46   38    0    0    0    0    0   43   39   45    0   44    0    0    0    0   50    0   40   40   37    0   49    0   44   39    0  
  44   46   41   46    0    0    0   47   45    0    0    0    0    0   39   37   36    0    0   50   40    0    0    0   48    0   50   46   37   43   42    0    0    0    0    0   40   37    0   46   40    0   49   46    0   38    0    0   42    0  
  38   43    0   40    0   42    0   43   38    0   46   39   46    0    0    0   36    0    0   38   50    0   45   41   49    0    0    0    0   39    0    0    0   44   39    0   37   47   38    0   36    0    0    0   36   48    0    0   45    0  
   0   45   36    0   50   46   48   38   42   47   45   39   44    0   36    0    0   48    0    0    0    0    0    0   50    0   37    0    0    0   47   40   43    0    0    0    0    0   49   45    0    0   38    0   41    0   37   37   41    0  
   0    0   43    0   45   39   47    0   48    0    0   44    0    0    0   39    0   45    0    0    0    0    0    0    0   42   46    0    0    0   49   36   44    0   48   37    0   40   49   41   39   47    0   37   39   50   49    0   38    0  
  42    0   45    0   43    0   36   47    0   50   49    0   48   38    0   39    0   37    0   37   43    0   46    0    0    0   44   44   47   47    0    0   41    0    0   41    0    0    0    0    0   45    0   50    0   49    0   40   43    0  
   0    0    0   42   44    0   44   37   50    0   45    0    0   48   46   43   39   40    0    0    0    0   40    0   41   50    0    0    0    0    0   40   38    0    0   47   36    0   49   48   36    0   47   50   50    0    0    0   44    0  
   0    0    0    0    0    0    0   42   40    0    0   49   48    0    0   49   36    0   36   45   41   44    0   43   50    0   47   46    0   47    0   38   37    0    0   41    0   46   43   43   39   43   38    0    0   47    0    0    0    0  
   0    0    0   41   42    0    0    0    0    0    0   43   50   36   47   39   46   40   49    0   39    0   49    0    0   44    0   42    0   45   41    0   48    0   39    0   37   39    0   41    0   42    0    0   41   38   44    0    0    0  
  40   40    0   45   43    0    0   41   41   50   48   36   40    0    0    0    0    0   46   41   37    0    0    0   39    0    0   42   38    0    0    0   40   49    0   40    0    0   42   49    0   40    0    0   44    0    0   47   49    0  
  49    0    0    0   46   42   47   49   36    0    0    0    0    0   37   38   44    0   46   41    0   37    0   50    0    0    0    0   45    0   39    0   45   43    0    0   45    0   47    0   49   45    0    0    0   42   39   48    0   40  
   0   41    0    0    0    0    0    0   36   45    0   47   48   49   40    0   50    0   50   46    0    0   49    0    0    0   50    0    0    0   48   46   39    0    0   46   43    0   37   46    0   42   38   49   40   42    0    0   44    0  
  44   36    0   44    0   43   42    0    0    0    0   49    0   46    0   39   47    0    0   48   45    0   40   37    0    0   40    0    0   41   50    0   45   38   39   39    0    0    0    0    0    0    0   45   39   45   46   39    0    0  
  42    0   37   36    0    0    0   49   44   37   45   36    0    0    0    0    0   47   37   46    0   36   38    0    0    0    0   40   36   38    0   43    0   43    0    0   48   38   39   47    0   50    0    0    0    0    0    0   44   41  
  50   48   44    0   43   47    0    0    0   43    0   49   37    0    0    0   41   42   46   43    0   41   45   44    0    0    0    0    0    0    0    0   40   38   43   47    0    0    0   38   39    0    0    0   41    0   36   36   41    0  
   0    0   37   50   45   37    0   36    0    0    0   46   37    0   46   46   47    0    0    0    0    0    0   45   38   49    0   47    0   48   40   46    0   37   42   36    0    0    0    0    0   45    0   39   41    0    0   44    0   43  
  50   41    0   50    0    0   46   45   43   36    0   44   37    0   38    0    0    0    0   37   49   40   46    0   39    0    0   47    0    0    0   40    0   39    0    0    0    0   45    0   49    0    0    0   48   40   42    0   39   39  
   0    0   48   48   50    0   48   43   41    0    0   37   37   44    0    0    0   45   36    0    0   46   47    0    0    0    0   40   38    0    0   50    0    0   42   44   49    0   39    0    0   40    0   48   46    0   46    0   46    0  
   0    0    0   49   44   37   43    0   45   41    0    0   46   42   41    0   36    0    0    0    0    0   39   41   47   48   49    0    0    0   36   50    0   38    0    0   50   42    0    0    0    0   43   40   39    0    0   36   46    0  
  43    0    0   37   41    0   39    0   46    0   44   38   40    0   44    0   36    0   50   45    0    0    0    0    0    0   44   44   44    0    0    0   42    0    0   38    0   44   42    0    0    0   47   49   48    0   43   50    0   38  
   0    0   47    0    0    0   47    0   48    0   47    0   50    0   42   45    0    0    0    0    0   46    0    0   43   41   39    0    0   40   47   39   38   36   44    0    0   50   46    0   47    0    0   37   42   49    0   50   39    0  
   0   45   50    0    0    0   45   48   36   48    0   44   50   36    0   46   47    0    0   49   40   38   39    0    0   46   47    0    0   39    0    0    0   36    0    0    0    0   46    0    0   41   43   42    0    0    0    0   37   47  
  41    0   42    0    0   39   39    0    0   48   49    0   39    0    0   50    0   42   38    0   40    0   48    0   37    0    0   46   44   42   41   36    0    0    0    0    0    0   45   38    0    0   47   42    0    0   44    0   43   41  
   0    0    0    0   39   43    0    0    0    0    0   47    0    0    0   44    0   50   48    0   37   36   43    0    0    0    0   38   49   42    0   49    0   45   40   37   37   46   38    0    0    0   41   37    0   43   50    0   36   39  
  42    0    0    0   41   44   43    0   48    0   43    0   37    0    0   40    0   37    0   45    0   37    0    0   44    0    0   39    0   43   49   38    0   38    0    0    0    0   36    0   44   50   43   42    0   43    0   47    0   46  
   0    0   44    0   49   38    0    0   40    0   45   41   46   39   37   42    0   44   48   36   46    0    0    0    0    0    0    0   40    0    0   43    0    0    0   50    0    0    0   41   47   50   47   44    0   50    0    0   37   39  
  42   37   45    0    0   50    0   38    0    0    0   50    0    0   39    0   39    0   39    0   40    0    0   42   42    0   43   46   49    0   44   37   36   45    0    0    0    0    0   48   39    0   50   42   47   41    0    0    0    0  
   0    0    0    0   38    0   43    0   41    0    0    0   42   40    0   47   37   46   45    0    0   40   38    0   43   37   47   48    0   48   50    0   44    0    0    0    0   49   43   44   45   49    0    0   36    0    0    0   39    0  
   0    0   48    0    0    0    0    0   47    0    0   43   45    0    0   40    0   44    0   47    0    0   47   49   36   37   39    0   38   40   49   39    0    0    0   39    0   50   38   37    0   41   46    0   40   42   37    0    0    0  
  44   48   47    0   38   36   38   38   47    0    0    0    0   44    0   40   44   44    0   41    0    0    0    0   39    0   39    0    0    0   45    0   42   43   49   50   48   37    0   42    0    0    0    0    0    0    0   46    0   47  
   0   49    0   44    0    0    0   46    0    0    0   38    0    0   37   47   49    0   37   49   45   40    0   48   36   43   42    0    0   50   40    0    0   36   46    0   46   49    0    0    0   38   40    0   39    0   41    0    0    0  
   0   42   41    0   47    0   43   46    0   43   50    0    0   40    0    0   38    0   43    0    0   38    0   44   36    0    0    0    0    0    0   49   38   39    0   36    0   37    0    0   45   46    0    0   44   38   38   50    0   48  
   0    0   48    0    0    0   50    0    0   42   50   38    0    0    0   37   36    0    0   41   49   45    0    0   39   41   41   50   40    0    0   41   45   44   46    0    0   45    0   47   46    0    0    0    0   42   42   43    0    0  
   0   38    0    0    0   40    0    0    0   41    0   42   44    0   38   47    0    0   47    0    0    0    0    0    0   45   42   40   42   39   49    0   40   50    0   40   49   46    0   36    0   43    0   48    0   38   37    0   40    0  
  44    0    0    0    0   37   46    0   39   45   44    0   38   44   41   42    0   50   46   49    0    0    0   48    0   37    0   48   36   47    0    0   40   43    0    0    0   44   50    0    0    0    0    0   46    0    0    0   48   47  
   0   50   49   41    0    0    0   36    0   48   49    0   43   45    0   46    0    0    0    0   46   40    0    0   44   39   50    0   37   42    0    0   46   41    0    0    0    0   39    0   47    0    0   47   44   40   38   45    0    0  
   0    0    0   41   47   49    0   47   48    0    0    0    0    0   39   50   47   40    0    0    0   49   41    0   41    0   49   46   44    0   37    0    0    0   40   38    0   40   42    0   45   40   43    0    0   36    0    0    0   41  
   0    0   41    0   47    0   47    0   45   40   36   45   39   38    0   37   48   46    0    0    0    0   47    0   45    0   49    0    0    0   45    0    0    0   47   44   43    0    0    0    0   47   47    0   41    0    0   50   48   42  
  43    0   41   42   49    0   48    0    0   37    0   39    0    0    0    0    0    0   50   44    0   46   46    0    0   49    0   47    0   45   48   40   50    0   38   41   36    0   36    0    0    0    0   44    0   42   36    0    0   42  
   0    0    0   36   43   50    0    0   47   41   49   46    0   38   44    0   45   47    0   50    0   37   39    0    0    0   50   40    0   49   46    0    0    0    0   47    0    0   42    0   43    0    0   47   50    0   48    0   43    0  
   0   36    0    0    0    0   43    0    0   48    0   49   42   44    0    0   38   40   40   44   36    0   41   42    0   39    0   42   37   50   44   49    0   38    0    0    0    0    0   47   37    0    0    0    0    0    0   46   49   45  
   0    0    0   37   41   48    0   37    0   45   41   40   36    0   47    0    0    0   40   50   36    0   50    0    0   39    0   44   41   49   43    0    0   50    0    0   44    0    0   49    0    0    0   42   50   38    0    0   46    0  
   0   46   40    0   36   39    0    0    0    0   49    0    0   42   43   46   43   50    0   36   36   48    0   41   46    0    0    0   49    0   48   45    0    0    0    0   42    0   37   38   42    0    0   41    0   44   47    0    0    0  
  48    0    0   38   45   41    0   40   43   46    0    0   49    0    0   37    0   36    0   45    0   47   45    0    0   48   44   36    0    0    0   41    0   41    0   44    0    0   42   50    0   48   48    0   39    0   48    0    0    0  
  47   37    0   41   42    0   41    0   39    0   40    0    0   46    0   43   38    0    0   42    0   42   48   46    0    0   48   40    0   44   40    0   38    0   36    0   49    0    0    0    0    0   50   45    0    0    0   44    0   39  
  46   48    0   40   36    0    0    0   42   38   43   39    0   47    0    0    0   49   41   39    0    0   44   37    0   49    0    0   41   50    0    0   44   41   38    0    0   48    0    0    0    0   48    0   50   45    0    0   48    0  
   0   38   49    0   40    0    0   45    0   40   41   42   45    0   37    0   38    0    0   48   44    0    0   49    0   46    0    0    0    0   50    0    0    0    0    0   43   49   36   47   39   42    0   42    0    0   44   46   36    0  
   0    0   45   36   49    0    0   36   42   48    0   49    0   41    0    0    0   39   39    0   46    0    0   36   37   44    0   43   41   40    0   49    0   38   47   45    0    0   48   45    0   50    0    0    0   36    0    0    0    0  
  50    0   42   36    0   44   49    0   37   38    0    0   47    0   43   39    0    0   49   40   38   46    0   45    0    0    0    0   41    0    0    0    0   36    0   36    0    0   37   49   39   46   37   37    0    0    0    0   48    0  
   0    0   45    0   39    0    0   44   50    0   38    0   43    0   48    0   43   47    0    0   44   40   42   41   46    0   49   42    0   36   43   47    0   37   42    0   41   42    0    0    0    0    0   42    0    0   47    0    0    0  
  44   46   39    0    0    0    0    0   45   36   38    0    0   43    0   44   40    0   48    0   39    0   38    0   41   50    0    0   43    0   47   38    0    0   45   38    0    0   39   42    0   37    0   39    0    0    0   49   50    0  
  39   38   44    0    0    0    0    0    0    0   44   45    0   37   47    0   48   41   43   50    0    0    0    0   42    0    0   50    0   44    0   43    0    0   49   43   47    0    0   36   40   47    0    0    0   46   43   44   38    0  
  47   38    0    0    0   45    0    0    0    0   47   46    0    0    0    0    0   43   50    0   42    0    0    0   41   48   49    0   50   41   39   37    0   36   38    0   37   50    0   50    0   41   44    0    0    0   47   40    0   41  
   0    0   46    0    0    0    0    0    0    0   37    0   38    0   45   36    0   48   36    0   50    0   41    0   36    0   40    0   39    0    0    0   46   38   38    0    0   49   46    0   47    0   44   43   37   42   40    0   50   41  
   0    0   48    0    0   44    0    0   49   42    0    0   50    0   41    0   41    0   39    0    0   41   45   46   49    0    0   47    0   40   45    0    0   43   41   43    0    0   37   45    0   50    0   38   36    0    0    0   36   42  
  49    0   39   36    0   45    0    0   50    0    0    0   37   49   36   47    0    0   38   44    0   49    0    0   37   42   38    0    0    0    0   44    0    0   40    0   46    0    0   50   47    0   41   48    0    0   43   38   50    0  
   0   45   46    0   49   36    0    0    0   42    0    0    0    0   45   38    0   45   42    0   43    0    0   48   40   39   47   44    0    0    0    0   48    0   37   44   50   40   44    0    0   40    0   41    0   40    0    0   46    0  
   0    0    0   42    0   46   42   39   46    0    0   37    0    0   46   42   50   48   49    0   38   36    0   37    0   41   38    0    0    0    0    0   42    0   46   41    0    0   47    0    0   43    0   48    0    0   45   44    0   40  
  40    0    0    0   46   36    0    0    0    0   36    0   42   41    0   38    0    0   42    0    0   44    0   50   43    0   37   41    0    0    0    0   49   45   39   46   49    0   47    0   48    0   45    0    0   41    0   40   48   37  
  42   47    0    0   48    0   36   41    0    0   37   39    0    0    0    0    0    0   41   44    0   48   46    0    0    0   42   40   41    0   50   39    0    0    0    0    0   40   46   38   48   49    0   45    0    0   43   41    0   44  
   0   42    0    0    0   46   40    0    0   43    0   36   37   50    0   40   48    0    0   41    0    0   38    0    0    0   45    0    0   37   48   49    0    0   37    0    0   48   39   48    0   48    0   41    0    0   44   47   39   40  
   0    0   46   47    0    0    0    0   45    0   48    0   36   38    0   45    0    0    0    0   40   49    0    0   50   42   47    0   39    0   50    0    0   46    0   43   38   48    0   37    0    0   42   40   41   41    0   44    0   45  
   0    0    0    0   49   43    0    0   43   40    0   50   50    0   41   40   49    0    0   43   47   50   45    0    0   46   48   44   37    0    0    0    0   42    0   36   43    0   38   39    0    0    0    0   50   45    0    0    0   46  
  48    0   41    0    0   43    0    0    0   46   45    0    0   48    0    0    0    0    0    0   39   49   36    0   40   46   42   46    0    0   37   46    0   42   48   42   50    0   38    0    0    0   43    0    0   45   44   47   46    0  
  50    0    0    0   47    0   44   45   41   36    0    0    0   49   46    0   44    0    0   40    0   50   37    0   38   48    0   48    0    0    0   39   48    0   48    0    0    0   50    0    0   43   42    0   47   50   38    0    0   39  
   0    0   40    0    0    0    0   50   36    0    0    0    0   36   47    0   45    0   46   39    0    0   41    0   41   40   38   39   42   48   37    0   44   50   49   44    0    0    0    0   39   43    0    0    0    0    0   39   45   41  
  44    0    0   39   46   37    0    0    0   39    0    0    0    0   47    0    0   40    0   36   48   43   38   41   41    0   49    0   50   45   44    0    0    0    0   41    0   42   38    0   47    0   47    0    0   49   49    0   38    0  
  44   43    0    0    0    0   44    0   48   38    0    0   43    0    0    0    0   43   42    0   43    0   47   43   39    0    0    0   46   39   37   40    0   36   49   41   48   43    0    0   50    0    0    0   43   45    0    0   40    0  
  43   41    0    0   43   39   47    0   48    0   45    0   38   43    0    0    0   37   42   45    0   40    0   39   37    0   47   50    0    0    0   46    0   49    0   42   40   44    0    0   40    0    0    0    0    0   36   42    0    0  
  41    0    0    0   49   45   44    0    0   43    0   46    0    0   39    0   37   48   41   41    0   42   36    0    0   50    0    0    0    0    0    0    0    0   41   45   40   44   37   39   47    0   45    0   43    0    0   38   44    0  
  36    0    0   47   49    0    0    0   39   38    0   49    0    0    0   49    0   38   49    0    0   37   43    0    0   36    0    0   44    0   49    0   42    0   38    0   46    0   45   38    0   48   50   49   41    0   40    0    0   49  
   0   43    0    0   39    0   37    0   36    0   37    0    0   42   36   47    0   43    0    0    0   45    0   40   41   37   48    0   43    0    0    0    0    0   36    0   49   50   43    0    0   36   38    0    0   40   44   46    0   41  
  42   46   47   49   41   40    0    0   43    0    0    0   50    0    0   48   44    0    0    0   39    0    0   38    0   36   37   41    0    0    0    0    0   46    0   36    0    0   49   37    0    0   50   49   42   39    0    0   50   45  
  48    0   39    0    0   40   42    0   46   42    0    0   43    0   45    0    0   49   50    0   39    0    0   47    0   46    0    0   36   50    0    0   37    0    0    0    0   44   39   39    0    0    0   45   38   41    0   50   37   37  ] 
BUDGETS : [    2    3    8    8   12   14   14   17   17   19   20   23   23   26   27   28   29   30   36   37   43   44   48   48   60   67   67   69   70   70   71   71   80   81   82   83   83   83   83   84   84   84   87   88   89   89   89   91   91   99  101  101  105  107  107  110  110  111  113  114  114  117  118  120  122  126  127  130  134  139  141  142  144  146  147  148  149  151  152  152  153  155  156  157  161  165  165  165  170  170  172  173  174  175  175  181  189  192  192  193  ] 
