K : 100
I : 100
PREFERENCES : [   24   10   70   25   51   84   78   31   71   94   23   90   17   36   93   69   86   20   83   89   52   63   18   82   99   76   81   80   77   14    8   61   62   96   22   48   44   13   19   42   40   66   38   65   50   73   67   79   55   37   29   15    4   60   46    5   27   53   92   79   16   43   11   72   39   12   68   45   35   88   47   54   57    7   34   85   98   30    9    6   74   33   95   56   26   49   98   97   64   58   12   91   75   28  100   41   87   21   32   59  
  43   54   68   86    4   98   99   82   21   44    6   94   67   93   46   95   47    8  100    5   52   65   41   14   38   42   57   73   10   76   33   56   84   90   92   16   23   66   18   61   37   17   19   59    7   79   40   60   75   30   34    9   81   97   83   25   88   48   31   80   11   29   53   75   70   13   72   85   12   77   36   69   91   20   32   26   24   44   62   22   58   27   74   55   51   15   18   78   49   45   71   89   87   35   39   28   63   64   50   96  
  97   31   93   85   29   28   91   25   22   45   19   35   75   50   36   38   17   10   83   53   41   52   79   72   67    9   15   69   76    6   78   26   92   62   40   27   74   90    4   61   95   12   71   86   73   96   56   43   54    8   21   70   77   11   47   16   51   94   55   33    7   99   57   68   37   98   20   80   60   48   24    5   39   89   88   18   13   34   64   94   82   20   81   65   42   32   84   14   46   66   38   59   44   23   63  100   49   87   30   58  
  72   94   70   95   78   43   87   23   62   48   44   37   60   34   42    6   45   79    7   57   85   97   40   29   16   55   30   76   82    8    5   25   59   75   68   47   99   36   38   88   52   89   53   80   20   58   96   92   71   91   39   15   74   29   66   46   24   33   22   12   54   51   27   18   69   67   86   13   35   10   50   73   63   33   11   28   98   84   21   56   44    9   41   32   81   31  100   93   14   19   26   90   77   61   17   83   64   49   65    4  
  95   53   50   14   28    4   44   83   73   31   14   63   38   70   52   90   47    5   45   84   78   92   62   59   82   43   56   16   98   94   23   18   60   86   34   35   12   51   40   65   68   71   37   11   32   72   91   19  100    9    7   10   27   58   22   48   96   69   54   20   61   13   76   66   64   49   99   33   21   55   97   41   99   81   24   22   75   93   26   57   88    8   25   42    6   85   15   79   80   77   67   46   39   17   87   89   74   29   30   36  
   4   30   90   92   64   79   68   89   13   24   23   20   10    9   57   81   16   73   19   66   97   44   55   37   67   99   63   80   50   39   82   49   56    8   25   69   34   51   77   29   31    7   95   27   40   93   78   26   43   83    5   41   38   72   14   98   60   35   96   88   85   36   46   22   65   21   45   74   48    6   86   91   61   17   33   47   42  100   32   76   59   75   53   87   57   15   32   62   71   18   84   52   11   58   12   70   54   40   28   94  
  88   26   47   24   19   54   69   81   94   29   11   37   99   58   20   84   22   29   27   78   79   75   50   55   82   44   91   42   85   66   53   31   41    5   48   14   92   28    7   52   48   38   21   51   89   71   39   80   43   90   32   40   46   68    4   83   56   16   34   63   18   70    8   35    6   57   74   17   30   87   77   33   67    9   13   60   45   73   25   12   98  100   62   36   76   84   96   95   15   10   64   59   49   97   61   23   93   72   86   65  
  57   53   96   90   67   30   24   22   37   27   12   11   30    4   74   21   45   87   36   18   97   35   76   54   72   16   79   56   34   38   32  100   44   47   29   14   43   78   58   85   25   91   26   51   66   17    8    6    7   46   15   75   80   63   86   39   19   62   69   88   82   20   71   61   28   48   94   65   41   31    9   70   89   60   13   33   93   68   92   64   40   99   77   81   55   52   84   10   23    5   73   94   42   83   20   50   49   95   59   98  
  19   15   62   68   23   51   98   53   12   47    4   59   91   13   76   50   45   28   21   32   36   33   17   78   89   85   39   11   34   99   93   46   22   42   71    6   84   24   49   29   95   55   81   65   64   61   88    7   57   35   83   73   90    9   30   44   82   63   10   27   14   66   41    5   40   18   58   37   52   48   25   96   87   94   26   60   65   38   77   56  100   72   80   97   54   74   20   43   86    8   67   31   75   70   92   69   16   79   85   40  
  23   44   52   68   84   67   10   75    5   51   53   30   65   95   86   43   82   49   64   99   20   17   96   24   70   41   38   12   81   34  100   28   33   11   45   73   55   91   61   26   74   42    9   90   60   25   71   76   69   21   16    6   18   40   35   39    4   27   50   19   87   46    8   57   98   47   32   56   22   94   36   89   97   59   31   15   29   48    6   54   79   78   93   66   55   62   13   72   80   88   37   85   77   92    7   83   58   63   14   83  
  95    9   56    5   82   59   84   75   68   42   65   50   66   26   85   10   91   44   76   92   89   86   88   55   99    6   34   80   36   19   54   35   60   28   63   67   57    8   93   51   87   58   11   38   83   43   32   53   12   90   71   21   64   69   94   33   49   45   41   18   25   30   48   74   14   97   22   60   98   77   46   40   20   60   61   17   96  100    4   29   15   27   62   13   37   47   72   16    7   79   81   73   31   78   52   24   23   39   81   70  
  90   18   20   57    5   39   69   28   64   30   38   85   75    9   59   45   68   98   34   52   44   63   37  100   33   61   32   13   76   50   31   95   86   53   91   80   97   54   43   87   55   96   14    5   29   99   42   25   63   10   79    8   23   78   74   51   66   49   15   12   88   81   41   60   77   73   35   48   65   82   92   26   47   93   84   19   27   94   21   89   70   83   17   72   46   56   22    7    4   36   24    6   67   58   62   11   71   84   40   16  
  81   83   29   97   33   30   74   15   69   77   94   54   70   27   99   65   24   13   39   36   43   77   73   68   48   37    7   95   12    9   86   49   88   84   34   90   47   45   53   89   32   64   21   91   20   10   75   40   25   82   72   87   60   59   14   72    8   35   78   76   55   57   38   51   17    6   56   22   16   28   63   67   18   93   96   42   50   19   31   92   11   50   58   85   66  100   61   62   52   71   41   46   80   23   98   26    5   44    4   79  
  97   39   55   92   12   88   98   80   61    7   68   23   75   91   28   95   73   94   90   38   77   58   67   79   17   78   49   84   10   20   54   45   81   85   89   24   27   82   64   33   99   21   16   25   56   35   22   11   63   19   44   48   86   53   26   34   93   76   59   37   36   50   37   30   70   69   96   52    6    8   62   47   40    5  100   57    9   31   74   46   63   14   72    8   71   29   41   51    4   15   66   87   43   18   83   42   13   60   65   32  
  29   81   58   54   52   51   38  100   84   62   36   57   64   44   18   22   68   98   66   87   11   20   99   27   17   38   67   85   40   19   91   59   30   41   58   34    9   12   83   79   28   71   78   90   15   10   96   13   45   70   50   46   26    8   60   92   86    4   63   25   76   33   93   88   24   35   14   43    5   89   80   53   23   94   37   32   21   16    6   73   95   39   47   49   65   72    7   74   97   55   56   61   42   48   77   31   75   20   69   82  
  61   83   96   41   59   90   23   77   46   62   41   88   67    9   13   34   87   80   20   63   76   57   26    8   10   33   53   32   85   51   12   82   71   17   89   73   45   44   60   89   99    6   39   11   40   18   48   49   30   22   50   69   37   52   19   43   64    7   94   92   79   27   42   66   98   84   25   14   93   24   91   36   31   68   28   75   29   65   97   95   58   47   74   81   54  100   72   16   56   86    5   70   55   35   39   15   78   38   21    4  
  12   66   33   24   69   83   27   90   81   67   97   49   35   88   32   76   92   22   36   96   95   75   73  100   70   71   52   61   56   54   39   84   89   91   87   44   34   79   72   29   26   37   43   28   63   74   11   23   99   20   48   31   53   93   14   98   94   21   40   46    4   13   85   92   47   25    6   15   81   10   58   59    7   77   17   55   50    9    5   18   51   42   78   62   80   64    8   86   41   45   38   68   19   57   65   60   82   76   30   16  
  88   21   84   64   16   73    5   22   10   15   86   13   95   78   59   50   76   51   37   33   49   53   26   74   81   68  100   20   72   34   39   67   30   41   94   87   83   12   56    4   42   63   14   71   28   43   24   39   23   60   70   27   93   40   11   57   97   52   54   75   58   92   55   23   65   19   62   36   91   77    9    6   66   99   69   18   89   44   31   85   48   90   45   82   98   29   46    8   47    7    8   80   38   61   79   96   35   17   25   32  
  37   88   34   54   37   94   33   65   69   48   53   99   22   86   68   96   21   52   51   35   47   43   31   39   16   42   57   58   84   72    6   40   46   60   62   90   55   95   78   76   12    8   27   11   24   85   98   17   91   28   38   71   19   64   23   77  100   10   73   45   87   26   63   66   41   70   25   59   14   29   80   30   75    7   83   97   18   81   49   92   56   93   65   74   15   50   44   67    4   20   13   82   61    9   86   79   36   32   89    5  
  12   79   53   35   80   50   80   17   32   98   77   97   21   33   93   16   83   49   28   76   41   19   58   78   34   45   72   59   94    9   57   29   48   37   52   22   54    8   92   24   60   84   88   55   82   45   73   69   11   26   67   66   89   20   31    7    4   51   13   86    5   44   96   85   70    6   90   39   87   68   64   99   46   18   10   56   65   43   81   25   38   23   63   74   22   27   40  100   30   91   47   62   14   95   15   36   61   42   75   71  
  17   94   62   37   92   95   20   36   75   23   47   93   67   13   11   21   78   40   60   64    5    9   61    8   65   82   80   87   52   96   72   11   48   41    7   51   76   24    4   64   69   54   33   16   63   53   32   83   12   34   30   56   49   29   71   66   31   98   50   35  100   90   85   46   38   57   43   89   77   84   99   81   86   68   25   59   93   39   91   58   44   88   15   42   26   28   70   55   19   22   14   79   27    6   73   45   97   10   74   18  
   6   59   73    8   80   55   54   13   72   14   61   89   16   43   30   91   87   10   92   40   39   88   76   12    9   27    7   35   31   21   79   37   82   20   45   56   75   49   70   93   51  100   34   84   44   11   42   57   18   19   58   83   52   25   98   99   63   62   18   77   67   28   53   46   38   78   47   33   97   48   23   26   17   50   69    4   41   66   64   60   81   22   74   86   47   51   96    5   94   15   65   32   71   68   85   36   24   29   95   90  
  22   19   41   67   28   31   63   15   82   26   93   99   53   92   80    4   43   68   91    7   98   55  100   32   45   95   10   18   46   97   20   54   34   87   16   83   35   96   70   52   81   85   29   48    5   94   36   54   39   57    6   66   50   77   37   49   11   90   84   59   33   72   71   23   31    8   44   17   65   56   14   51   76   38   47   89    9   40   78   79   61   21   62   60   31   64   12   69   13   75   88   25   24   74   86   27   30   73   42   58  
  62    5   55   61   99   31   74   22   81   21   48   30   63   88   97   28   10   32   42   47   43   17   46   53   18   52   49   44   68   14   29   79   82   84   93   12   89   37   80   72  100   66   54   35   58    4   86   25   94   23   73   41   77   92   76   45   36   27   69   96   64   38   75   67   57   77   60   14   95   15    6   91   53   78    8   65   33   13   39   71   19   16   59   51   70   87   34   24   20   83    9   56   40   90   11   98   26   85   50    7  
  79   16   10   45   74   25   43   59   20   71   51   76  100   37    9   21   13   68   38   18   63   66   17   36   33   96   62   31   53   72   55   26   35    4   43   46   30   82   39   78   97   99   32   85   80   58   94   61   44   86   23   42    8    6   69   90   57   92   77   48   75   54   41    5   50   88   95   49   65   34   70   14   47   64   22   52   87   11    7   29   40   93   83   18   67   29   84   89   73   12   60   19   27   56   24   81   91   15   28   98  
  31   10   14   90   72   27   59   86   76   65   47   50   89   53   83    5   48   55   67   79    6   26    4  100   18   51   92   68   68   12   33   96   88   88   74   41   80   38   37   44   63   23   24   45   98   82   71   94   78   91   43   42    9   36    7   54   84   77   56   30   73   39   66   69   17   21   70   35   97   34   28   58   64   52   89   32    8   22   57   81   11   99   46   16   25   20   29   75   87   95   15   61   40   13   19   49   85   60   62   93  
  26   71   74   80   15   20   11   41   34   80   62   13   63   89    5   86   18   90   97   48   19   96   92   45   24   83   59    4   72   82   76   67   16   59   84   61   38   98   68   99   60   22   85   10   35   52   79    7   29   81   50   42   33   95   49   78   75   66    8   65   44   56   87   30   91    9   53   25   73   28   21   55  100   23   93   94   47   37   57   27   46   39   70   54   36   64   32   17   40   46    6   51   69   88   12   77   43   31   14   58  
  52   70    4   94   68   85   87   14   53   89   22   90   12    6   84   16   50   15   42   65   83   35   41   59  100   13   26   20   40   62   67   43   80   80   32   27   34   86   10   21   36   24   82   58   99   19   69   11    9   72   61   95   79   74   98   48   45   44    7   97   75   46   31   47   28   60   88   56   55   49   91   25   51    5   18   93   39   63   14   80    8   76   38   81   37   73   96   57   17   33   66   78   29   54   64   71   77   92   23   30  
  66   39   80   67   98   29   79    7   32   51   10   22   24    6   73   65   84   78   18   26   21   63   48   61   25   41   31   53   11   76   93   99   35   74   57   69   85    4   12   97   93   44   50  100    8   15   54    9   52   27   91   58   17   60   72   81   49   71   82   94   77   16   47   37   40   75   83   42   55   33   95   19    5   88   87   30   86   57   14   65   28   59   68   13   20   46   62   90   92   70   45   64   56   23   89   96   38   43   36   34  
  92   59   30   37   95   76   68   98   12   62   39   34   33   61   78   94   31   75   97   17   20    7   69   86   44   40   91   89   24   11   96   71   36   99   53   87   50   27   46   56   45   67   64   21   60   29   28   65   93   81   63   41   15   26   14   32   82    4    7   38   23   35   80   90  100   66   16   79   42   18   48   10   29   47   49   73   13   57   85   25    8    5   88   51   19   61    6    9   77   70   72   43   22   83   58   84   74   52   54   55  
   6   57   56    5   85   88   97   99   89   68   90   17   92   10   33   40   67   84   54   37   27   95   26   13   31   80   69   93   91   19   18   28   45   79   76   59   87   12   30   51   62   23   35   58   65   55   16   38    9   45   15   61   66   24   31   47   49   52   44   44   43   14    7   46   71   74   21   78   73   34   29   32   39   83   53   63   64   98   41   42   22   36   75   11  100   25    4   86   81   72   94   60   77   48   50   82    8   70   96   20  
  12   75   77   78   19   65   46   24   80   70   83   73   83   92   69    8   93   57   28   45   54   64   52    6   22   60    4   83   59   58   20   43   81   33   90   41   62   88   68   27   71   48   51   32   53    7   67   63   99   31   86    9   97   14   10   82   89   47    5   76   79   26   21   73   30   18   66   74  100   37   11   72   61   42   39   56   55   15   13   29   17   91   87   40   35   34   84   38   36   50   94   96   49   44   85   98   25   95   16   23  
  31   11   61   95  100   15   29   65   99    5   74   73   86   25   44    9   77   20   45   76   97   88   96    8   50   47   67   35   75   12   71   30   52   42   37   27   14   53   21   65   63   13   70   49   60   64    7   39   28   46   92   82   72   59   84   43   55   10   68   62   40   32   41   48   66   36   24   57    6   98   23   78   79    4   17   38   33   22   94   85   19   51   93   69   58   83   34   18   91   87   56   60   89   85   80   16   90   26   54   81  
  14   62   96   18   31   75   48   55   59   68   50   27  100   81   78    9   99   58   33   77   20   87   65   74   94   32   70   35   85   97   56    5   82   60   13   38   47   15   11   47   24   89   80   28   44   49   46   61    7   73   93   71   25    8   72   42   23   83   86   92   10   29   39   43   88   63   57   98   30    6    4   37   69   64   97   52   17   41   12   36   19   84   45   79   53   16   21   90   95   91   34   51   67   54   22   66   76   81   40   26  
  15   70   35   20   77   96   92   58   55   28   76   73   39   82   56   81   46   47   68   34   13   22   60   91   45   37   78    9   51   66   52   24   18    8   31   14   17   95   40   54   97   94   67   16   44   74   53   83   88   80   21   54   30   57   61  100   50   63   26   84    6   12    5   72   43   27   12   59   89   71   23   36   98   86   38   32   64    7   29    4   93   11   48   87   99   90   65   79   69   85   10   19   33   51   41   42   49   62   75   25  
  48   50    8   83   92   98   57   13   24   80    7   69   52   38   79   28   32   62   61   43   85   95   75   59   29   90   49   46   30   67   33   96   68   88   12   37   70   53   10   19   11   25   41   72   82   48   78   18   87   55   89   47   93   89    9   81   99   86   42   35   40   39   95   56   77   31   21   73   36    4   45    5   16   91   66   76   17   23   71   15   94   84   22   20   27   51   74   60   44   97   14  100   54   63   64   65   58   26    6   34  
  64   34   98   86   87   31   76   32    4   78   66   56   65   27   48   77   60   96   88   35   90   59   58   40   16   99   63    9   47   29   94   33   17   53   68   30   62   92    8   97   52   55   85   67   38   24   45   13   66   46   84   83   37   54   72   14   50   26   91   20   10   23   44   81   12   95   18   11   70   39   42   82   73   36   79   15    7   89   51   80   33   71   74   19   61   41  100    6   57    5   43   18   22   69   49   28   75   21   25   93  
  44   38   95   33   92   26   16   20   68   46   19   11   71   52   45    5   54   67   49   96   51    4   14   39   59   63   99   56   41   53   73   65   94   29    6   15    9   82   22   30   27   17   97    8   43   70   50   80   21   34   55   24    7   13   32   98   42   74   57   79   10  100   25   83   31   86   47   98   81   87   78   61   75   58   40   64   18   72   93   85   69   28   60   77   12   76  100   69   48   90   84   66   62   88   91   35   89   36   37   23  
  44   14   77   41   49   80   33   25   56   35   15    6   85   93   72   40   30   90   48   31   79   81  100   37   24   92   43   29   23   11   71   47   63   96   42   86   88   83   70   57    8   76   84   55   98   73    5   53   87   45   39   61   67   38   51    4   26   91   18   63   58   75   68   74   17   22   26   34    7   20   52   21   62   66   54   13   97   82   32   94   78   28   12   89   50    9   27   99   48   69   19   16   59   46   10   65   60   64   36   95  
  49   95   11   34   72   74   69   83   97   89   94   23   22   47   73   26   28   79   66   58   52    6   76   71   61   23   46    4   70  100   51   81   88   15   10   63   33   45   40   18   98   96   75   29   50   68   84   93   42   82   64   56   25   31   16   35   72   13   41   43   30   86   62   39   36   24    9   99   12   33   19   65   57    8   77   78   80   67   32   21    5   48   14    7   55   37   17   90   91   38   59   54   85   20   92   60   27   44   87   53  
  81   60   79   12   36   48   91   20   11   21    5   58   98   86   30   67   87   61   64   76   93   33   34   70   62   97   99   73   19   68    9   69  100   95   47   18   83   80   94   96    7   89    4   72   14    8   13   50   74   66   43   40   51   39   46   22   17   63   77   15   88   56   65   35   10   32   82   71   54   29   31    6   85   61   78   59   42   41   24   90   92   55   38   37   28   27   23   26   49   75   97   45   25   84   16   52   53   97   44   57  
  95   93   22   49   58   90   29   18   42   69   44   15  100   32   14   17   24   82   28   12   31   88   51   92   63   86   33   37    4   64   72   85   99   76    9   40   74   11   55   67   48   84   30   70   34   57   23   16   50   53   53   77    6   41   59   25   60   71   89   32   36    7   45   75   43   20   73   83   26   98   56   19   91   62   54   78   10   66   21   38    5   81   79   46   61   39   97   35   80   68   80   47   87   13   27   94   52    8   96   65  
  34  100   64   23   76   27   40   11   80   44    6   62   92   22   39   72   94   32   26   35    7   33   84   93   48   12   85   41   75    4   29   95   28   17   20   47   68   59   65   50   15   55    5   51   25   36   37   70   10   90   74   86   60   49   24   77   31   14   53   38   98   82    9   78   56   21   16   63   18   61   42   58   73   83   30   88   66   69   97   56   79   10   46    8   13   52   87   81   54   71   96   19   45   43   99   89   29   67   91   57  
  23   60   96   30   32   83   22   29  100   38   47   41   27   53   99   40   74   82    7   80   72   36    5   58   12   55   10   42   28   52   80   21   64    8    9   54   26   69   59   84   62   65   87   11   92   19   89   13   88   97   71   81   85   43   25   15   20   67   50   39   70   61   33   93    4   73   98   90   37    6   78   68   17   35   46   57   24   66   95   14   49   63   77   48    5   34   91   16   45   86   99   18   44   79   94   51   76   31   56   75  
   5   43   28   29   57   46   99   20   62   58   66   69   51   26   67   39    6   71   64   86   42   56   59   94   88   60   36   18   73   35   95   19   12   90   19   74   31   37   47   96   32   93   78   38   83   27   15   54   76   16   87   85   68   30   25   84   11    4   77   11   33   55   14   40    9   21   44   53    7   70   75   63   34   13   80   48   98   79   49  100   10   24   45   41   72    6   23   22   52   81   50   92   97    8   82   89   65   61   17   91  
  15   68   34   40   43   13   25   87   95   98   35    5   41   33   79   61   70   20   17   80   82   65   15   28    7   70   21   27   23   91   88    4   62   71  100   77   81   24   85   67   76   44   57   86   11   10   16   58   48   18   39   75   89   99   36   50   49   90    8   30   54   56   46    6   94   93   96   19   32   12   38   63   78   42   97   59   53   84   60   83   92   52   74   45    9   73   26   22   31   29   55   66   30   47   51   64   14   69   37   72  
  77  100   68   98   37   29   63   41   60   86   14   21   43   17   53   49   95   93   16   88   39   81   84   48   73   87   79   99   11   47   80   45   91   54   82   83   70   28   46   89   31   52   64   66   38   34   58   74   57   18   10   42   67    6   56   72    8   90    5   23   32    4   50   96   97   51   24   35   36    4    7   73   15   27   30   26   75   78   85   13   76   71   62    9   12   65   33   92   59   19   44   69   94   51   20   25   40   61   55   22  
  62   69   64    4   70   65   60   39   71   53   25   90   93   31   22    6   54   35   86   76   91   23  100   75   21   63   56   24   33   28   80   84   57   65   83   46   30   73   55   37   78   59   88   82    5   77   68   10   34   72   15   79   11   26   92   20   17   67   27   48   14   29   45   68   51   66   47   99   13   52   97   50    8   95   16   41   85    9   38   18   44   36   19   89   81   87   94   49   98    7   12   32   58   74   43   40   96   61   42   73  
  61   39   56    9   32   12   74   81   38   24   35   59  100   70   10   27   42   50    7   17   13   26    4   86   96   58   55   25   77   15   95   69   52   20   75   90   99   19   72   91   68   60   63   30   62   89   41   16   94   88    6   64   31   36   14    8   54   40   78   48   18   23   34   87   71   98   65   73   29   22    4   45   76   33   80   83   51   11   37   46   83   66   21   49   44    5   52   93   92   97   79   82   57   67   53   85   28   47   84   43  
 100   16   59   78   84   57   74   46   86   52   47    7   54   38   95    5   96   49   94   64   39   82   22   25   68   82   92   71   63   43   13   14   33   35   51   37   17   90   73   67   62   19   61   83   45   20   36   81   31   87   99   41   32   56   21   65   55   11   10    4   26   88    6   98   53   48   66   69   79    9   30   70   97   93   76   77   24   29   42   60   89   17   34   44   85   91   23   50   27   75   12   40   58   80   28   15   72   17    8   18  
  90   41   96   54   39   74    8   17   18   50   43   83   46   59   62   28   75   86   80   16   11   26   40   30   61   33   88   25   67  100   38   98   68   71   53   92   66   13   49   51   20   87   36   24   93   55    7   45   77   47   93   32   78   22   21   44   69   23   76    6   19   48   91   72   95   14   65   85   84   35   99   52   82   15    5   37    4   12   27   70   97   31   42   89   58   34   64   94   56   10   73   81   79   44   63   57   29    9   60   62  
  15   98   62   72   58   79   16   39   28  100   52   39   76   84   73   93   53   21   88   33   29   46   13   78   17   59   10   38   49   70   97   66   25    9   87   44   89   96   23   45   94   71   59   26   27   50   43   51   40   54   18   12   74   55    5   83   22   34   90   64    8   99   20   86   95   47   14   37   42    4   60   67   11   35   85   56   36   19   57    6   63   69   81   82    7   61   80   48   68   24   89   77   65   31   91   92   41   32   30   75  
  33   82   35   76   11   29   24   66   57   15   10   30   28   43   64   22   89   86   54   67   63    5   53   58   46   95   98   51   19    4   17   27   75   38   42   74   40   55   52   48   87   93   16   78   56   79   60   50   91   85   68   92   62   44   23   12   25   26    8   80   65   32   83   18   73   13  100   71   72   41   69   45   96   61   77   34   88    9   36   84   59   14   99   81   16    6   94   39   89   80   31   21   20   47   90   70   49    7   97   37  
  59   71   19   36   27  100   80   97    6   63   99   23   42   93   44   64    7   54   83   48   67   98   88   84   36   31   34   28   39   70   87   21   95   69   47   75   57   90   79   77   25   51   15   82   58   86   55   26   56   68   50   46    4   10   52   29   35   72   32   96   78   65   33   74    5   40   20   92   91   85   14   13   76   12   81   96   16    8   24    9   75   49   45   89   61   11   66   62   60   37   94   41   73   30   17   22   53   18   43   38  
  12   96   88   25   32   63   78   11   50   46   30   49   31   28   94   24   71   85   83   33   55   72   16   97   67   68    9   62   12   38   92   43   14   47   99   45   26    8   37  100   73   22   13   76   75   17   42   90   70   81   65   39   77   51   80   40   36    4   41   15   53   66   64   57   34   86   58   27   89   87   29   69   48   54   19   91   79   93   95    5   59   44   60   52   74   82   10   56    7   20   18   84   35   61   65   21   23   98    6   71  
  65   66   57   56   19   54   30   43   25   79   89   48   35   85   53   93   77   64   68   51   27   31   14   28   98   69   18   32   49   22   59   80   63   62    7   74   13   12   42   60   15    4   96   58   86   96   84   95   10   61    5   76   71    9   17   40   45   52   36   21   38   83   92   47   39   16   73   94   24   99   20   29   97   50   75   90   33   75   40   37   55    8   44   82   34   11   81   46   70   41   67  100   26   23   88   78   72   91   87    6  
  17   79   56   60   30   47   81   92   72   21   42   52   25   63   28   58   83   85   89   13   26   33   54    7   32   64   66    9   59   57   31   50   97   65   86   84   49   53   34   37   10   27   38   55    8   88   24    5   62   40   70   76   91   15   41    6   19    4   73   82   99   78   61   81   75   23   93   14   51  100   67   11   48   29   68   22   44   12   87   74   98   39   69   20   45   95   71   94   96   36   80   77   16   18   35   78   46   20   90   43  
  75   57   76   45   34    8   54    5   12   48   67   23   73   98   72   17   20   21   63   35   74   38   96   53   37   62   55   79   22   50   58   81   65   84   16   24    7   95   27   18   41   93   40   17   88   28   15   26   94   68    9   46   59   11   42   86   10   83   78   66   47   32   44   25   60   49   61   90   13   31   70   92  100   89   57   29   19   51   87   69   52   77   30   82   80   33   85   43   64   14   36   39   56   99   97   91    4   71    6   83  
  84   68   56   85   59   66   19   21   41   31   69   95   10   14   87   54   64   39    5   37   34   26    8   18   78   52   49   28   97   73   75   44   35   16   86   80   94  100   91   74   32   89   57   99    6   53   77   60   83    4   11   50   63   43   63   17   20   42    7    9   65   81   33   30   67   25   96   24   12   94   48   93   62   61    5   45   46   47   76   72   27   92   88   71   22   13   98   79   15   40   90   38   36   58   51   82   23   29   70   55  
  35   27   41   80   14   15    7   29   87   19   94    6   61    8   22   78  100   60   37   59   19   26   50   67   13   47   48   20   99   89   95   81   64   70   91   49    5   66   77   76   58   44   38   96   25   24   51    4   57   40   86   42   97   28   16   72   90   39   71   74   11   83   62   79   93   73   75   12   63   68   53   34   10   30   12   33   69   84   43   65   56   52   98   31   46   82   18   85   88   36   32   21   23   54    6   45   92   55   17    9  
  25   49   99    6   85   51   18  100   15   92   77   12   34    4   25   60   70   36   29   35    7   42   66   33   94   30   86   20    8   31   90   56   88   91   69   57   11    5   16   68   37   84   61   28   19   64   93   31   73   98   87    9   72   17   96   38   45   95   52   83   21   47   58   23   41   22   26   55   67   24   10   80   39   75   54   82   40   46   71   48   14   76   79   82   97   89   13   50   44   53   62   32   59   81   63   27   65   74   43   78  
   4   62   27   43   28   76   23   54   64   24   44   92   16   58   60   77   51   10   65   69   25   86   58   82   32    8   89   61   57   72   50   42   53   20   21   46   98   41   95   63   48   60   19   17   68   73    5   70   49   37   79   47   36    6   15   74   81   29   14   97   31   26   38   22   11   33   88   91    9   94   40   56   83   93   35   42   71   85   75   99   80   78   12   90   66   84    7   59   87   13   30   45   67  100   52   96   39   18   55   34  
  48   96   46   37   51    5   92   35   82   48   29   31   69   36   58   62   53   56   17   65   95   10   72   52   99   63   66   57    6   22   81   68   33    4   16   55   32   25   60   45   35   75   27   13   79   94    9   38   54   47   77    7   91   43    8   86   70   67   78   85   90   26   73   28   88   11   59   23   40   39   97   14   10   30   21   61   80   93  100   98   44   76   50   42   64   74   83   24   18   71   15   34   49   41   12   19   20   84   87   89  
  64   75   61   80   33   99   55   56   65   13   41   94   69   21   54   26   19   87   79   29   38   43   48   17   95   77   52   40   47   22   39   59    8   78   92   20   50   50   89   24   53   57   35   23   71   90   62   46   51   91   82   86   36  100   81   66   70   11    4   84   14   32   44   73   34   68   58    6    7   15   16   31    9   30   74   25   88   72   45   10    5   42   93    9   27   37   60   28   12   83   97   85   98   49   96   63   18   67   76   36  
  97   30   58   21   96   86   94   83   31   84   37   55   40   48   42   99   62   32   63   45   77   98   72   11   60   92   85   38   35   27   69   22   67   17    7   23   47   16   53   90   18   56   68    9   71   89   61   90   65   32   12   52   70   36   66   24   43   13   38   14   29   54   73   64   26   19   59   41   95   81   93   44   10  100   25   75   91   28    6   50   87   82   34   80   33    8   79   46    5   76   20   15   49   78   88    4   74   51   57   39  
  13   57   74   46   98   48   82   27   16   58   76   72   21   39   71   77   20   75   85   36   70   63    5   83   42   50   51   62   86   33    6   12   53   55   18   65   44   43   87   24   74   56   80   41   89   59   91   28   17   81   14    8   26   15   90   78  100   23   35   79   64   19   37   34   95   25   60   11   93   47    9   97   30   92   32   68   10   29   73   54   40   49   22   67   52   66   61   99   69    7   31   96   38   84   94   45   93   88    4   86  
  39   86   97   84   58   91   93   24   12   27  100    5   61   95   42   36   78   41   59   54   88   45   89   30   15   99   65   43   14   57   80   64   40   38   32   81   28   18   50   53   60    8   44   29   31   13   26   76   55   70   56   75   85   35    7   10   34   23   67   51   62   71   77   83   68   69   73   94   96   49   37   22   17   66   52   87    9   47   90   74    6   82    4   75   83   94   11   20   46   48   92   19   63   79   98   72   25   16   21   33  
  43   96   67    5   40   87   51   45   37   60    4   26   77   31   54   52   56   34   31   30    6   90   68   65    9   64   88   86   33   62   29   61   48   39   22   53   92   47   89   71   70  100   16   74   81   66   57   82   49   84   72   17   18   93   38   44   10   79   59   78   75   32   21   80   50   27   83   13    5   41   11   25   23    8   28   19   99   46   98   12   35   76   55   24   14   73   20   91   97    7   94   85   38   95   36   63   42   58   69   15  
  36   69   58   14   70    5   92   71   59   64   40   83   32   60   18   63   95   57   81   76   21   55  100   33    6   80   15   12   55   66   30   43   45    7   35   86   62    9   29   56   44   90   93   73   65   99   54   25   94   78   46   85   87   52   26   82   97   13   84   42    4   98   39   77   10   68   34    8   75   11   20   51   37   74   49   41   31   28   88   27   61   79   23   38   19   16   96   48   50   91   53   22   98   78   67   24   72   47   17   89  
  17   28   75   65   14   25   55   15   90   35   46   96    9   67   50   73    6   77   41   32   71   69   34   11   23   81   48   18   89   66   26   49   40   52  100   13   95    4   98   99   57   97   92   61   16   56    5   31   72   43   84   62   94   79   36   10   76   59   80   63   87   30   99   64   33   19   42   58   47   12   70   39   85   60   54   54   38    8   27   93   44   37   68   44   24   86   53   20   22   82    7   21   51   29   45   88   78   74   91   83  
  70   50   37   67   46   60   98   76   18   69   99   43   16   24   53   27    4   54   70   52  100   86   51   73   66   59   96   55   79   31   78   62   11   72   83   48   44   87   61   17   75   40   56   38   28   68   81   25   14   21   64   29   32   26   23   65   91   35   97   90   47   30   10   92   94   58   85   87   71   12   88   93   77   34   22   80   45   19    8   74   39   49   33    5   95    6    7   89   42   41   15   36   84   82   13   57    9   94   20   63  
  73   79   75   55   36    4   20   56   30   69   83   32   44   21   47   82   90   53   60   76   19   45   52   59   94   72   60   33   27   80   13   77   35   95   81   41   92   67   28    6  100   50   96   42   24   63   18   97   62   39   71   19   31   26    9   29    7   66   86   12   43   15   49   40   93   58   68   16   51   98   87   84   44   10   34   64   57   37   14   46   88    8   70   99   91   85    5   23   48   25   22   54   11   38   61   78   74   65   89   17  
  42    6   33   46   14   62   80   93   18   44   43   27   79   97   73   51   79   72   28   90   29   13   94   88   16   63   26    4   15   23   35   86   66   82   67   39   91   58    5   53   18   52   99   20   19   59   69   38   77   96   56   61   84   48   95   31   49   87   64   75   36   55   68   78    9  100   10   22   32   93   57   83   92   81   98   37   21   70   47   40   41   60   30   45   76   74   65   34   50    8   71   85   11    7   25   89   12   54   24   17  
  53   85   43   36   21   74   84   64   63  100   91   76   94   90   35   93    4   27   37   14   98   29    5   42   22   30   22   75   26   33   86    9   83   66   48   65   89   59   18   78   51   11   28   67   95   69   16   79   31   39   10   32   92   56   80   73   40   71   44   62   68   46   42   47   85   24   12   23   96   41   45   50   88   70   60    6   25   34   61   55   77    7   17   81   99   58   38   15   52   13   87   19   97   72   54   20    8   82   57   49  
  94   88  100   96   16   45   77   38    5   28   21   10   33   80   23   41   37   85   75   25    8   73   24   71   74   18   58   26   90   89   17   65   79   72   52   76   83   14   70   47    7   62   66   68   78   67   30    6   36   20   12   81   57   84   49   56   18   22   11   91   69   93   31   51   20    4   54   82   42   13    9   98   48   59   95   15   29   50   60   99   87   53   44   63   46   32   27   64   61   40   34   78   55   39   43   19   92   86   35   97  
  46   85   76   46   19   30   33   86   18   98   35   80   58   71   74   63   61   94   15   24   97   84   93   99   23   17   57   52   40   64   27   92   41   78   90   37    8   88   36    4   73   39   34   89   69   87   14   51   21   32    5   66   56   50   49   62   60   54  100   65   16   26   96   20   44   25   79   53   48   67   82   28   55   83    6   81   11   75   72   29   47   13   43   95   70   68   38    9   59   45   42   12   31    7   22   51   10   77   64   91  
  50   41   17   42    8    7   59   78   99   85   21   89   11   90   84   97    5   52   16   87   61   26   80   55   30   73   25   38   53   91   95   81   69   56  100   60   15   19   75   12   98   36   40   58   51   14   72   79   76   47   51    6   24   29   66   86   65   54   74   92   32   20   44   23   68   10   46   94    9   43   49   33   39   45   27   13   93   28   87   62   83   57   71   16   48   22   64   77   63   82   18   88   35    4   37   31   67   96   70   34  
  15   25   23  100   83   38   94   54    6   76   82   60   39   78   35   66   27   70    9   55   45   87   30   57   59   44   74   28   22   40   81   80   92   12   24   10   79   33   72   12    5   21   71   29   62   17   13   34   43   26   85   53   11   16   73    7   97   18   49   84   95   96   31   61   67   50   19    7   36   42   37   47   68   52    8   86   64   65   58   98   51   32   89   56   90   93   75   29    4   46   69   77   91   14   99   63   88   20   41   48  
  12   89    7   45   21   86   38   85   72   33  100   23   87   59   67   70   61   52   26  100    4   58   15   20   63   62   28   95   14   98    5   18   77   78   68   50   84   47   71   34   27   41   16   76   36   43   55   91   40   42   81   22   80   35   79   25   48   49   24   99   83   65   94   60   13   51   95   37   17   54   90   97   69   66   82   29   39   10   57   75   44   56   93   74    8   88    9   53   11    6   64   96   30   19   32   73   92   46   55   31  
  33   43   62   79   83   70   23   87   57   36   39   38   67   75   64   96   48  100   49   69   84   68   89   76   32   11   40   86   95    9   97   94   22   15   44   37   20   16    5   52    7   42   93   21   92   56   29   78   81   65   46   98   28   61   66   27   73    4   35   60   11   14   53   74   17   80   72   77   10   13   45   51   12   59   30   63   26   18    6   85   58   99   19   55   25   47   82   50   88   34   90   91   41   36    8   54   31   24   44   71  
  12   49   59   98   17   58   89   10   16   93   84   13   11   41   40   99   35   90   86   38   25   82   51   21   46   65    9   85   69   96   79   81   18   75   66    4   23   94    7   34   22   72   81   44   61   76   80   15   17   50   78   27   54   47   48   87  100   14   33   13    8   60   26   57   91   71   56   42   20   24   73   52   95   64   74   36   68   43   77   55   92   19   63   32   45    6   53   29   28   39    5   70   88   62   83   37   97   67   31   30  
  74   89   78   22   49   23    5   62   42   77   13   15   92   46   90   16   94    7   81   40   98   79   17   30   75   44   56   65   47   52   14   86   54   63    6   93   10   70   72   34   32   51   11   26   50   83   60    4    8   96   82   42   59   33   95   76   61   38   21   45   43   92   36   29   20   57   41   19   69   25   99   55    9   39   67   87   84   48   73   28   35   31   27   68   85   92   71   53   37   88   80   24   18  100   64   97   12   66   58   91  
  67   52   79   43   18   16   96   86   33   93   17   40   87    4   92   47   39   25   76   77   81   23   60   42   49   64   24   55   50   82    9   75   45   74   61   89   29   30   12   10   22   54  100   73   95   50   27   78   97   58   44   37   31   90   21   65   38   88   36   15   80   29   99    8   20   72   66   41   28    6    7   63   57   13   56   59   68   11   98   62   85   46   94   51   83   26   84   97   14   32   71   34   19   91   35   48    5   53   69   70  
  45   60   66   69   10   94   41   11   76   16   52    7   50   32   97   39   44   90   74   55    8   34   87   51   47   80   42   46   75   73   13   71   83   36    4   82   48   24   31   40   43   67   40   95   26   84   28   68   23   35   27   12   37   93   53   59   62   98   78   65   64   25   77   18   57    5   22   86   96   92   79   49    6   72   56   70   81   99  100   54   58   61   14   20   21   17   91   85   63   33   38   19    9   30   89   35   29   88   50   15  
  88   15   90   96   34    6   10   54   91   16    5   18   81   38   78   86   80   65   44   28  100   85   57   50   36   75   67   97   19   13   41   49   93   64   53   47   74   68   43   84   58   66   71    7   76   14    8   92   20   21   42   23   82   62   77   22   55   99   45   56   25   98    4   32   83   60    9   51   40   69   11   95   52   46   27   89   24   82   94   28   61   12   39   29   72   48   79   37   59   73   17   30   70   33   63   87   26   19   31   35  
  52   42  100   31   16   40   59   81   20   69   44   70   93   22   49   43   84   79    9   29   53    7   64   48    5   54   63   28   86   77   73   45   71   21   38   91   82   61   74   68   98   37   57   51    4   32   95   62   94   26   85   15   96   17   47   83   14   46   24   34   80   97   19   23    8   66   41   39   75   13   89   87   84   99   25   65   90   33   50   67    6   35   44   36   12   78   27   10   18   55   60   11   44   76   58   92   56   88   72   30  
  19   27   21   85   11   54   86   59   77    5   90   13   76   66   63   24   98   62   57   56   92   55   28   18   45   65   84   60   29   95   88   33   14    4   75   69   83   53   79   83   47    8   31   32   64   74   15   78    7   50   36   42   72   71   81   80   10   26   67   99   34   39    5   94   48   44   16   41   62   43   73   97   17   20   68   52   23   82   49   25   40    9   35   93    6   22  100   61   51   87   96   30   70   58   37   46   91   12   89   38  
  40   28   38   20   12   95   87    7   76   23   70   35   10   79   77   80   75   92   15   43   53   63   58   30   62   88   27   18   91   75   64   52   33   29   55   42   50   78    9   37   57   49   45   67   51   83   86   68   39   14   56   26   94   31    6    4   90   66   36   71   61   82   60   11   59   72   23   19   93   69   47   48    8   89    5   34   98   44   21   74   32   97   84  100   13   85   17   46   16   96   99   73   25   65   22   46   54   81   41   24  
  89   72   80   95   38   89    9   21   27   12   98   61   56   17   59   30   87   76   24   54   81   47   15   42    5   22   75   86   34   79   58    8   55   46   91   23   66   11   99   71   31   39   94   57   70   88   53   51   15   97   10   67   43   93   83   44   84   73   28   82   37    6   92   13   77   25   60   29    7   36   64   32   20   62   49   63   16   45   78   85   33   68   96   65   26   52   18   14   36   48   19   69    4   35   50   41   90   40  100   74  
  49   69   48   76   80   28    9   11   66   88   63   62   43   44   42   32    6   31   73   46   87  100   54   42   86   96   23    4   58   35   94   53   95   51   26   93   67   56   18   29   61   81   83   70   85   84   98   14   78   38   30   68   74    5   12   35   16   82   90   89   22   19   21   57   52   64   25   15   33   75   45   79   47   23   92   60   91   97   72    8   41   40   36   10   59   77   65   27   13   39   37   24   34   55   50   20    7   71   17   99  
  19   13   46   37   93   92   18   94   66   27   74   45   10   21   53   47   54   55   57  100   20   52    5   35   78    4   88   82   44    5   79   33   36   70   80   43   16   81   90   60   31   56   85   72    7   50   99   98   40   77   89   24   83   75   96   33   26   97   63   68   23   95   62   22   59   67   32   14   73   12   84   39    6   58   91   17   51   48   76   38   34   71   61   86   15   30   49   29   55   65   11    8    9   28   64   69   25   41   87   42  
  59   90   99   24   95   41   19   30   79   42   39    7   43   53   70   49   77   55   64   62   34   92   36    8   60   57   94   61   72   13   84   87   67    5   29   12   83   50   27   35   75   63   10   48   93   33   25   96   32   47   80   16   23   40   17   18   66    4   42   31   46   76    6   89   97   86   15   52   45   73   78   65  100   69   68   81    9   22   91   82   31   26   44   11   14   98   85   88   20   71   37   58   38   51   56   53   54   74   21   28  
  47    8    9  100   65   39   87   56   69   37   45    5   83   52   42   15   90   18   71   29   30   92   38   93   14   80   10   77   50   49   61   72   53   62   25   86   78   95   74   87   73   70   24    6   68   31   99   23   40   34   21   20   89   91   84   41   54   70   76   32   59   55   85    7   94   16   81   75   19   57   87   98   79    4   28   64   36   17   88   27   22   13   67   96   82   58   63   11   51   66   97   44   46   12   35   48   60   26   43   33  
  14   76   73   26   72   81   38   42   55   41   61   91   17   27   21   80    5    6   90   86   49   30   31   66    8   85   19   48    4   58   56   69   10   88   11  100   63   79   46   68   47   44   25   23   70   97   15   24   52    7   50   98   57   45   89   99   82   94   69   12   16   40   42   62   18   34   88   22   36   67   78   43   75   53   29   54   60   96   28   20   77   95    9   39   93   74   32   35   92   71   33   59   51   83   84   13   64   37   87   65  
  29   77   38   46   28   83   50   97   82   85   76   12    4   91   62   78   56   71   69   27   95    9   96   14   32   19   85   22   89    6   94   90   13    8   31   67   54   16   51   15   60   59   57   61   20   74   11   34   45   24   41   98   49  100   47   35   46   53   68   37   40   23   52   65   84   36   63   72   58   10   73   24   39   33   26   88   42   43    7   92   48    5   18   86   93   80   87   21   64   55   25   99   75   17   44   79   70   66   30   81  
  56    5   15   87   82   26   53   78   46   42   19   32   84   61   44   83   62   70   64   71   49   16   27   75    6   55   30   88   17   33   93   54   94   97   69   43   50   92   48   24   91   23    7   86   28   18   45   71   95   21   36   10   89   31   52   37   80   38   94   51   74    4   76   85   98   65  100   13   79   66   67   68   63   81   29   99   12   14   20    9   35   90   40   57   34   77    8   73   41   11   39   25   22   85   72   58   96   59   60   47  
  93   52   53   29   81   76   82   78   12   56   62   88   55   30   77   11   36   54    5   58   32   65   19   85   64   99   66   92   33   75   47   81   25   74   91   34  100   80   72   61   97   28   68   84   44   96    7   46    8   15   50   22   31   24   39   42   98   17   20   51   26   18   38   87   35   83   73   69   57   37   48   14   10   13   86    6   70   43    4   63   98   89   23   84   71   40   16    9   45   90   94   95   79   41   21   27   59   49   60   67  
  73    4   18    8   95   37   34   14   38    9   86   33   90   11   70   66   36   19   88   71   42   15   78   23   13   45   96   61    6   10   53   99   32   27   97   76  100   24   82   41   21   12   54   17   72    7   20   79   30   98   94   81   35   62   46   29   63   48   44   28   92   57   25   83   59    5   26   58   49   51   72   39   60   91   55   52   77   50   43   31   22   87   67   52   69   16   75   46   56   74   64   80   40   65   89   93   68   85   84   47  
  89   34   83   68   86   41   11   59   92   81   90   33   53   21   70   63   38   78   30   75   28   10   32   55   39   58   67   72   85   35   95   99   20   96   19   14    5   61   18   23   87   66   65    4   42   49   31    7   27   45    9   52   73   76   22   44    8   60   91   29   13   30   17   37   97   43   54   77   74   88   71   98   79   15   48   28  100   56   46   82   36   26   47   69   24    6   50   62   16   93   94   51   12   40   80   52   64   25   84   57  
  47   30   32   67   26   54   50   99   86   59   39   24   72   65   66   87   96   27   17   77   91   84   95   80   71   49   18   89   63   10    7   11   41   69   94   98   68   23   98   74   79   33   16   29   97   51   19   42   81  100   21   78   58   22   13   57   12   25    6   43   48   88   64   83   52   93   53   73   40   31   38   75   14   70    9   81   60   37   28   36   92   34   45   44   33   61   85    4    5    8   20   55   56   90   15   46   76   35   62   82  ] 
BUDGETS : [    1    2    2    5   10   11   12   21   27   28   29   29   30   33   34   41   43   46   46   49   52   52   56   58   61   64   70   71   74   76   78   80   81   81   82   85   87   88   89   91   92   92   95   98   98   99  102  105  107  110  112  116  116  119  120  126  127  130  130  132  132  134  136  143  144  147  148  149  150  151  152  154  158  159  160  163  165  166  168  170  174  175  175  176  179  180  180  181  183  183  184  185  185  187  187  187  192  193  194  196  ] 
