K : 150
I : 75
PREFERENCES : [   31   53   30    1   21   56   36   33   12    8   42   32   54    9   64   34   47   44   49   15   10   13   11   20   27   11   48   43    5   29   23   26    3   31   61   19   63   57   59   41   58   62   29   45   45   60   33   51   36   52   38   46   56   28   37   28    4   16   35   55   18   48    7   17   22   50    2   14   36   65   40    6   24   25   39  
  25   63   61   60   41   56   29   65   38   46   48    4   27   22   59   60   24   17   62   12    3   31    2   58   50   56   52   49   30   50   29   51   14   59   19   16   23   15   54   44   26    8    2   39   28   32   15   37    7   47   13    9   55    5   53   45   34   21   42   11   35   33   36   40   37   43   18   55   64    6    1   57   19   20   10  
  46   28   44    1   42    7   50   51   45   14   21   34   27   17   33   45   47   26   57   39   53   64   12   29   59   10   60   65    3   38   54   56   52   13   52   10    4   40   63   48   37   20    5    6   23   11   32   43   19    8   52   35    2   22    4   62   43    9   18   49   30   42   55   58   40   63   31   28   41   24   25   15   16   36   61  
  59   60   17   56   37   12   38   65   49    6   13   44   42    9   61   17   40   21   58   23   22   52   47    5   31   48   57   34   39   50    7   60   51   11   47   25   60   41    4    6   32   13   14    8   26    2   28   46   62   16   35   28   64   63    1   45   10   27   19   36   43   53   24   30   23   15   18   54   29   28   35   20   33    3   55  
  51   48   20   32   64   39   59    8    2   27   49    5   34   35   52   44   36   58   56   18   25   61   23   31   37    3   16   24   19    4   65    2   57   46   38   40   45   13   17   18    1    3   12   10   11    9   45   21   38   19   29   26   50   41   15   33    7   14   28   62    6   63   24   43   53   55   42   22   30   60   47   21   54   39   15  
   6   29   40   14    1   51   58   51   12   10   23   56   45   10   19   13    5   25   48   33   57   30   21   50   11   53   45   27   64    9   36   11   42   65   38   29   24   52   15   28   55   59   61    8   63   45   41    4   46   34   57   22   57   45   18   31   54   47   44   16   20   17   62   43   37   56    2   32   35    3   26   39   60    7   49  
  60   30   23   53   13   25   34   12   14   52   27   28   42   38   30   40   48   65   64   34    2   26   54   18   22   21   32   17   50    5   12    4   35   61   62   39   13    8   31   34   37   57   53   16   11    7    1   63   33   58   53    6   29   20   36   42   43    3   56   59   10   19   47   44   46   15   51   33    9   55   38   45   41   24   49  
   6   21   47   13    9   55   56   40   44   50   41   48   46   63   49   23    2    9   35   51   36    3   48   12   60   39   27   34   41   42   54   33   14   10   39   16   57   36   15   31    1   59   45   28   29   24   38    8   52   37    5   17   46   20   25   26   64   61   18   43   32   25   62   19   11    7   52   58   22   30   20    3    4   53   65  
   2   55   24    7   57   50   13   45   42   41   25   26   19    6   27   22   15   32   52   39   65   38   54   12   30   14   29   60   46   24   53    5   33   63   65   43   11   40   64   23   51   62   49   37    1   59   16   20    4   10   35   14    9    5   21   28   47   58   34   58   44   31   24   17   51   18    3    8   61   28   36   16   48    8   56  
  61   59   24    6   43   43   11   55   54   19   32   58   18   57    2   50   46   26   30   64   63   56   59   31   22   17   27    9   42   14    4   51    1   41    3   44   28    4   53   52   34   13   16   64   12    8   62   21   48    4   38    3   65   33   20   15   33   60   36    7   29   47   49   64   37   13    5   25   45    2   39   35   10   40   23  
   2   13   14   39   10   58   37   15   22   54   21   41   18   32   40   38   64   17   19   25   49    4   37   48   46    7   24    9   20   23    8   20   46   49   43   12   59    1   45   26   33   19   27    6   42   55   36   11   65   11   21   52   56   16   46   53   34   32   29   62   30   35   31   63   44   28   57   47    5   37   51   50    3   61   60  
  33   31   49   60    2   27   10   50   43   61    6   46   64    4   47   58    8   52   59    3    9   18   57   40   51   14    7   29   50   39   23   37   22   42   26    5   28   62   36   65   15   35   55   30   12   24   48   34   25   17   53   63    1   56   16   11   32   44   41   22   65   22   28   32   58   13   38   32   19   20   21   45   28   54   26  
  52   51   33   20   42   50   56   34   37   16    8   45   17   65   62   25    7    4   61   30   52   41   39   22   15    3   63   59    6   31   10   27   64   44   60   55    2   40   59   33   26   48   28   18   29    5   24    2    9   59   58   12   13   21   37   36   32   38   57   39   23   43   46   19   53   47    1   11    3   54   53   49   35   14   53  
  44   58    1   28   62   43    7   31   19   55   23   14   18   58    9   40   61   54   48   21    6   52    2   35   46   27   17   15    6   33   65   53   49   23   12   10   37   32   13    8   29   29   24    5   41   26   60   59   54   63    3   22   64   54   51   36    4   22   45   30   42   20   40   11   50   25   39   25   47   56   16   57   34    5   38  
  41    5   63   39   34    3   64   53   29   51   55   60   24   18   28   27   38   30   20   43   48   52   31   13    9   23   40   59   11   56   36   25   65   54    7   17    6    8    2   32   20   62   26   50   58   15   20   52    2   14   17   57   16   21   47   61   19   44   33   42   35    1   15   19   10   46   39   16   37   49   30   22    4   45   12  
  36   27   30   54   37   16   28   47    2    4   43   46   23   62   47    7   14   63   28   64   53    6   13    7   26   42   22   50   45   41   65   20   34   16   10   49   31   29   40    3   59   44   48    1    9   60   12   56   52   20   17    8   38   59   63   61   15   24    2   25   55   58   39   11   33   19   56   51   18   57   35   21    5   10   32  
  13   32   49   54   56   11   55   37    7   44   29   25   42   41   22   24   38   51    5   34   31   63   53   21   52   23   30    7   62   18   61   17   26   28   62    2    2   35   58   12   40   33    8    3   48   53   46   29    3   19   20   22   51    6    1   15   59   16   64   43    4   60   27   65   14   50   57   45   47   39   62   36    9   18   10  
  47   64   58    9   16   60    7   59    1   36   29   12   46   19   21   18   24   15   64   55   57   39   17    5    1   40   41   25   38   42    3   51   49   48   45   11    2    6   10   16   56   43   44   30   14   58    4   20   27   50   52   28   65   58   26   13   12   34   62   59   53   63   49   37   32    8   33   23   31   61   35   22   18   33   54  
  35    8   41   20   58   39   26    6   25   49   11   33   47    7   64   22   32   18   49   15   38   50   53   62   29   38    2    9   30   42   42   16   23   23   34   56   31   59   61   13   10    6   62   60   21   40   46   29   55   19   45   36   63   52   48   44   27    4    1    3   17    5   43   61    3   57   65   14   51   28   12   37   24   54   11  
  24   58    8   46   28   34   15   31    3   33   39   30   50   65   37   57   53   14   40   17   35   22   11   45   25   54   64   49   18   63   42    4   51   16    5   32   63   55   13   53    2   11    9   39   32   43   26   11   38   10   48   36   33   59    1   62   60   41   47   61    7   21   52   56   54   23   44   52   27   12   19   29    6   56   20  
  46   55   49   57   30   18   33   60   10   52    9   34   51   48   53   64   44   59   19   11   41   38   35   61    6    5   39   26    8    2    3   50   16   65    7   37   23   62   54   22   28   25   15   45   12   27   42   58    1   10   63   47   24   14   20    8   40   40   30   32   17    4   36   43   38    4   30   65   44   31   27   56   13   29   21  
  52   41   40   18    7   55   49   13   64   22   65   51   35   14   26   39   20   27   56   58    5   27   33   38   15   31   38   54   28   29   47    7    3   60   19   12   57   33   42   17   16   63   44   35   59   62   45   32    8   37   25    4    6   43   11   56   34   23    5    9   56   53   21   10   50    2   61   24   17   36   48   46   11    1   30  
  49   38    5   40   34   16   24   41   45   19   57   64   54    2   42    9   28   58   25    8   52   36   59   14    5   53   11   39   60   55   11   50   13   33   43   32   44    4   39   17   61   43   35   47   26   37    3   63   55    9   27    1   46   51    7   61   65   31   18   20   15   30   41   21   15   48   22   10   29   62   23   56    6   26   12  
   4    1   62   26   62   48   19   41   47    2   50   30    3   49   49   29   18   36   57   59   10   54   15   56   32   25   17   65   20   38   40   42   43   27   46   21   58   41   52   23   33   60   13   53   45   20   64   34   35    6   28   37   63   24   40   18   11   44   39   12   65   61    5    7   51   22    9   16   14   39   55    8   37   34   31  
  57   60   38   56   27   61    7   45    6    1   50   21   28   11   14   50   45    3   51   23    9   16    2   47   54   55   22    4   35   53   29   52   34   46   43   26   24   32   44   65   10   20    5    8   34   30   40   29   42   20   64   52   17   18   12   39   19   58   25   49   45   15   31   48   37   13   43   45   32   41   36   63   62   59   33  
  39   28   34   23   54   63    5   49   10   14   41   52   57   44   22   42    2   35   34   30   43   40   37   42   24   32   65    6   23   38   15   20   45   64   38   13   58   60   12    7   51   38   31   46   48   36   29   56   16   62   53   26   18   27   33   27    8   21   50   11   55    9   29   47    4    1   44   59   17    3    4   25   19   59   61  
  58    6   18   40   24   45   12   36   45   22   14   63   64   35    4   61   59   61   31   47   33   23   55   54   20   34   22   48   30   11   38   29   13   25   44   15   56   32   37   16    8   23   50   51   19   11   42   62    5   46   62   43    9    7   34    1   65   26   34   49   10   41   57   27    3   39   28    9   17   53   21   31    2   60   52  
  63   64   16   55   32   53   29   24   28   36   62    4   38   33   59   17   51   44   50   34   46   49   25   61    2   40   39    1   44   19   33   26    6   46   57   41   22   42    3   18   51   14   54   44   58    7    9    8   11   21   35   27   52   31   20   56   23   12   43   25   10    1   48   30   56   47   31   52   13   37   60   65   45   15    5  
  43   29    4    8   50   44   13   20   48   30   61   57   15   25    2   64   63   47   26   28   34   49   37   45   39   56   40   22   24   39   52    7   12   42   14   18   60   53   35   45   11   50   10   46   32   54   62   22    9   40   27   19    3    1   26   31   16    6   27   40   38   33   36   65   58    5   55   51   59   23   41   62   18   21   17  
  54   20   64   17   56   38   65   40   41    1    2   34   21   60   47    6   61   57   12    3   45    9   29   22   31   32   23   11   44   32   36    9   36    7   26   37   39    4   25   19   65   21    5   35   49   58   13   48   55   15   16   11   24   51   28   53   18   10   50   36   43   59   27   62   24   42   63   30   46    8    7   63   52   14   33  
  60   47   57   45   32   61   34   59   13   44   43   38   33   58   41   38   56   52   27   64   65   54   28   11   24   35   49   45   38   17   37   39   42   62   55   46   16    4   40   41    5   30   63   19   15    9   39   31   34   38    2   10   51   50   23   59   26   53   25   20    8   48    1    6    3   14   60    6   21   22   29    7   12   36   18  
  55   31    9    7   54   27   57   42    8   53   28   38   24   30   37   49    2   51   39   18   26   11   41    4   33   12   46   19   28   16   35    9    6   34   64    1   41   50   14   25   56   48   21   52   62   24   43   49    3    2   20   45    3   15   10   22   40    2   47   23   36   44   17   13   29   65   36   21   63   61    5   60   59   58   32  
  15    7   64   33   19    1   25   49    4   21    3   42   28    6   37   46   65    5   55   26    2   43    8   27   17   51   41   38   23   65   10   39   12   64   57   39   48   55   32   63   38   24   58   45   29   30   11   18   47   31   57   54   62   44   33    2   52   50   35   22   53   36   14   28   59   39   34    9   13   56   16   60   20   40   61  
  15   49   12   27   27   45   14   38   50   24   30   43   56   54   11   46   34   65    6   10   35   47   60   31   41   39   22   13   21   58   55   10   63   31   26   52   29   23   54   25   19   37   42   62   17   64   48   28   53   33    4    1    9    3   57   51    5   36   16   44    1   32   20    2   54   32   34   40    3   61   53    7   18    8   59  
  50    7   14   19   51   45   13   48   61    1   31   49   10   22   25   52   21   30   23    9    3   20   60   46   56   38   15    8   63   53   44   36   17   32   16   53   27    6   57   37   33   18   23   24   27   54   58   19    2   43   29   42   47   40   39    4   65   59   41   26   34   32   64   12   35    5   32   55    1   64   11   52   50   28   62  
  52   55   25   40   39   25   59   56   32   18   26   33   53    1   35   42   62   58   12    5   43   31   36    4   11    6   37   54   17   42   34    9    8   23   50   47   13   14   30   52   45   60   62   41   29   45   21   15   10   51   38   64   24   19   57   65   44   48    2   49   28   53   43   46   22   63   20   27    3    7   58   61   55    7   16  
   8   11   24   17   26    5   20   34   59   58   30   42   18   50   12   14   63   54   43    1   29   33   23   28   57   18    4   40   11   15   48   51    9   47   46   45   56    8    6   37   36   53   64   30   31   21   59   48   25   33   27   55    3    2   44   38   19   44   10   22   52   62    4   35   65    7   13   60   16   49   41   32   16   61   39  
  22   45   55   13   34   18   37   54   46   59   36   31   50   39   38    4   38   44   51   45    7   16   17   37   29   30   57   43    2   15   26   64   14   11   65   63   20   48   19    9   53    1   28   27   23   49   28   25   42   52   24    6   57   10   60   55   33   30   21   58   32   62   40    8   35    5    3   12   47   43   61   56   59   41   17  
  57   32   65   53   12   46   31   49   63    1   56   28    3   39   37   11   22   54    5   44   36   19   61   21   34   29   14   62   40    6   45   12   42   49   39    8   24    2   16    9   30   30   43   48   25   41   50    1    7    4   52   54   15   63   33   35   51   58   64   27   10   47   51   31   17   18   55   26   38   63   23   20   59   13   60  
  64   50   61   32   63    1    5   49   10   58   60    7   23   21   29   13   35   16   27    8   37   48   11   47    5   18   22   38   20   17   26   52   55   44    4   65   39   35   59   25   56   40    9   19   33   32   15   14   46   15   28   53   30   43   39    2   34   51   42   31   36   63   43   12   42    7    6   54   57   45    3   62   24   30   41  
   2   12   28   20   49   64   52   17   58   21   31   32   59    1   47   26   33   39   22    4   18   22   11   27   29   38   36   51   65   46   57    9   43   62    3   16   48   63   51   45   55   50   27   26   14    9   35   13    5   44   55   40   22   37    8   53    6   41   42   49   56   54   34   61   65   23   10   30   24   25   60    6   19   15    7  
  36   20   13   31   60    6   48   39   40   14   32    4   54    4    8   58   41   52   23   63    7   49   13   31   19   12   10   45    3    4   53   64   32   22   16   21   50   33   24   43   52   46   17   59   34   30   25   51   56   65   29   27   11   35   28   37   62   56   26    9   57   38   15   33    5   55   12   61   52   47   18    2    1   42   44  
  14   15   59   54   16   39   18   41   52   19   51   53   46   10    8   61   58   14   30   16    1   17   49   63   59   27   28   37   35   45   43    2   36   29   20   42    9   32   55   38   23    6   22   62   25   13   40   12    6    3   47   21   31   64    9   33   34   57   44   24   33    2   27   48   26   65    7   50    5    4   11   60   56   11    9  
  36   62    5   53   25   16   14   52    4   39   57   30   37   53   59   64   46   26   51   31   29   38   65    3    1   50   40   21   56   28   43   13   45   11   20   41    9    6   32   18   55   10   42   27    8   36   32   33   59   54   61   58   63   47   60   35   17   12   25    2   34   21   56   29   24   23    7   64   22   48   36   44   19   15   49  
  46   34   61   21   39   50    5   47   26   58   30   55   42   44   32   19   22   17   16   27    6   12   31   24   52   11    3   45   35    7   41   38    1    8    4   37   18    7   32   65   59   10   20   60   34   13   23    1   25   59   40   49    9   13   29   63   33   53   14   43   57   33   62   48   51   39   36   54   56   61   28   15    3   64    2  
  30   37   57   49   63   46   16   25   56   28    7   23   53   42   58   19   11    1   56   27   13    5   18   32   41   51   33   25   35   10    6   14   57   17   48    3   60    9   31   24    1   21   28   38   29   43   50   15    2   64   40    4   25   56   54   59   61   20   36   52   14   45   47   39    6   62   57   26   65   22   44    8   12   34   55  
  65   30   59   32   53    8   61   44   60   39   41   27   19   26   34   58   40   10    4   25   47   51   12   62   21   14    6   42   24   15   10   38   35   46   52    5   43   17    9   31   48   14   13   36   42    4   23   23   54   56   20    2   47   29   21   49   50   34   22   55   33   28   63   20    7   35   64    3    1   16   18   57   37   45   11  
  24    4   50   37   42   62   40   52   56   17   52   18    1   45    5   11    2   26   63   49   34   32   44   35   55   22   15   61   65   10   58   59   28   43   30   61   51   20   47   31   41   13   36   28   42   57   27    6   53   39   21   14   29   19    8   54   16   60   48   38   25    9   12    3   22   35   33    7   36   16   46   64   24   36   23  
  30   36   32   35   41    5   24   51   46   63   17   51   56   55    6   38    6    2   40   54   34   59   26   13   39   49   20   24   23   28   43   48   28   64   64   42   14   58   53   57    3   21   15    8   12   60   52   29   41   48    9   18   31   62   22   10   25   58   16   65   27   15   61   45   47   33    1   11    7   50    4   19   15   44   37  
  49   47   36   51    2   41   59   54   43    8   58   11   26    6   40    9   35   25    4   28   50    1   10   44   54   22   11   15   63   30   56   16    7    2   19   12   29    3   27   14   61   17   52   20   13   53   31   24   44   18    5   65   30   34   38   64   33   43   46   62   19   48   55   29   23   32   26   45   44   60   37   42   39   57   21  
  55   52   16   21    5   31   15   41   47   17   22    2    3   35   39    6   53   34    8   58   65   44   46   46   27   38   50    1   43   56   12   48   28   29   57   49   13   60   10   26   18   45   42   20   59   54   32   40   50   37   51   53   25   29   27   39   14   30    4    7   64   23    9   33   24   19    8   61    8   62   52   36   15   63   11  
  42   37   55   49   58    4   53    5   54   21   60   28   18   41    6   23   17   60   19   62   25   30   48   65    4   57   11    3    9   43   16   17   45   36   26   45   34   64   59    7   13   41   47   14    1   40   61   31   33   39   22   15   38   51   62   56   52   63    7   50   27   10   20    2   24   32   35   29   12   46    8   44   44   53   60  
  41   21    3   46   19   36   24   17    4   23   28   55   32   62    9   27   45    8   13   40   24   37   42   28   39   59   40   34   13   60   31   47   18   44    2   61   24   16   53   58   52    7   22   35   41   43    5    1   50   20    6   57   33   54   63   51   48   56   11   52   58   10   25   29   30   15   41   12   49   30   65   38   64   26   14  
  29   27   21   45   36   63   60   20   32    9   11   13    5   44   49   29   16   26    4   35   15   61   57   37   52   63   53   43   42   23   12   46   38    1   22   56   47   15    3   19   17   29   28   62   34    7   18   31   24   58   50   30   14   54   55   10   41   59   36   11   51   11    6    2   33   65   64   48   40   60   25   13   39    8   27  
  21   52    3   50   35   54    7   25   13   31   10    9    7   37   62   12   30   48   18   46   47   40    6   17    6   15   26   64   11    2   48   57   22   45   60    5   16   41    8   29    6   34   55   19   38   26   26   28   53   43   65   36   27   49   57   33   22   14   51   44   42   58   56    4   63   39   58   24   20   61    1   32   23   59   31  
   9   33   10   49   46    3   58    7    1   23   36   14    4   16   55   25    7   43   51   19   32   35   44   32    1    2   30   17   27   47   21   34   45   22   57   62   18   38   21   26   63   41   65    5   38   31   56   54   42   37   24   13   28   20   59    1    8   52   39   40   48   64   61   12   60   15    6    6   31   50   53   55   29   11   21  
  53   11   39   55   45   18   27    5   42   62   54   22   41    1   22   15   43    7   63   13   38   61   34   36   14   38   48   33    3   31   37    2    8   16   64   40   26   22   17    8   62   21   25   52   47    4   65    6    9   50   24   29   44   58   40   60   43   59   56   19   32   49   51   61   20   57   30   46   10   23   12   35   28   21   55  
  44   13   16   30   20    6   28   34   43   40   16   58    1   12   14   11   61   39    4   63    8    3   22   41   33   48    9   60   55   22   54   51   23   36   39   59    5   32   15   27   17   31   64   33   42   39   35   47    1   29   21   57   26   10    2    7   53   25   24   56   65   18   49   37   22   45   46   52   19   38   62   64   48    9   50  
  22    5   40    1   55   59   41   17   22    9   14   35   16    8   24   65   50   56   31   61   32   11    6   38    5   46   33   47   64    2   25   59   45   53   57   12   34   36   19   44   60   46   21   10   23   27   30    7   29   54    3   39   42   48   52   27   59   62   61   65   19   63   58   37    4   43   20   62   13   51   49   26   15   28   18  
   5    2   36   50   14   13   47   64   59    8   34   35   43   61   11   55   48    9   41   26   44   60   16   54   21   45   64   48   27   57   63   29   63   37   58   51   27   17    7    1   32   21   19   65   40   23   63   41   28   46   10   31   24   18   20   38    6    4   25   42   56   53    5   15   30   22    3   62   52   33   40   12   49   39   46  
  44   57   17    5   49   20   53   65   36   59   28    3   64   37   12    6   61   62   42    4   35   38   41   20   48   46   56   26   24   43   33   31    1   39   18   45   60   53   51   25   63    9   58   44    2   28    7   30   21   62   13   16   22   15   10   14    8   23   34   32   11   27   20   40   50   25   54   19   55   29   47   17    1   34   52  
  55   57    4    3   10   61   52   50   39   27    7   54   51   10   20   65   52    8    3   33   35   19   38   43   45   24   59   60   26   62   48   29   24   55   40   34    1   19   41   21   36   12   22   17    5   56   22   11   23   64   63   44    9    2   30   28   18    6   58   29   42   25   13   15   53   46   37   47   49   16   41   31   14   32   63  
  53   30   13   49   63   41   31   32   52    4   40   52   46   16   44   24   22   10   14   39    6   19   28   34   25   43   50   34    9   37   15   65   58   54   42   29   48   62   61    1   53   12    3   35   36   47    8   61    2   38   62   21   18   11   56   37   57   20   59   60   55   48   45   64    7    2   23   33   27    5   17   65   52   26   51  
  62   45   48   11   29    4   55   21   36   46   12   63   27    3   25    9   49   11   54   20    1   42    6   64   58   22   61    8   16   38   65   18   57   59   30   35   56   40   44   13   47   53    9   26    2   33   34   46   22   41   15   31    5   57   14   23   32    4   43   39   64   17    9   50   51   31    7   19   60   53   37   52   10   24   28  
  46   41   25   37   25   10   40   63   19   32   36   34   38   51   50   13   31    7    2   43   12   30   35   16    9   15   33   52   55   29   57   60   39   18   25   24   10    6   30   14   10   13   17   42   27    2   52    4   21   58    3   23   64   44   11    8   59    9   62   49   39   56   45   54   61   48    1    5   22   65   26   28   20   53   47  
   5   41   41   59   46   42   49    7   16   24   50   20   19   18   25   30   22   57   28    1   18    8   29   12   19   34   51   17   13   65   36   58   47   18   53    6   17   38   63   39   27   31   55    3   14   11   15   10   62   63   48   10   37   61   56   40   65   22   44   52   43    9   23   36   26   32   54    4    2   21   33   45   35   64   60  
   2   45   38   30   57   14   36   33   32   26   65   47   52   34   41   63   64   58   42   13   35   10   54   12   53   39   61    8   40    3   54   43   25   52    4   28   44   60    9   48   29   19   24   22   46   56   16   15   20   59   56   35   62    6   25   49   54   23   65   21    5   55   38   50   11    7   51   54   37   18    1   27    9   31   17  
  11   55   26   38   29   17   57   47   43   65    8   32    9   16   57   36   17   25   22   42   50   10   44    4   27   33   34    6   62   59   25   56   25   46   35   60   18   30   20   53    1   61   61   52   48   12   41   63   39   31   23   55   64    3   58   24   28   21   45   54   13   51   49   64    2    7   15   36    2   11   14   37   40    5   19  
  25   18   33   11   61   50   53   32   44   45   38   51   24   54   56   23   63   46   41   38   12    7   49   42   47   20    6   48   37   35   12    5   40    9   62   42   43   17   60   39   14   64    8    1   31   34   65   37    2    3   13   47   52   22   14   14   54   28   26   10   29   55   19   27   36   16   59    4   21   57   58   30   26   15   50  
  20   63   50   20   55   56   59   64   25   20   38   44   24   57   14   57   54    9   28   27   58   38   33   42   52   19   10    7   36   48   31   39   49    3   18   43   26   13   62   15    7   22   37    7   34   11   40    6    1   32   51    5   14   60   17    8   29   21   55   53   30    4   23   47   16   45   46   35    2   61   12   65   41   38    6  
  10   21    7   45   59   58    9   34   32   49   51   56   61   15   47   64    2   35   60   36    1   19   53   28   26   31   41   11   57    4   42   44   43    3   48   40   16   62   27   52   23   39   12   54   37    1   30   24   15   20   39   26   63   33   25   14   43   28   26    8   55   29   13   38   46   22    6    5   17   50   15    6   48   18   65  
  13   27   34   12   38   25    8   59   30   64   53   31   23   45   11   28    2    4   45   46   52   20   39   57   22   50    1    1   10    9   36   65   40   55   37    5   16   20    7   26   63    7   51   41   43   56   37   34   47   24   19   62   33    6   22   61   32   29   21   14   58   58   15   44   48    3   35   49   54   42   18   24   60   17   53  
  55   30   17   11    4   18   50   35   51   34    8   39   24   57   49   21   17   27   48    1   63   14   24   64   60   47   15   52    5    7   23   40   31   54    1   56    9   12   36   58   29   28   20   53   33   44   22   10   41    3   16   61   62   59   52   45   13    1   46   34    2   25   65   38    6   29   19   26   42    7   51   43   32   36   37  
   3   42   17   35    8   55   26   37   27   40   56   23   43   62   31   12   39    1   51   24   41   52   16   63    6   13   44    5   17   48   21   11   34   54   60   19   58   53   26   20   17   64   30   25   50   29   10   38   46   57   49   36    2   61   15   59    9   47   14   26    1   28   22   55   45   50   32   48    4   33   52   18   62    7   65  
  32   37   41   56   17    3   14   46   22   22   30   64   44   61   12   32    7   39    8   54   36   59   25   48   47   48   58   38   10   31   21   11    6   12   60   65   43   34   23    5   62    9   40   19   63   37   62   16   15   55    2   51   33   53   28   57   20   32   50   29   35   17   60   27   45   49   16   52    4   26    1   24   42   13   18  
  23    2   51    1   58   45   34   59   29    4   24   32   22    6   50   61   53   55   65   39   64   54   11   18   27   30   16   17   43   58   31   35   56    7   15   44   20   21   54   37   42   27   19   10   45   40    3   60    9   39   10   33    2   12   57   59   63   13    8   38   47   62   14    5   41   36   24   49   46   48   26   28   63   25   52  
   6   38   35   64   11   41   49   53   20    8    2   27   15    2   18    4   43   42   60   34   55   62   43    1   14   54   17   65   21   63   40   46   39   22   57   25   28   65   65    5   58   20    3    7   30    9   33   45   52   36   24   13   31   12   37   50   44   35   48    2   32   51   26   10   47   60   29   56   61   19   16   60   36   59   23  
   4   16   53   30   19   43   32   11   20   48   62   26   25    2   58   21    6   42   29   51    3   56   36   60   38   52    8   35   61   52   27   14    6   44    7   49   33   50   17   45   10   37   51   26   39   64   23   34    1   63   48   31   49   59   57   46   55   24   43   57   40   13   54   11   15   47    9   65   12   41   18   56   22    5   28  
  25    1   41   55    5   26    8    9   29   17    3   62   61   64   46   37   44   31    6   28   23   19    8   47   60   16   45   54    7   13   30   52   38   21   36   18   34   50   56    6   20   12   35   10   13   42   15   22   33    2   48    6   36   24   58   59   63   39   51   50   19   36   14   11   27   15   29   43   40   49   53   57   32    4   65  
  27   61   52   22   28   59   41   24    1   57   60   53   11   23   27    9    3   45   29   38   13    5   38   36   14   25   46   33    2   62   15   63   65   21   12   55   49   50   37   44   62   32   10   56   47    6   33    8   65   21   33   19   18   11   17   54   64    3   43   48   42    7   40   31   58   26   35   20   51   26   16   34   30   39    4  
  62   59   45   54   26   36   36   21   51    3   32   39   17    5   35   40   47   25   33   58   46   64   65   55   37   19   10   24   63   55   56   36    7   27   11   23    7   43   30   20    4    7   30   28   41   12   29    1   13   36   57   31   34   35   49    6   53   38   22   60   44   52   14    2   15    8   51   50   48   61    9   56   16   42   18  
  64   56   42   51   55   41   63   22   45    5   19   28   34   50   65   59   42   14   60   27   35   58    9   26   39   21   47   32    1   18   16   37   33   15   13   16   62   31   46   54    2   12   55   33   63    6   17   33   11   40    7   44   10   20   43   52   53    4   57    8   49   23   25   24   59   47   48    3   38    6   36   29   19   61   30  
  61   16   25   64   13   26   56   38    1   46   35   23   15   36    2    7   52   58   62   44   43    6   19   34   51   33    3    5   17   40   58   65   42   49   19   10   50    9   47   41   45   12   53   57    5   54   63   51   20   28   25   13   59   48   25   39   18   11   47   60   22   55   30    4    8   20   24   37   21   49   31   27   14   32   29  
  20   65   21   34   45   37   29    4   52   56   31    4   28   44   19   37   18   25   23   57    1   53    8   48   12   10   34   61   50   29   24   62   40   30    9   54   22   34   59   35   15   46   26   49   13   30   17   63    7   42   33   43   14   57   16   51   58   64   38   60   11   20   36   35    2   47   32   27    5    6   55   41    3   11   39  
  26   21   25   46   32   48   45   15   14   26   29   10   24   52   39   53    4   65   43   22   38   27   47   55   27   64   44   56    6   58    7   63   40   40   51   13   28   10   42   34    5   41   54   62   59    8    1   50   11    3   20   17    9   31   35   23   57   61   18   16   36    2   54   60   33   30   23   19    4   47   12   37   12   49   12  
  12   54   40   32   47   52   19   14   41    2   23   27   55   44    3   59    1   46   22   13   60   58   12   21   20   64   30   23   59   51   55   63   62   25   37   43    5   24   11    6   16   56   35   36   48   36   65   64   60    7    8   17   15   45    9   58   29   26   34   39   57   31    4   10   61   33   52   49   28   55   42   38   18   53   50  
  22   60   42   27   32    6   24    9   30   43   12   47   65   46   57   16   47   21   35   29   54   26   59   58   48   11   18   15   38   39    2   19    8    7   63   55    3   28   44   36   23   54   52   61   40   57   20    4   14   64   50   26   13   57   62    2   45   25   49   30   33   31    5   40   56    1   41   34   62   53   17   46   37   51   10  
  33   22    4   54   32    7   14   64   59   55    8   23   31   52   36   56   34   15   44   42   35   63   30   24   28   65   58   19   51   50   48   57   21   27   63   17   41   61   15    2   45   26   65   60   37   29   40    9   37   18   11   25   26    1   10    5   16   47   49   30   36   16   12   62    3   46   20   38   43    6   18   53   39   24   13  
  11   64   18   38   42   65    8   47   37    3   39   54   35   22    4    6   51   43    9   40   15   58   18   19   25   53    2   50   26   30   33   36    5   57   63   27   57   52   24   13    9   55   21   28   62    1   58   43    7   59   27   40   45   46   34   60   10   56   55   32   14   52   61   20   48   12   24   23   29   44   41   17   49   31   16  
  34   22   32   64   59   37   44   54   51   41   20   42   25   63   49   62   25   61   24   12   39   40   46   65   31   26   12   57   29   63   56   60   48   33   52   16    4   19   15   63   55    8    2   14   53   17   26   21   34   27   50   43   47    7   30   45   58   23   10   28   35    3    1   36   10    6   18   65    5   38    9   13   38   49   11  
  65    1   64   23   43   20   48   23   30    8   34   63   16   10   46   49   37   42    9   26   40    5   36   25   57   44   59   17    2   33   27   51   59    5   39   56    4   36   54   62   45   32   41   60   38   28    6   53   11   58   47   29   15   55    7   12   22   50   35   14    3   19   52   18    1   13   26   61   59   31   57   21   65   36   24  
  21    4   50   33   10   17   15   21   59   32   54   30   64   45   18   47   53   28    3   22   36   24   51   55   61   56   27   20   40   31    7   12   58   38   28   37   29   39   26   13   10   49   16    9   55   34   56   65   46   41    8   62    1   60    5   29   48   25   19   63   57   45   59   14   23   52   43    2   42    6   11   35   17   65   44  
  37   52   20   33   44   40   64   22   28   65    5   49   53   51   34   31   58   25   41   24   27   35   59    6   63   33   21   14   42   61   58   16    1    4   29   11   38   62   36   15   12   18   45    3   49   24   10   30   57   23   39   59   20   60   17   48    3   64   19   54   43    7   47   32   55   50    9   13    2   46    8   64   26   56   47  
  25   36   55   34    5   61   65   18   42   29   49   23   31   64   35   24   22   23   47   32   39   64   33   17    8   13   20   57   14   48    5   45    4   26   30   58   28   40   46   23    3   43   54   41   12   50   60    6    9   21   23   15   16   38   44   59   17   63   10   10   19   37    7    1   62   53   21   56   38    2   23   11   52   27   51  
  63   25   35    1   58   53   16   23   47    3   14   22   49   60   62   10    4   45   51   65   60   43    7   56   41   27   25   54   13   57   35   21   17   50    5    2   62   32   61   34   36   24   26   41   26   31   59   37   44   30   22   48   40   15    8   64   11   33   38   12    2   29   19   28   46   52   39   42    6    9   44   55   20   18   41  
  59   20   36   39   18   11   58   17   48    4   41    6   53   28   11   34   25   50   12   21   51   22   46   60    7   23   49   35   29   64   55    9   57   13   43   24   50   14    8   44    1   65   33    7   32   61   19    2   47   40   37    4   31   40   38   54   28   52    3   15   16   42   10   35    5   45   30   53   62   26   63   27   56   53   50  
  38   54   39   58   12   30   22   10   35   15   24   16   61   53   25   26   29   21   19   65    5    4   45   27   18   60   14   28   52   59    8   31   62    6   34   46   52   59   37   32   51    6   47   64   57   50   63   49   33   20   36    3   55   48   40   21   17   13   14    7    1   15   23   42   21   57   24   41   22   56    2   43    9   44   11  
  53   54   37   22   31   64   16   47    8   14   59   41   18   60   46   13   19   29   49   20   40   11   39   58   10   16   44   23   45   21   55   38    5   50   28    4   25    7   36   55    6   30   62   26   23   11   42   36    3    1    9   51   43   48   35   46   11   17   57   52   32   35   27   53   61   24    2   12   34   63   65   15   41   33   56  
  12   16   17    6   60   31    4   29   65   13   30   12   63   21    8    5   40   11    7   42   14   10    2   57   10   62   15   58   46    9   48   23   46   52   63   27   28   56   22   26   10   39   37   49   20   59   53   47   44   43   64   36   19   51   61   38   32    3   36   18   54    1    8   50   10   34   35   41   25   45   33   55   11   33   24  
   1   58   42   26    5   27   57   41   22   12   16   21   15   14   25   51   11    8   49   41   60   20   45   64   48    3   11   37   23   10   29   52    6   13   65   53   62   34   46   31   16   19   39   50   50   36   44   40   33    4   62   47    9    3   38   35   61   36   59   17   32   43   30   18   63   54    2   33   47    7   24    4   28   56   55  
  54   38   27   58   29   51   45   53   47   22   46   60    6    4   26   34   36   59   37    2   14   11   44   40    3   61   50   17   26   15   65   10    3   43   63   55   21   18   19    9   25    4   27   42   57   23    8   39   53   46   62   41   50   16   44    5   56   20   49    7   32   64    1   12   12   13   52   31   48   35   33   28   30   24   55  
  59   54   36   34   29   64   14   26   12   26   43    1   28    6   26   62   49   30   42   61   22   40   56    4   17   63   44   45   52    3   25   13   23   16   18   21   38   11   19    2   39   27   48    8   31   29   51   58   28   15   37   46   65   26   39   20    7   21   47   32   35    9   41   47   10   24    5   53   57   60   33   50   13   26   55  
   1    2   10   18   40   16   35   26   64   27    4   50    9   56   57   23   46   52   19   59   34   63   31   40   61   44   32    2   13   49   33   58   48   21   41   47   18   22   37   41   24   55   50    3   53   60   54   14    8   17   57   29   34    7   43   62    6   51   25   38   45   65   27   11   36   23   30   12   42   20   15   39   60    5   28  
  30   16   58   55   40   22   43    7   21   42   46   40   11   56   33   31   37    2   29   65   10   54   34   32    8   41   50    5   28   20   40   36   63   12   19    9   64   38    4   59   58   27    8   35   13   51   62    1   53    6   61   23   47   57   24   26   13   44   45    2   27   17   15   39   49   14   48   52    3    8   18   25   60   19    2  
  53   44   49   17   23   14   38   62   26   60   57   37   19   21    3    4   54    8   45   26   43   31   39   56   62   25    8   36   58   11   40    6    8    9    5   47    1   33   20   10   29   35   13    2   51   17   42   17   34   18   65   28   37   59   41   32   46   30   12   52   15   16   27   64   55   27   63   58   22    7   61   50   48   24   46  
  52   61   37   43   57   16   14   62   45   42   54   24    8   40   41   23   58   35   20    4   21   63   31   10   45    6   51    5    9   44   60   64   33   39   47   13   46   65   15    1   29    7   28   11   36   50   47    2   12   27   32   18   45   53   19   45   47   17   34   25   22   48   56   10   53    3   55   26   59    8    6    4   30   38   49  
  44   61   18   23   18   30   34   13    9   14   21   58   51   31   15   31   48    7   60   17   40    6   47   45   49   20    5   36   50   65   65   42   22   28   41   10    8   40   57   29   11   43   37   33   26   56   61   35   20   12   25   16    7   54   32   39   24   52   64   45    1   62   19   53   59   38   63    5   46    4   18    3    2   55   27  
  38   47   32   46   28   33   32   39   52   63   11   55   14   46   43   24   28   60    1   40   15    4   56   17   58   10   35   49   15   30   59    7   64   27   40   57    6    2   36   16   25   33   55   53   21   51   42    7   20   41    8   26   33   50   44    9   31   45   62   18   54   65   12   22   13   37   23    5   48   29   61   19    3   34   29  
  27   52   57   50   32   39    3   44   60   62   44   23   46   29    7   34   25   19   56   40   60   33   62   54   23   37   45   53   24   61   20    6   22   21   23   35    9   16   37   14   51   17   64   30    8   41   47    5   38   15   28    4   10   42   13   26    9   31   12   11    2    1   18   48   36   45   49   38   37   63   65   58   59   43   55  
  11    7   47    9   21   17   61   56    4    8   53   23   30   64   50   29   49   59   19   27   40   33   65   54   60   10   12   49   52   26   58   37   13   18   52   53   63   20   62    1   14   31   42   34   51   41   16   25   14    5    2   38    6   32   25   39   35   15   42   44   65   45   16   10   22   55   57   28    3   43   46   24    5   36   48  
  15   47   57   38   46    9   30   56   59   38   10   45   11    7    4    3   13   31   57   19   34    9   58    8   26   52   51   39   60   20   27    6   32   17   43   22   65   62    8   61   41   42   25   40   36   18   54   37    1   16   35   21   14   50   55   64   29   38   53   63   24   29   28    2   44   12   48   41   12   33   49   28   23   64    5  
   9   28   60   58   29   53   54   48    7   10   43   65    1   27   19    3   34   50    7   46   64   47   41   20   45   62   55   49    8   30   36   17   26   24   39    4   63    8   61   52    7   11   14   42    5   18   56   19   57   36   32   56   40    8   16   38   13   35   60   51   25   37   31    6   12   15   23   59   23   44   13   22   33   21    2  
  61    2   23   35   24   29    7   41   42   65    5   10   16   20   13   47   34   39   39   18   21   47   51   43   62   54   49    6   31   38   58   53    5   26   19   30   33   55   50   46   60   27   12   25   45   19    8   28   17   29   52   50   57    1   11    3   10   56   36   64   37   14   40    9   40   59    4   48   17   15   44   22   32   63   33  
  35    4   60   37   17    1   64   34   18   14   13   57   41   41   38   33    9    8    2   56   32    7   59    3   23   53   36   51   19   65   31   54   22   50   16   44   25   42    6   30   26    5   12   41   39   62   44   48   29   27   20   24   15   31   21   61   47   55   52   58   26   34   10   11   28   46   40   29   49    6   63   35   43   28   45  
  52   11   20   63   46   15   39    4   25   29   50   46   64   32   45   40   42   38   36   61   10   47   41   26   22   19    2   37   56   59   57    1    8   49   24   13    7   35    5   31   18   60   54    6   51   28   23   50   26   44   43   55   27   65    5   53   58   17   16   25   34   12   21   46   48   44   59   30   62   14    3   30    9   33   19  
  56    3   37   64   43   57   50   28    5   49   33   45   65   34   11   55   27   39   57   29   16   44   18   48    1   63   36   42   51   15   12   24   28    7    9   46   52   26    6   20   22    8   21   19    2   53   34   12   32   61   11   12   58   35   23   60   27    5   59   13   25   38   23   47   31   41   17   14   54   10   40    4   30   56   62  
   6   22    1   33    2   52   25   38   23   44   11   48    5   64   28   15   37   47   42   31   18   10   63   46   31   24   45   16   12   53   40   59    8   36   15   20   52   43   34   50   41    4   57   55   48   61   27   62   54   17   35    9   56   49   65    7   14   32   30   21   51    3   60    2   58   14   29   39   26   19   52   13   50    6   25  
  19    2   31   36   44   39   25   20   64   37   60   13   18   62   55   11   42   27   21   23   37   30   43   12   49    4    8   22   33   51   45    7   40   24   51   35   50   47   58   16   61   53   34   52    3   10   65   14   59   32    9   10    1    5   21   57   29   63    2   17   14    8   28   46   43   38    6   54    2   41   56   48   54   15   26  
  54    7   13   25    1   34   53   12   22   39   61   45   16   62   49   35   65   23   26   47   24   56   36   32   14   58   28   54   38    5   57   59   31    8   32   55   18   30   24   35   15   42   41    2   19   10   12   43   63   52   21   46   18   19    4    9   64   30   40   39   37   11   54   17   44   20   29   27    3   50   33   60   51   48    6  
  13   10   37    1    4   46   52   32   44   20   53    2   58   64   47   33   65   15   27    7   19   29   64    5   41   57   56   24   59   12    7   40   22    3   49    7   25   28    7   61   21   24   32   18   39   21   36   38   60   26    9   35   62    6   11   31   45   17   63   42   14   32   50    7   23   54   48   43    8   51   16   55   58   30   34  
  14    7   50    1    6   48   18   44   20   34   27   45    4   41   11   32   38   31   43   33    8   16   28    2   48   30   10   35   36   21   23   65   40   60   18   56   46   17   62    6   22    5    6   58   59   29   13   64   24   12   15   23   54   55   42   49   26   25   53    8   40    9    3   39   50   47   57   51   19   37   33   50   63   61   52  
  58    7   13   18   49   17   34   63   37   32   46   42   29    6   58   16   14    4   55   52   64   46   35   39   60   50   23   53   51   54   26    1    5   57   59   24   61   43   31    3   34   13   47   10   41   36   33   22   21   25    8   40   49   65   48   44   27   20   48    9   15   45   28   65   12   62   31   35    2   11   19   56   59   30   38  
   6   28   15   25    1   17   54   59   64    7    4   14    9   63   52   43   26   58   33   34   57   18    3   41   40   54   32   51   49   20   47   16   36   11   17   55   30   37    8   35   27   46   12   53    9    2   22   36   31   19   13    9   50   24   18   39   18   42   65   10    5   38   45   48   56    6   23   60   29   13   21   22   62   61   44  
   3   61   56   64   15   26   34   20   59   62   37   62   17   41   23   32   40   53    8   14   31   41   42   60   48   42   12   21    9   21   52   42   63   10   35   43    5   16   47   49   51   45    4   25    2   55   19   50   13   21   28   39   37   58   46   65   36    7   33    1   30   11   38   29   16   24   22   18   57    6   54   10   27   45   44  
  15   54   22   59   24   52   47   65   14   30   35    5   39   11   44   36    2   62   40   12   13   28   41   53   17   61   33   23   10   25   21   26   31   38   18   42    8    7   57   16   64   45   58   60   43   53   56    1    5    9   20    4   63   34   64   33   29   19   46   50    6    3   48   46   32   41   27   37   49   12   51   55   20   40    5  
  59   53   57   65   29   14    7   46    3   45   34   11   44   31    9   20   48   16   38   12    6   56   11   35   60   25   49   21   26   18   16   10   13    2   58   54   64   27    4   22   17   42    1   52   33    8   15   42   43   37   55   32   24   19   62   41   63   39   40   23   11   28   30   50   61   51   29   13   47   13   11    3   57   36    5  
  62    4   35   59    3   55   56   43   49   11   30   63    9   14   10   20   50   22   36   51   28   33   61   16   58   19   65   25   57   54    9   22   25   27   18    2   29   39   41   20   12    1   34   63   58   24   32   21   40   15    5   45   44   42   17   60   52   38   46   53   64   48    3   26   31    7    8   23   47   36   37    6   46   21   13  
  57   35    6   40   18   55   25   26   19   13   58   51   19   62   12   24   63   44    3   54   65    5   16    8   61   40   28   21   38    1   52   10   32   34   48    9   31    2   42   47   14   30   13   14   64   56   29   11   46   50   22   50   49   17   28   59    1   33   27   45   23   53   15    7   13   41   47    4   20   36   43   37   30   60   39  
  43   18   27   26   55   62   34   57    4   56   39   60   30   23   33   29   19   21    1   41   15   11   17   31   65   35   50   25   54   14   10    7   48   44   32   13   28    4   40   47   64    8   52   45   12    2   51   28   18    9   39    5   49   24   20   38   41   64   59    3   23   22    4   53   58   36   42   46   34   63   37   16   61    6   42  
  10   23   20   32   31   32   64   25   60   26   62   19   65   39   16   45    8   18    4    6    7   43   13   11   53   41   61   32    3   29   22   56   47    5    9   63   58   37   14   59   57   54   44   16   55   35   38   19    1   34   52    2   33   17   36   38   30   16   24   56   51   15   49   50   28   10   21   48   27   42   12   46   40    7   56  
  16   13   22   43   23   15   47   34   29   52   48   35    8   30   49   45   62   24   46    2   14   58   53   57    7   55   65   32    9   56   64   11    1   61    7   50    1   41   36   40   45   51   60   19   24   44   26    5   11    1   28   38   20    6   59   34   63   63    3   18   37   54   39   33   10   23   25   12   33   42   17   21    4   27   31  
  54   65   52   27    3   45    5   33   24   10   36    9    2   13   18   57   35   14   28   18   32   29   15   58   55   20    8   21   25   26   46   37   12   42   64   19   53   49   28   61   62   51    1   23   48    6    4   64   39   60   30    9   11   20   16   63   50   31   22   19   35   40   38   43    7   56   17   54   59    3   41   41   34   47   44  
  63   57   30   42   18   25   34   58    2   22   31   32   28   38   46   17   54   51   56   20   24   40   50   21   11   49   48   35   11   59   36   65   27   28   47    3   23   23   58    7   62   34    4   25   33   28    5   39   26   26   13   55   45   37   41   53   12   15   20   14   16   10   60    1   43   29   19   44   18   52   64    8    9    6   61  
   4   47   14   33   40   60   43   54    3   35   12   58   65   32   20   45   51   55   23   24   60   38    8   59   57   61   50    3   64   26   17    4   49   63    4   46   42   19   10   25   29   19   33   62   43   53   65   31   36   19    1    5   48    6    7   13   56   44   22   37   11   52   15   39    9   16   41    2   28   27   30   18   21   25   34  
  58   42   49   63   43   29    5    4   64    7   52   57   36   34   40   14   12    2   56   20   29   25    8   23    1   31   28   46   50    9   11   10   45   27   39   35   42   16   19   55   13   21   62    1   61   64   13   38   54   60   24   53   45   15   33   37   44   20   18   22    6   35    3   47   65   26   51   61   59   30   41   17   48   32    1  
  48   11   53   27   30   22   65    5   54    3   44   25   23   21    1   51   29   43   38   28   36   23   60    7   61   17   24   18   46   12   19    6   64    5   52   31    6   14    2   41   39   10   49   15   50   55   57   31   62   45    8   22   19   32   19   48   34   35   59   16    4   58    9   56   42   47   13   26   33   46   20   37   43   40   63  
  46   20   35   34   52   50   27   28   62   51   29   39    9    6   63    8   57   26   32   16   24   49   26   46   60    3   53    5   53   21   41   31   45   37   28   40   15   44   54   25   22    4   47   59   65   19   12   53   56    7   64   56   11   55   48   13    1   48   43    2   38   14   17   30   35   61   36   10   18   27   23   33   58   43   42  
  32   61    4   13   17   63   50   57    7   16   35   47   45   15   29    5   34   40   28   30   41   24   39   37   19    6    3   11   31   25   27   56   58   14   52   65   44   54   11   53   64    2    1   59   10   45   29   26   46   61   22    8   38   37   62   43   37   37   20   33   20   21   36   60   49   51   18   48   61   42   12   23   15   55    9  
  12   21    2   17   41   44   53   34    9    1   54   51   55   29    8   37   65    3    5   27   22   14   23   13   48   35    7   43   11   58    3   24    4   42    1   56   22   25   62   49   25   38   36   28   63   39   46   22   30   59   45   19   25   33   55   10   64   31   40   14   28   26   57   16   61    6   20   50   32   52   15   60   47   18    1  
  51   10   16   39   40   45   33   61   56   35   50   34   17   41   36   24   15   48   37   25   26   22   64   43   21   54   52   61    7   36   63   55   60    4   12    9    8    6   58   50    2   23   39   49    2   42   47   11   28   53    3   20   13    1   27   15   31   59   49   25   29   46   32   62   38   30   57   39   44   19   65   12   18   14    5  
  42   51   49   50   24    2   59   61   45   25   50    1   18   33    5   48   26   63   32   54    4    3   21   28   46   27   19   23   17   58   45   61    7   64   14   45   12   62   20   44   30   65   36   15   56   11   34   57   11   24   55   29   16   35   13   40    6   46   41   52    8   26   16   22   29   37   10   43   47    9   31   39   60   38   53  
  57   38   12   36    7   62   35   44   59   26   15   53   22   25   29   22   31   10   20   27   64    3   14   43   45    9   18   61   29    2   50   21   39   54   30   50   49   41   56   33   51    8   50   34   17    6   36   37   11   65   23   13   42   55   35    4   58   47    1   24   28   19    3   10   46    5   63   60    8   30   32   16   52   40   48  
   2   32   44   27   24   48   51   61   10   62    1   23   11   47   38    3   34   47   40   50   19   21   45   45   50   29   16   57   49   64    6   35   36   12   28   28   60   11   17   13   56   39   59    5   41   53   22   37   18   23   41    9   25   14   43   42   33   52   15    4   65   58   21   63   30   54   31    8    9    7   55   27   20   26   46  
  11   50   34   37   53   16   12   47   32   21   48   45    7   65   55   29   38   30   24   46   54   27   20   28   10   64    6   56    4   13   52   61   57   23   59   41   51   14   42   39    8   63   14   18   22   36   11   60   35   36   33    3    5   26   25   43   40   30    3    1   62    2   15   58   19   17   44   56   55   19   39    9   49   31   17  
  14   65    5   26   51   25    3   34   16   60    9   48   31    4    6   36   34   62   42   30   40   18   52    1   39   20   53   23   33    2   19    8    2   12   43   21   48   44   10   64   22   61   45   41   37   59   46   54   38   24   45    3   15   17   14   28   55   50   16   11   13   45   47   36   56   63   29   32   27   35   49   24   58    7   57  
  47   63   43   65   56   57   25   24   30   19   13   20   28   16   40   55    2   64   36   60   59   62   46   61   57   17    1   39   31   32   62   57   37   35   24   23    9    4   34   26   29   51   49   45   42   54   25   44    6   41    5    8   58   10   38   14   53    3   53   33   50    7   18   22   26   52   27   42   12   48   21   59   15   11   11  
  43   36   43    2   52   13   37   58    4   31   19   63   59   61   42    8   10    6   55   12   44   38   17   24   54    1   52   46   25   64   33    5   24   35   64   34   28   50   65   27   19   15   49   16   45   48   40    3   62   18   14   26   41   60   23   20   22   29   30   51   21    9   53   37   53   29   10   39    7   11   57   44   56   32   47  
  18   59   21   39   30   24    3   49   42    1   22   62   36   63    8   57   56   27   31    7   14   12   16   52   17    9    4   54   19   23   43   37   16   32   38   55   35   51   50   29   12   65   58   11    5   26   27   41   18   58   64   46   53   44   45   15   34   58    6   25    2   28   57   40   13   20   47   10   41   33   26   60   17   61   48  
   9   33   37   65   45   18   59   16   27   14   57   19   53    5   26    6   10   34   55    1   21   42   31   19   24   49   63   42   51    7   54   23   39   64   58   44   43   22    4   20   13    3   17   32   40    9   15   60    2   33   30   56   65   11    1   62   30   36   35   38   29   47   50   48   46   41    8    1   25   12   27   52   61   28   56  
  35   47   24   64   30   10   22   65   43   11   20   52   53   31   41   29   46   39   31   14   36    8   40   26    8   37    3   16   17   50    5   57   19   23   60   62    1   16   58   42   37   18   34   28   33    8   25    2   29   21   12   49   54    6   63   15    8   27   32    4    9   51   13   64   44   38    1   10   45   59   61    7   55   48   56  ] 
BUDGETS : [    1    4    7    8   16   16   32   32   39   40   45   46   46   47   49   51   52   54   55   57   57   57   59   59   61   65   68   68   68   68   69   71   73   75   77   82   84   88   89   89   91   92   92   94   96   96   97  100  100  112  112  114  114  115  116  116  119  124  125  125  126  139  142  144  145  149  149  150  153  158  159  163  163  163  164  165  167  167  167  170  172  173  174  176  178  178  182  182  184  185  185  186  187  188  189  189  192  192  194  194  199  200  200  201  204  207  209  216  219  222  223  230  230  232  233  234  235  238  238  239  246  251  251  252  255  259  259  260  263  263  264  267  268  272  275  275  277  278  278  278  279  283  286  289  291  294  296  299  300  300  ] 
