K : 150
I : 15
PREFERENCES : [   13    0   13   12   10    0    0   15    0   11    0    0   13    0   14  
   0    0   15    0   12    0    0   14   13    0   14    0   13   11   10  
  13   15   11    0    0   12   11    0   12    0   14    0    0   10    0  
   0    0    0   14    0   13   11   10   12   15   12    0   15    0    0  
  15   14   11    0    0    0   14    0   12    0    0   13    0   10   12  
   0   11    0    0    0   13    0   15   10    0   14    0   14   14   12  
   0    0   12    0   11   15    0    0   13   13   10    0    0   10   14  
   0   14    0   13   13   10    0    0   15    0   11    0    0   10   12  
  15    0   10    0   14   11    0    0   12    0   12    0   13   13    0  
  11   11   14   15   12    0    0    0    0    0   13    0   14    0   10  
  12   15    0   11    0   13    0    0    0   14   13    0   10   13    0  
  13    0    0    0    0   14   15   10   12   11   15    0   13    0    0  
  15    0   13    0    0    0    0   11   12    0   13   14   10    0   14  
   0   12   15   10    0    0   10    0    0   13   10    0   14    0   11  
  11   13    0    0    0    0    0   11   12    0   14    0   11   10   15  
  11    0    0   11   10    0   13    0    0    0    0   12   14   15   11  
  14   13   10    0    0    0   11   11    0    0   15    0   11    0   12  
   0   11    0   11    0   10   15    0    0   14   11    0   12   13    0  
  12    0    0   13    0   13   10    0   14   15    0   11   10    0    0  
   0    0    0   14   10   13   15    0   12   11   15    0   10    0    0  
   0   11   12   11    0    0   14    0    0   11    0   13    0   10   15  
  11    0   13    0    0    0   12    0    0   12   12    0   10   14   15  
  13   11   15    0   14    0    0   11    0    0   10    0   13   12    0  
  15   11   12   14    0    0    0   13    0   12   10    0   10    0    0  
  13    0    0    0   10   11    0    0   12   13   15   13    0    0   14  
  10    0   12   13    0   11   13   14    0    0    0    0   12    0   15  
   0   14    0    0    0   15   12   13   14   10   11    0    0    0   10  
  10   12   15    0   15    0    0   13    0    0   15   14    0   11    0  
   0   10    0   14   15   12    0    0   15    0   13    0   10   11    0  
  12   15   11    0    0   14    0   14    0    0   13    0    0   10   14  
  11   15   13    0    0   14    0    0   10   10   12    0    0    0   12  
  12   15   12   11    0    0   10   10    0    0   14    0    0   13    0  
   0   13    0    0   14   13    0   13    0   12    0   10   15   11    0  
   0   11   13    0   12    0    0   14   10   10   10    0    0    0   15  
  12    0   13    0   15   14    0   10   12   12    0    0    0   11    0  
   0    0    0   14    0   13   14    0   15   12    0   14    0   11   10  
   0    0   11    0    0   10   13   14   10    0   15    0   12   15    0  
   0    0   10   14   15   12    0    0   11   10   12    0    0   13    0  
  13    0   11    0   14   12    0   14    0   15   11    0   10    0    0  
   0   12    0   14    0   14    0   11   11   13   15    0    0   10    0  
  11   15    0   14   10    0   15    0   13   13    0   12    0    0    0  
   0   10   12    0    0   14   11    0    0   15   14    0   10   13    0  
   0   15   11   14    0    0   12    0   14   10    0   13    0   15    0  
   0   10    0   12   14    0   11    0   14    0    0   12    0   13   15  
  14    0    0    0   15   10   13   11    0    0   15   11    0   12    0  
  10   10   12    0    0    0   13   14   11   15    0   14    0    0    0  
  14    0    0   11    0   13   10    0    0    0   12   10    0   15   14  
  11   12    0   13   10    0    0    0    0   15    0   11   14   15    0  
   0    0    0    0   13    0   14   12   10   15    0   11   10   13    0  
  12   14    0    0   10    0   15   10   15    0    0   11    0    0   13  
   0   15    0    0   13   11   10   12    0    0    0   14   15    0   14  
  11   14   10    0   15    0    0    0   13    0    0    0   13   11   12  
  14   13   12    0    0    0   10   15    0   10   11   10    0    0    0  
   0    0   15    0   13    0   12    0    0   11   14   10    0   10   11  
   0    0   12    0   10   10    0   14   12   11   13    0    0    0   15  
   0   13    0   13    0   11    0   14    0   15    0   10   12   10    0  
  15   14   12    0   14    0    0   10   13   14    0   11    0    0    0  
   0    0   14    0    0   10   15    0   12   11   13    0   14   11    0  
  13    0   11    0    0    0    0    0   12   15   14   10    0   10   12  
  11    0    0    0   14    0   10   12   10    0    0   15   13    0   10  
   0   11    0   12   13   14   11    0    0   11    0    0    0   10   15  
  13   11   10    0    0    0    0    0   11   15    0   11    0   12   14  
   0    0    0   10   10    0    0   14   11    0    0   13   15   12   11  
   0   11    0   13   15   12    0    0   10   14   11    0    0    0   12  
  13    0   14   15    0    0    0   13    0   10    0   12   13   11    0  
  15    0    0   12    0   11   14   13   11   10    0    0    0   11    0  
  15    0   14   12   15    0    0    0   13    0   10   11    0    0   13  
   0    0    0    0   11   10   12    0   13   15    0    0   10   10   14  
   0   12    0    0   10   15    0   14    0   11    0   15   12   13    0  
   0   14   13    0   10    0   11    0    0    0   15   12   14   11    0  
   0   10   14    0   13   12   11    0    0    0    0   10   15    0   10  
  15   10   10    0    0    0    0    0   13    0   14   11   12   10    0  
  12   10    0   13   15    0   11    0    0   13    0    0   15    0   14  
  15   14   10   11    0    0   13    0   12    0   13    0    0   15    0  
  14    0   13   11    0    0    0   10    0   12   14    0   14    0   15  
  12    0   13    0   14    0    0    0   11    0   15   11    0   11   10  
  15    0   13    0    0    0    0   11   12    0    0   14   12   15   10  
   0   13   12   12    0    0   14    0    0   12    0    0   10   15   11  
  11   12   13    0   10    0    0    0   14    0    0   13   15    0   11  
   0    0   13    0   15   12   12    0    0   11   14    0   10   14    0  
  10    0    0   13    0    0    0    0   11   12    0   14   11   15   11  
  10    0    0   14    0   10   13    0    0    0    0   12   10   11   15  
   0    0   15    0   11   14   11    0    0   10    0   12   13    0   15  
   0   12    0    0   11    0   12   12    0   10    0    0   14   13   15  
  15   15    0   15    0    0   11   13    0    0   12    0   14    0   10  
  15   14    0   13   14   10    0    0   11    0   12    0    0   11    0  
  15    0    0    0    0   10   14   15    0   13    0    0   11   10   12  
  12   11    0   15    0   14    0   10    0   10   10    0   13    0    0  
  11    0    0   13   10    0   11    0   12   11   15    0    0    0   14  
  13   15    0    0    0    0   14   14    0   14    0   11    0   12   10  
   0   10   12   15   14   12    0   11    0    0    0    0   13    0   11  
   0   15    0    0   11   15   13   14   12    0    0    0    0   15   10  
  15    0   11    0   10   11    0    0   14   12    0   13   10    0    0  
  12   13   14   15    0    0    0   10   12    0    0    0    0   10   11  
   0   15   13   14   12   11    0   15    0   10    0    0    0    0   14  
  10   12    0   11    0    0    0    0    0   15   12   14    0   13   12  
  10   10    0   10    0    0   13    0   11   15   14    0    0    0   12  
   0   14   15   15   13    0   11    0    0    0   15   10    0   12    0  
  10    0    0    0   12    0    0   11   12   13   10    0    0   14   15  
  13   15    0    0   15    0    0   14    0    0   10   12   11    0   12  
  10   15   12   13   11    0   11   13    0    0    0    0    0    0   14  
  12    0   14    0    0    0   11   13    0   12   10    0   14   15    0  
  11   12   10    0    0    0   14    0    0   14   13    0   15   14    0  
   0   13    0    0   12   10    0   14    0   11   15    0   15    0   10  
  10   15    0   13   10   12    0    0    0   11    0    0    0   14   15  
   0   15    0   10   13    0    0   11   12   14    0    0   10    0   13  
  12    0   12   14    0   13    0    0   15    0    0   13   10   11    0  
  13   15    0    0   14    0   12    0   10    0   10    0   11    0   14  
  10   13   11   15    0   12   13    0    0    0   13    0    0   14    0  
  12   13   11   12    0    0   15    0    0   14    0    0   12    0   10  
  11    0   14    0    0    0    0   13    0   14   15   10    0   15   12  
   0   15   10    0    0   15   13    0    0   14   12    0   11   14    0  
  10    0    0   12   14    0   13    0    0   12   15    0   11   11    0  
   0   11   12   11    0   10    0    0   14   13    0   15    0   13    0  
   0   12    0   11   13   10   14    0    0    0    0    0   12   13   15  
  14    0    0   14   11   15   12    0   13    0   14    0    0    0   10  
  10    0    0    0   12   13    0    0   14    0   14   15   11   11    0  
  12   10   12    0    0    0    0   13   14    0   12   15   11    0    0  
   0   15    0   12    0   10    0    0   13   14    0   11   13   12    0  
   0   13   10    0   12    0   11   11   15    0   12   14    0    0    0  
  10   10   13    0    0   15   11    0    0    0    0    0   14   11   12  
   0   11   14    0    0   13   11    0   12   10    0    0   15    0   13  
   0   11    0   13    0    0   12    0    0   15    0   10   15   13   14  
   0    0    0    0   12   10    0    0   15   10   13   11   14    0   15  
   0   14   14    0    0    0   12    0   11   14    0   13   10   15    0  
   0   13    0   12   15   15    0    0   11   10    0   10    0   14    0  
   0   13    0    0   10   13    0   14   11   12    0   15    0    0   14  
   0   10   15    0   14   11    0   14   15   12    0    0   13    0    0  
  15    0   10    0    0   11   14   12    0   13   13    0    0    0   13  
  13    0    0   11   12   14    0   13   10    0   15    0    0   12    0  
  11    0   13   12    0    0   10   14    0    0    0   13   15   13    0  
   0    0   10   13    0   14    0    0    0    0   14   15   10   12   11  
   0   13    0    0   14   10   12    0   11   12    0   15   12    0    0  
  13   15   10    0   14   13    0    0    0   11   11    0   12    0    0  
   0   12    0    0   13   15    0   13    0   12   14    0    0   10   11  
  13    0   10    0   11    0   12    0    0   12   14    0   14   15    0  
   0    0    0   14   10   13    0   12   15    0    0   13    0   11   15  
  12   14    0    0   14   13    0    0   11   13    0    0   10    0   15  
  13   10    0   12    0    0    0   14    0   11   14    0   15   14    0  
  15   14   10    0    0    0   11   11   13    0   10    0   12    0    0  
   0   15    0   10   11    0   14   14    0    0    0   12   13   10    0  
   0    0   10   11    0   11   14   13    0    0   14   12   15    0    0  
  15   13    0    0   12   12    0   10    0   11   13    0   14    0    0  
  13   13    0   11    0   10   15    0    0    0   14   12    0   11    0  
  10    0    0    0   11   15   11    0   13   14    0    0   13   12    0  
   0    0    0    0   12   13   14   10    0   15   12   11    0   10    0  
  12    0   11    0   13    0    0    0    0   14   10   14   12    0   15  
   0   12   13   11   11   14   11    0    0    0   10   15    0    0    0  
  11    0    0    0    0   13    0   10   12   13    0   15   14   14    0  
   0   12   14    0   13   11    0   11   15   10    0   14    0    0    0  ] 
BUDGETS : [    5    5    6    8    8    9   11   12   16   17   21   21   24   27   28   28   29   30   31   33   35   36   36   36   40   41   46   46   48   50   51   53   56   60   60   61   67   71   74   76   78   83   84   87   88   89   90   91   94   94   97   97  101  101  104  107  107  108  111  114  114  114  115  118  119  119  120  124  124  127  135  137  138  139  141  143  143  144  145  146  147  148  149  149  157  159  161  161  163  165  169  169  170  171  176  184  187  189  190  194  197  198  198  198  201  202  203  204  205  210  216  217  218  220  223  224  228  231  231  235  236  237  238  239  239  240  241  249  249  252  252  254  254  261  264  267  274  275  276  277  279  282  284  287  293  294  295  296  296  300  ] 
