K : 50
I : 5
PREFERENCES : [    2    2    5    4    3  
   3    5    5    2    4  
   3    5    4    3    2  
   2    3    2    5    4  
   3    5    2    4    4  
   5    3    2    4    3  
   2    5    2    3    4  
   5    2    4    3    5  
   4    4    3    5    2  
   3    4    2    2    5  
   3    5    2    4    3  
   2    5    4    3    5  
   5    2    4    5    3  
   3    2    5    2    4  
   4    3    4    2    5  
   3    4    3    5    2  
   3    4    2    5    2  
   4    4    2    5    3  
   3    5    4    2    5  
   4    5    3    3    2  
   3    4    5    2    4  
   3    2    4    5    2  
   3    4    3    2    5  
   5    3    5    2    4  
   3    5    2    4    2  
   2    3    3    5    4  
   5    3    2    4    3  
   4    2    4    3    5  
   3    4    3    2    5  
   5    2    3    5    4  
   4    5    3    4    2  
   2    5    3    4    3  
   3    4    5    2    5  
   5    2    4    5    3  
   5    3    3    4    2  
   4    3    5    3    2  
   4    3    5    2    5  
   3    2    5    4    3  
   4    3    2    5    3  
   2    3    4    2    5  
   5    4    4    3    2  
   4    2    5    3    2  
   3    2    5    2    4  
   4    5    2    3    5  
   3    4    3    2    5  
   4    4    5    3    2  
   2    3    3    5    4  
   4    5    3    3    2  
   2    2    3    5    4  
   2    3    4    5    4  ] 
BUDGETS : [    1    3    8   13   15   15   21   22   23   23   24   25   26   29   33   34   36   37   38   41   44   46   46   49   50   51   51   55   56   61   62   62   62   62   63   68   74   80   82   83   84   85   87   89   91   93   94   99   99  100  ] 
