K : 100
I : 50
PREFERENCES : [   12    3   35   34   14   22   20    5   28   23   31   18   32   33   40   30   38   36   38   23   26   16    1   10    5   25   11   24   12   17   21    9   12   19   32    9    7   39   13   30   29   34   24   37   27   15    4    2    6    8  
  10   30   21   14   33   32   18   29   33   16   36    3   11    8   20   17   32   15   28   25   13   34   24   34   39    1   17   22    6   30    7   23   12   19   38   27    2   30   15   25   35   26   17   40    4   37   30    9    5   31  
  19   34   26    4   35   17    8   28    2   16   40   18   11   33   36   30   10    1   13    7   25    3   12   31    3   22   23   29   24   13   29    5   39   17   20    6   14    3   13    9   38    8   37   14   21   32   27   15   16    8  
  24    3   20   30    1    4   35    1   15   28   15    7    4   17   12   40    9   19   27   31   40   34   13   38   39   29   10   34   16   26   33   24   25    9   16    6    2   37   14   32   23   10    8   11    5   22   36   33   18   21  
  12    1   13    6    3    4   24   21   35   16   19    2   37   25    5   11   38   23    7   34   14   39    3   28    5   22   15   38    9   27   31   10   18   36   37   33   17   30   31   12   22   23    3   20   40   36   26   29    8   32  
  12   23   10   12   21    7    6   30   15   27   25    3   26   23   35    4    3   16    2   12   31   23   39   36    8   25   32   34   20   14   18    8   33   29   23   40   37   22   38    8    1    9   11   28   24   17    7   13   19    5  
  38   22    2   38   29   19    9    8   27    2   17   24    6   10   28   22   30   19    7   15   33   18    5   38   26    3   25    1   23   31   14   20   40   18   21   36   16   23   12   32   39   29   11   34    4    7   36   13   35   37  
  34   36   40   31   26    6   27   13   37   15    9    1   30   17   19    5    9   11   10   35   33   24   32   39   38    2    7   36   18   20    9   13   12   16   26    4   23   15    3   22   29   28   20    8   27   14   34   25   13   21  
   4   24   13   11    7   19   15   16    3   16   10    9   26   23   12   20   39   22   33   29    2   38   37   21   28   14    1   31    5   28   30    8   17   18   34   35   11   11   27    2   36   24   25   25    6   32   39   14   40   19  
  21    4   14   12    3   12   27    8   30   40   31   40   18   33   37    9   35    2   13   26    6    5   40   34   39   11   38    3   33   10   20   39    3   32   23   36   16   34   29    7   29   15   19   17   28    1   25   24   22    7  
  25   24   15   39    4   34   20   11   13   40   16   21   24   33    7    1   17   23    8    5   10   19   30    2   29   18    1    6    3   38   27   36   22   18   12   28   37   35   11   30   14   26   18   21    9   11    5   32   31   36  
  21   32   11    8   35   36   26   33   15   15   17   35   12    4    6   30   19   34   14   24    2   14   39   38    1   31   13   25   20   14   29   37   22   22    1   27   28   32    7   35   16   18   18   39    3    9    5   10   23   40  
  21   35    7   27   25   23   13   15   29    2   19   12   21   10   32   34   24   20   33   30   14   28    5    8    6    4   11   31   22   23   36   39   15   40    3   34    7    5   36    9   38   18   17   37   26    1   37   16    1   21  
  15   40   22   12    4   26   20   30    6   26   16   25   29   13    5   21   14   19    6    3    1   31   38   32   23    4    7   12   33    9   11   22   37   19    2   39   26   30   28   10   36   14   27   18    8   40   24   34   17   35  
   9   11   38   37   33   10    9   23   12   18   10   26   40   28   22   25   19   32   24   14   29    4   39   36   32   24   35   31   13   21   16    8    1   23   15   18    7   20    5    3    6   37   37   34    9    2   17   30   27    1  
  31   11   26   37   17   23   14   33   26   19   24   16   10    7   15   39    3   17   34   20    5   21   13   22    6   30    7   27   35   30    1   29   12   32   25    4    3   20   37    8   28   40    9    2   26   26   18   38    9   36  
  30   28   18   14   22    2   10   16   32   13    9   25   11   30    4    9   39   26    7   34   29    5   27   38    1   34   30   36   23   24   31   20   35   38   33   15   17   12   21   30   13    3    6   37   40   15   19   29    5    8  
  40    3   31   28    9    6   24   27   33   11   30   32    4   37    2   25    8   38   29   35   20   31    7    5   14   33   35   18   36   12   26   11   39    6   22   40   10   16   32    1   21   17   34   15   30   13   19   32   16   23  
   9    4   28    6   31   33   12   17   26   35    6   31   24   36   11   16   38   13   14   37   31   34   15    3   35    8   25   33   23   30   21   27   18    7   22   19   29   20    1    5   27   34   40   39   10    2   32   18   15   18  
  15   22   28   16   23   26   12   11   36    8   28    3   20    6   37   18    9   25   38   39    4   19    7   29    2   13   24   40   30   30   30   33   17    7   10   34   32   36   39    1   30   35    7   21    8   31   14    5   27   30  
  25   37   32    8   36    3    3   17   30    5    9   39   24   16   23   29   35   24   10   28   30   19   26   14   13   40   34   15   13   38    4   33   22   30   11   18    2   12    5   31    6   27   38   20   23    7   31   11    1   21  
  12   20   26   31    2   19   33   11   18   37   25    3   36   14   21   40   16   11   38   17    7   29   12    9   22   37   27    5    6   15   13   34   31    1   23   28   32   24   39   27   10   40   30   35    8   10   11   19    4   17  
  28   10    2   25    6   17    7   20   37   38   36   14    8   25   14   22   35   13   12   25   11   34   33   24   37    9   20   11   19   21   16    4   29    3   27   32   15   26   40   30   13    8   18    1    5   39   31   23   35   24  
  28   31    2   36   25   29   18   27    7    6   14   35   34   27   16   15    8   32   26    7   10   18   20   24   38   40    3    6   37   21   12   11    9    3   26   12   22   19   33   17    1    5   39   13    4    7    5   23   29   30  
  30   10   35    6   19   38    1   17   26   14   16   23   31    7   13    2    5   20    8    9   34   31   36   27   21   22   10   24   40   39    3   29   28   33    5   15   37   19    7    4   25   36   12   35   11   28   25   32   18   21  
  37    9    5   18    3   32   21   15   20    6   23   29   33   34   21   16   21   21   10   19   26   17   22   33   35   11   40   38   18   31    1   36   24   23    7   12   39    3   29   25   11    2    8   14   13   30   14    4   28   27  
   8    4    6   11   13   29   26   36   14   16   19   22   19    3   25   37   21   19    5   10   39    9   34    7   18   40   20   32   25   29    9   16    7   35    8   38   30   23   31    1   27   15   12   19   28    2   24    8   17   33  
   8    6   12    5   38   21   30    4    7   33   39   22   26   31   15   17   20   27   40    2   13   38   21   32    3   40    1    5   19    9   11   35   37   34   37   28   14   18   22    4   13   29    3    5   24   16   36   23   10   25  
  13    7   35    9   28    8   22    6   15   32    3   11    2   33   21   38   17   25   29   16    1   36    5    9    1   31   37   30   20   12   25   26   27    6   10   20   16    1   14   39   18   35   24   23   19    1   40   39    4   34  
  35    9   19   36    2    7    4   16   11    6    8   15   10   30   20   25   29    5   37   26   21   36   24   39    1   24   18   40   27   31    6   14   10   36   38   24   23   28    3    8   22   34   16   24   12   33   18   17   13   32  
  27   39   12   20    8   17    6   31    4   22   37   10   33   38   29   15   40    9   24   23   27   25   32   34   39   13    7   28   35   36    2   20   11   26    3   19   30   13    1   13   16    5   21   18   14    1    2   21   18   28  
  13   38    8   29   12   24   21    6   29    2    3   34    4   18   26   17   40   20   22   19   11   35    7   36   23   30   11   10    5    5   32   27   14   39   32   15   36   37   30   25   40    9   28    1   25    3   33   16   11   31  
  37   32   26   13   10   38    9   19    1   40    8   29   28    5    7   12   18   17   22   34   33   24   15   36   14    2   24   22   27   32   25   16   19   30   28    6   19   39    4    4   20   31    6    3    1   33   35   23   11   21  
  33   38   29   39   23   27   37   12   15   28   31    2    3   24   30    1   21   26   20    7   13    8   35   10    1   37    6    6   36    4   26   18   19   25   22   14   38    7   11    9   16    9   17   32   37    5   40   34   26   33  
  31   35   33   14    9   27   24   35   34   39   28    8    1   21    4   16    5   15    2   27   17   26    3   38   34    7   30   10   25    5   13   40    4   36   19   27   20   18   28   12   22   11   28   32   14   20    6   29   23   37  
  18   19   40    7    9   32   22   14   12    1    5   22   17   38   23   34   26   37    6   13   21   39   35   40   20   27   31   10   21   25   33   24   15    3   30   15   29   28   11    2   36   16   30   23    8   33   33    6    4   39  
   4   31   34   37    8   13    7    2   20   32   39   22   30   36   19   18   12   27    8   15   25   20   33    1   28   21   38   31    9   35   17   29   11   12   29   28   11   22    6   23    3   10   40   26   24   14   18    5   31   16  
  24   16   37   26   39   20   22   28   20   12   21    8    7    5   17   40    3   30    1   11   29   38    4   36   25   35    2   22   27   23    6    9   18   33   38   10   14   37   20   10   32   15   19    3   18   15   39   31   13   34  
  10   22   37    9   30   11   12   40   23   26   33    1   25    5   29   16    3   24   29    2    8   27   14   21   38   38   15   26   32   13    1   31    7   21   17   20   39   35   26   28   36   24   40    6   18    5    4   19   34   26  
  10   29   18   19   31   40   32    2    7   16    5   20   28   27   38   23   22    3   17    5   30   22   13   28   22   37   34   11   21   14   24    8   30    9   22   39    3   15   12    4   35    1   26   38   36   33   25   35    6   10  
   1    1    6   30   11    2   33   30   27   10   29    1   18   24   39   28   12   11    4    8   21   15    5    7   35   22   40   35   34   38   26   23   16   17    9    3   35   23   32   18   16   36   20   37   14   25   19   19   13   31  
  23   36   15    1    7   16   37   17   25   24   18    4   14   18    6    5    2   33   20   19   39   32   31    7   12    1   38    3   22    1   10    7   35   13    8   16   27   28   40   26   30    7   21   11    9   34   30    7   29    8  
   2    8   28    1   19   18    4    6    7   17   40    7   15   27   14   26   33   21   30   16    3    8    5   22   12   25   23    4   29   20   31    9   37   13   31   38   20   24    6   34    2   35   39   36    3    8    8   32   11   10  
  33   32    7    4    2   35    6   14   15   31   24   20   19   12   38   23   26   11   21   37   29   10    8   23   25   39   28   17   18   27   38    1   31   22   14   13    3   30   18   26   29   16   40    5    9   36   10   34    9   30  
  20   38   32    3    8   17   10   29    7   13   40   28    5   12   13   39   18   33   36   31   25   21   14   13    4    3    2   35   27   23   17    1   34   16   22   30    2   11   26   31   22   32    9   13   15   37   24   19    6   26  
   9   39   27   19   13   21   15   38    3   26    8   18   14   33    7   28   20   21    2    3   24   27   31   27   40   25    6    4    3   25   32   30   12   34   22   17   29    5   11   37   36   23    3    2    2   28   10    1   35   16  
  36   30    4   21   30   38    7   32    3   35    8   20    1   25   13   10   27   40   23   39   33    8   34   19   12   14   17   29   37   15    5   16   18   19   11   27   28    2    9   29    6   24   26   18   13    3   31    2   17   22  
  20    8    1   34   24   23    7    1   18    2   27    9    1   17   32    5    4   30   26    1   12   15   13   33   30    5    3   38   35   14   36   31   39   19   21   40   24   25    6   28   37   12   10   11   33   30   22   29   16    3  
  15   24    9   25   30   18   16   38   29    4    2   34   17   31   27    1   29   12   20   32   16   36    3   35   21   30   25    5    7   10   14   22   23   26   33   38   37   39    6   19   37   29    4   11   40   28    8   31    8   13  
  30   40   26   34   13    7   39   37   29   25   28    4   29   23   24    6   22    1    4   36   16   19    8   33   21   40   31   13    3   10   35    2   27    6   11   17   18    5   14   23   31   38   10   15   32    9    1   27   20   12  
  13   21   24   33   14    6    9   40    2   38   10   39   18   36   32   14   25   17   24    5   39   19   26   21    5   31   35   15   22    8    1   16   30   16   23   27   21   37   20   29    7    1    9   12   34   11   21    3   28    4  
  33   37   10   23    4   18   28   35   16   38    9   15    8   18   18   13   30   11    5   20    7   36   24   27   26   29   21   40   16   32   40   12   31   25   39    3   34   34   34   14    6    1    6   11   33    2   26   22   19   17  
  12   20    7   33   28    1   21   19   22   32   33    2   30   37   15   23   17   22   18   24   14   25   31   11   13   36   10    6    3   35    9   20   20    8   36   39   29   26   40    4   16   34    2   11    5   13   27   39   27   38  
  35   23   21   24   18   33   11   28   14   21   32   22   14   16   39    6   18    7    9   34   21   15   18   38   13   18    6    4   31    5    1   40   10   40   22   36   37    3   12   10    8    2   25   30   19   27   29   20   17   26  
  34   21    3   29   24   33   38   25    3   26   37    8    7   27   21   11   40    8   35    5   26   23    4    1   20   17   14   31   15   12    2   13   26   28   23   12   36    1   16   19   32   10    6   22   10    9   18   39   21   30  
  11    4    6   22   16   19   18   17    5   39   28   36   27   10   34   13    8    9   20   13   38   31   32   23   14   40   15   33   26   30    7   20   11   11    2    1    3   19   28   12   25   24   21   30   35   38   37    7   29    4  
  33    2   28   11   37   39   37    7   24   29   36   20   34   29   21    6    4   40   22    1   10   17   33    5   24   12   13   26   34    1   15   37   32   23    8   27    9    3   25   31   25   19   16   38   18   30   14   29   35   28  
  25   12   13   24    5   35   10    6   32   11    1   26   32   13   34   30   17   31   12   37   29   15   23    9   20   22   28   30   21   36   28    3   17   14   35   19   40   18   38   27    7    5   39   28    8   16   14    2   33    4  
  30   31    5   27   40   39    3   35   34   11    2   19   35   27   29   20   20   37   26   14    4    8   32   22   18   15   13    1   17   39   36   16    7    8    6   38   38    8   24    5    5   25   23   33   30   10   12    9   21   28  
  27   17   30   36   31   12   26   30   35   12   30   11    9   32   18    5   33   37    6   39   22   23   21   25   38    8   10   15   11   16    3   28   12    1   25   13    2    7   20   20   21    9   34    4   29   18   19   40   14   24  
  11   28   36   31   29   16    9   21   15   10   12   19   15   10   13   13   18    2    7    2   35   33   27    5   38   17   37    4   17    6   25   26   14   12   20   23   20   10    1   39   26   30   22   32    8   34   24   40    3    7  
  31    1    4   15   23   30   28   22   32    5    3   33   14   11   39   10   27   34   27   29    8   18   30   36   13   20    2   37   22   14   26   35    9   16   40   30   38   27   19   23    7   36   26    6   12   17   21   11   24   25  
  40   27   28   11    4    2   36    5    2   23   34   38   32   38   19    1    3   18   29   33   37    2   14   35   13   26    2    6    8   24   21   34   33   28   16   20   39   15   10   36    7   17    9   40   30   22   31   25   26   12  
  23   38   17   26    7   29    5   34   13   18   22   14   19   20   24   21    3   11   28   35   39   33    9   30   12   27    2   32   38   36   11   29   31   28    8   14   14   39   31   25   37    6   10   40   16   29   34    1    4   15  
  12   33   16   13    3   24    4   38   35   21   29   19   32   27   36   39   34   38    1   10   30    8    7   39   31    2   26    6   31    9    5   18    1   28   20   17   21   31   23   35   31   37   39   11   38   15   22   25   40   14  
  28   38   25   19   11    1   21   33    7   14    3    9   35   17   11   22   11    8   24    1   23   18   16   37   27   34    2   15   40    3   10   39   26   31   20    6   25   32   14   20   13   36   24    5    1   27    4   30   12   29  
  23   20   27   24   20   26    8   40   32    2   36    1   11    7   31   28   16   14   13    6   19   38   12    9   21   15   22   10   17    1    5    1   37   16   20   24   29   21   34    3   18   39   35   25   30   37   33    4    1    4  
  29   30   24   18   13    7   25   17   33    8   12   16   19   23    7   35   28   21   15    1   20   40    2   36   25   16   37    8   14    5   10   31   26    4   27   22    9   24   26    6   39   40   34   11    3   16   38   28    8   32  
  30    9   16   29   21   17   27   35   40   34    2   32   22   14   13    8   12    1   36   20   19    4   33   15    7   29   25   28    3   23    5   10   31   26   29   37   13   24   19   18   14   39   34   15   38   11    6   40   22   26  
   5   39   33   17    8   14   29   16   12    7   35   23    2   36   23   18   30   19   26    8   37    6    9   22   24    3   11   19   38   25   19   15   31   15   21   10   23   27   13    1   40    3    4   34   17   20    3   37   32   28  
   4   19   32   12   10   27   13   35   15   36   14   30   32    6   28    9   18   21   39   10   40   11    3    5   27   29    4   14   31    8   13   36   17   34   20   33    2   24   25   26   22   23    1    7   38   35   32    7   37   16  
   9    5   38   16   20   30   21   39   14   19   13   18   21    8   27   40   33    3   16   17   40   31   12   20   28    4   29   26   15    2   34   23   11   16   19   39   22    5   25   37   32   30    7   36    1   10   35   24    6   32  
  28   17    2   22   17   33   35    8   24   16   15   13    9   40   18   27   17   39   37    5   10   24   23    4   34    7   36   25   38   21    1   32   31   23   26   22   12    3   19    5   17   12   29   14   34   30   11    6   20   26  
  35   24    9   20    2   24   22   19   12    5   26    4   38   13   31   33   30   15   16   37    8   36   40   18   18   10   25   11   14   15   30    3   28   17    7   10   40   34    6   10   29    1   32   22   27   18   21   23   20   39  
   1   31   10   20   35    9    4   32   16   15   40   30    5   26   10   13   28   29    3   12   16    7   27    8   24   23   22   38   11   29   30   21   34   19   21   20   23   25   17    2   14    6   19   18   39   37   36   36    4   33  
  35   26    5   34   17   23   27    6    1   25   18   40    8   24    2   30    8    4   36   22    7   16   10   14    5   24    1   11   32   20    9    5   28   19   12   28   15   12   21   38   37   36   33   13   31   29    3   38   39   39  
   6    3   11   28   37   20   36   23    4   18   15   38   29    8   24    5   10   38    2   34   13   35   14   28    9    1   30   40    7   32    3   16   27   19    3   17   21   22   10    9   25   18   33   12   19   26   39    2    1   31  
  18   18   10   22   25   39   26   36   32   29    8    7   40   19    5   38    3   16   13    2   28   32   27   35   15   28   31    1   21    9   26   12   34   37    2   11    4   24   30   20   17    6   33   28   23    6   14    9   18   26  
   6   15   27   20   21    8   26   31   24   33    5    7   40   30   22   34   24   10    1   28   10   32   25   37   12    4    4   38    3   11   14   18   35   19   16   23   17    3   30    2   36   12    9   29   39   30    6   13   21   10  
  28   34    8   38   19   20   28   25   39   22   15   32   14   25    8   18   25    4   18   31    2   37   11   30   17   36   12   21   13   40   23   33    6   14   14   29   26    3    7   24    5   27    9   10   16   10   12   35    1   11  
  26   31    4   39   25    9   26   32    4   12   38   26    1   23   13   28   15   30   17   35   38   14    8    6    3   39   27    5   27   16    8   37   40   10   14   11   34   24   19    7   28    2   36   18   20   29   22   33   21   12  
   4   22   13   19   28    9   38   36    1   27   26   21   17    3   19    7   33   30   15   10   32    4   39   23   18   12   14   35   28   25   31   11   29   33   13   40    8   34   36    1    6   20   13    5   24   33   11   16    2   37  
  35   10    7   34    2   21   38   25   27   15   32   24   37   21    8   20   33    9   16   29   14   39   22    4   17   20    5   12   39   40   30   27    3   31   20   11    1   19   13   26   27   17   27   17   23   18   28   27    6   36  
  36   22   30   12   24    6   11   17    7   40   29   18   25   24    6   14    1    3    2   21   17   19   27   19   28   15   17   33   35   36   29   34   13   32    6   15   39   39    5   23   20   10   37    4   31   26    8    9   38   16  
  14   28   22   39    6   20   33   36   27   23   21   37   11   12   40   17   35   30   12   29   25    9   26    1   10   32   18   13   31   35   33   24    3    8   16    6    2   37    5   34    4   38    7   35   39   13   31   15    3   19  
   9    5   40   23    4   25   18   11   31   19   17   15   38   21   32   35   30   39   12    8   36    3    6   27   29   20   10   14   13   26    1   16   34   35   19   37   29   15    6   16    5    2   24    7   28   22    8   14   33    8  
  21    8   25   37   33    6   11   25   39    8   40   20   17    1   23   13    2   40   31   10   22   30   16   34   32   28    7   24   35   19    2    2   36   39   18   27   38    3   15    5   28    4   40    9   26   29    7    6   14   12  
  22   27    7    4   25   32   23   40   10   28    3   39   19   17   29    8   38   31   33   26   14    3   40   24    2   11    5   30   15   20    1   37   27    6   30   11   16    3   35   18   21   28   12   14   13   13   34   10   36    9  
  35   24   37   22    4   12   38   34   13   16   38    2    1   27   15   15    5   35   32   12    7    3   10   28   40    8    6   11   19   23   31   30   33   14   35   20   12   36   18   17   21   26   29   25    3   11   40   39   30    9  
   2   21   15   20   21   12   34   24   39    6   10   27   28    4   30   37   36   23   38   26   17    2   18   22   16    7   14    9   25   40   17    8   33   13    3   14    1   40   17   29   19   31   11   32   35   10   11    5    7   34  
   4   38   24   40    9   34   13   11   15   20   26   21   27    5   10   38   12   39   32   16   33    1   19   35   18    8   25    5   32   36   28   16    7   40    6   30   37   23    3   22   31   14   14   29    9    2   17   38   26   16  
  33   24   13   35   21   27   30    2   20   29   39   31   36   20    4   21    6   23    5   15   32   21   11   26   11   14   19   18   10    3   19   40    7    1    2    8   29   38   37   25   16    9   31   38   28   22   34   17    6   12  
  10   26   31   16    7   19   28   25   37   15   34   32   24   38    6   21   40   14   36   20    5   10   18   12   12   25    4   29    1    8    9   40   30   22   31   13   33   11   18   35    6   39    5   27   39    2    3   32   17   23  
   6   11   28   32   30   35    7   19    2   18   34   20   10   23   36   27   26   11   13   35   12   38    4    8   16   40   31   33    4   17   18   14   38   18    2   14    3    9   31   29    1   21   22   25   11    5   24   39   15   37  
   8   13   40   31    9   18    4   27    2   26    6   32   19   10   30   25   25   21   12    5   22   14   25   17   20   40    3    1   38   33   24    4   29    1   27   11   15    7   34   31   16   23   36   35   28   39   21   12   34   37  
  11   33   22   36    1    3    5   26   40    9   27    3   34   23   16   22   18    2   13   12   25   10   20   35   37    1   40   36   21   29   38   24   31   30   13    4   14    6   19   15    3   28    3   32    8   37   39   17    7   34  
  19   36   31    9    2   34   26   30   15   19   39    3   37   33   30    6   23   17    4   28   35   19   11   40   32   20   24   21   11   38    5   22   12   33   16   21   10   27   10   18   25    8    1    3   13   33   14   29   36    7  
  38    5   37   37   13   36   17   28   21   38   15   22   38    8   18    2   39    7   24   23   35    3   25   11    9   16    1   34    4   26   32   40   31   33   19   33    1    1    6   30   25   20   14   27   35   12    4    3   29   10  
  11    7    6    4   14   15   31   29   10   24   22   21    2   27   39    5    9   32   25   37   17   39   35   18   38   21   19   13   33   30   23   28   40    8   27   21   26   30    3   20   25   36    3    4   12   16   31   34    1    9  
   5   40   16   28   21   13   11   37    5   11   33   31   10   23    8   37   20    4    2   26   13   20   29    5   25    6   27   22   19    1   35   20   18   38   30   32   39    9   15   14   36   19   24    7   17   12   34    3   18   18  ] 
BUDGETS : [    2    3    8    8   12   14   14   17   17   19   20   23   23   26   27   28   29   30   36   37   43   44   48   48   60   67   67   69   70   70   71   71   80   81   82   83   83   83   83   84   84   84   87   88   89   89   89   91   91   99  101  101  105  107  107  110  110  111  113  114  114  117  118  120  122  126  127  130  134  139  141  142  144  146  147  148  149  151  152  152  153  155  156  157  161  165  165  165  170  170  172  173  174  175  175  181  189  192  192  193  ] 
