K : 50
I : 25
PREFERENCES : [    0   19   16   15    0    0    0   17   24   14    0    0   23   21    0   22   14    0    0    0   25   18    0   20    0  
   0   22    0    0    0   20    0   23    0   25   16   17   14    0    0   18    0   15    0   24    0   21   25   19    0  
   0   20    0    0    0   24   17   16    0    0   21   19   22    0    0   25   19    0    0    0   14   18    0   15   23  
   0   15   25    0    0    0   18   19    0    0    0    0   20    0   22   21    0   14    0   24   19   17   16    0   23  
   0   15    0    0    0   21   23    0   22    0   14    0   25    0   19    0   18   16    0   24   24    0   20   17    0  
  17   22   14    0   21    0    0   24    0   18    0    0    0    0   15    0   23   19    0   16   20    0   14    0   25  
  24   17    0    0   14   23   20    0    0   25   17    0    0   22    0    0    0   15    0    0   16   18    0   21   19  
  24    0    0    0   14   14   21   18    0   16   22   19    0    0    0    0   25    0   20    0   23   15    0   17    0  
   0    0   15   14   19   20   17    0    0    0   16   18    0    0   23   22    0   25   24    0    0   23    0    0   21  
  22   15   17    0   25   14   18    0    0    0    0   19   20   21   23    0   24   18   16    0    0    0    0    0    0  
   0   23    0   18   16    0   14   20    0   21    0   22   17    0    0    0   14   24    0   15    0   25    0   19    0  
   0   18   18   24    0    0   21    0    0   20    0   23   17   16    0    0    0    0   19    0   22   14   25    0   15  
  22   25   20   18    0    0   15    0   17    0   23   19    0    0    0   21   16   14    0    0    0    0    0   24   23  
   0   24    0    0    0   16    0   15    0   21   14   22    0    0   18    0    0   20   23    0    0   25   19   17   15  
   0   21   23    0    0    0    0   14    0    0   19   15   17   25    0    0   16   22   23    0   18    0   24   20    0  
   0   19   22    0   23   20    0    0    0   16    0   17    0    0   21   25   24   14   18    0    0    0    0   15   14  
   0   17    0   18   20   14    0   23    0    0    0    0    0   15   25   16   24   21   20    0    0   22    0    0   19  
  25   24   17    0    0   20    0    0   22   18    0    0   19    0   21    0    0    0   15   18   16    0    0   23   14  
  16    0    0   18   21   25    0   20   17   23    0    0    0    0    0    0   14   22   24    0   24    0    0   15   19  
  22    0    0   23   17   25   15   20    0    0    0    0   14    0   24    0    0    0   20   21   19    0    0   16   18  
   0   19    0   20    0   25   16    0    0   16   17    0   14    0    0   22    0   24   15   21    0   23    0   18    0  
  22   21    0    0    0    0    0   16    0    0   15   25    0   24   18    0   19    0    0   18   17    0   23   20   14  
  15   22    0    0    0    0   24    0   22   25    0   18   17    0   20    0    0    0   16   23    0    0   21   14   19  
  22    0    0    0   14   19   21    0   18    0   15    0    0   20   25    0   25   24   17    0    0    0   23    0   16  
   0    0    0   15    0    0   18   19    0   23   20   24   17   16    0   21    0   25   14    0   22    0    0    0   25  
  25   23   22   15    0   19   20   17   24    0   18    0    0   14    0   16   20    0    0    0    0   21    0    0    0  
  19    0   23    0    0    0   16   20    0    0    0   21    0    0   24   14   16    0    0   18   22   17   15    0   25  
   0   15   21    0   14   20   15    0    0    0    0   17   22   19   18    0   25    0   23    0    0   16    0    0   24  
   0   19   24    0    0   21   25   20    0    0   23    0    0   15    0   14   22    0    0    0   17   18   16   18    0  
  23    0   25   15    0    0    0   16    0   18    0    0   17    0   21    0    0    0   14   20   23   22   24   19    0  
  20    0   19    0   21    0   15    0    0   14    0    0   22   17    0   16    0    0   23   25    0   24    0   14   18  
  25    0    0   17    0   19    0   21    0    0    0    0   21    0   15   24    0   16   14   20   23    0    0   18   22  
  23    0    0   21   20   25    0   16   24    0    0    0    0    0   18   22   17    0    0   19   15    0   14    0   18  
   0    0   23    0    0    0   14   20   22   19    0   15    0    0    0   17    0   18   16   25   21    0   25   24    0  
   0    0    0   15    0   14   19   25   17    0   20   22    0   18   16    0    0    0    0   24    0    0   21   24   23  
  19    0   17   23   21   18    0    0    0    0   16   17   25    0    0   15   20    0   24   22    0    0    0   14    0  
  21   22   16    0    0   17    0    0    0   24    0   15   25   18    0   19    0   14    0   18    0   23    0    0   20  
   0   17    0   19    0   15    0   20    0   23   16    0   20   24   25    0    0   14   18    0   22   21    0    0    0  
  23   16    0   24   19   17    0   18   25    0    0    0    0   22    0   14    0   20   19    0   15    0    0   21    0  
  24   20    0    0   15    0    0    0    0    0    0   19   17   22   16    0   18    0    0   23   25    0   21   21   14  
  24   17   22   15    0    0    0   23    0    0    0   23    0   19   20    0   18   25    0    0   14   21    0   16    0  
   0   24   22   17    0    0    0    0    0   20   15    0   25   23   16    0   21   18   19   18   14    0    0    0    0  
   0   15   18   17   16   14   22    0   23    0   19   15    0    0   20   21    0    0    0    0   25   24    0    0    0  
   0   20    0   16    0   20   18   14   17   25   22    0   19    0    0    0    0    0    0    0   15   23   24    0   21  
   0   16    0   23   25   14   21    0   19    0   15    0    0    0    0    0   18    0   15   22   17   24   20    0    0  
  19   23   18   17   18   22   15    0    0    0   16    0    0   21   20   25    0    0    0   14   24    0    0    0    0  
   0   22   21    0   23   14   18    0   14    0    0   17    0    0   24   16    0    0    0    0   20   19    0   25   15  
   0   15   19   25   20    0    0    0   16    0    0    0   19   24   23    0    0    0   14   21   22    0   17    0   18  
   0    0    0   21    0   19   16    0    0   24   16   25    0    0    0   23    0    0   15   18   22   20   14   17    0  
  15   24   19   21    0   18    0   17    0    0   20   16    0   24    0   25   23   22    0    0    0    0   14    0    0  ] 
BUDGETS : [    1    2    5    7    9   10   13   15   15   15   17   21   24   26   27   28   29   36   36   37   39   39   43   45   46   51   53   53   54   54   62   63   66   68   69   70   73   74   76   76   76   78   81   82   86   88   92   94   98   99  ] 
