K : 50
I : 50
PREFERENCES : [   37   10    6   25   20   19   27   12    2   38   27    8   22   33   29   16    7   26    9   27    1   21   37   37   11   15    1   31   40   30   17   28   35   14   23   34    3    9   18   39   32    4    1    1   25   24   10   13   36    5  
  22    8    6   23   16   15   35   28   31   30   39   20   33   37   33   12   40   26    7   13   18   38    9   21   12   26    2   29   40    1   17   11    4   36   38    5   35   31   34   14   10   39   19   24   27    3   25   27   14   32  
  20   13   26   30   27    5    5   27   37   35   12   19   27   17   21   32    4   16   31    8   17   24   15   21   40    1   39   21   36   33   14   18   23   29   22   38    7   28   16   25   10    9    6   26    2   21   11   12    3   34  
  33   31    9   35   29   12   37   25   12   16   39    1   26   23   36   27    8   32   17   18   12   38   33    4   19   11   38   21    7    2    6   25    5   23   40   15   14   24   34    3   17   32   10   28   40   20   13   30   12   22  
  12    3   35   31   33    6   21   17   25   20    1   23   36   26   28   24   26   19   13   12    4   25   15   14   30   16   18   10   32   38    8   34   39   11   22    5   37   29   27    4    2   28   12    9    7   19   19   19   21   40  
  16   11   37   14   27   36   40   25    1   12   17   22   32   40   36   13   16   10    2   26   39   20   33   29   23   18   28   13   34   22    7    5   30   21   15   24    9    3   35   27    8   12    7    6   31    4   29   19   33   38  
  25   25    8   39   17    1   11   38   27   36   28   40   13    7    3   23   26   22   31   20   14    5   40   19    2   21   29   34   32    6   10   37    6   12   26   25   16   30   35   28   15   18   36    9   12   24   24    4   33   21  
   5   35   14   35   12   14   36   37    7   19   22   16   22   34   11   31   26   17   27    1    3   20   33    2   13   24    4   39   40   25   29   15   22   10    6   21   32    9    9   38   23   28   35   21   30   18   14   33    8   35  
  29    4   11   34   16   18   34    1    3   25   13    6   14   17   28   37    9   24   15   22   32    2    5   27   12   23    5    7   20   21   31    9   38   40   35    8   33   15   36    8    9   30   26   20   10   31   39   17   38   19  
  26   12   10   24   37   18   10   30   22   33    4   17   13   35   19    6   21    1    2   25    3   36   11   14   31   34   38   17    4   39   29   16   29    5   23    8   32   15   27   40   39    3   28   33   40   37   20    7    9   35  
  39   11   17    2    6   32   11   22   28    9   25    8   35   34   36   16   10    5   16   13    7   40    3   26   23   20   23    1   28   29   14   30   19    6   33   31   18   38   27    4   37   21   24   15    5   33   26   17   26   12  
  39   21   14   13   11    5   10   25    1   35   25   17   33   28   16   20   12   19   17   37   24   15    5    9   27   40   38   30    9   18   40   26    6    2   32    9   22    4    3   40   15   36   29   31   23   34    8   21    7   20  
  35    8    3   22   23    9   33    8    6    5   37   40    4   31   16   25   32   34   38   12   15    3   23   30   39   10   13   14   11    5   24   36    4   22   24   17   19   26    2   20   29   21   18   31   27   28   24    7    1   19  
  32    6   11   37   38   10   28   33   15    2   31   14    3    7   36   19    1   20   33   22   13   29   40    9   18    8   10   21   12   25   21   31   10    4   21   30   21   23   16   17   35   26    5   30   39   34   27   18   24   28  
  10   28   30   11   31   33   34    9   29   26   24    3    4   39    8   13    2   37    8    3    7   38   19   21   15    3    1    5   25   21   20    8   28   18   15    6   35   36    8   17   32   36   14   40   23   16   22   27   12   11  
  14   20    2   33   12   12   10   25   32   27    3   19   31    7   35    1   29   36   13   30    8   28   39    6   11   34    9   23   24   18    5   37   27   26   22   21    9   40   39   36    4    7   31   15    1   17   38    6   16   27  
   2   39   20   31   18   38   30   37   20    8    8    1   17   23   12   40    3   35    4   11   23    3    7   14   13   15    5   10   32   34   24   11   18   36   29   19   26   21   22    9   14    6   16   27   26   29   33   10   25   28  
  11   16   28   37   17   13    6   19   19   30   21   27   40    7   20   18   39   25   10   31   34   35    2   36   24    5    1   32   12    8    2   22   14   23    7   39   33   29   29    3   38   21    4   15   33   22   26    9   40   28  
  29   18   31   38   39   11    9   35   35   13   26    7   37    4   28    1   29   25   34   40    8   19    6   20    5   30    3   27    5    5   10   10   16   12   31    3   14   21   33   24    8   13   23   15   32   36    2   22    3   17  
  17   28   10   25    2    8   30   24    3   31   22   12   18   19   29   36   38   13   23   33   36   40    4   12   20   21   22    3    6    9    5   26    8    8   34   27   33   15   11    9   35   22    1   16   14   39   37    3    7   32  
  29    3   40   39   37   35   21    7    4   36   11    9   30   24   26   13   19    2   38   27    9    3   15   19   23    6   20   22    1    8   18    9   27   16   14   22    1    5   10   14   31   32   28   25   33   26   34   17   12   11  
  40    6    3    6   29   37   17   38   26    9   10   23   31   32   28   13   18   23   26    8   15   27   35    5   20    4   33   11   36    6   28   24   39    7    2   23   22   25   12   31   16   14   30   18    1   25    4   19   34   21  
  23   40   21   16   10   30   25    3    9   12    1   17   20   33   28    4   30   23   14   29   35   24   34    9    1   37   25    7   27   11    3   32   31   18   13   19   15   36    2   26    6   23   22   30   38    5   10    8   23   39  
  37   22   34   15   24    5   38   25   21    6   35   20   28    2   33   17    9    3   18    1   29   23    4   27    5   31   16    9   12   38   13   38   40   10    1   19   26   11   24   32    7   14   30    8   39   36   22    7   38   38  
  34    7   18   28   24   17   22    1   36   31   12   27   32    5   33   39   11   19   25   33   10   14    3    8   13   35   15   29    1   20   36   38   16    3    6   26   21   23    3   17   40   21    4    2   30   13   23   37    5    9  
  33   24   27    1    9   15   22   19   17   25   10   35   22   31   21   20   26   20   31   19   25   34   38   28    7   14   18   37    3   36   13    4   16    2    5   30   27   32    8   29   19   39   39   12   40   11   16    7    6   23  
  30   39   13   23   35   12    6   30   20   25    8   10   17   40   15    1   37   34   22    4   20   18    3    5   24   27   32   11   32   14    1    8   26   28    7   36   29   39   19   33   31    9    1   37    2   16   19   38    4   21  
  24    4   22   32   14   34   35   13   22    4    5   11   21   38    4   10   18   23   33   17   37    2   27   26    8   36   26    6   20   23   15   30   40   23   19    9   12   25   40   14    7   17   39    3   16   29   31   34    1   28  
   3   40   10   30    6   20   26   15   32    1   38   18   19   22   12   28   27   16    4   36   13   11    5   31    9    4   25    8   17   39    5    2   34   12    5    9   23   35    1   37   14   35   29   23    9   21    7   33   24   33  
  35   26   29   36    7   12   25   21   16   19   17   23   36   20    2   10   13   26   37    8   27   24   39   31    1   18   14   22    1   32   34   39   40   15   33    8   31   35    9    5    6   34   38   28    4   30   25   11   14    3  
   1   33   37   27   39   17   36   33    7    6   36   15   26    9    3   35   36   25   34   32   34    8    2   11   12   16   31   20   30    1   24   28    5   13    9   18   39   16    4   10   19   38   22   23   40   15   40   21   14   29  
  29    4   29   15   37    3   23    1   27    6   10   18   24   39   21   12   11   16   17    2   25   24    7   13    5   34    4   20   19   24   33    9   32   24   20   35   30   28   18    8   36   35   16   22   31   38   40   26   20   14  
  19   34   38    3   39   26   15   10   30    5   16   40   11   35    6   21   14   29   31   15    4   28   12   24    8   18   26   19   37   23    4   22   13   38    9   16   27   20    2   32   17    7   33   22   23    1   39   25   36   21  
  10   36   29   33   40   27   14   22   32   30    8   26   26    5   12   24   37   35   13   23   17   27    6    3    1   38    9   16   39   24    3   18   25    9    5   31    7   20   34   21   24   15   11    2   27    1    4   18   28   19  
  33    6   28   39   12   22    3   15   38    2   36   16   19   25   22   17   40   21   25   33   10   24   16   18   11   37   20   10   33    5   34   29   35    8   13   31   21   26   37    1   21   23   30   27    4   40    9   14    7   32  
  21   32   26   10   19    5    6   18   34   34   32   14   36   29   39   40   37   11   33   30    8   38   35    7   13   27   20   22   16   29   29    4   22   17    9    2   24   12    1   15   23   39    3   36   25   12    3   31    1   28  
  12   20   11    1   13   28    5    8   18   38   15   16   34   19   14    3    2   21   26   35   40   10    9   30   37    6   22   17   14   25   23    8   31   32   29   14    9    7   36   33   24   13    7   27    7   39   12   40    4   13  
  25   10   18   11   33   35    3   28   17   40    4   28   19   37    6   34    2   15   14   23   32   28    1    8   22   36   31   27   14   23    5   13    9   39   26   30   20    1   12   24   35    7   18   14   38   24   29   16   21   12  
   5   31    6   18   33   23   13   28   15   11    2   26   10   28   25   17    1   22   12   37   10   19   14   40    7   22   15   32   20   17   21    4    9   37   24   38   36    8   35   18   17   27   20   34   29   30   16   24   39    3  
  36   19   40   10   16    4    1   20    8   15   39   32   26   17   37    7   35   29    7   24   13   14   22   21   18   33   12    5   35   31   31    9   29   11   12   25   28   23   16    2   34   27   31   30   16    3   40   38    6   23  
  13   33   37   38    2   20   35    5   36   14   18   37    2   34    7   23   27   40   28    1   11   21   19    4   17   39   22   30   10   16    2   24    8    1   15   31   26   37    6   12   38    7   32   34    3    9   25    7   29   14  
   1   17   29   34   21   33   39    7   14   36   27    8   29    8   35   27   18   39   16    3   30   25   32    1   10    9   13   28   40   36   37   23   26   19   38   24   15   11    4   12   19    2   26   22    5   26   20    6   31   27  
  26   24   28    8   26   18   25   34   24    7   38   22   27   37   11   15    4    4   21   10   35   14    5    3    5   34   17    1    7   36   38   34   19   20    9   23   37   30   31   39   13    6   12   10   29   16   40   32   33    2  
  35    2   18    5   14    6   31   30   21   12   27   16   40   29   16   22   15   28   24   10   40   17   23   39   33   18   37   37    6   11   22    9   38   37    7   32   15   31    4    1   36   26   20   34    3   25   28   13   19    8  
  33   22    7   18   25   36   16   27    5   17   23   37   38   31   10   11   19   29   24   23   14   30   39   28    2    6    6    3   13   20    6   29   12   35   30   40    8   39   32   26   15   37   37   21    8    9    9    1    4   34  
  25    4    7   10   32   21   18   13   36   12   39   11   30   20   32   38   33   27   40   35    5   23   19    8   26   26    9    3   15   31    7   21    1    6   10   32   37   24   17   14   29   28   34   15   16   10   22   28   18    2  
  26    1   10   27   40   24    2   37   19   35   10   31   23   21   30   25   33   20   17   14    8   19   11    3    6   18   13    9    5   28   19   36    4   39   38   16   35   12   19   29   34    7   13   22   32    5    1    5   15    1  
  27   27   21    3   37    6    8   18   22   11   36   12   40   10   26    1   35   28   29    8   38   33   35   17    4   13   14   13   20   37   15   24   37    9   31    2   16   34    7   32   25   15   30   23   39   19   11    5   15   11  
  38   20   30   12   39   30   25   34   31    8   35   18   32   23   19   29   14   33   28   12   29   26   37    8    6   36   10    4   28    1   11   28   12   27    5   15   32    7   21    2   17   13    3   38    9   40   24   16   22   27  
  19   36   26   39    3    7   12   15   27   33    8    6   22    4   17   29   14   25    8   16   10   28    7   32   38   31   33   25   11    2   36    9   15   13   18   19   35   37   21    1   23   30    2    5   40   20   17   10   24   34  ] 
BUDGETS : [   12   14   18   20   20   23   25   29   31   32   34   35   42   42   44   45   48   49   55   57   59   60   60   61   61   62   65   68   71   71   72   72   75   77   78   83   85   86   87   89   91   91   92   92   94   95   96   96   97  100  ] 
