K : 50
I : 25
PREFERENCES : [    0   22   20   19    0    0    0   21   24   18    0    0   24   23    0   23   18    0    0    0   25   22    0   23    0  
   0   22    0    0    0   20    0   22    0   24   19   19   18    0    0   20    0   19    0   23    0   21   25   20    0  
   0   23    0    0    0   24   20   20    0    0   23   21   23    0    0   25   22    0    0    0   18   20    0   19   23  
   0   19   25    0    0    0   21   22    0    0    0    0   23    0   23   23    0   18    0   25   22   21   20    0   24  
   0   18    0    0    0   22   24    0   23    0   18    0   25    0   20    0   20   18    0   25   25    0   21   19    0  
  19   22   18    0   22    0    0   24    0   19    0    0    0    0   18    0   23   20    0   18   21    0   18    0   25  
  25   19    0    0   18   24   21    0    0   25   19    0    0   23    0    0    0   18    0    0   19   20    0   22   21  
  24    0    0    0   19   18   22   20    0   19   23   21    0    0    0    0   25    0   22    0   24   19    0   19    0  
   0    0   19   18   22   23   21    0    0    0   20   22    0    0   24   23    0   25   24    0    0   23    0    0   23  
  24   18   19    0   25   18   20    0    0    0    0   21   22   23   24    0   24   21   18    0    0    0    0    0    0  
   0   24    0   20   19    0   18   21    0   22    0   23   19    0    0    0   18   25    0   18    0   25    0   20    0  
   0   21   21   25    0    0   23    0    0   22    0   24   21   20    0    0    0    0   22    0   23   18   25    0   19  
  22   25   20   19    0    0   18    0   18    0   23   20    0    0    0   21   18   18    0    0    0    0    0   24   23  
   0   24    0    0    0   20    0   19    0   23   18   23    0    0   21    0    0   22   24    0    0   25   22   21   19  
   0   22   24    0    0    0    0   18    0    0   22   19   21   25    0    0   20   23   25    0   22    0   25   22    0  
   0   23   24    0   24   24    0    0    0   20    0   21    0    0   24   25   24   18   22    0    0    0    0   20   19  
   0   20    0   21   22   18    0   23    0    0    0    0    0   18   25   19   24   22   22    0    0   22    0    0   22  
  25   24   20    0    0   21    0    0   23   20    0    0   21    0   22    0    0    0   18   20   19    0    0   23   18  
  18    0    0   20   22   25    0   21   19   23    0    0    0    0    0    0   18   22   24    0   24    0    0   18   20  
  22    0    0   23   20   25   19   21    0    0    0    0   18    0   24    0    0    0   21   21   21    0    0   19   20  
   0   21    0   22    0   25   20    0    0   20   20    0   18    0    0   24    0   25   19   23    0   24    0   21    0  
  23   22    0    0    0    0    0   19    0    0   18   25    0   24   20    0   21    0    0   19   19    0   24   21   18  
  18   22    0    0    0    0   24    0   23   25    0   19   19    0   21    0    0    0   18   24    0    0   22   18   20  
  23    0    0    0   18   21   22    0   21    0   19    0    0   22   24    0   25   24   20    0    0    0   23    0   19  
   0    0    0   19    0    0   20   21    0   24   21   24   19   19    0   22    0   24   18    0   23    0    0    0   25  
  25   23   23   19    0   21   22   21   24    0   21    0    0   18    0   20   22    0    0    0    0   22    0    0    0  
  23    0   25    0    0    0   21   23    0    0    0   23    0    0   25   18   20    0    0   23   24   22   19    0   25  
   0   19   23    0   18   23   20    0    0    0    0   21   24   22   21    0   25    0   24    0    0   20    0    0   25  
   0   23   25    0    0   23   25   23    0    0   24    0    0   18    0   18   24    0    0    0   20   21   19   22    0  
  23    0   25   19    0    0    0   20    0   21    0    0   21    0   22    0    0    0   18   22   24   23   25   22    0  
  20    0   20    0   21    0   19    0    0   18    0    0   22   19    0   19    0    0   23   25    0   24    0   18   20  
  25    0    0   20    0   21    0   22    0    0    0    0   22    0   19   25    0   19   18   21   24    0    0   20   23  
  24    0    0   24   23   25    0   19   24    0    0    0    0    0   20   24   19    0    0   22   18    0   18    0   21  
   0    0   23    0    0    0   18   21   22   21    0   19    0    0    0   20    0   21   20   24   21    0   25   24    0  
   0    0    0   19    0   18   21   25   20    0   22   23    0   21   20    0    0    0    0   23    0    0   22   24   23  
  21    0   21   23   22   21    0    0    0    0   20   21   25    0    0   19   22    0   24   23    0    0    0   18    0  
  24   24   20    0    0   21    0    0    0   24    0   19   25   22    0   23    0   18    0   22    0   24    0    0   24  
   0   20    0   22    0   19    0   22    0   24   19    0   22   25   25    0    0   18   21    0   23   23    0    0    0  
  25   19    0   25   22   20    0   21   25    0    0    0    0   25    0   18    0   24   23    0   19    0    0   25    0  
  24   20    0    0   18    0    0    0    0    0    0   19   18   23   18    0   19    0    0   24   25    0   21   22   18  
  25   19   24   19    0    0    0   24    0    0    0   24    0   21   22    0   20   25    0    0   18   23    0   19    0  
   0   24   22   19    0    0    0    0    0   20   18    0   25   23   18    0   21   19   19   19   18    0    0    0    0  
   0   19   22   21   20   18   23    0   24    0   22   20    0    0   22   23    0    0    0    0   25   25    0    0    0  
   0   22    0   19    0   22   21   18   20   25   23    0   21    0    0    0    0    0    0    0   19   23   24    0   23  
   0   19    0   24   25   18   22    0   20    0   18    0    0    0    0    0   19    0   19   23   19   24   21    0    0  
  21   24   20   20   21   23   19    0    0    0   20    0    0   22   22   25    0    0    0   18   24    0    0    0    0  
   0   23   23    0   23   19   21    0   18    0    0   20    0    0   24   19    0    0    0    0   23   22    0   25   19  
   0   19   22   25   22    0    0    0   19    0    0    0   21   24   23    0    0    0   18   23   23    0   20    0   21  
   0    0    0   22    0   22   21    0    0   24   20   25    0    0    0   24    0    0   19   21   23   22   18   21    0  
  18   24   20   22    0   19    0   19    0    0   21   18    0   23    0   25   23   22    0    0    0    0   18    0    0  ] 
BUDGETS : [    1    2    5    7    9   10   13   15   15   15   17   21   24   26   27   28   29   36   36   37   39   39   43   45   46   51   53   53   54   54   62   63   66   68   69   70   73   74   76   76   76   78   81   82   86   88   92   94   98   99  ] 
