K : 150
I : 15
PREFERENCES : [   14    0   10   15    0   13    0   15    0    0   11    0    0   10   12  
  12   15    0    0   10   14    0    0   13   11   14    0   10    0    0  
   0   13    0    0    0   14   15    0   12   12   11    0    0   10   12  
   0   14   13    0    0   10   12    0   14   15    0    0   11   13    0  
  15    0   14    0   10   13   11    0   15   14    0   12    0    0    0  
   0   13   15   15   14    0   13    0    0    0    0   10    0   11   12  
  14   10   12   15   11    0    0    0    0   15   13    0   15    0    0  
   0   14    0   15   10   15   11    0    0    0   13   12   15    0    0  
   0    0   12   12    0   10    0    0    0   11   13   15   14   11    0  
  12   11   10   15    0    0    0    0   10    0    0    0   14   10   13  
   0   15    0    0   10    0   12   15    0   15    0   13    0   14   11  
  14   13    0   10    0    0   14    0   10    0   11    0   15    0   12  
  13   10    0    0    0   14    0   12   11   13   14   15    0    0    0  
  15   13   10    0    0    0    0   12   13    0   10    0   11    0   14  
  12    0   14    0    0    0   10   13   11   10    0    0   12    0   15  
   0   14    0   15    0   12    0   10    0   13    0   10    0   13   11  
   0   15   14    0   10   12    0   10    0   15    0   11    0   13    0  
  13    0   12   14    0    0   10   11   13    0    0   15    0   15    0  
   0   13   12    0    0   10    0   15   12    0   14   11   13    0    0  
  14   14   14   13   11   15    0    0    0    0    0   10    0    0   12  
  15    0   10    0    0    0   12   13   14   11    0    0    0   10   10  
  13   13    0    0    0   15   10    0   13   14    0   11    0    0   12  
   0    0   11   12   11    0   15   10   11   14    0   13    0    0    0  
  14    0   11   10   12    0    0    0    0    0   13    0   15   11   11  
   0    0   13   12    0    0   12   11   10   12    0    0   14   15    0  
  10    0   10    0   10    0   11    0   14   15    0    0    0   13   12  
   0    0    0    0   10   14   15   11    0   12   13    0   12    0   15  
  13    0   10    0    0   10    0    0   12   12    0    0   15   14   11  
  10   15    0    0    0   12   15    0    0   13    0   14   11    0   15  
   0   12   15    0   11   14    0   13   12   14    0    0   10    0    0  
  12    0    0   14   13    0   11   13    0    0   10    0   15    0   14  
  14   15   12   12    0    0   11    0    0    0    0    0   10   13   12  
   0   12    0   10    0    0    0   10   15   11   15    0    0   13   14  
   0   11    0   13   12    0    0    0   15   15    0   12    0   10   14  
   0   12    0    0    0    0   11   10   15   13    0   10   14    0   14  
  15   11    0    0    0   13   14   15   12    0    0   10    0   13    0  
  13    0    0   14    0    0    0   10   11   15    0   15   12    0   15  
   0    0    0   10    0   12   12   11    0   14    0   15    0   13   12  
  10    0   15    0   11    0    0   14    0   12    0    0   13   13   14  
   0    0   12    0   15    0   10   13   11   14    0    0   10   11    0  
  13   11    0    0   12    0    0   10    0   15   11   14    0    0   11  
   0    0    0   14   11   10   13    0   11    0    0    0   15   12   14  
  10   14    0    0    0    0   11   13   10    0   15   15    0    0   12  
   0   10   13   12   15    0    0    0   12   11   14    0    0    0   11  
  12    0    0    0    0   12   14    0   10   13    0   11   13    0   15  
  11   13    0    0   15    0   11    0    0   11    0   14   12    0   10  
   0    0   11    0    0    0   10    0   13   15   15   14    0   12   14  
  13    0    0   11   11    0   14    0   12    0    0   15   11   10    0  
   0    0   11    0   14   12   15    0    0   13   10   12    0    0   13  
   0    0    0   14   15    0    0    0   10   12   13   13   11   10    0  
  13    0   12    0   14   15   12   14    0    0    0   11    0   10    0  
  12    0    0    0    0   11    0   10   14   11    0   15   12    0   13  
   0   13   13   15   12   15    0   11    0    0   10    0    0   14    0  
  13   11    0    0    0    0   12   12   15    0    0    0   10   14   13  
  12   15    0    0    0   14    0   10   13   10   11    0    0   11    0  
  11    0    0    0   14   15   13   12   12    0   10    0    0   15    0  
   0    0    0   11   13    0   10   11    0   14   14    0   12   15    0  
  12    0    0   14   10   15   11    0    0    0    0    0   12   12   13  
   0   13   15    0   14   12   14   11   10   12    0    0    0    0    0  
  12   12   13   11   14    0   13    0   15    0    0   10    0    0    0  
   0   10    0    0    0   12   14    0    0   11   15   15   13    0   15  
  15    0   13   12    0    0   14    0    0   11    0    0   14   10   14  
   0    0   15   12   10    0    0   14   13   11    0   15    0   11    0  
   0    0   15   10   13   14   13   12    0   12    0   11    0    0    0  
  15    0   11    0   11   12    0    0   10    0   10    0   13    0   14  
  12   10   11   15   14    0    0    0    0   11    0    0   13    0   13  
  12   11    0   10   10    0   15    0   13    0    0    0   14    0   12  
  11   10    0    0    0    0    0   15   14   12   12   13    0    0   10  
  12   12    0    0    0   13   11   14    0    0   15   14    0   10    0  
  12   10    0    0   15    0   11    0    0    0   14    0   13   13   10  
   0   11    0   13   10    0   14   15   12    0    0   10   14    0    0  
  12   11   10    0    0   15    0    0   14   10   13   13    0    0    0  
  11   12    0   10   13    0    0    0    0   15   14    0   15   13    0  
  14   10   13    0    0   12   11    0   15    0    0   13    0   10    0  
  15   12   10   11    0    0   13   14    0   10    0    0   11    0    0  
   0   10   11   14   12    0    0    0   15   15   12    0    0   13    0  
  15   13    0    0   12    0   12   13   14    0   10    0    0    0   11  
  14    0    0   12   12    0   10   15    0    0    0   12   11   13    0  
  14    0    0    0    0   11    0   15   10    0   10   13   12   10    0  
   0    0   10   12    0   13   11   15   14    0    0   15    0    0   12  
   0   13    0    0   11   10   15    0   12    0   12    0   10    0   14  
   0    0   12    0   15    0   13   15   10   10    0   14    0    0   11  
  11    0   12    0   10    0   10   14   13    0   15    0    0    0   15  
  12   15    0    0    0    0   10   11   15    0   13    0   14   10    0  
  13   12    0   11   14   11   14   10    0    0    0    0    0   15    0  
  15   13    0    0    0   15    0   10   15    0   14    0   12   11    0  
   0    0    0    0   10   13   11    0    0    0   14   13   12   15   10  
  10    0   10    0    0    0   14   15   13   11   12    0    0    0   15  
  11   15   13    0    0   14   10   14    0    0   12   11    0    0    0  
  10    0    0   12    0   12   11    0    0   13   15   14    0    0   15  
  12    0   13    0   10    0    0   10   15   12   11   14    0    0    0  
   0   12   13   12    0    0   14   10    0    0   15   12   11    0    0  
  13    0   14    0   10    0   10   15   12   12    0    0    0   11    0  
   0    0   13   15   10   13   14   11    0   12    0    0   10    0    0  
  12   15   10    0   10   10    0    0    0   11    0   13    0    0   14  
  11    0   10    0   14   13    0   13    0    0    0    0   12   15   14  
  15    0   11   11    0    0    0    0   11   12   13    0   14   10    0  
  11    0   15   12   10    0   10    0    0   13    0    0   14   15    0  
  15    0    0   12   13    0    0    0    0   10   12   12    0   14   11  
   0   12   10   10    0    0   11    0    0   15   14   13   12    0    0  
   0   14   15    0   10    0   15   15    0    0   12    0    0   13   11  
   0    0   13   15    0   15    0    0   10   14   15    0    0   12   11  
   0   10    0    0   14    0   12    0    0   13   11    0   10   15   15  
  15    0   12   14   11    0   13   10   11    0    0   12    0    0    0  
  15   15   11    0   10   12   13    0    0    0    0   11    0    0   14  
   0   12   15    0    0   15   14    0    0   13   11    0   10   12    0  
  13   12   10    0    0    0   14   10    0    0    0   14    0   11   15  
  11   12    0    0    0   13   12   15   12   10    0    0    0    0   14  
   0   15   13    0    0    0   14   15    0   10    0   11   12    0   13  
  15   11   11    0   14    0   10    0    0   12    0   13    0   10    0  
  14    0    0   15   11   13    0   12    0   13   10    0   11    0    0  
  12   10    0   13   14   11    0    0   15    0   11   11    0    0    0  
   0    0   14   12    0   11   10    0    0   11    0    0   13   15   10  
  13    0   14    0    0   10    0    0   15   11    0   11    0   12   11  
   0   14    0   15   15   10    0   12   13    0    0    0   13   11    0  
   0   12    0    0   11    0    0    0   13    0   13   10   14   14   15  
   0    0    0   13   15   11   12   10    0    0    0    0   11   14   12  
  11   15    0    0   13   14   13    0   12   15    0    0    0   10    0  
  11    0   10    0   12   15   14    0   10    0    0   10   13    0    0  
   0    0   15   14   10    0   12   11   10    0   13   10    0    0    0  
   0    0   15   14   12    0   10   13   14    0    0   11   13    0    0  
   0    0   15    0   13    0    0   10   14   13    0   12   10   11    0  
   0    0    0   13   13    0    0   15    0    0   12   10   11   13   14  
  15   10   15   14    0   15   11    0   13    0    0    0   12    0    0  
  13    0   12    0   14    0    0   15   13   10   12    0   11    0    0  
   0   13    0   11    0   13    0   10    0   13    0   14   12   15    0  
  12    0    0   14   15    0    0   11   13   15   10    0    0    0   12  
  10    0   12    0    0   14   15    0   11    0   13   13    0   13    0  
   0   11   14   10   14   12    0    0    0    0   15   15    0   13    0  
   0   12    0    0   14    0    0    0   11   15   12   13   14    0   10  
  12    0    0    0   11   10   14    0    0    0   13   14   14    0   15  
  13   11    0   15    0    0   12   13    0    0   14    0   13    0   10  
  12    0    0    0   15   12   12   13   14    0    0   10   11    0    0  
  14   10   11    0    0   11   12    0   15   11    0   13    0    0    0  
  15   15    0    0   12    0    0   10    0   14   11    0   12   13    0  
   0   11   12   14   15    0    0   12    0   12   13    0    0   10    0  
  11    0   12   10    0    0   13   14    0   10    0   11   15    0    0  
  11    0    0   11    0   13   12   15   10   11    0    0    0   14    0  
  15   10    0   11   12   13    0    0    0    0    0   14   11    0   13  
  11    0   10   15   15   12    0    0    0   12   14    0    0   13    0  
   0   13    0   12    0    0   15   15   11    0    0   10    0   14   15  
  13   11    0    0   10    0    0    0   12   10    0   15   12   14    0  
  15   10   11    0    0   12    0   13    0   15    0   13    0    0   14  
  11    0   10   10    0   10    0   14   12   15    0    0   13    0    0  
   0    0    0    0   10    0   15   13   12    0    0   11   10   14   10  
  10   14    0    0    0    0   15   12    0   10   13    0   11   14    0  
   0    0   12    0   14   15   10   13   11    0    0    0   10    0   15  
  11   14   10    0   13    0   12   13    0    0    0   15    0   13    0  
  10   12    0   13    0   11   15    0    0    0   15    0    0   14   12  
   0   12    0   14   13   14    0   15   15    0   10   11    0    0    0  ] 
BUDGETS : [    5    9   10   16   20   21   23   24   27   29   31   33   35   36   39   39   39   46   53   55   57   59   63   68   72   76   78   80   81   83   85   86   86   92   92   92   95   97   97   99  104  106  108  108  109  110  115  118  120  123  124  128  129  131  132  132  135  137  140  141  146  147  148  150  152  154  155  159  160  162  163  166  168  169  172  172  184  186  187  187  188  188  191  193  194  195  200  203  205  205  205  210  211  216  216  217  218  218  219  219  219  221  223  223  225  226  229  230  232  234  235  236  238  239  243  245  248  250  252  252  257  259  261  264  266  270  271  273  274  275  277  279  279  279  279  285  286  286  286  290  290  291  292  292  295  296  298  298  300  300  ] 
