K : 100
I : 100
PREFERENCES : [    0    0    0    0    0   85    0   92    0    0    0    0    0   90   89    0    0    0    0    0    0    0    0    0    0    0    0    0   91    0   97   85    0    0   98   86    0    0    0    0    0    0    0    0    0    0    0   87    0    0    0    0   94    0   96    0    0    0   88    0    0    0    0   99    0  100    0    0   84    0    0    0    0   95    0    0    0    0    0    0    0    0    0   92    0    0    0    0    0    0    0    0    0    0    0   93   88    0    0    0  
   0    0    0   86   97  100    0   96    0    0    0    0    0    0    0    0    0    0    0    0    0   99    0   94    0   85    0    0    0    0    0    0    0    0    0    0    0    0    0    0    0    0    0    0    0    0    0    0   91    0    0    0    0   86    0    0    0   98    0    0   84    0    0    0    0    0    0   86    0    0    0    0   93   87    0   92    0    0    0    0    0    0    0    0    0    0   90   88    0    0    0   95    0   89   99    0    0    0    0    0  
   0   86    0   96    0    0    0    0   85    0    0    0    0    0    0    0   88    0   90    0   97    0    0    0    0   98    0   89    0    0    0    0    0   91    0    0    0    0    0    0    0    0    0  100   95    0    0    0    0    0    0    0    0    0    0    0    0    0   85    0    0    0    0    0    0    0    0   99   94    0    0   92    0   95    0    0    0    0    0    0   92   93   87    0    0    0    0    0    0    0    0    0    0    0    0    0    0    0    0   84  
   0    0    0    0   85    0    0    0    0    0    0    0    0   91    0    0   93    0    0    0    0    0   88    0    0    0    0    0   97    0  100   88    0    0   89    0    0    0    0   85    0    0    0    0    0    0    0   98   95    0    0    0    0    0   99   87  100    0    0    0    0    0    0   96    0    0    0    0    0    0    0    0    0    0    0    0    0    0   84    0   94    0    0   90    0    0    0    0    0    0    0    0    0    0    0    0   86   92    0    0  
   0    0    0    0    0    0   84    0    0    0   97    0   95   93   91    0    0    0    0    0    0    0    0    0   89   96   99    0    0    0    0    0   92    0    0    0    0    0    0   87   98   85    0    0    0    0    0   86    0    0    0    0    0   90    0    0    0    0    0    0    0    0    0    0    0    0    0    0   89    0    0    0    0   84    0   94  100    0    0    0    0    0   88    0    0    0    0    0   98    0    0    0    0    0    0    0    0    0    0    0  
   0    0    0   84    0    0    0    0    0   90    0    0    0   94    0    0    0    0   84    0    0    0    0    0    0    0    0    0    0    0    0    0    0    0    0    0    0    0   96    0    0    0    0   87   95    0   98    0    0    0    0   91    0    0   86    0   88  100    0    0    0    0   88    0    0    0    0    0    0    0   97    0   85   99   89    0   87    0    0    0    0    0    0   92    0    0    0    0    0    0    0    0    0    0    0    0   93    0    0    0  
   0    0    0    0    0    0   93    0    0    0    0    0   90    0    0    0   99    0    0   96    0    0    0   95   88    0    0   96    0    0    0    0    0   89   91    0    0    0    0   84    0    0    0    0   97    0    0    0    0    0    0   96    0    0    0    0    0    0    0   87    0    0    0    0   98    0    0    0    0    0    0    0    0   94    0    0    0    0    0    0   98    0   92    0    0  100    0    0   85    0    0    0    0    0    0    0    0   86    0    0  
  86   91    0    0    0    0    0    0    0    0    0    0    0    0    0   93    0   97   90    0    0    0    0    0    0    0    0   87    0    0    0    0    0    0    0    0    0   99   94   91    0    0    0    0    0    0  100    0    0    0    0   95    0    0    0    0   91    0    0    0   96   98    0    0    0    0    0    0    0    0    0    0   84    0    0    0   89    0    0    0   91    0    0    0    0   85    0    0    0   92    0    0   88    0    0    0    0    0    0    0  
   0    0   92    0    0    0   96    0    0    0   91    0    0    0   87    0    0    0    0    0    0    0    0   97    0    0    0  100    0    0    0   94    0    0    0    0  100    0    0   87    0    0    0    0    0    0    0   93    0    0    0    0    0    0    0   89    0    0    0    0    0    0    0    0    0    0    0    0    0    0    0    0    0   98    0    0   95    0    0   86   99    0    0   88   98    0   84    0   90    0    0   85    0    0    0    0    0    0    0    0  
   0    0    0    0    0   84    0    0    0    0    0   90    0    0    0    0    0    0    0    0    0    0    0   91  100    0   94    0    0   95    0    0    0    0    0   96   87    0   86   88    0    0   85    0    0    0   90   92   99    0    0    0    0    0    0   97    0    0    0    0    0    0    0    0   98    0    0   88    0    0    0    0    0   93    0    0    0    0    0    0    0    0    0    0   87    0    0    0    0    0    0    0    0    0    0    0    0    0   89    0  
   0   98    0   89    0    0    0    0   96    0   91    0   86    0   90    0    0    0    0    0    0    0    0    0    0    0    0    0    0   89   92   87    0    0   85    0   97    0    0   88    0    0    0    0    0    0    0    0    0    0    0    0  100   84    0    0    0    0    0   92    0    0   94    0    0    0    0    0    0    0    0    0   93    0    0    0    0    0    0    0    0    0    0   95    0   99    0    0    0    0   95    0    0    0    0    0    0    0    0    0  
   0    0    0    0    0    0   90    0    0    0    0    0    0    0    0    0    0    0    0   91    0    0    0   86   92   84    0    0    0    0    0    0    0    0    0    0    0    0    0    0  100    0    0    0    0   98    0    0    0   88    0   99    0    0    0    0    0    0    0    0    0    0   89    0    0    0    0   94   97   96    0    0    0   93    0    0    0   95   84    0    0    0   85    0    0    0    0    0   87    0    0   92    0    0    0    0    0    0    0   96  
  96   85    0    0    0    0    0   94    0    0    0   99    0    0    0    0    0    0    0    0    0    0    0    0    0   93    0   97    0    0   89  100    0    0    0    0   91    0    0    0    0    0    0    0    0    0    0   86    0    0    0   97    0    0    0    0    0    0    0    0    0    0   88    0   92    0    0    0    0    0    0    0    0    0   84    0   89   87   95    0    0   97    0    0    0    0    0    0    0    0    0    0    0   90    0    0    0    0    0   98  
  95    0   87    0    0    0    0    0    0    0    0    0    0    0   88    0   97    0    0    0    0    0   96    0    0   98    0    0    0    0    0    0    0    0    0    0    0    0    0   90    0   95    0    0    0    0    0   90    0    0    0    0    0    0    0    0   92   99    0    0    0    0    0   86    0    0    0   84    0    0    0    0   90    0    0   91    0    0    0    0    0  100    0    0   85    0    0    0   93    0    0    0    0    0    0   94    0    0    0   89  
   0    0    0    0    0    0    0    0   93    0    0    0   91   85    0    0    0    0   99    0    0    0    0    0    0    0   92    0    0    0    0    0    0    0    0    0    0    0   95    0   94    0    0    0    0   90    0   86    0    0    0    0   87    0    0    0    0    0    0    0    0   88   98    0    0    0    0    0    0    0    0    0    0    0    0   91    0    0   89    0   97    0  100    0    0    0    0   93    0   96    0    0   84    0    0   87    0    0    0    0  
   0    0   87    0    0    0    0    0    0   97    0    0    0    0    0    0    0    0    0    0   98    0    0    0    0    0    0    0   90    0   84    0    0   94   86    0  100   91    0    0    0    0    0    0   88    0    0   89    0    0    0   95    0    0    0    0   93    0   89    0    0    0    0    0   99   88    0    0    0    0    0   89    0    0    0    0    0    0    0    0   92    0    0   96    0    0    0    0    0    0    0    0    0    0    0    0    0    0    0   85  
   0    0    0    0    0    0   98    0   94    0    0  100    0    0    0    0    0    0    0    0    0    0    0    0   97   93    0   86    0    0    0    0    0   89    0    0    0    0    0    0    0   90    0   86    0    0    0    0    0    0    0    0   92    0    0    0    0    0    0    0    0    0    0   99    0   88    0   91    0    0    0    0    0    0    0    0   85   99    0    0    0    0    0   87    0    0   96    0    0    0    0    0   95    0    0    0   90    0    0   84  
   0    0    0   90    0    0    0    0   87    0    0    0    0    0    0    0    0    0   93    0    0    0    0    0    0    0    0    0    0    0    0   91    0   94  100   85    0    0    0   84    0    0  100    0    0    0    0    0    0   97    0    0    0   89    0    0    0    0    0    0    0    0    0   98    0   88    0    0    0   99    0    0    0   86    0    0    0    0    0   95    0    0    0    0    0    0    0    0   92    0    0   89    0    0    0    0    0    0   97   96  
  86    0    0    0   95    0    0    0    0    0    0    0    0   90   86   84    0    0    0    0    0    0    0    0    0    0    0    0    0    0    0    0    0    0    0    0    0    0   85    0    0   99    0   91    0    0    0    0    0   93    0    0    0    0    0    0   89    0    0    0   92    0   91    0    0  100    0   96    0    0    0   87    0    0    0    0    0   94   88    0    0    0   98    0    0    0    0    0    0    0    0   98    0    0    0    0    0    0   97    0  
   0   96    0    0    0    0    0   89    0   92   95    0  100    0    0    0    0    0    0    0    0    0   85    0    0    0   86    0    0   93    0    0   93    0    0   99    0   96    0   97    0    0    0    0    0    0    0    0    0    0    0    0   88   91    0    0    0    0    0   90    0    0   87    0    0   94    0    0    0    0    0    0    0    0    0    0    0    0    0    0    0   85    0    0    0   98    0    0    0    0    0    0    0    0    0    0    0   84    0    0  
   0    0    0   93    0    0   95    0    0   97    0    0    0    0   92    0    0    0    0    0   87    0    0   90    0    0    0    0    0    0   84    0    0    0   91    0    0    0    0    0    0    0    0    0    0   96    0    0   97   99   87    0   94    0    0    0    0   86   88    0    0    0    0    0    0   85   99    0    0    0    0    0    0    0    0    0    0    0    0    0    0    0    0    0    0    0    0    0    0    0    0    0    0  100    0    0   89    0   98    0  
   0    0   96    0   90    0    0   89   93   94    0    0    0    0    0    0    0    0   86    0    0   88    0    0   85   99    0    0    0    0    0    0    0    0    0    0    0    0    0   87    0    0   93    0    0    0    0    0    0    0    0    0   98    0   92    0    0    0   84    0    0    0    0    0    0    0    0   98    0    0    0    0    0   93   97  100    0    0    0    0    0    0    0    0    0    0    0    0    0    0    0   95   91    0    0    0    0    0    0    0  
   0    0    0    0    0    0   85    0    0    0    0    0    0    0    0    0    0    0    0    0    0    0    0   87    0    0    0    0    0    0    0    0    0    0    0    0    0    0   96    0    0   89    0   84    0    0    0    0   90    0    0    0    0   94    0   99    0    0   96    0  100    0    0   92    0    0    0    0   98    0    0   93    0    0    0    0   91    0    0    0    0    0    0    0   97    0   90    0    0   86    0    0    0   89   95    0    0    0   88    0  
   0    0    0    0    0    0  100    0    0    0    0    0   98    0    0    0    0    0    0    0   87    0    0    0    0    0    0    0    0    0    0   90    0    0    0   91    0    0    0   96    0    0    0   89    0   88   93    0    0    0   85    0    0   92    0    0    0    0   94    0    0   96    0    0    0    0    0   96    0    0    0    0   84    0    0   95   99    0    0   98    0   86    0    0    0    0    0    0    0    0    0    0    0    0    0    0    0    0   97    0  
   0    0    0    0    0    0    0    0    0    0   98    0   97    0    0    0    0    0    0    0    0    0    0   84    0   91    0   85    0    0    0    0   96    0    0    0    0   89    0    0   94    0    0    0    0    0    0    0    0    0    0   95    0   91    0    0    0    0    0   92    0    0    0    0   87    0    0   99    0  100    0   89    0    0    0    0    0    0   86   90    0    0   99    0    0    0    0   93    0    0    0    0    0    0    0    0   88    0    0    0  
   0   97    0    0    0    0    0    0    0    0    0    0   88    0    0    0    0    0    0    0    0   92    0    0    0    0    0    0    0    0    0    0    0    0    0    0  100    0    0    0    0    0    0    0    0    0    0    0   98    0    0    0    0    0   89    0    0    0    0    0   92    0   88    0    0    0    0    0    0    0    0    0    0    0   91    0   99   87    0   96    0   95    0    0    0   90   93   85   94    0    0    0    0    0    0    0   84    0   88   86  
   0    0   92    0    0    0    0    0    0    0   94    0    0    0    0   85    0    0    0   91   88    0    0    0   93    0    0    0    0    0    0    0   97   89    0  100    0    0    0    0    0    0    0    0    0   97    0    0    0    0    0    0    0   86    0    0    0   96    0    0    0    0    0    0    0    0    0    0    0    0    0    0    0  100    0    0    0   87   95    0    0    0    0    0    0    0   89   90    0   98    0    0    0    0    0    0   84    0   99    0  
   0    0    0    0   97   87   87    0    0    0   88    0    0    0    0    0   91    0    0    0   99    0    0    0    0    0    0   86    0    0    0    0    0    0    0    0    0    0    0    0    0    0    0    0    0    0    0    0    0   93    0    0   96    0    0    0    0    0    0    0    0    0    0    0    0    0    0  100    0   85    0   94    0   90   98    0    0    0    0    0   92    0    0   84  100    0   95    0    0   85    0    0    0    0    0    0    0    0   89    0  
  98   97    0   91    0  100    0    0    0   84    0    0    0    0    0    0    0    0    0   87    0    0    0    0   99    0    0    0    0    0    0    0    0    0    0    0    0    0   86   93    0    0    0    0   87   90    0    0    0    0    0    0    0   88    0    0    0    0   95    0   96    0    0    0    0    0    0   92    0    0   89    0    0    0   94    0    0    0    0    0    0    0    0    0    0   95    0   91    0    0    0    0    0    0   85    0    0    0    0    0  
  91    0    0    0    0    0    0    0    0   93    0    0    0    0    0    0    0    0   89    0    0    0    0    0    0    0    0    0    0   89    0    0    0   92   88    0   84    0    0    0    0    0   87    0    0    0    0    0   96  100    0    0   90    0    0    0    0    0    0    0    0    0   99    0    0   97    0    0    0    0    0    0   85    0    0    0    0    0   85   95    0    0    0    0   94    0    0    0    0    0   92    0    0   98   86    0    0    0    0    0  
   0    0    0    0   86    0    0    0    0    0   95   88    0   99   94    0    0    0    0    0    0   93    0   90    0   84    0    0    0    0    0    0    0   87   87    0    0    0    0    0    0    0    0    0   97    0    0    0    0    0   92    0    0    0   85    0    0    0    0    0    0    0   89   96    0    0    0    0   87    0    0   91    0    0    0    0    0    0    0    0    0    0    0    0    0  100    0    0    0    0    0   93    0    0    0   98    0    0    0    0  
   0    0    0    0    0   85    0   98  100    0    0    0    0    0    0    0    0    0    0    0    0    0   86   90    0   88    0    0   91    0   97  100    0    0    0    0    0    0    0    0    0  100    0    0    0    0    0    0    0    0   96   96    0    0    0    0    0    0    0    0    0    0    0    0    0    0    0    0    0    0    0    0    0    0    0    0    0   94   99    0   93    0    0   92    0    0    0   95    0   84    0    0    0    0   87    0   89    0    0    0  
  95   87    0    0    0    0    0    0    0   88    0    0    0    0    0    0    0   97    0   94    0    0    0    0    0    0    0    0    0    0    0    0    0   90    0   98   86    0    0   93    0    0    0    0    0    0    0   93    0    0   89    0    0    0    0    0    0   99    0    0    0    0    0   85    0    0    0    0   84    0    0    0    0   96    0    0   85    0    0    0    0    0    0  100    0    0    0    0    0    0    0    0   91    0    0    0    0   92    0   91  
   0    0    0    0  100    0    0    0    0   87    0    0    0    0   98    0    0    0    0    0    0   97    0    0    0    0    0    0   95   99    0    0    0   91    0    0    0    0   89    0   92    0    0    0    0    0    0    0    0    0   84    0    0    0    0    0    0   94    0    0   88    0    0    0   96    0    0   85    0    0    0    0    0    0    0    0    0    0   94   93    0    0    0   86    0    0    0   84    0    0    0    0    0   99    0    0   90    0    0    0  
   0   95    0    0    0    0    0    0    0    0    0    0    0    0    0    0    0   89    0    0   97    0    0    0    0   91    0    0    0   93    0    0    0    0   99   85    0    0    0    0    0    0    0    0    0   92    0    0    0    0    0    0    0    0   84    0  100    0    0   85    0    0    0    0    0   87   86   98  100    0   90    0    0    0    0   94    0   88    0    0   96    0    0    0    0    0    0    0    0    0    0    0    0    0    0   85    0    0    0    0  
   0    0   84    0    0    0    0    0   85   97    0    0   89    0    0    0    0    0    0   93    0    0    0   97    0   87   99    0    0    0    0    0   88    0    0    0   95    0    0    0    0    0    0   86    0    0   92    0    0    0    0    0    0    0    0   84    0    0    0    0    0    0    0    0    0    0   94    0    0    0    0    0   98    0    0   91    0    0  100    0   87    0    0    0    0    0    0    0   96    0    0    0   90    0    0    0    0    0    0    0  
   0    0    0    0    0    0    0    0   91    0    0    0    0   96   92    0    0    0    0    0    0    0    0    0    0    0    0    0    0    0   86  100    0    0    0   89    0   88    0    0    0    0    0    0    0   94    0    0    0    0    0   99    0   89   89    0    0   95    0    0    0   90    0    0    0    0    0    0    0    0    0    0   85    0    0    0   84    0    0    0    0   87   93    0    0    0    0    0    0    0   96    0    0    0    0    0   97    0    0   98  
  85   87   86    0    0   90    0    0    0   91    0    0    0    0    0    0   88    0    0   98    0    0    0   91    0    0    0   95   99    0    0    0    0    0    0    0    0    0    0    0   96    0    0    0    0    0    0   96    0   84    0    0    0    0    0    0   92   87    0   94    0    0  100    0    0    0    0    0    0    0    0    0    0   89    0    0    0    0    0    0    0    0    0    0    0    0   97    0    0   93    0    0    0    0    0    0    0    0    0    0  
  86   98    0    0    0    0    0    0   99   88    0    0    0   97   94    0    0    0    0    0    0    0    0    0   84   89    0    0    0    0    0    0    0    0    0    0    0    0    0   90    0    0   85    0   93    0    0    0    0    0    0    0    0    0    0   87    0    0    0    0    0    0    0    0    0    0    0    0   90    0    0    0    0    0   96    0   91    0    0   89    0    0    0    0    0    0    0    0   92    0    0    0    0   95    0    0    0   96    0  100  
   0    0    0    0    0    0    0    0    0    0    0    0   85    0   92   86    0    0  100   90    0    0  100    0    0   97    0    0   89    0    0    0    0    0    0   96    0    0    0    0    0    0    0    0    0   86   98    0    0    0    0    0    0    0   94    0    0    0    0    0    0    0    0   84   99    0    0    0    0    0    0    0    0   95    0    0   93    0    0    0    0   88    0   91    0    0    0    0    0   87    0    0    0    0    0    0    0    0    0   94  
   0    0    0    0    0    0    0   90    0   86    0    0    0   91    0    0   95    0    0    0   85   88    0    0    0    0    0    0    0    0    0    0    0    0    0    0    0  100    0    0    0    0    0    0    0   93    0    0   99    0    0    0    0    0    0    0   94    0    0    0   90    0    0    0    0   89    0    0   98    0    0    0    0    0    0   97   84    0    0    0    0   87   96    0   84    0    0    0    0    0    0    0    0    0    0   99    0    0   92    0  
   0    0    0    0    0    0    0    0    0   96    0    0    0    0    0    0    0    0    0   88    0    0    0    0   95    0   91    0    0    0    0    0    0   92    0    0    0    0    0    0   84   93    0    0   94    0    0   97    0    0    0    0    0    0    0   87    0    0    0    0    0    0    0   99    0    0    0    0    0   87    0    0    0    0   98  100    0    0    0   87   89    0   86    0    0    0   88    0    0    0    0    0    0    0   85    0    0   90    0    0  
   0    0    0    0    0    0    0    0    0    0    0    0  100    0    0    0    0    0   92    0    0    0    0    0    0    0    0    0   90    0    0    0    0    0    0    0    0   96    0    0   92    0   86    0    0    0    0   96    0    0    0    0    0    0   99    0    0    0    0    0    0    0    0    0   97    0    0   95    0    0    0   98    0   91   88    0   94   93    0    0    0    0    0    0    0    0   94   84   85    0    0    0    0    0    0    0   89    0    0   87  
   0   85    0    0    0    0    0    0    0    0    0   87    0    0    0    0    0    0    0    0    0    0   86    0   93   88    0    0   91    0    0    0   96    0    0    0    0   92    0    0    0    0    0   99    0  100    0    0    0    0    0    0    0    0   92    0   95    0    0   89    0    0    0   88    0    0   90    0   84    0    0    0    0    0    0    0    0    0    0   98    0   94    0    0    0    0    0    0    0   97    0    0    0   95    0    0    0    0    0    0  
   0    0    0    0    0    0    0  100    0    0    0    0   84   99   98    0    0   87    0    0    0    0    0    0    0    0   96    0    0    0   85    0    0    0    0    0   98   94   91   86    0    0    0    0    0    0    0   97   88   90    0    0    0   99    0    0    0    0    0    0    0    0    0    0    0    0   89   93    0    0   92    0    0    0    0    0    0    0    0    0    0    0   91    0    0    0    0   95    0    0    0    0    0    0    0    0    0    0    0    0  
   0    0    0    0    0   86    0   94    0    0   84    0    0    0   95    0    0    0    0    0    0   89   91    0    0    0    0   85    0    0    0    0    0    0    0    0   88   87    0    0    0    0    0    0    0    0    0    0    0    0    0   90   99    0    0    0   93    0   89    0    0    0    0    0   96    0    0   98    0    0    0    0   92    0    0    0    0    0   97    0    0    0    0    0    0  100    0    0    0    0    0    0    0   84   94    0    0    0    0    0  
   0    0   96    0   90    0    0    0    0    0    0    0    0    0    0    0    0   92    0    0    0    0    0    0   87    0    0   94   89    0    0    0    0    0    0    0    0   90    0    0    0    0   99    0    0   93    0    0    0    0    0    0    0    0    0    0    0    0   95    0   97    0    0    0    0    0   98    0   86    0    0  100    0    0    0    0    0    0    0    0    0    0   91    0    0    0   88    0    0   84    0    0    0   90   87    0    0   85    0    0  
   0   84    0    0    0    0    0    0    0    0    0    0    0    0    0    0    0    0    0    0    0    0    0    0    0   99   97    0    0    0    0    0    0    0    0    0    0    0   87   85   98    0    0   89    0    0    0    0    0    0    0   86   96    0    0    0    0    0   92   87    0    0   88    0   90    0    0    0    0    0    0  100    0    0    0    0    0    0    0    0    0   95    0    0    0   91    0    0   88    0   96    0   93    0    0    0    0    0   94    0  
   0   92    0    0    0   98   96    0    0    0    0    0    0    0    0    0    0    0    0    0    0   84    0    0    0    0    0    0    0    0    0  100    0   90    0    0    0    0   89   96   87   96    0    0    0   85    0    0    0    0    0    0    0    0    0    0   94    0    0    0    0    0   93    0   88    0    0    0   86    0    0   97    0    0    0    0    0    0   98   99    0    0    0    0    0    0    0    0    0    0    0    0   95   91    0    0    0    0    0    0  
   0    0    0    0    0    0    0   96    0    0   98    0    0    0    0   94   88    0    0    0    0    0    0   85    0   99    0    0    0    0    0    0    0    0    0    0    0   84    0    0    0   90    0    0    0    0    0    0    0    0   84    0    0    0    0    0    0    0   95    0   89    0    0   87    0    0    0    0    0   85    0    0  100    0    0    0    0    0   92    0    0    0    0   91    0    0    0    0    0    0   97    0   86    0    0   95    0    0   93    0  
   0    0    0    0    0    0   89    0    0    0    0    0    0    0    0    0    0    0    0   94    0    0    0    0   84    0   86    0    0    0    0    0    0    0   86    0    0   99  100    0    0    0  100    0    0    0    0    0   99    0    0   95   91    0   88    0    0   90    0    0    0   92   93    0    0    0    0    0    0    0    0    0    0    0    0    0    0    0    0    0    0    0   96    0   98    0    0    0    0    0   87    0    0    0   85    0    0    0   97    0  
   0    0    0   92    0    0    0    0    0    0    0   97    0    0    0    0    0    0   93    0    0    0    0    0    0    0    0   94   90    0    0    0    0    0    0    0    0    0    0    0    0    0    0   89    0    0   91   86    0   86    0   84    0    0    0    0   88    0    0  100    0    0    0    0    0   98   95    0    0    0    0    0    0    0    0   96    0    0    0    0   93    0    0    0    0    0   87   89    0    0    0    0    0    0    0    0   85   99    0    0  
   0    0    0    0    0   86    0    0   95    0    0    0    0   92    0    0    0    0    0    0   96    0    0    0    0    0    0    0   93    0    0    0   88    0    0    0    0    0    0    0    0    0    0   95    0   85    0    0    0    0    0    0    0    0    0    0    0    0    0    0    0    0   87   89    0    0   91   97    0   84    0    0   94    0   98    0   93    0    0  100   99    0    0    0    0    0    0    0    0    0    0    0    0   95    0    0    0   90    0    0  
   0    0   87    0    0    0    0    0   96   88    0   86    0    0    0    0    0    0    0    0   92    0    0    0    0    0   99   98    0    0    0    0    0    0    0    0    0   85    0    0    0    0    0   84    0    0    0  100    0    0    0    0    0    0    0    0    0   99    0    0    0   94   88    0    0    0    0    0    0    0    0    0    0   90    0    0   97    0   95    0    0    0    0    0    0   91    0    0   93    0    0    0    0    0    0   88   89    0    0    0  
   0    0    0    0    0    0    0    0    0    0    0   84    0    0    0    0    0    0    0   95    0    0    0    0    0    0    0    0    0    0   97    0    0    0    0   94    0    0    0    0    0    0    0    0    0    0   92    0    0    0    0   98   85    0    0    0   89   86   94   90    0    0    0  100    0    0    0   96    0    0    0   93   87    0    0    0   99    0    0    0    0    0    0    0    0    0   94    0    0   91    0    0    0    0    0   93    0    0   88    0  
   0    0    0    0    0    0   99    0    0    0    0    0    0   92    0    0    0    0    0   91    0   89   85    0    0    0   87    0    0    0   95    0    0   86    0   94    0    0    0    0    0    0    0    0    0    0    0   96    0    0    0    0    0    0  100    0   88   90   97    0    0    0   84    0    0   93    0    0    0    0    0    0    0   89    0    0    0    0    0    0    0    0    0    0    0   97    0    0    0   91    0    0    0    0    0    0    0    0   98    0  
   0    0    0    0    0    0    0    0    0    0    0    0    0    0    0   93    0   84    0   88    0    0    0    0    0    0   98    0    0    0    0    0    0    0    0    0    0   99    0   86   97   90   91    0    0    0    0    0    0    0    0    0   98    0    0    0    0    0    0    0    0    0    0   95   87    0   92    0    0    0  100   96   85    0    0   99    0    0    0    0    0    0    0   89    0    0    0    0   94    0    0    0    0   87    0    0    0    0    0    0  
   0    0    0    0    0    0    0    0    0    0    0    0    0    0    0    0    0   98    0  100    0   90   95    0   99    0    0    0    0    0    0    0    0    0   84    0    0   93    0    0    0    0    0   96    0    0   87   97    0   88    0    0   97    0    0    0   91   86    0    0   92    0    0    0    0    0    0    0    0    0    0    0    0    0    0    0    0    0    0    0    0    0   85    0    0    0    0    0   97    0   94    0    0    0    0   89    0    0   89    0  
   0    0    0   95    0    0    0    0    0    0    0    0   84    0    0    0    0    0    0    0   98    0    0    0    0   96    0   90    0  100    0    0    0    0   91   99    0    0   88    0   86    0    0   97    0    0    0    0    0    0    0    0    0    0    0    0    0    0   89    0   85   87    0    0   93    0    0    0    0    0    0    0    0    0    0    0    0    0    0    0    0    0    0    0    0    0    0    0    0    0   88    0    0   94   95    0   92    0   98    0  
   0    0    0   99   84   97    0    0   96    0    0    0    0    0    0    0    0   93    0    0    0   91    0    0    0    0    0    0    0   92    0    0    0    0    0    0    0    0    0    0    0   90    0   95    0    0   87    0    0    0    0    0   97   86   89  100    0    0    0    0    0    0    0    0    0    0    0    0    0    0    0    0    0    0   98    0    0    0    0   92    0    0    0    0    0    0    0   88    0   88    0    0   94   85    0    0    0    0    0    0  
  85    0    0    0    0    0    0   99    0    0   96    0    0    0    0   86    0    0    0    0    0    0    0    0    0    0   88    0    0    0    0    0    0    0   91    0    0    0    0    0    0    0    0    0    0   98    0    0    0    0    0    0   87    0   93   97    0    0   95    0    0    0    0    0    0    0    0    0    0    0    0    0    0  100    0    0    0    0    0    0    0   90    0    0   89    0    0    0    0    0   95   96   84   92    0    0   94   96    0    0  
   0    0   95    0    0    0    0    0    0    0    0   93   85    0    0    0    0   84    0    0    0    0    0    0   92    0    0   87   86    0    0   88    0    0    0    0    0    0    0    0    0   92    0    0   90    0    0    0    0    0    0    0   98    0   90   96    0    0    0    0    0    0    0    0    0   97    0    0    0    0    0    0   92    0    0   89    0    0    0    0    0    0   94    0    0    0    0   91    0  100    0    0    0    0   99    0    0    0    0    0  
   0    0   94    0    0    0    0    0    0   98    0    0    0   92    0    0    0    0    0    0    0    0   99    0   96    0    0    0    0    0   95    0    0    0   84    0   94    0    0    0    0    0    0    0    0    0    0   87   89    0    0    0    0   88    0    0    0   86    0    0    0   96    0    0    0    0    0    0    0    0   85    0  100    0   91    0    0    0    0   93    0   97    0    0    0    0    0    0    0    0    0    0    0   97    0    0    0   90    0    0  
   0    0    0    0    0    0    0    0    0   89    0   99    0    0    0    0    0    0   85    0    0    0    0   87  100    0   84    0    0   95   91    0    0   90    0    0    0    0    0    0    0    0    0   88    0    0   97    0    0    0    0    0   94    0    0    0    0    0    0    0    0    0   98    0    0   86    0    0    0   93    0    0   86    0    0    0    0   92    0    0    0    0   92    0    0    0    0    0   96    0    0    0    0    0    0   90    0    0    0    0  
   0    0    0    0    0    0    0  100    0    0    0   91    0    0    0    0    0    0   85    0    0    0    0    0    0    0    0   94   87    0   95    0    0   95    0    0    0    0    0    0    0   89    0    0    0    0    0    0    0    0    0    0    0    0    0    0   99    0    0    0   98   97   90    0    0    0    0    0    0   87    0    0   89    0   86    0    0    0   96   92    0   84    0   88    0    0    0    0   93    0    0    0    0    0    0    0    0    0    0    0  
  84   92    0   85    0    0    0    0    0    0    0    0    0   94    0    0    0    0   86    0    0    0    0    0    0    0   95    0    0    0    0    0    0    0    0    0    0    0   90    0    0   98    0    0    0  100    0   99   95    0   91   89    0    0    0    0    0    0    0    0    0   97    0    0    0    0    0    0    0   95    0   93    0   88    0    0    0    0    0   96    0    0    0   87    0    0    0    0    0    0    0    0    0    0    0   92    0    0    0    0  
   0    0    0    0    0    0    0    0    0    0   91    0    0    0    0    0    0   96    0   92    0   95    0    0    0    0    0    0    0    0    0    0    0    0   89    0   98    0    0    0    0    0   84    0    0   91    0    0    0    0    0    0    0    0    0    0   88    0    0    0    0    0    0    0    0   93    0    0   94    0    0   86   87    0    0   90    0    0  100    0   99   97    0    0    0    0    0    0    0    0    0   85    0   84    0    0    0    0    0   99  
   0    0    0   99   93    0   95    0    0    0    0    0    0    0    0    0    0    0    0   86   94    0    0    0    0    0    0    0    0    0   87    0    0    0    0    0    0    0    0    0    0   91    0    0    0    0    0    0    0   95    0    0   96   85    0    0    0    0    0  100    0    0   84    0    0   90    0    0    0    0   85    0    0   87    0    0    0    0    0    0    0   92    0    0    0    0   89   97    0    0    0   88    0    0    0    0    0    0    0   98  
   0    0    0   90    0    0    0   86    0    0    0    0    0    0   99   98    0    0    0    0    0    0   98    0    0    0   88    0    0   86    0    0    0    0    0    0   94    0    0    0    0   86    0    0    0    0    0    0    0    0    0    0    0    0    0   85  100    0    0    0    0    0    0   89   87    0    0    0   92    0   91    0    0    0   96    0   84    0    0    0    0    0    0   95    0    0    0    0    0    0    0    0   97    0   93    0    0    0    0    0  
   0    0    0   98    0   95    0    0    0    0    0    0    0    0    0    0  100    0    0   87    0    0    0    0    0   91    0   88    0   92    0   87    0   99    0    0   86    0    0    0    0    0    0    0    0    0    0    0    0    0    0    0    0    0    0    0   93   90    0    0    0    0    0    0   84    0    0   94    0    0   95    0    0    0    0    0    0    0    0    0    0   96   85    0    0    0   87    0    0    0    0    0   97    0    0    0    0    0   89    0  
   0    0    0    0   98    0    0    0    0    0   92    0    0    0    0    0    0    0    0   92    0    0    0   90    0    0    0   85    0   85    0    0    0    0    0    0   93    0    0    0   99   84   95    0    0   86    0  100    0    0    0    0    0   89    0    0    0    0   91    0    0   87    0    0   96    0    0    0    0   96    0   97    0    0    0    0    0    0   88    0    0    0    0   94    0    0    0    0    0    0    0    0    0    0    0    0    0    0    0    0  
   0   90   88    0    0    0    0    0    0   95    0    0    0    0    0    0   93    0    0    0  100    0    0    0    0    0    0    0    0    0    0    0   97    0    0    0   99    0    0    0    0    0    0    0   95    0    0    0   88    0    0    0    0    0    0    0    0   86    0    0    0   91    0    0    0   96    0    0    0    0   87   85    0   89    0    0    0   92    0    0    0    0    0    0    0   88    0    0    0    0    0    0    0   94    0    0   84    0    0   98  
   0    0    0    0    0   94    0    0    0    0    0    0    0    0    0    0    0    0   85    0    0    0    0    0    0    0  100    0   99    0    0   96    0    0    0   98   90   91   97    0   84    0    0    0    0   97   93    0    0    0    0    0    0   89    0    0    0    0    0    0    0    0    0    0    0   97    0    0    0    0    0    0    0    0   87    0    0   86   88    0    0    0    0    0    0    0    0    0    0   92    0    0    0    0    0   95    0    0    0   87  
   0   97   95    0    0   86    0    0   94   84    0    0    0    0    0    0    0    0    0    0    0    0    0    0    0    0    0    0    0    0    0   99    0    0    0   89    0    0    0    0    0   96    0   85   92    0    0    0    0    0    0    0    0    0    0    0    0   86    0    0   88    0    0   94    0    0  100    0    0    0    0    0   90    0    0    0    0   87   93   98   91    0    0    0    0    0    0    0    0    0    0    0    0    0    0    0   90    0    0    0  
   0    0    0   99   90    0    0    0    0   93    0   95   84    0   87   91   92    0    0    0    0    0    0    0    0    0   93    0    0    0    0    0    0    0    0    0    0    0    0  100    0    0    0   88    0    0    0    0    0    0    0    0    0    0    0    0    0    0    0    0    0   86    0   96    0    0    0    0    0    0    0    0    0   85    0    0   91    0   94    0    0    0    0   97    0    0    0   98   93    0    0    0    0    0    0    0   89    0    0    0  
   0    0   94   95    0    0    0    0    0    0    0    0    0    0   87   92    0   93    0    0    0    0    0  100    0    0    0    0    0   89    0    0    0   99    0   90    0    0   84    0    0    0    0    0    0    0   98    0    0    0    0   88    0   97    0    0    0   89    0    0    0    0    0    0    0    0    0    0    0   86    0    0    0    0    0    0    0    0   96   91    0    0    0    0    0   92    0    0    0    0    0   87    0    0    0    0    0    0   85    0  
   0    0    0   97   85    0    0    0    0   99    0    0    0   93    0    0    0    0    0    0    0    0    0    0    0    0    0    0   98    0    0    0    0    0    0    0   97    0   99    0    0   95    0    0  100    0   84    0    0   99    0    0    0   92    0    0   86    0    0    0    0    0    0   89    0    0   87    0    0    0    0    0   96    0    0   94    0    0    0    0    0    0    0   88    0    0    0    0    0    0    0    0   90    0    0    0    0    0    0   91  
   0    0    0    0    0    0    0   89    0    0    0    0   97   89  100    0    0    0    0    0    0    0    0    0    0    0    0   92    0    0    0    0   91    0   95   93    0    0   85    0    0    0    0    0   94   89    0   96    0    0    0    0    0    0    0    0    0    0    0    0   88    0    0   84   99    0    0    0    0    0   90    0    0    0    0    0   87    0    0    0    0    0    0    0    0   92    0    0   86    0    0    0   98    0    0    0    0    0    0    0  
   0    0   99    0    0   95    0  100    0    0    0    0    0    0    0    0    0    0    0   88    0   84    0    0    0    0    0    0    0    0    0    0    0   86    0    0    0    0    0    0   98    0    0    0    0   93    0    0    0    0    0    0    0    0    0    0    0  100    0    0   94    0    0    0   90    0    0    0    0    0    0    0  100    0    0   86   85    0    0    0   92    0   96    0    0    0    0   97   87    0    0    0    0    0    0   89    0   91    0    0  
   0   86    0    0    0    0   90    0    0    0    0    0    0    0    0   94   99    0    0    0    0    0    0    0    0    0    0   98   95    0    0    0    0    0    0   93    0    0    0   88    0    0    0    0    0   85    0    0   92    0    0    0    0    0    0    0    0    0   91    0    0    0    0    0    0    0   89    0   99    0    0   84   87   93    0    0   96    0    0    0    0    0    0    0   97   91    0    0    0    0    0    0    0    0    0    0    0    0    0  100  
  95    0    0    0   99    0   85   96    0    0  100    0    0    0    0    0    0    0    0    0    0   90    0    0   91    0    0    0    0   88    0    0    0    0   89    0   98    0    0    0    0    0   97    0    0   84    0    0    0   92   93    0    0    0    0    0   98    0    0    0    0    0    0    0    0    0    0    0    0   89    0    0    0    0    0    0    0    0   86    0    0    0    0    0   95    0    0    0    0    0   94    0    0    0    0    0    0    0    0   87  
   0    0   94    0    0    0    0    0    0    0   95    0    0    0    0    0    0    0    0    0   92    0   93    0    0    0    0   97    0    0   87    0    0    0    0   96    0   89   99    0    0    0    0    0    0    0   88   86    0    0    0    0    0    0    0   84    0   98    0    0    0    0    0   90    0    0    0    0    0    0   84    0    0    0    0    0    0    0    0    0    0    0    0    0    0    0   88    0    0    0   91    0   91    0    0    0    0  100    0   85  
  99   94    0   93    0   97    0    0    0    0   92    0    0    0    0    0    0    0    0    0   94    0    0    0    0    0    0    0    0    0    0    0    0    0   95    0    0   87    0  100   90    0    0   89    0    0    0    0   98    0    0    0    0    0   85    0    0    0   96    0    0    0    0    0    0    0    0    0    0    0    0   91    0    0    0    0    0    0    0    0    0    0   84   88    0    0    0   85    0    0    0    0   93    0   86    0    0    0    0    0  
   0    0    0   86    0    0    0    0    0   88    0    0    0    0    0   89    0    0    0    0    0    0    0    0    0    0   89   92    0    0   97    0    0    0    0   84    0    0   93   87   91  100    0    0    0   94    0    0    0    0    0   95   99    0    0    0    0    0    0    0  100    0    0    0    0    0    0    0    0    0    0    0    0    0    0    0   85    0    0    0    0    0    0    0    0    0    0    0   87    0    0    0    0   96    0    0    0   90   98    0  
  99    0    0    0    0    0   90    0    0   92    0    0    0   96    0    0    0    0    0    0    0    0    0   97    0    0    0    0    0   94    0    0    0    0  100    0   89    0    0    0    0    0   93    0   86    0    0    0    0    0    0   85    0    0    0    0    0    0    0    0    0    0   87   95    0    0    0    0    0    0   98    0   98    0   96    0    0    0    0    0    0    0    0    0    0   91    0    0    0    0    0    0    0   88   84    0   86    0    0    0  
   0    0    0    0    0    0   93    0    0    0   99    0    0   94   97    0    0    0   90    0    0   91    0    0    0    0    0    0    0    0    0    0    0    0    0    0    0    0    0    0   87    0   89    0    0    0   84    0    0   98    0    0    0    0    0    0    0   85    0    0    0    0   87   96   86    0    0    0    0  100    0    0    0    0    0    0   92    0    0    0   84    0   99    0    0    0    0    0    0    0    0   95   88    0    0    0    0    0    0    0  
   0    0    0    0    0    0    0   99    0    0    0    0    0    0   91   93    0    0    0    0   97   96   98    0    0    0    0    0    0    0   89    0    0    0    0   88    0    0    0    0    0   92    0    0    0   87  100    0    0    0    0   93    0    0    0    0    0   86    0   84    0   90    0    0    0    0   85   94    0    0    0    0    0    0    0    0    0    0    0    0    0    0    0    0    0   95    0    0    0    0   86    0    0    0    0    0    0    0   93    0  
   0    0    0   93    0    0    0    0    0    0    0    0    0   91    0    0    0    0    0    0    0   90    0   86    0    0    0   87    0    0    0    0    0    0    0    0    0    0    0    0    0    0  100    0    0   89    0   91    0    0    0    0    0    0   94    0    0   97    0    0    0    0    0    0    0    0    0   89    0    0    0    0    0    0    0    0    0    0    0   85    0   84    0    0   98   96   88   99    0   92   99    0    0    0    0    0   95    0    0    0  
   0    0    0    0    0    0    0    0    0    0    0    0    0    0    0    0    0    0    0    0    0    0    0    0    0    0    0    0    0   90   99    0   85   95    0    0    0    0    0    0    0  100    0    0   96    0    0    0    0   85    0    0   93    0    0    0   84   86    0    0    0    0    0    0    0    0   89    0    0    0    0    0    0    0   88    0    0   97   94   98    0    0   91   92    0   95    0    0   99    0    0    0    0    0    0    0   87    0    0    0  
   0    0    0   96    0   91    0   90    0    0    0    0    0   87    0    0    0    0    0    0    0    0    0    0    0    0    0    0    0    0   85    0    0    0    0    0   92    0    0   86    0    0    0    0   94    0    0    0    0    0   86    0    0   97    0    0    0    0    0    0    0    0    0    0   88   95  100   93    0    0   99    0    0    0    0    0    0   84    0   85    0    0    0    0    0    0    0    0    0    0    0    0    0    0   89    0   98    0   91    0  
   0   94    0   87    0    0    0    0    0    0    0    0    0    0    0    0    0    0    0   86    0    0    0    0    0    0    0   95    0   88    0    0    0    0   92    0   93    0    0    0    0    0    0   84   89    0    0    0    0    0    0    0    0   91    0    0   97    0    0    0    0    0    0    0  100    0  100    0    0    0   88   99    0    0    0    0    0    0    0    0   85   95    0   90   96    0    0    0   98    0    0    0    0    0    0    0    0    0    0    0  
   0    0    0    0    0    0    0    0   97    0   88   85   86   87    0    0    0   93    0   99    0    0    0    0    0    0    0    0    0   94    0  100    0    0    0    0    0    0    0    0    0    0   99    0    0    0    0    0    0    0   87    0    0    0    0    0    0    0    0    0    0    0   95    0    0    0    0   89   90    0    0    0    0    0    0    0    0    0    0    0    0   92    0   96    0    0   84   91    0    0    0   84    0    0    0    0   98    0    0    0  
   0    0    0    0    0    0    0    0    0    0    0    0    0   99    0    0    0    0    0    0    0    0   98    0    0   98    0   84    0    0    0    0   88    0    0   96    0  100    0    0    0    0    0    0    0    0    0   95    0    0    0    0    0   90    0   89    0   92   86    0    0   91    0    0    0    0   85    0   94    0    0    0    0    0    0    0    0    0    0    0    0    0    0   97    0    0    0   87    0    0    0   95    0   93    0    0    0    0    0   93  
   0    0    0    0    0    0    0    0    0    0    0    0   98    0    0    0    0    0    0    0    0    0   92    0    0    0    0   88    0    0    0    0    0    0   97   91    0   92   99    0    0    0    0   94  100   93    0   89    0    0   99    0    0    0    0    0   87    0    0    0    0   85    0    0    0   90    0    0    0   95    0   84    0    0   96    0    0    0    0    0   96    0    0    0    0    0    0    0    0    0    0    0    0    0    0    0    0   86    0    0  
   0    0    0    0    0    0   98    0    0    0    0   88    0   97    0    0    0    0    0   86    0    0    0   84    0    0    0    0    0    0   92   95    0    0    0    0    0    0    0    0    0    0   96    0    0    0    0   87    0    0    0    0    0    0   88    0    0   91    0   85    0    0   99   89    0   99    0    0    0    0    0    0    0    0    0   84   90    0    0    0    0    0    0    0    0   94    0    0    0    0    0  100    0    0    0   93    0    0    0    0  
   0    0    0    0    0    0    0    0    0    0   93   94    0    0   99   99    0   92    0    0    0   95    0    0    0    0    0    0   97    0   87    0    0    0    0    0    0    0    0    0    0    0    0    0    0   86    0    0    0    0    0   85    0    0    0    0    0    0   91    0   98    0    0    0   96    0   84    0    0    0    0    0    0    0  100   94    0    0    0    0   90    0    0    0    0    0    0    0   98    0    0    0    0    0   89   88    0    0    0    0  
   0    0    0    0    0    0    0    0    0   98    0  100    0    0    0    0   97    0    0    0    0    0    0    0    0    0    0    0    0   84    0    0    0    0    0    0   95    0   92    0   87    0   90   93    0    0    0   86    0    0    0   99    0    0    0   85    0    0    0    0    0   96    0   94   94    0    0    0    0    0    0    0    0    0   91    0  100    0    0   89    0   85    0    0    0    0    0    0    0    0    0    0    0    0    0    0    0    0    0   88  
   0   94    0    0    0    0   97    0    0    0    0  100    0   86    0    0    0    0    0    0   95    0    0   95    0    0   99    0    0    0    0    0    0    0    0    0   89    0    0    0    0   96   93    0   88    0    0   87    0    0  100    0    0    0    0    0    0    0    0    0    0    0    0    0    0    0    0   91    0    0    0   92    0    0   90    0    0    0    0    0    0    0    0    0   98    0    0    0    0    0    0    0    0    0   85   92    0    0    0   84  
   0    0    0   96    0    0    0    0    0    0    0    0    0    0    0    0    0   96    0    0    0    0    0    0    0    0    0  100    0    0    0    0    0    0    0    0    0    0   92    0    0   96    0    0    0    0    0   89    0    0    0    0   87   99    0    0    0    0    0   94    0    0    0   92   98    0    0    0    0    0    0    0    0   93    0    0    0   86    0    0    0   85    0    0   91    0   97    0    0    0    0    0    0   90   88    0   95    0    0   84  
  86    0   92    0    0    0    0    0   99    0    0    0    0    0    0    0    0    0   86   98    0    0    0    0  100    0    0    0    0    0    0    0    0    0    0    0    0    0    0    0  100    0   93    0    0    0    0    0    0   88    0    0    0    0    0    0    0    0    0    0   90    0    0    0    0    0   87    0    0    0    0    0    0    0   85    0   87   96   89    0    0    0    0    0    0    0    0   91    0    0    0    0    0   95    0    0   94   84    0   97  ] 
BUDGETS : [    1    2    4    7    9   11   13   13   16   20   22   24   27   33   34   34   35   40   41   42   42   43   45   47   47   48   50   51   55   57   59   63   63   64   67   69   69   71   74   76   79   79   80   80   81   85   86   88   96  100  100  102  103  103  103  103  108  109  109  109  110  110  114  118  122  122  124  124  125  127  128  128  129  130  131  133  134  136  139  142  150  151  157  159  165  169  175  180  181  181  186  187  187  188  193  193  195  195  197  197  ] 
