K : 100
I : 50
PREFERENCES : [    7   33   18   16    8   34   12   17   32   28   32   22   40   21    4   26   38    8    5   10    9   29   36    1    4    1   35   33   25   15   39   27   23   14    6    4   25   37   30   13   31   20   24   19   26    3    6    2   38   11  
  37   25   24   32   37   36   21   16    9    8    1   33   34   25    4   23   12   11   39   29   19   21    6   26    7   38    1   28   18   34    3   15   17   40   10   31   22   37    5   12   14   20    8   27   30   39    2    9   13   35  
  28   33   20   13   19   23   13   39    1   31    3   29   10   22   37   27    5   15    4   35   34    6   33   32   36    4    7   24   29    8   11   14    2   26   20    9   40   25   39   21   16   12   17   35   32   38    1   14   30   18  
  24   31    8    3   20   10    8   39   33   26   16    3   11    9   17   17   17   25   40   13   38   31   36    3    6   14    4   11   27   17   29    2    7   12    5   23   19   18   35   26   34   22   37   21   28   15   17   32   30    1  
   9   33    1   28   15   25   13    4   34   40   16    3   25    6   35   17   29    4   11   35   39   13    7   19   18    2   13   15   15   40   37   26   38   32   36   30   12   24    8   27   20   13    5   10   22   31   21   14   23   25  
  25   26   22   12    1   21   23    7   11   39   40   30   34   33   29    6    5    1   16   17   20   28   30   35   33   14   30   36   37    8   26   13   38   20   24    9   18   10   33   30    4   36    2    3   32   15   19   31   14   27  
  39   26    7   11   24   14   37   10   38    3    6    4   12   28   12   31   19    5   17   25    4   36   21   15   35   40   20    7    1   32   18   30    1   25   38   29    3   22    9   34   33   18    2   16   13   34   23   27    9    8  
  17   14   24   19   30   19    7    9   10   13   26   12    4    1   37   36   33   32   20   38   25   23    3   10    2   11    5   39    6    3   16   38    8   21   13   18   31   19   19   10   28   29   21   17   34   35   22   40   15   27  
  20   19   25    2   34    1   40   25    8    9   11   29   31   35    6   38   22   29   13   27   16   32   17   39   33   19   32    2   30   37    8    3   28   23   28   14    4   24   12    7   21   18   12   15   27   36   26   35    5   10  
  18   32    1    6   27   36   16   11   39   25   22   40   21   26   30    3   28    8   13   29   35   33    2   37   38   24    5   39    4   13   40    9   15   28   22   10   12   31   12   34   14    4   19   23    5   20   17    9    7   39  
   6   32    9    1   26    9   20   27   14    4   39   17   38   10    4   15   37    2    5   20   26    8   35    8   29    7    3   31   29   25   12   18   22   32    9   36   11   23   38   24   33   34   13   28   40   16   19    8   21   30  
  34   13   20   10   22    4   24    5   29   16    3    1   12   22   32   33   30   38    6   28    8   18   31    9   35    7   23   39   17   21   36   37    2    2   16   15    2   34   14   40   25   26   36   38    4   19   11   20   27   11  
  33   24   26    7   23   35   23    3   16    2   37   38    1    5   32   34   32   38   30    8   10   18   20   38   25   14   31   29   25   36   27   21    4   12   22   15    9   13   39    6   26   13   40   11   13   23   28   17   19   32  
  38   29   27   36   31   32   11   16   18   16    7   18   19   33   22   38    4   17    6   12   24   34   14   40   20   36   21   28    2   35   18   18   37   26    9   36   10    3   29   23    8    7   39   15   10   13   30    5    1   25  
  30   37   28   19    5   36   13    6   26   14   20    3   23    1    7   31   22    5   27   37   21   25   38    9   16   35   21   17   32   10   18   34   23   12   40    4   33    8   19   27   31   29    2   32   24   39   11    4   21   15  
   8    7   21   10   38   36   14   17   35   33   40   11    9    8    4   18   16   29    2   12   13   15   23   22    6   18   14   25   20   14   34   28   24   32   11   13   20    1    5   40   39   19   26    3   37   27   31   34   30   10  
  34    5    7   14    3   19   37   22    2    8   12    1   30   39   13   24   36    9   38   20   20   29   40   21   35   33   20   27   25   10   15   15    6   28   11   21   26   19    7   38    4   32   37   12   30   18   17   16   31   23  
  17   22   26   20   24   37   25    1    8   19   10    3   11   23   32   29   35    4    9    2   35    3    7   13   14    8   39    6   38    9   40   16   15   36    5    8   27    3   31   12   21   22   37   28   18   30   34   33    9   36  
   4   40   34   20    8   38    8   15    2   36    7   31   14    5   24    2   13   12   26   35    9   19   39    6   27   10   14   18   29    1   12   17    2   16   23   22    1   30   32    2   21   11   33   28    8    2   25   37   29    3  
  16   27   17   35   25   27    1   28   39   26   37   11    3   22   23   34    7   20    5   32   15    5    4   16   29   18   34    2   14   34   13    9   33   31    3    6   10   30    7   19   36   24    8    2   18   38   12   34   40   21  
  11    9   26   13   13   16   34   29    5   25    3   37    1   28   40   18    7   27   23   26   10   33    8   35   17    6   22    2    5   31   29   23   15   21   32   36   38   17    9   12   19    9    4    3   14   39   30   20    3   24  
  27   23   37   10   26   18   34   40   40   17   26   19   12   33   15    7   31   11   22   31    5    1   29   20   39   22   40   24    9    6    8    2    4   13   23   32   16   38   35   28   36   13   25   26   11   30   21    3   14   18  
  36   30   28   18   14   17   32    3   15   37    4   38    1   12   19   33   31   16    6   25    2    9    7    3    3   35    5   10    8    4   18   26   22   29   23   11   11   39   27   40    1   20   13   24    2   20   20    2   34   21  
  31   13    7   37    6   25   34   37   24   28   25   15   12   26   37   40   20   26   37   27   35    9   19   11   10    3   21   30   33   14   39   17   16   36   24   22   16   32   38    2   14    8    1   29   23   11   24    5   18    4  
  11   35    4    3    5   10   21   16   31   25   28   15   22   20   14   18   26   12    6   18   38   37   24   36    7   40   23    1   26   21   37   13   12   39   17   33   18   29   34   20   30    2   32   21   37    8    9    6   27   19  
  19   39   22   38    2   28   16   30   18   23   25   35   19   20   24   40    9   27   34    7    1   29   26   33   31   32   14   27   35   29   36   13    3   33    3    8   17   12   35   21   10   22   15    4   37   31   11    5   19    6  
  34   28   27   40   10   40   39   18    7    4   29    3   16    4   21   25    1   35   37   14   18   13   19   17    7   33   24    9   25   13   12   31    2    5   32    1   11   18   30   23    5   20   15   38    8    6   36   26   22    4  
  16   28   10   22   31   17   21   26   35   28    5   20   25   38    6    1    7   29    8   14   32   23   34   24   32   39   18   33   12   27    4   11   30   40   14   36   37   26   21   23    2   19   25    9   25   20   13    3   15   21  
  11   15   37   10   28   29    7   23   20   30   13    2   33   19   16   12    5   34   22   35    7   40    4    9   21    2   20   17   31    3    1   32   29   36   14   26   27   18    7   16   39   38   25    6   13   10    5   24   32    8  
  12   17    7   31   28    8   34   31   14   37   20   36    5   26   21   28   18    6   27    2   35   23   40   35   24   19   32   10   39   16   15   22   21   25   13    1    3   29   21   31   30   26   33   21   38   15    4   24   11    9  
  19   29   40   17   21   10   16   11   36   36    8    2   11   23   28   36   22   28    1   37   13    2    8   27   30   24    7   12   25    6   18    9   14   12   39   20   32   24   35   15   31    3   25   34   26    5    4   38   33   34  
  28   22   40   29   35   20   18    4    7   34   33   14   26   36    9    5    7   13   34   11    6   24   30   32    1    4    2   35   39   12   17   21    8   19    4   15    9    3   38   27   14   31   23    9   16    7   12   10   37   25  
  26    1   12   17   29   22   11   26   40   25   27   10    8   35    9    4   18   23    1   30   16    7   32   36   15   14   24   19   31   28   40   38    3   20   21    2   33   35    6    9    5   26   36   37   25   39   18   34   13    8  
  15    5    6   13   10   36   33   15   26   27   36   25   38    7   32   37   40    2    4   18    8   17   28    6   24   19   19   35    9   29   12   30   34   19   20   21    1   14   11   39   22   16   39    3   37   23    8   37   34   31  
  30   24   27    8   24    1   36    6   35   25    9   38   34   16    8   36   33    2   11   19   32   27   21   36   23    4    3   22   26   10    7   15   28    9   39   31   30   13   14   17   20   12    8   18   37   27   29   15    5   40  
  19   22    9   14   34    2   15    2   10   23   33   18   17   31   16   31    8   36   38   12   39   28    1   32   13   35   32    2    5   30   26   24    2    2   17   29    6    5    4   25   40    7   36    3   27   20   11    1   21   37  
  30   12   23    1   21    8   22   28   34   25   13   11   40   24   34   17    9   22   35   19    2   16    5    4   32   10   29   38   12   20   22   33   14   11   12   27   15   34   31   18   40    3   36   39   26    7    6   15   24   37  
  25    1    3   30   35    5    2   19    7   18   13   11   10   32   26   23   36   14   28    9   28   20   16   24    4   33   17   40   22   12   32   28   19   29    4   28   34   38   39   27    6    4   31   15   21   18   33   16    8   37  
  38   23   22   20    6   15    5   27   40   32    7    7   37   38   24   13    9   36    6   16   30   24   25   17   29   14    3   28   10   19   19   35   21    7    1   30   11    4   18   19   33    6   31   34    2   26   39   12    8    7  
   4   20    9   37   36   34    3   37   18   16   35   10   30   38   24   29   36   40   21   31    7   39   23    8   23   26   27    6   22   11    1    2   25   14   32   38    5   12   13   17   19    1   33   32   38   14   15   28    7   18  
   9   11   31   10   28   18   13    1   15    6   27   12   23    3   16    1    1    6   30    8   21   17   36   33   40    4   37   24    2   23   35   20    7   26   25    5   34    6   14   32   29   39   23   19   27   40   22   28   34   38  
  30   11   25    6   18   16   32   27   40   22    9   15   20    1   33   17   37    7   35   36   38   23   17    4   31   20   21    5   34   12   10   13   28   10   10   26   19   24   14    8   32   37   34   38   29    2   39    3   16   10  
  29    2    3   22   19   33    4   31   16   15   25   39   20   26    6    9   32   13   19   18   11   10   27    7   37   30   14   35   14   40   11   10   24    9   36   17    5   21   17   34   33    8   38   24    1   12   32   14   23   28  
  24   22   33    6   12   19   33   15   10   22    5    9    4   35    2   31   16   11    4   17   36   30    5   11    7   28   28   32   18   27    1   24   13    8   15   39   37   34   26   14   40   20   25    3   29   38   21   23   20   37  
  13    1   17   14   23   17    9   40   30   23   14   21    8   35   39   29   37   17   38    6    7   28   25   24    3    4   11   10   34   31   22    1    5    2   15   27   18   26   25   19   26   36   27   32   20   16   29   33   12   16  
  10   29   13   29   32   31   23   39   12   33   19   34   13   37   28   23   27   35   11   17    2    1   38    5   21   26    7    1   29   16   20   36   24   22   25   13   34   15   31    9    8   18    3   30   40    6    4   14   17   10  
  38   10   30   15   11   33   35   27   14   37   29   25   36   16   21   34   40   28    1   32   17   11    7   40   27   18   19   27   26    2   15    4    9    6   22   34   31   39    7    8    5    3   23   24   20   39   12   13    4    4  
  30    9    8    1    6    4   12   34    2   21    8   38   32   18   19   16    3   17   40   29    5   36   28   20   14   23   35   22   27   26   18   13   15   11    3   31   33    9   24   36   38   25   36   37   10   37    7   39   13   38  
  28   10   17   37   24   24   21   25    4    3    7   17   24   33   16    9   23   24   25   32   38   26   14   36   15   22    5   20   29   31   13   40   38   18   12    2    1   34   19   30   11   37    6   39    5   24   35    8   18   27  
  10   37   26   20   13    5   10    3   22    7   31   17   34   29   16    1   23   11   21    9   30   35   14    2    4    3   33   14   29   27    8   27   26   38   25   39   19   17   18   37   32    6   40   27   32   24   36   28   15   12  
  32   39   31   18    2   30   17   25   27   20   26   13   15    6   21   14    4   38    8   28    9   15    3   36   10    9    7   33   30    5   29   35    9   30    2   37   12   40   16   36   22   23   22   21   34   39   19   24    1   11  
  10    9   12   31    8    2   19   26   32   20   11   37   33   29    9   25    5   35   21   13   39    3   23    6   40   11   15   16   36    4   17   14   39   26   18   30   28   38    1    4   22   25   17   24    7   31   25   27   34    1  
  35   14   20    1   27   30    4   33   32   21   28   26   39   40   18   12   15   11   24   22   17   13   18    8   16   23   10   25    9    6    7   19   15   34   36   38   34   35   31    3   38   18   15   24   37   29   37    2    7    5  
  36   28   29   22   31    8   40   20   17   18    1   21   24   27   10   37   29    6    2    7   11   35   38   32   16    9    4   26   15   13   24   27   23    3    5   25   30    6   12    2   34   39   26   35   27   33   29   19   14    1  
  22   25   38   12   11   40   18   35   39   40   28   39   29   16   32    2    6   27   31   14    4    5   37   20    8    7   36   11   26   25   15   30    1   10   19   33   28    9   25   23   29   32   20   13   21   16    3   24   17   34  
   4   37   31   17   38   16    9   10    2   23   11    6   34   26    3    1   28    1   37   12   29   14   22   32   19   20   28   36   21   18    5    7   30   39   15   35   33   27   16   36   36   24   25   17   13   30    8   21    8   40  
   2    3   36   19   38    1   36    2    9   13   20    1   22   29    2   30   33   21   31   37   30   14    5   15   27   24   10   35   24    4    6   39    8   34   28    7   11   18   26   32   17   19   35   34   23   12   10   16   25   40  
  32   34   24    8   38    9   36    1    2   33   11   39   27   19    7   25    9   20   13    7    6   37   12   30   14   10   36   23   18    8   22    4   15   39    3   35    9   16   40   21   13   28   17   31   29   10    5   26   19   11  
   1   19   27   21   40    5   37   16   25   15   34   32   13   31    4   20   14   33   17   25   23   12   10    3   39    6   26    5   38    9   36   30   29    2   24    9   38   22    8    2   35   18    7   16   25   23   11    6   35   28  
  23   21   37   15    6   20   38   14    7   26    5   35   12   22    8   34   16   30    4   40   11   39   10   13    2   32   25   33   29   25    5    3   19   32    9   27   26   26    1   15   19   18   31   32   21   25   17   28   24   36  
  28   36   38    4   10   22   17   37   24   25   11   13   29   35   31    8    8   31    7    3    9   16   26   36   30   39   12   20   33    6   27   23    1   40   11   39    4    1   18    2   21    5   15   19   34    4   14   11   28   32  
  15   15   13   11    1   14    2   12   38    4    5   27   34   21   39   23   30   36   28   33    8   15   25   29   33   32   16    3   32    7   18   10   24    9   31   20   16   19   17   22   22   37   30   40    6   30   23   26   35   40  
  32   30   19    1   23   11    5   15    7   37    2    3   26   34   28   19   23    9   14   21   33   10   29   38   36    8    9   25    6   25   12   38    4   35   24   14   18   39   29   27   31   25   40   16   17   36   13   22    7   20  
   1    7   31    5   15   39    4   16   25   22    2   13    9   12   34   24   40   38    7   35   18   29   32   20   27   26    9    8   33   33   10   37   36   11   17   10   23   33   19    6   28   18   12   28    3   14   21   12   30   28  
   2    5   32   20   10    8   40   37   15   22   29   14   19   30   16   40   26   25   18    6   13   12    6   39   28   11   21   24   39   20   17    9   38   40   24    7   23   26    1   33    4   35   36   26   32   27   34   17   31    3  
  10   34   27    1   39   29    8   18    1    9   25    2   24   13    2   20   14    9    6   28   12   35   23   40   32   38   24   21   29   16   15    2   30    7   33    5   37   12   36    9   19   31   22   12   26   17    3    4   11   27  
  30   39   40   34   33   15   36   28   13   21   16   19    4   32    6   26    3   18   11   37   19   32   40   30    9   10    5   35   22   20   12   13   23   17   24   38   14   18    1   15    7    8   23   19   27   29   25   13   31    2  
  14   10   28   18   37    2   22   33   11   33   26   19    4    4    8   15    5   19   39   32   23    3   38    3   24   40   16   30   39    1   20    7   39   35   25    9   23    7   34   39    6   31   13   27   12   36   21   17   37   29  
  14   31   29   10   16   26   15   11   21   23   34   24   12    1   20   31   19   37   24   34    7   20    3   17   30    9   38    8    6   10   27   36   25   39    2   26   10   18   13   33   32    1   14   35    5   23   28    4   40   22  
  12    7   29   19   35   24   18   11   10   33   38   13   31    3   20    5    9   17   27    8   15   30   28   16   36   27   32    9   34   39   31   28    3   26   40   14    2    4   22   15   23   37   24   25    8    6   22    1   27   21  
  27   31   26   32    6   40   40   33    3   39   24    9    4   10    8   25   35   23   38    2    7   40   21   32   18    3   29   15    3   28   17    1   19   16   14   32   37   12    8   34   30   34   13   36   32   20   11   10   22    5  
  40   25   33   29   28    5    1   32   30   22   17   18   31   16   23   29   11    8   39    7   30   13   24    4   10    2    6   27   40   37   22   36   15   25   12   10   20   29   19    3   33   19   30   34   35   21   14    9   38   26  
   2   34   20   37    3    5   33    5   16   25   22   30   29   15   27   21   40   12   10   35    9   34    7   36   19   11    8   13   23    6   25   28   31   14   25   38    2   36   25   34   26   18    4    1   32   39   24   24   37   17  
  11   12   29    9   24   21    1   32   23    2    5    1   18   21   39    4    3   37   27   19   34   13   10    7    8   17   22   32   26    6   36   40   18   35   14   20   38   18   17   31   19   25   35   16   18   30   28   33   15   10  
  10   23   29   30    4   39   40   28   36   32    3   17   28   11   14    7   13   21   33    6   15   18   25    1   38   34   24   35   16   23   12    8   37   12   17    9   19   28   20   28   27   12    5   26   37   22   31    2    8    7  
  36   22   19   31   30   38   21   14   38   24    3    4   28   23    9   27   10   40   17   18   19   12   25   33   39    1   37   29    6   26    2    6   13   18   37    1   35   32   15   31   16   21    5    7   28   11   34   33   20    8  
   3   22   23   10   27   34   15   25   30   26   38    7    9    2   19   28    7    1   12    7   29    8   11    5   20   14    8   34   31    3    4   11   37   24   17   16   38   35   18    6    9   21   11   32   36   27   13   40   39   33  
  18   11   17   29    6   36   21   27   33    3   28   10   14   16   37   32   12   29    8   10   13   19   35   31    1   23   24   15   26   22   24    4    5   35   25    7   20   30    6    9    5   19   40   34    2   29   39   29   24   38  
   7   18   28   13    3   31   37    8    4   14   11   23   12    4   36   15   34   22   18   20   25   32   33   16   21   35   10   26    5   16   30    9   22   19    2   29   38    6   27   23   24   39   38   24   40   11   15    5    1   17  
  37    5   27   36   13   11   32   13   33    2    6   22   14   26   36   11    3   39   25   18   16   17    7   28    9   21    3   24   11   10   35   29   23   15   24    8   12   34   19   40   14    1   33   31   38   30   10   27   20    4  
  12   27   17   19   20   35    1   29    1   22   13   24   30    6   28   21   20   35   40   36    7   31    3   37    9    2   32   39   26   29   27   25   11   29   13    8   38   33   18   23    5    4   10   29   34   14    6   16   15   40  
  14   16   35   33   24   34   22   23   13   26   40    9   37    3   39   29   37   38   35   28   10   23   17    6   32   30   18   19   12   36    2    8   35    9   37   12    9   20   21    9   32   15    5    7    4   11   25    1   31   27  
  26   16   36   10   18   31   10    2   17   33   38   12   19   21   36   39    6   32   13    9   21    1   40   34    5   38    4   27    3   15   30   20   35   29   25    1   22   28   14    7   24   21   37   39   23    9   27   11    8   36  
  15   27   14   30    1    4   13    8    8   18   20    2   23    6    9    3   31   37   11    7   15   26   17   29    8   22   34   16   17   21   33   10   12   28   35   19   35   10   24   36   38   40   31   32   19    5   32   39   22   25  
  23    1   37   24   16   19    2   39   32    6    7   40   32    1   25   17   30    4   27   32   16   17   34   12   29   20   11   35   40   15   28   14   36   22    5    3   38   36    8   33   10   18   20   34   13   25    9   21   31   26  
   2   16   11   20   21   30   38   39    9   14   22   40   35   10    7    6   37   36   27    2   12   15   18    7    8   38    8   10   31   19   28   13    3   29    5    4   16   34   17   24   32   25    1   11   23   33   15    2   26   10  
  38   36    6    6   21   22   12   23    4   33    8   24   15    6    9   19   18   26   28   39    5   16   35   37   32   20   35   15    3   29   39    7   40   11   17   27   10    2   23   33   30   13   15   34   14   16   31   25   35    1  
  32    1   40   14    3   20   18   40   19   38   34    2   39    8    1   21   30   29   10   22   24    4    6   15   39   27   12   28   29   33   31   17    5    9   38   16   23   27   35   25   16   26    7   19   28   22   36   13   11   37  
  30   13    9    7   40   39   21   36   12    2   14   38    8   32    1   28   16    2    5    8   34   19   37    3   28   26   33    3   24   17   26   23   22   26   10   31   35   15   20   25   11   11    4   21   34   29    6   18   14   27  
  36   20   21   35   22   12   13   11    4    7   29   19   15   11   38   10    3   18    5   26   30   36   39   28   14    8   34   28   24    2   40   16   27   38   32   31   39   25   17    6   33    1   19    9   32    5   33   37   10   23  
  36    6   28   23   38   27   12   10   27   27   20   22    9   25    3   29   21   24   15   37   26   15   35   30    2   32   11   39   18   40   16   13   37    1   33   26    4   38    5   14   17    8    7   22    7   14   30   34   19   31  
  31   25    1   40    2    6    9   37   36   38   27   12   15   11    3   14   23   16    7   25   35   28   22   34   10   32   30   13   27   38   39    4    8   19   31   17   23   26   13    8   19   21    2   33   34   29    5   24   18   20  
  10   32   39   36   14   26   16   28    5   11    6   38   13    8   23   20    4   28   34   33   21   23   18   35   28   19    9   15   25   18   31   26    7   34   17   37   40   12   12    2   24   32    1   30   29    3   27   22   29   14  
  14   35    2    8   10   33   12    9    3   28   36   34   20   27   17   30   13    5   17   32   38   10    7   18   33   37    4   21   11   12   10   24    6   29   39   35   29    7    1   40   31   16   23   26   37   15   25   34   19   22  
  22    9   35    1   40   25   30   14   34   38   13   12   39    2   11    3   35    6   28   13    7    7   36   32   22   20   16   13   10   37   19   39    4   34    5   33   18   31   15   36   27   23   17   21   24   29    8   29   26   38  
  10    1   26    8   12   15   18   11   24    4   38   21    3   16   14   31   27   13   20    4   19   39    6   28   22   11   37   31   12   25   36    2   20   10   34    7   40   22   33   29   17   23   32    9   22   35   15   30    5   40  
   4   11   15   40   22    1    1    9   23   21   10   14   40   26   13   27   20    5   35   33   32   38   17   36   37    2   11   24    8   16   28   29   33    7   18   34   24   12   31   25   30   39   35    3   19    6   30    8   23   14  
  30    4   37    5   10   14   40   22   28   30    5    7   36   30   20   24   15    8   34   33   19   25   16    6   26   16   13   15   35   38   31   19   32   11    1   35   27   39   15   21    2    9   17    5   23   29   18   12    3   12  
  12   19   36    8   31   29   11   33    4   24   36   37   21   26   40   34   14    2   23   23   35    1   20    8    6   33   12   25    6   38    3    9   28    5   27   12    4   13    7   39   18   10   15   17   16   32    6   30   40   22  
  14    9    1   30   28   35   36   11   12   29   10   19   21   20    8   13   15   22   16   24   33   29   27   30   23   31   28    4    3   23   27   33    2   18    6    7   31   38   39   40   32   25   37   15   23    5   26   23   34   17  ] 
BUDGETS : [    2    4    7   10   11   12   13   15   15   17   17   18   19   24   27   28   28   29   33   39   43   45   45   48   50   50   59   60   60   65   67   70   71   72   73   74   76   78   79   80   81   84   86   86   94   95   96   96  100  100  102  105  109  111  112  116  122  123  124  129  132  135  137  138  142  143  145  146  147  147  148  152  152  152  154  155  155  156  158  159  161  163  166  170  176  181  183  184  186  187  189  190  191  194  194  196  199  199  199  200  ] 
