K : 50
I : 50
PREFERENCES : [   39    0    0   50   50    0   40    0    0    0   41    0    0    0   44   36   36   48    0    0    0    0    0   38    0    0   42   37   45    0    0   37    0    0   42    0    0   37    0   46   40   42    0    0   43   49   47   44   45   36  
   0    0   36   42    0    0    0   37   47    0   42    0    0   44   43   42    0   39   37    0    0   50   45    0   41    0    0   48    0   41    0    0   43    0   44    0   38   42   44    0   40   38   39    0   46    0    0    0    0   49  
  36    0   40    0    0   42    0    0   38    0    0   43    0   37   50    0   47    0    0    0    0   44   36   41    0    0   40    0   48    0    0    0   37   48    0   37    0   39   43    0   46    0    0   36    0   49   45   47   43   36  
   0   47   41    0   47    0   42    0   47   37   39    0    0   50   38   47    0    0    0    0    0   39    0   48   45    0   50   44    0   46   37    0    0    0    0   36   38    0    0    0   40    0    0   49   43   41   37    0    0   50  
   0    0   38    0    0    0   45   36    0   46   41    0   40    0    0    0    0   44    0   37    0   48    0    0    0    0   46    0   38    0   47   45    0   49   40    0   42   45   50   38    0   43    0   39   49   43   38    0    0   44  
  37   45    0    0    0    0    0   41    0   49    0    0    0   45    0   40   44   43   47    0    0    0    0   46   38   37    0    0   47    0    0   44    0    0   39   47    0   36   37   45   39   50   40   42   48   39    0    0    0    0  
  36    0   44    0    0    0   44   37    0   46    0   39    0    0   45   41    0    0   38   38    0   42    0   36   39   38   37    0    0    0    0   40   47    0   36   41    0    0    0    0    0   49   50   46   48    0   43    0    0   36  
  41   44    0    0   50    0   46   46   38    0    0    0    0    0   47    0   43   39   36   38    0    0   39    0   45   38   43    0    0    0   48   37   45    0   42   44    0    0    0    0   37    0   49   40    0    0    0   47    0   46  
  46   50    0   49    0   43   46   39   47    0   45   43    0   39    0   38   37   44    0    0    0    0   41   36    0    0    0   42    0   43   43    0    0   46   46   38    0    0   40    0    0    0    0   48    0    0    0    0   36   38  
   0   37    0   36   44   47   44   39    0   40   40    0   48    0   36   44   37    0    0    0    0    0   50   38   45    0   44    0    0   38    0    0    0   41    0   48   42    0    0   46    0   36    0   41    0   43    0    0    0   49  
  39   38   43    0    0    0   48    0    0    0   45    0    0   47   44    0    0   40    0   39    0   39    0   44   45    0   44    0    0   40   50   37   48   46   39    0   41    0    0   49   48    0   36    0    0    0    0    0   42   41  
   0   48   47   46    0    0    0    0    0    0   42    0    0   47   40   43   47   37    0    0    0    0   41   50   37   46    0   36   45    0   48   44    0    0    0    0   50    0   43    0    0    0    0   43   49   41    0   39   46   38  
   0    0   50    0    0    0   42   39   37   44   49    0    0    0   42    0    0   39    0    0   38    0   48   48   39    0   41   45   40   36   42    0    0    0    0   50   47   50    0   43   40   37   42    0    0    0   46    0    0    0  
   0   44    0    0    0   49    0   50    0    0    0   40   44    0   37    0   42    0    0   44   41   46   50    0   38   37   43    0   47   44    0    0    0   37    0   50    0    0    0   48   36   45   37    0   39    0   42    0   50    0  
   0    0   43   37    0    0    0    0    0    0    0    0   38    0    0   46    0   45   48   42   47    0    0   44    0    0    0    0   41   40    0   36    0   39   48   48    0    0   39   50   39    0   49   45   48   46    0   39   42   42  
  36   47   50    0   46   39   45   37    0   43   43    0    0    0   42   40   44    0    0   47    0   38    0    0    0    0    0   41    0   40   48   46    0    0    0    0   43   45   45   38    0    0   49   50    0   45    0    0    0    0  
   0    0    0    0   48    0   44   43    0   43   36   45    0    0    0   43    0    0    0   39    0    0    0    0    0    0   43   43    0   41   38   47    0   46    0    0    0   46   39   42   37    0   43   41   39   41    0   50   49   40  
  43   42    0    0    0    0    0   42    0   45    0    0    0   47   50    0    0   50   42   40   42    0    0    0    0   49    0   41   36   46   39    0   46    0   42    0    0   45    0    0    0   48   38   46   44    0   37   44    0   40  
   0   39   45    0   36    0    0   50    0    0    0   49   37   45    0    0   40    0    0   48   42   39   46    0    0   43    0    0    0   36   41    0   36    0   47   46   36   40    0    0    0    0   46   50    0   38    0    0   38   44  
  42    0   37   36    0    0    0    0    0    0    0    0   39   37    0    0    0    0   50    0   41    0   41   48   38    0   39   49    0   49   44    0    0   47    0    0   41   49   45   43   39   41   49    0   46   40    0   40    0    0  
  37    0    0   39    0   42    0   40   49    0   50   37    0   43    0   41    0   44   46   49    0   47    0    0    0   44    0    0   43    0    0    0   36    0   48    0   38    0    0    0    0   48    0   47   50   44   37   45    0   39  
   0   38   48    0   46    0   39    0    0   44    0   50    0    0   41    0    0   40   42   47   49    0    0    0    0   49    0    0    0   41   43   44   49    0   37   41    0    0   36    0   42    0    0    0   45   49   41   48    0   36  
  36    0   41   49    0    0   40    0    0    0    0   48   40    0   42    0    0    0    0   49    0   40   45    0    0   39   47    0    0   40   49   42   42   50    0    0   43   38   46   43    0    0    0   45   37   41    0    0   44    0  
   0   45    0    0   39   44    0   49    0   42   46   38   39   38   39   48   39    0   50   47    0   48   39    0    0   40    0    0    0    0    0   41   36   37    0    0    0    0   41   39    0   43   37   49    0    0    0    0    0    0  
  49   42    0   39    0    0    0    0    0   48   48   37   45    0   46    0   40    0   47   47   47   41   47   39    0    0   44    0   43    0   50    0    0    0    0    0    0   47   38   47    0    0   38    0   36    0    0   47   48    0  
  38    0    0   43    0   48    0    0    0    0   46    0    0   36   38    0   47   39    0    0   48   37   39   44    0   46    0    0    0   40    0    0    0   39   45   50   41    0    0   42    0    0   41   39   46   40    0    0   38   49  
  36   41   37    0    0   38    0   49   48    0   40   43   42   47    0    0   39   38    0   43   41   44    0    0    0   37    0    0    0    0    0   43   38   46    0    0   37   45    0   50    0   37    0    0   37    0    0   39    0    0  
  37   50    0   50   48   36   36    0    0   40    0   44    0    0   38   47   39    0    0   45    0   36    0    0   41    0   39    0   47   49   46    0   49   49   37   43   43    0    0    0    0    0    0    0    0   42    0   46    0    0  
   0    0   37    0   50    0    0   40    0    0    0    0   44   43   46    0    0    0    0    0   47    0    0    0    0   39   49    0   37   46   39   45    0   48   43   42   41   48    0    0   40    0   44    0    0   46   36   38   40   43  
  37    0   45    0    0    0    0   39   44    0    0   47   46    0   48    0   38   43    0   36    0    0   50   43   48   48    0    0    0   49    0    0   42    0   49   50   49   47    0    0    0    0   49   37    0    0   37   40    0   41  
  39    0   49   36    0   46   40    0   49   41   40    0   37    0    0    0   48   40    0    0   36   44    0    0    0   49    0   50    0    0   38    0    0   48   36    0   47    0    0    0   45   39   44    0   42    0   38    0   43    0  
  42    0   42    0   37    0   38   39    0    0    0    0    0    0    0    0   36   47   48    0    0   40   47   45   48   48   50   47   47   46   41    0    0    0   50   49   42   49    0    0    0   42    0    0   43    0   44    0    0    0  
   0    0    0   46   37    0   39    0   50   48    0   48    0    0    0    0    0    0   44    0   36   41   37   37    0   46    0    0   42   47   43    0   45    0    0    0   38    0   45   37   37   50    0    0   40    0   49   48   48    0  
  44    0   36   42   38   48   46   39   40    0   50    0   49    0   43   36    0    0    0    0    0    0   43   45   45    0    0    0   37   41    0   48    0    0    0    0    0    0   47   36    0   46    0   45    0   42   41    0   49    0  
   0   46    0   43   37    0   44    0   37    0   42    0   38    0   40   36    0   47   47   41    0   45    0    0    0    0   37    0    0   38   40    0   44    0    0    0    0   44   50   39    0    0   43   47   37   49   48    0    0    0  
  39   40    0   39    0   46    0   36   37   45   43    0    0    0   38    0    0   43    0   43    0    0   40    0   44   50    0    0   38    0   43    0   50   38   48   40   47    0    0    0    0    0   41    0    0    0   43   42    0   49  
  37   38    0    0    0    0   46   47    0   37    0    0   43   44   36    0   42    0   47    0    0    0   39    0   42   41    0    0   47    0   40    0   48    0   48    0   39   48    0    0   41   46   50    0   50   45    0    0    0   49  
   0   46   49   45    0    0   40   41    0    0   43    0   47    0    0    0   49    0    0   47   44    0   37    0    0   47    0   42   39    0   45   50    0    0   46    0   38   48   45    0    0    0   50    0   36   45   47    0   41    0  
  46   47    0    0   47   44   39   37   38    0    0   47    0   49    0   42    0   49    0   41   40    0    0   43    0    0    0    0   49    0   48   36   46    0    0    0   47    0   44   47   45    0    0    0   50    0    0   36    0   46  
   0   38   46   44    0    0    0   41    0   37   38   50    0    0   49    0   36    0    0    0   39   42   36   45    0    0    0    0    0    0   40    0    0   49    0    0   36    0   48    0   46   38    0   47   36   38   43    0   43   39  
  40    0    0    0    0   37    0    0   45    0    0    0    0    0   44    0   45   43    0   36    0   49   44   45    0    0   44    0   48   39    0    0   47   41   50   49    0    0    0   46    0    0   40   49    0   45   38   45   44   42  
  47    0    0    0    0   44   48    0    0   36    0    0   49    0    0   49   41    0    0    0   46   40    0    0    0    0    0   36   50    0   44   49   43   49   42   44    0    0   39   42    0   42   38   37    0   36   45   49    0    0  
  47   43    0    0   40    0   41    0   47   37   50    0    0    0    0   43   44   46    0    0   39    0    0   47   39    0    0    0   42   48   36   38    0    0    0   49   39   50   37    0    0    0    0    0   45   46   41    0    0   40  
  36    0    0    0    0   38   39   41    0   41   48    0   43   45   50   40   47   40    0    0   43   46    0   37   45   39    0   40    0    0    0    0    0   42   39   39    0    0    0    0   41   44    0    0    0    0    0   36    0   49  
   0    0    0    0    0   43   37    0    0   47    0   41    0   48    0   40   43   50   48   48   49   49   42    0   49    0    0   48    0   49    0    0   36   43   46   39   48   44   43    0    0    0    0    0    0    0    0    0   38   45  
  48    0   39    0   41    0   48    0   50   45   39    0   38   39    0    0    0   48   42    0   48    0    0   37    0    0    0   44   37   40    0   43   49    0    0    0   41   40    0   50    0    0    0   46   36   47    0   40    0    0  
   0   40   39    0   44    0   48   41   45    0   48    0    0   41    0   40    0   37   47    0   50    0   36   48    0    0    0    0   47    0   40    0   41   43   50   46    0    0    0   38   47    0    0    0    0   48   42   49    0    0  
  42    0    0   48    0   36   39   38   42   41    0   47    0   44    0    0   38    0    0   40   38   43    0   49    0   46    0    0   43   40   37    0    0   41    0    0   38   41    0    0    0   50   42    0   45    0    0    0   40    0  
  48    0   46   48   44    0   46   47   38   37    0   46   40    0    0   46    0    0   45   37    0    0    0    0    0   39    0   49   39    0   41    0   36    0    0   49    0   43   45    0    0    0    0    0   42    0   40    0   50   50  
   0    0    0    0    0    0   39    0    0   45    0    0   37   48    0   43    0   50   44    0   45    0   40    0   40   38   45    0    0   45    0   41   45   48   42    0    0   45    0    0    0   44   45   48   36    0   47   46   49    0  ] 
BUDGETS : [    1    2    3    9   11   13   13   14   18   21   29   29   30   30   33   35   38   44   44   46   46   47   49   54   55   59   61   63   64   65   67   68   68   69   69   71   74   77   78   83   84   84   87   88   88   91   94   95   97   99  ] 
