K : 150
I : 75
PREFERENCES : [   44    0   46   75   57    0    0   42   64   69    0   43    0   68    0    0    0    0    0   62   67   64   66   58   51   65    0    0   72   47   55   52   73   45    0   59    0    0    0    0    0    0   48    0    0    0   41    0    0    0    0    0    0   49    0   50   73   61    0    0   60    0   70   61   56    0   74   63    0    0    0   71   54   53    0  
  50    0    0    0    0    0   46    0    0    0    0   71   48   53    0    0   51   59    0   64   72   44   74    0    0    0    0    0   44    0   45    0   63    0   56   60   52   62    0    0   49   68   73    0   47   43   61    0   69    0   63   67    0   71    0    0   41   54    0   65    0   42    0    0    0    0   58    0    0   70   75    0   57   55   66  
   0   48    0   75    0   68    0    0    0   60   54   42   49   57   43    0    0   49    0    0    0    0   62   47    0   65    0    0   73    0    0    0    0   61    0   64   71    0    0    0    0   55   70   69   52   63   44    0   56   67    0   41   74   53   72    0    0   66   57    0   46    0    0    0    0    0   45   47    0   51   50   59   58    0    0  
   0    0   57    0    0   64    0    0    0   70   62    0    0   67    0   58    0   53    0   50   52    0    0   71   42    0    0    0    0    0   69    0    0   65    0   48    0    0   72   69   41   63   61   68   47   74   45    0    0   59    0   45    0    0   75    0   66   47   55    0    0    0   49   43   51   60   56    0   44   46    0   54    0   73    0  
   0    0   54    0    0    0    0   68   73   45    0   70    0    0    0    0    0    0    0   58   47    0   50   41    0   73   59   48   56   71    0   74    0    0    0    0    0   63   58   57   75   72   64   66   65   67    0   53    0   55   43   46    0    0   60    0   68   62   44    0   69    0   49    0    0    0    0   51   42    0    0   52    0    0   61  
  70   47    0   61   75    0    0    0   63   65   54    0    0   66   57   62   71   52    0   43    0   46   55    0   64    0    0   50    0   67    0   63    0    0    0   48   53    0   60   49    0    0    0   68    0    0    0   72    0   42    0   54    0    0   58   45    0    0    0   59   56   59    0    0    0    0   74   44   41   73   51    0    0   69    0  
   0   46   54    0   63   52   41   64   62    0   50   49    0    0   47    0    0    0    0    0   74   51    0   58   55   56   44   59    0   71   65   72    0    0    0    0   64   68   45    0    0    0    0   60   66   69   75    0   43    0    0   70   48   57    0    0    0   73    0    0   67   58    0    0    0   61    0   42   68    0    0    0    0   53    0  
  69   54    0   63   66    0    0    0    0    0    0    0    0    0    0   52   74   65    0    0    0   72    0   63    0    0   48   41    0    0    0   42   62   64    0   60    0    0   61   44   75    0    0   47   46   51    0   67    0    0   70   59    0   56   51   49    0    0   58    0   43   50    0   57   64   68    0    0   53   45   55   73   71    0    0  
  74    0   50   69    0    0   62    0    0    0   48   47   55   70   46   52   59    0    0    0    0    0    0   63   42   61   43    0    0   49    0   72    0    0    0    0   64    0    0   51    0    0    0    0   75    0   58   54   73   65    0   60   66   71   53   44    0    0    0    0    0   41   49   57    0   56   74   67    0   45    0   59    0   68    0  
   0    0   49   67    0    0   62    0    0   53   41    0   54    0   74    0    0   47   43    0    0    0    0   42   51   55   46   64    0   58   69    0   75    0   71    0   45   70    0    0    0   59   56    0   61   65    0   52    0   69    0   72    0    0   53   57   41    0    0   66   44    0    0    0    0   60   68   48    0   73    0    0   63    0   50  
  75   63   62    0   67    0    0   61   51    0   52    0   58   42    0    0    0   59   56   48    0   73    0    0    0   70   49   68   55   50   69   54    0    0    0   64    0   75    0   47   41   57   47   71    0    0    0   65    0   66   53    0    0   60    0    0    0   43   45    0   45    0   44    0    0   46    0    0   72    0    0    0   74    0    0  
   0   43    0    0   74   49   67    0    0    0   71    0    0   73    0    0   69    0    0   73   68   60    0    0    0   63   70   45    0    0   53    0   55    0   50   72   48    0    0    0   62    0    0   44   65   52    0    0   51   61    0    0   75    0   62   66    0    0    0   54    0   56   47   41    0   64    0   42   59   58   57    0   46    0   51  
   0    0   44   56    0    0    0   42    0   60   68    0   59    0    0   52   68   70    0   47    0    0    0   55   61   72    0    0   69   46   66   50    0    0    0    0   73    0    0   43   51    0   49   58   48   70   53   74   67    0    0   64   63   55    0    0   45    0    0    0   54    0    0   57    0    0   75   65   71    0    0    0   41   62    0  
   0    0   75   46    0    0   67   42   56    0   52   60   57    0   65    0    0    0    0   55   68    0   74    0    0   47   58   59   69    0    0    0    0   53   62   64    0   41   61   66   45   44   51   70    0   48    0    0    0    0   73   53    0    0    0    0   72   54    0   43    0   56    0   63    0   50    0   49    0    0   59    0    0   71    0  
   0   70    0    0    0   72    0    0   43    0    0    0   47   56   44   44    0   42   52    0    0    0    0   63   66   48    0    0   65    0    0   46    0    0   68   58   69   67   74    0   51    0   45    0    0   60   53    0   73   62   57    0   58   50    0    0   55    0    0    0    0   75   61   54   65    0    0   59    0    0   41   49   71    0   64  
   0   45   42    0    0   56   43    0   74   71    0    0   49    0    0   68   59    0   44    0    0   69   60   67   46    0   50    0    0    0    0   53    0   57   64    0   42   43    0   72    0    0    0   75   65    0   61    0    0   52   55   66    0    0    0    0   58   48   73   47    0    0    0   62    0   53    0    0   54    0    0   51   70   63   41  
  63   41    0    0    0   65    0    0   69    0   45   49    0    0   52   50    0    0   70    0   42    0    0   54    0   51   43   69    0   57    0   59   48   46    0   73   74    0    0   64    0    0   68   72    0    0    0   44   73   56   55   53    0   70   75   61    0   60    0    0   71    0   47    0   62    0    0    0    0    0    0    0   67   58   66  
   0    0    0   66   59    0   68    0   75    0   46   63    0   55   53   56   50   60    0    0    0    0   58   70   74    0    0   50    0    0   72    0    0    0    0   64   73   69   65   59    0    0    0   45   61    0   71   54   48    0    0   47    0    0   49   62   64    0    0    0    0    0    0    0   43   67   41   51   44    0    0   52   57   42    0  
   0   66    0   55    0    0   48   69   49    0   63   41    0   67    0   53   42   57    0   59    0    0    0    0   45    0   74   65   43    0    0   58   51   52    0    0   43    0    0   61   64   68    0    0   54    0    0   44    0   56    0    0    0    0    0    0   47   71   75   72   58   70    0    0   73    0    0   60    0   46   62    0   50    0   64  
  52    0   68    0   48   41   59   45   73   43    0   46    0    0    0    0    0   60    0   57    0   53   64    0   51    0    0    0   56    0    0   72    0   58   71   44    0    0   61    0   74   63   67    0   44    0   50   65    0   66    0    0   42    0   75    0    0    0    0    0   69   54    0    0    0   53    0    0   49   62   55   47   70    0   55  
   0    0    0    0   43   56    0    0   65    0   66    0    0    0    0    0    0    0   56   63    0    0    0    0   70   71    0   49   67   74   74    0   58    0   69    0   52    0    0   53   47   50   59    0   62   48    0    0   75   64    0    0   51   60   55   68    0    0   45   41   57   73    0    0    0   72   44    0    0   42   48    0   61   46   54  
   0    0    0   57   70    0    0   62    0   53    0    0    0   62   49    0   55   47    0    0   71   48   41    0   61   43    0    0   46   45    0   69   73    0   56   63    0    0    0   58   60    0    0    0    0    0    0   42   68    0   50   72   70    0   65    0    0   52   70   67    0    0   54   66    0   74    0   51   59    0    0    0   64   75   44  
   0    0   72    0    0   58   50    0    0   55    0    0    0   74    0   68   46    0   49   68    0    0    0   61   71    0   64    0    0    0   65    0   62   41    0   42    0   73    0   57    0    0    0    0   47    0   74    0    0   67   46   75    0    0   69    0    0   43   56   54   60   44    0   53   59    0   52   66   45    0   51    0   70   48   63  
  72   75    0   50    0    0   58    0    0   74    0   47   73    0    0   47   59    0    0    0   66    0   62    0   45   51   60    0   56    0    0    0    0   49    0   55    0    0    0   53   44    0   64    0    0   57    0   42   41   70   48    0    0   52    0   59   66    0    0   65    0    0   71   69    0   54   67   61   63    0    0   68    0   43   46  
   0    0    0    0   51    0   70    0   71   75    0   57   50   66   63    0    0   73    0   55   68   62   74    0    0    0   56   73    0    0   49    0   42    0    0   52   54   44    0    0   67   59   72   69   41   47    0   48    0   58    0    0   61   60   65    0   59    0   53    0    0   62   46    0    0   64    0    0   45    0    0    0    0    0   43  
   0   48    0   55    0    0   72    0   67   63    0    0    0    0   56    0   74    0   41   45    0    0    0    0   53   43    0   71   54    0   62   58    0    0    0   64    0    0   65   70    0    0   44    0    0    0   47    0   61    0    0   51   59   49   42   50   69   57    0   66    0   68   46    0   73   75    0    0   60   74   72   52   59    0    0  
   0   71   57    0   50    0   63    0    0   54   61    0    0    0   73    0    0    0   43    0   41   52    0    0   56    0   53    0   44   65    0   45   62   49    0   60    0   42    0   59   69   51    0    0   57   64    0    0   72    0    0    0   68   70    0   75    0   48    0    0   66    0    0   47   74    0   46   67   58    0   55   43   74    0    0  
   0    0   61    0   44    0   48   53   49    0    0   71    0   42    0   60    0    0    0   41    0    0   52    0   73    0    0   75    0   58   43   51   69    0    0    0   55    0   72   59    0   62    0    0    0   68   66   67   64   56    0   50    0   45   57    0   54   64    0   52   65   74    0   47    0    0   46    0   63    0    0    0    0   61   70  
   0   46   73   69    0    0   64   56    0   45    0    0   62   51   74    0    0    0   49   46   41    0    0    0    0    0    0   54   52    0    0   70   65    0   63   59    0    0    0    0   66    0   67    0   43    0    0   54   68    0   48   57   74   75   50   44   61   71   47    0    0   42    0    0    0   72    0    0    0   53    0    0   58   55   60  
   0   54    0   57    0    0    0    0    0   75   74    0   53    0    0   70    0    0   61   73    0   66   44   51   43   42   50   62    0   41    0   65    0   68   46    0    0   72   47   55    0   52   71    0    0    0   61    0    0   59   58   63   49    0   45    0   56   64    0    0    0    0   45    0   48    0    0   43    0   67   69    0    0   60    0  
   0    0    0    0   46    0   43    0   63    0    0    0   45    0    0    0    0    0   51    0    0    0   50   65   54   42    0    0    0   61    0    0    0    0    0    0   62   72    0    0   71   48    0   59   63   66    0   47   44    0   74   65    0    0   55    0   52    0   53   58   67    0   75   69   73   63    0   70   57   56   49   68   64   41   60  
   0   41   64   67    0   46    0    0   66    0   45    0   48   42    0    0   74    0    0   55   47   62    0   70    0   61    0   54   44   57    0   65   68    0    0   75    0    0   59   47    0    0   52    0    0   48    0    0   71   73   53    0   70   58   63   50    0   72    0   49    0    0   56   60   43    0    0   51    0    0   69    0    0    0    0  
  62   70    0   44   59   75   53    0   73   57   73    0   50   71    0    0    0   72    0   52   74    0   69   51   60    0    0    0   55    0   67    0   65    0    0    0    0    0   45    0    0   54    0    0   48   47   66   59    0   46    0    0    0    0   43   74    0    0   41   56    0    0   63   49    0    0   42   68   64    0   61    0   58    0    0  
  59    0   62   47   47    0   60    0    0   50   45    0    0    0   63    0    0    0   68   64    0    0    0   43    0    0   52   61   53    0    0   65    0   44   48    0   46   51    0   49   55    0    0    0   57    0    0   46    0    0   70   74   65   72    0    0   69    0   58    0   75   42   54   73    0   41    0    0   71    0    0   67   56   66    0  
   0   69   62   59    0    0   63    0    0   75   44    0   66   55   51    0   56   45   53   67   73   57    0    0    0    0   61   68    0    0    0    0   60   43   60    0   49   70    0    0    0   59   54   52   48    0    0   58   73    0   46    0    0    0    0   72    0    0    0   50    0   42    0   64    0   71   41    0   74    0   65    0    0   47    0  
   0    0   51    0    0   50    0    0   43   58   49   43    0   75   42    0    0    0   63   71    0   44   41   72   64   70    0    0   59    0   42   66   67   53    0    0   62   61   45    0    0    0    0    0   46    0   55   60   65    0    0    0   52   57    0    0    0    0   74    0   47    0    0    0   54    0   56   48   73   69    0    0    0   68   59  
  68   63   49   57   48   71   53    0    0    0   43    0   56    0   62   60    0    0    0   75   45    0   50   46    0   55   72    0   64   60    0    0   66    0    0    0    0   67   70    0    0    0    0   44   42   52    0    0   49    0   47    0   73   74    0    0   54    0   65   51    0    0   72    0    0   69   61    0   59    0    0   41   58    0    0  
  54    0    0   63   42   58    0    0    0    0    0   44    0    0    0   72    0    0    0    0   69   61   59    0   47   46    0    0   74   62   50    0   62   65    0    0   56    0   57   67    0   75   48   49   53    0   49   51    0    0   52   70    0   66    0    0   42   45   55    0   43    0    0   68   41   71   73   64    0    0    0    0    0    0   60  
   0   43    0    0   64    0   44    0    0   74    0   49   72    0    0   65   54    0   70    0    0   57    0   55   41   48   62    0    0   69    0   63    0    0    0   68   53   73   60   67   46   47    0    0   52    0    0   75   68   71    0    0   61    0   42    0    0    0    0   50   66    0    0   45   59   58    0   51    0    0   54   56    0   63    0  
   0    0    0   43    0   75   70    0   64    0    0   68   52   54   47   61    0   57   48   66    0    0   63    0   71   56   53    0   55   56   49    0    0    0   72    0    0    0    0   50    0    0   65   55   41   42   59   60    0   58   48    0   46    0    0   74    0    0    0   44    0    0    0   62    0   67   69    0    0    0   73    0   51   45    0  
  74   63   45   55    0    0    0   58    0   54   42   41    0   75    0   48    0    0   52   72   57   52   64   47   44    0    0    0    0    0    0   67    0    0   73   59    0    0    0    0    0    0   46   48   61   66    0   62   71    0    0    0   53    0   68    0   70    0    0    0    0    0    0    0    0   51   65   43   50   49    0   69   56   60   68  
   0   55   61   43    0   68    0    0    0   60   41   70    0   72   66    0    0    0   52    0   67    0   61   44   56   62   64    0   73   71    0    0   42   53   58   54    0    0   51    0    0    0   58    0    0   45   50    0    0    0   46   48   63    0   47    0    0    0   49   65    0    0   59    0   69    0   62    0    0    0   57   74   75    0    0  
  56   55    0    0   53    0   51    0    0   50    0    0    0   62   66    0    0   57   41   54   75   52    0    0    0   44   43    0    0    0    0   74    0   42   49    0   63    0    0    0   48   68   48    0   46   58    0   59   69   72    0   48    0    0   65    0    0    0    0   47    0   73   44    0   45    0   67    0   70   71   60    0    0   61   64  
   0    0   71    0   51   60   62    0   72    0    0   45    0    0    0    0    0   50    0   44   47    0    0   73   75    0    0   55    0   48    0   63    0   65   57    0   67   70   43   59    0   66    0   49   68    0   43   42    0    0    0    0    0    0    0    0   59   64   52   74   41   56    0   46   53   53   69    0   54    0    0    0   58   61    0  
   0    0    0   52    0    0   69    0   47    0   44    0    0    0   43   54   51   56   57   46   68   62   43   49    0   63   72    0    0   66    0    0   74   65   70    0   55   67   42    0    0   64   53    0    0   61   50   75   48    0    0    0   64   60   45    0   41    0   59    0    0    0    0    0    0    0    0    0    0    0   45   58   71    0   73  
  43    0    0    0    0    0   58   49    0   45   67   52    0    0    0   56   63   75    0   46   61   70   56   41    0    0    0   50    0   64   68   60    0   57    0   72    0   65   42   51   74   54   44    0   44    0    0   59   73    0    0   71   48    0    0    0    0   55    0    0   60    0    0    0   69    0    0   47    0   53    0   66   62    0    0  
   0   43    0   41    0   68    0    0    0    0    0   46   55   47    0    0    0   66   71   48    0    0   63    0   52   60   69    0   49   59   65    0    0    0    0   70    0   57   67   42    0   61   62    0    0   72   50   51    0    0   55   74    0   44   53    0    0    0   51    0    0   45    0   54   68    0    0   73   75   58   56    0    0    0   64  
  52   73    0    0    0    0    0    0    0   60    0   59   75    0   72   66   74   49    0    0   41   43    0    0    0   55   62    0    0   67    0    0   47    0   44    0    0   57    0   44    0   64    0   46    0    0   48   71    0    0   56   63   45   58   69    0   61    0    0    0   50   68   65   73   54    0   42   70    0   61    0    0   51    0   53  
  43    0   41    0    0   72   50    0    0    0   57    0    0    0   71    0   70   74    0    0    0    0   48   63    0    0   54   51   52   45    0    0   46    0    0    0   62    0    0    0   74   54   59   68   64    0    0   44    0    0   67   56   42    0   53   66   49    0   58    0   47   60    0    0    0   41   75   65   69    0   73   55   61    0    0  
   0    0    0    0   74    0    0    0    0   68    0   65   49   70    0   67    0   51   72   47    0   75   66    0    0   54   64   62    0   44    0   61   69   74   58   64   46   73   48   63    0   60    0   56   64    0   42   52    0   59   71    0   43    0    0    0    0    0    0    0   57    0    0   45   53   41   50    0    0    0    0    0    0    0   55  
   0    0   58   53   71   43   60    0    0   57   52   74   73    0    0   70    0    0   68    0    0    0    0    0   47    0    0   75    0    0   63    0   46   45    0    0   62    0   65   49   56    0    0   54    0    0   42    0    0    0    0    0   50   46   48    0   61   44   72   69    0   51   66   41   51   55   68    0   67    0    0    0   59    0   64  
   0    0    0    0    0   71    0   70    0   55    0   48   58    0   69   53   59    0   57    0   51   46    0    0   72    0   64   73   66    0   61   60    0    0   50    0   42    0    0   68   62    0    0   62   75    0    0   45   43    0   54   61    0    0    0    0    0    0   68    0   49   65   56   74   52   44   41   47   63    0   67    0    0    0    0  
   0   55   73    0   57    0   52   59   72   53   48    0   42    0   67   49    0   68   62    0   52    0    0   47    0    0    0    0   63    0   43    0   58    0   74    0   51   59    0    0    0   69   54    0    0    0   71   75    0   56   70    0   41    0    0    0    0    0   65    0    0   66   50   46   44   60    0   64    0   45    0    0    0   50   61  
  43   48   53    0    0    0    0   54    0   67   65   62   71    0    0   44   58   48   72    0   59    0    0    0    0    0    0    0    0   51   63    0    0   75   52    0    0   58   73   55   57   45   46    0    0   69   56   41   50    0    0   42   60    0    0   66    0    0    0   64    0   63   70   74    0    0    0    0    0    0   49   61    0   68   47  
  53    0   73    0    0    0   67   49   61   42   64   65   68    0    0   62   43    0   56    0    0    0   70   57   68   59   47    0   63   74    0    0   52    0    0   71   58    0   66   44   69    0    0   55    0   48   46   45    0    0    0    0   46    0    0    0   51   60    0    0    0    0    0   72    0    0    0   49   54    0   75    0   50    0   41  
  63    0   62    0    0   71    0   65   74   49    0   58   70   56    0   48   66    0    0   53    0    0    0    0   75   72   43   55   46    0   51    0    0   50    0    0   54    0   53   47    0    0    0   69    0   41    0    0    0    0   49   59   45   53    0   73   64    0    0    0    0    0    0   60    0   57   68   67   42    0    0    0   44   61   52  
   0   65    0    0    0   59   47   71    0    0    0   53    0   75   54   61    0   70    0   63    0    0   41    0   62    0    0   42   73   43    0   74   69   60    0    0   48   52   59   68    0   56   49    0    0   72    0   71   67    0   50   45    0    0    0    0    0    0    0   58   42    0    0    0   57    0   44    0   66   51   64    0   46   55    0  
   0   63   59   44   56   70   46    0    0    0   60    0   74   64   62   65    0    0   72    0   69   73   53    0   41    0   67    0    0   52    0    0   51    0    0    0   71   42   61   47   59   43    0    0    0    0    0    0   75   45   55    0   48   66   73   70    0   49   50    0    0   58    0    0   54    0    0    0   57    0    0    0    0   68    0  
  53   71    0   75    0    0    0   59   54   67   62    0   60   68   51    0    0    0   43    0   42   65   70    0   72    0   41    0    0   74   50    0    0    0    0   64   41    0   56    0    0    0   54   66   52   47   44   69   45    0   73    0    0    0    0   48    0    0    0    0   57    0    0    0   73    0   55    0   63    0    0   49   61   46   58  
  70   74    0    0   61   62    0    0    0   67   42   41    0    0   64    0    0   66    0   51    0    0   59    0   55    0    0    0   50    0    0   47    0    0    0    0   49   58   68   75   44   55   56    0    0   53    0    0   48    0   65   45   53   57   56    0   69   72   52    0    0    0   71   60   46   54   73    0    0   43    0   63    0    0    0  
   0    0   60   72    0   57    0    0    0    0   46   73    0    0   65   71    0    0    0   73    0    0    0   55    0    0    0   48   51    0    0   42   74    0   59    0    0    0    0   49    0   68    0    0   73   45   70   43   54    0   65   62   53   63   67   64   69   52    0   41   66   47   56    0    0   50    0   58    0   44    0   61   75    0    0  
   0    0   71   72   66    0    0    0    0   47   68    0    0   65   55    0    0   67   73    0    0   56    0    0    0   49    0    0   47    0    0   45   50    0    0    0   75   57    0   54    0   63   53   59   70    0   52   64   51    0    0    0   66   74   43   46   58   69    0   44    0   48   62   60    0    0    0    0    0   59    0   42   61   41    0  
   0   48   62    0    0    0   47   46    0   71    0    0    0   60    0   53   55   65   61    0   69   57   50   43   53    0    0   44   66    0   61    0    0    0    0   49    0    0    0   75    0   63   72   42   41    0   67    0   74    0    0   56   58   64    0    0    0   57    0    0    0    0    0    0   68   73   54   45   51   70   59    0    0   52    0  
   0    0    0   61   45   72    0   51    0    0   60    0   46   73   47   65    0   62    0   52   75    0   69    0    0   51    0   67   56    0    0   54    0    0   44    0    0    0    0   59    0    0   66   46   74    0    0    0   50    0   57   43   70    0   58   49   41   71    0    0    0   55   64    0    0   42   68   53    0    0    0    0   63   48   45  
   0    0   47    0   45   63    0    0   53    0    0    0    0    0    0   59    0   68   73    0   60   41    0   56   66   57    0    0    0   43    0    0    0   54   46   48   64   69   42   58   62   59   55    0   44   74    0   71   51    0   72   49    0    0   61   67    0   65    0    0    0    0    0    0    0    0   75   70   50    0   44   44   52    0    0  
  71    0    0    0    0    0    0   70   60   48    0   52   54   57   48   43   50    0   45   75   55   69   44   64   53    0    0   59   63    0    0    0    0   56    0   71   58    0    0    0   46   42    0   73   62   65   61   66    0    0    0   67    0    0    0    0    0   49    0    0    0   68   48    0   47   41    0   72   74   51    0    0    0    0    0  
  74    0    0   47    0   63    0   44   45   51    0    0    0   43    0    0    0    0    0   63   42   66    0   64    0    0    0   68    0   73    0    0   52    0   72   49    0    0   66    0   48   58   54   56    0    0   61   62   58    0    0   41    0   70   53    0    0   55    0   57   71    0    0    0   65   69    0    0    0   59   75   50   67   46   60  
  66    0   48    0   45   59    0    0    0    0   67   42   67   60    0    0   58   51   54    0    0   66    0   71   47   41    0   69    0    0   50    0   49    0    0    0   57   44   56    0   75    0    0    0    0   64    0    0    0   43   53    0    0   72    0   52   46   55    0    0   63    0    0    0   73   68   61    0   74   65   62    0    0   70   56  
  51   57   42   67    0    0    0   43    0    0    0    0   51    0    0   52    0    0    0    0   66   71    0    0    0   55   71    0    0    0   65   72    0   69    0    0    0   58    0    0   62    0   70   75   44   41    0    0   74   73   64    0    0   53   61   63    0   47   49   68   46    0   56   48    0   59    0   72   54    0    0   45   50   60    0  
  53    0    0   55    0    0    0    0   48   54    0    0   49    0   61    0    0   66   45   46    0    0    0    0    0   56   65   67    0    0   42    0    0   73   57    0   47   63    0   60   68   51    0   69    0   64    0   69   75   41    0   71   62    0   58   67   44   52    0    0   43   72   50    0   59    0    0    0   74    0   64    0    0    0   70  
  66   53   68    0    0    0   67    0    0    0    0    0    0   60    0    0   73    0    0    0   75   55    0   44   48   41    0   65    0   71    0    0    0   72    0    0   58    0   45    0   51    0   64    0    0   74   42   50   61   54    0   47    0    0   49   62    0   43   46   67    0   42   63    0    0   52   68   70   57    0   59   69    0   56    0  
  63   47    0   64    0   49   66    0   44    0    0   43   51    0   64   46   73   71    0    0    0   56    0    0   53    0   74   75   65   66    0    0    0    0    0   70   60   55   67   48    0   68    0    0    0    0    0    0    0   49   57    0   41   69   52    0   42   45   54   62    0    0   61    0    0   72    0    0    0    0   58   50    0   59    0  
   0   42   57   62   70   56    0    0    0    0   65    0   49    0    0   53   57   46    0   73    0   60   50    0    0    0   59    0   69   66   51    0   42    0   74    0   64   61    0    0   44   45   54    0    0    0   52   63    0   71   58    0    0    0    0    0   61   75    0    0   72   48    0    0   68   43   55   47    0   67    0    0   41    0    0  
  72    0   58    0   67    0   48    0   47    0    0   53    0    0   43   63    0   75    0   52    0    0   60    0   69   63    0   70   58    0   54   64    0    0    0   56    0    0   49   55   59    0   44   51    0   45   65    0    0    0    0    0   73    0   61    0   66    0   62   50   74   46   53    0    0    0   42    0   71   41    0   57    0   68    0  
  42    0    0    0   58   73   62    0   52   53   45    0    0    0   65   41   69    0   68    0    0    0   49    0    0    0    0    0   66   44   54   65   70   64    0    0    0    0   51   71    0   67    0   56    0    0    0   61   62    0   74    0    0    0   47    0   55   43    0   46    0   59    0   47    0    0   60    0   72   48   75   50    0   63   57  
  54   73    0   75    0    0   41    0   46   71   53   43   55   69    0    0    0    0    0    0    0    0   65   58   48   45   60   59    0    0   44    0    0   68   61    0   57   56    0    0    0   49   57   66    0    0   72    0   67    0   66   42   74   64    0    0    0   63   67    0    0    0   62   70    0    0   52    0    0    0   50   47    0   51    0  
  69    0   41    0   64    0    0    0   55   67   73   49   60   74   57   71    0    0    0   42    0    0    0   75   61    0   58    0   54    0    0    0    0   53    0   50   48    0    0   70    0   55   71   68   46   66   43    0    0    0   51   62   45   63    0    0    0    0    0   72   44    0   49   65    0    0   47    0    0   56   59    0    0    0   52  
  72   59    0   46   56    0   44   63   55    0    0   49   51   74    0   54   70    0   46    0   73    0    0    0    0    0   67   41    0    0   48   60   69    0   68    0   43    0   58    0   65    0    0   50    0    0   53   42   75    0    0   45    0    0    0    0    0   52    0    0    0   61    0   64   60    0   66    0   62    0   57    0   53   71   47  
  47   75    0    0   72   46   67   66   43   56   74    0    0    0    0    0    0   41   71   45   49   53   68    0    0   57    0    0   69   62   42    0    0   51    0   55    0    0    0   72   52   63    0   65   61    0   58   50    0   75    0   70    0   48    0    0    0    0    0    0   54    0   60   64   46   59   44    0    0    0    0    0    0   73    0  
  47    0    0   52   46    0    0   50   75    0    0    0   64   51   47   67   72    0   45    0   62   70    0    0   61   50    0   41   74    0   60    0    0   53   63    0    0    0    0    0    0   42   66    0    0   69    0   67    0   54    0   56   57   65   58    0    0   73    0    0    0   68    0   43    0   48    0   55    0   49   59    0   44    0   71  
   0    0    0    0   51    0    0   56    0   73   44    0   59   71   41    0    0   52   43    0    0    0    0    0    0   58   65   53    0    0    0    0   67   50   64   54   68    0   47   57   72   69   46   49    0   63   48   75   62    0    0   45   42    0    0   70    0    0   55    0    0    0   61   74   60   66    0    0    0    0   66    0   59    0   58  
   0    0    0    0    0    0    0   53    0   71   56   48    0    0    0    0    0   62    0   49    0    0   67   50    0   54    0   44   75   57   59    0   41   61   63   60    0   45    0    0   74   64    0   43    0   69   58   42   65    0   68    0   66   54    0    0    0   72    0   68    0   53   51   52    0    0    0   73    0   70    0   47   55    0   46  
   0   60   48    0   61   47    0    0   75    0    0   51   61    0   74   68    0    0    0    0    0   69   56    0    0    0   73   70   59    0    0    0    0    0   57   65    0   66    0    0    0   63    0    0   71    0    0    0   55   45   50   62    0    0   49    0   58   64    0    0   52    0   43   72   67   54   51    0   53    0   42   46   61   41   44  
  56    0   54    0    0    0   46   72    0    0   43   71   48    0   57    0   58   51   53    0   75    0   67    0   64   65    0    0    0   47   52    0    0   45   66    0   54    0    0    0   61    0   50    0   63   44   59    0   68    0   41    0   62    0   60    0    0    0    0    0   65   55    0    0   74    0   42   49   70   69    0    0   73   65    0  
  45   52   47    0    0    0    0   58   59   46   42   65   48    0    0    0   72    0    0   51    0   44    0    0   43    0    0    0   69    0   68    0    0    0    0   60   43   64    0    0   70    0    0    0    0   67   75    0   63   73   53   56   66   41    0   49    0    0   55   57    0   74    0    0    0   41   50   54   71    0   60    0   62    0   61  
  65    0    0   45    0    0   58   62    0   74   55   50    0    0   73    0   75    0   56   63    0    0   64   57   58    0   47   54    0    0    0    0    0   52    0    0   72   53   66   71   61    0   42    0    0   41    0    0    0   70   69   60   62    0   68    0   48   51   43    0    0   46   72   67    0   44    0    0   49    0    0    0   59    0    0  
  55    0    0   49   44   69   53   67   46    0   64    0    0    0    0   60    0   56   41   47    0   51    0    0    0   65   59   61    0    0   73   58   67   68    0    0   72   48    0    0   54    0    0    0    0    0   57   71   62    0    0   50   63    0    0   74    0   52    0   47   43   45   70    0    0   75    0   42    0    0   60    0    0    0   66  
   0   53   73    0   41   70   64    0    0    0   70   52   42    0    0    0    0   63    0    0    0    0   43   51   45    0    0   56    0    0    0    0   54   46    0   59    0    0   62   74    0   47    0    0    0   44    0   69    0   57   67   49   48   75   68   72   60    0    0   43    0   61   66    0   73    0   55    0    0   71   58    0    0   50   65  
  65    0   59    0    0    0   69    0    0   73    0    0    0   54   72   70    0    0   68    0   61    0   58   57   50    0   74    0   49   44   42    0   71    0    0   47    0    0   52   63   67    0   55   46    0   75    0    0   69    0   48    0    0    0   41    0   66    0    0   43   62    0    0   56    0   64   51   53   45    0    0   59    0   44   60  
   0   53   43    0    0    0    0    0    0    0   54    0   50    0    0    0   51    0   52   62    0    0    0    0   44   49   63    0   46    0    0    0    0   42    0   58   72   55   59    0    0   68   74   60    0   57   49   54   41   48    0    0    0   69   45    0    0   52   66   47    0   73   75    0   65   70   56    0   71    0   67   61    0    0   64  
   0   75    0   53    0   55    0   52   45   66   41    0   59   64    0    0    0    0   65   48    0   69    0   50    0    0    0   58   73   42   48    0    0   70    0    0   71    0    0    0    0   43    0    0    0   47   68    0   64    0    0   46   60    0   67   63   53    0    0   61   72   56    0   57   74   62   49    0    0   44    0   54    0    0   51  
  55   72    0   41   66   59   62   54    0   42    0   44    0    0   58    0    0   47   73   53    0   51    0    0    0    0   48   56    0   43   69   64    0    0   46    0   45    0   49   64   67    0   61   68    0    0    0    0    0    0   69    0   75    0   71   45    0   50   57    0    0    0    0   63   52    0    0   74    0   70   65    0   60    0    0  
   0    0   56   43    0    0    0   53   47    0   70    0    0    0   41   45    0   50    0   51   48    0    0   69    0   42   54   62    0    0    0   60   75   71   47   64    0    0    0   61   64   58    0   72    0   52   65   46    0   52    0    0   55    0   59    0   73    0   57    0    0   68    0   44    0    0   66   63   74    0   67    0   49    0    0  
  46    0    0    0   71    0    0   56    0   42    0   51    0    0    0   46   51   49    0    0    0    0    0   57   68   62   54    0   61    0   71    0   72   45   41    0   43    0    0   50   73    0    0    0   63    0    0   70   67   53   47   60   59    0    0    0   58    0   66   65   55    0   69   75    0    0   52    0    0   74   48   64    0   44    0  
   0   50    0   75    0    0   59   51    0   72   61   53    0    0    0   65   71    0    0    0    0    0   68    0    0   47   50    0   62    0    0   54   58    0   70   73    0   43    0   41    0   51   49    0   48   44    0    0    0   44   52    0    0   60   67    0   64   42    0   63   74   45   56   46    0    0    0    0   69   66    0    0   55   57    0  
   0   56    0    0   58   63    0   58    0   72    0   69    0   48   62   41   51    0   61   55    0   54    0    0   67   53    0    0   46    0    0   65    0   60    0   52    0   60   66    0   75    0   42   68   43    0   57   74    0    0    0   71   44    0    0    0   47    0   73   60   59    0   64    0   70    0   45    0    0   50    0   49    0    0    0  
   0    0    0    0   64   42   50   66    0   59   48   58    0    0   47   46   43   53   55    0   71   72    0   45   56    0   62   44    0    0   68   41    0   71    0    0    0    0    0    0    0   70    0    0    0    0    0    0    0   54    0   73    0    0    0   52   57   63   61   69   75   60   49    0   53    0   48    0   51    0   74    0   67    0   65  
   0    0    0   53   43    0   59    0   69   62    0    0   57    0    0   63   56   45    0   55    0   64    0    0   67   60    0   52    0   54    0    0   72    0   46   73   49   70    0    0   71   44    0   48   51   65    0    0   73   75   68    0    0    0    0    0   66   58    0    0   43    0   47    0    0   50   74   64   41    0    0   61    0   42    0  
  58   54   53   70    0   42   72   44    0   57   43   59    0   50   68   71    0   61   69    0   56   65   74    0   64    0   55    0    0   66    0   49    0    0    0   46   45    0   49   47   63    0    0    0   51    0    0    0    0    0    0    0   52    0    0    0   41   73    0   52    0   75   67    0   62    0    0    0   48    0    0    0   60    0   49  
  75    0    0   49   71   48    0    0   53   63   59   54   60   61   50    0   65   68    0    0    0   55    0    0    0   73   64    0   52   66   46    0   70   62    0    0    0    0    0   44   58   56    0    0    0    0    0    0   41   73    0    0   67   74    0    0    0    0    0   57   43    0   45   57    0    0   75   42    0   69   51   72   47    0    0  
   0    0   46    0   44    0    0    0    0   52    0    0   68   71   48    0    0    0    0   74   59   63    0    0   72    0    0   57   49   58    0   64   73    0    0    0   53   56   55   65   50   70   47    0    0   52   66    0    0    0    0    0    0   58    0   69    0   54    0   67   42    0   75   61   62   60    0   43    0    0   41   45   43   51    0  
   0    0    0    0   43    0   63   48   65   50    0   75   45   71   47    0    0   41    0    0   54    0    0   73   60    0    0    0    0   74   51   64   53   61   59   56    0   66   58   75    0   46    0   69    0   42    0    0   44   62    0    0    0   49    0   57   70   55    0    0    0   68    0    0   67   52   72    0    0    0    0    0   64   49    0  
  75   75   66   58    0   60    0   48    0   46   72    0   67    0    0   51    0    0   56    0    0    0   43    0    0    0   42   74   63    0   41    0    0   54    0    0   57   53    0    0   50    0    0   73    0    0    0   62   68   59    0   44   41   69    0    0   70    0   49    0    0    0   47   65    0   52   43   64    0   55   61    0    0   71   45  
  42   56    0    0    0   49    0   67   50    0    0    0   62    0    0   41    0   72   42    0   63    0    0    0   66    0    0   69   43   51    0    0    0   61   53   63    0    0   70    0    0   45   65    0   60    0    0   75    0   68    0   48    0    0   47   46   59    0    0   73   44   55   57    0    0   58    0    0   71   64   54   47    0   52   74  
   0    0    0   58   52   62    0    0   48    0    0    0   56   54   74   73    0   69    0   49    0   42    0    0    0   50   68    0    0   65    0   71   68   67   72    0   75    0   55   66   44    0   63   74    0   58    0   59    0   57    0   45    0    0    0   41    0   43   64    0   61   60   46    0    0   47    0    0   53   70    0    0    0   51    0  
   0    0    0    0    0   57   59    0    0    0    0   50   66    0    0   51    0    0   53   71   53    0   43   63    0   70    0   70   65    0    0    0   41    0    0   60    0    0   58   75   45   68   46   62    0    0    0   74   61   47   42   55    0    0   54    0    0   56   41   49   52    0    0   64    0   73    0   48    0   67   69   72   44    0    0  
   0    0   56   48   54   44    0   61   65   60   50    0    0   42   59   43    0   68    0   57    0   69    0    0    0   52   71    0    0    0    0    0   49   45    0   64   66    0    0   45   63    0    0    0   46    0    0    0   51   62   46   58   67    0   41    0   47    0    0    0   75    0   53    0    0    0    0   70    0   72   55   73   74    0   46  
   0    0   42    0   48    0   43    0    0    0   64    0   62    0    0   53   49    0   75    0   61   72    0   59    0   65    0    0   61   45    0   69    0   50    0    0   70   74    0   60   52    0    0    0   56    0    0   68   56    0   67   51   41    0    0   66   44    0    0   58    0    0   63   55   63    0   54   71    0   46    0   57   73    0   47  
  49    0    0    0   44    0   73    0    0    0    0   53    0   47   70   42   51   59    0    0    0   43    0    0   55    0    0    0   52    0   58   70   56   57   54   41   69   62    0   64    0   61    0   46   70    0    0   71    0   63   48   72   67    0   65   50   68   45   65   66   74   75   60    0    0    0    0    0    0    0    0    0    0    0    0  
  65   70    0   68   54   58    0    0   72   69    0   52   44    0    0   45    0    0   56   47    0   41    0    0    0   66   64    0    0   48    0    0   63   57    0    0    0   55    0   75   62   43    0    0    0    0   58   49   61   71   74    0   71   42   50    0    0   60    0    0    0    0   59   67   53    0    0   46   73    0    0   51   72    0    0  
  60    0    0    0    0   66   44    0    0    0   65    0   64   69   72   73   61   43    0   57    0   67    0   68   50    0    0    0    0   56   49   70   42   59    0   54    0    0   69    0    0    0   51    0    0   58    0    0   75   60    0   55   61    0    0    0   46    0    0    0   52   45   48   74    0   62    0    0   63   41    0   47   53    0   71  
  64   43    0    0   42    0    0    0   68   63    0    0   75   44   53   73    0    0   69    0    0    0    0   52    0    0    0    0   66   41    0   56   45   47    0   72    0   65    0    0   67   62   58    0   71   55    0   54    0    0    0    0    0   65   57    0   60    0    0    0   46    0   41   70   61   57   48    0   49    0   59   50    0   51   74  
   0   75   52    0   51   45   69    0    0    0   72   66   61   55   63    0    0    0    0   58   54    0    0    0    0    0    0   70   43    0    0    0   71   49   57   44   41    0    0    0    0   48   64   50    0   56   68   47   59   46    0    0    0   75   65   74   67    0    0    0    0   62    0   68    0    0   73    0   60   62    0   53   42    0    0  
   0   74    0    0   61   75    0    0   60   64   65    0    0    0    0   41   68   69   75    0   42   70    0   75   55    0    0    0   59    0   44    0   56    0   62    0   53    0   71   45   52   73   66    0    0    0    0    0   46   50   58   54   63   43   57    0    0    0    0    0   51    0   68   67   49    0    0   47    0   72    0    0    0   48    0  
   0   64   55    0    0   60    0   72   49   44    0    0    0   42    0    0    0    0    0    0   65    0    0   47   53   56   74    0    0    0    0   75   67    0   51   62   68    0   70   43   57    0    0   69    0   45   52    0   48    0    0    0   46    0   71    0    0   58   59   50    0   63   54    0    0    0    0   43    0   61   73   43   66   41   56  
   0   75    0    0    0    0    0   45   73    0    0    0    0    0   66    0   47    0    0   43   58    0   56    0   75    0    0    0    0   59   64   50   44   70   68    0    0   48   71   55   53   69   54   56   75    0    0   62    0    0   65   63    0    0   51    0   46   72    0   61   49    0   52    0   41    0   57   60    0   67    0   74   42    0    0  
  68   52   75    0   73    0   49    0   51    0   64    0   70    0   45   59    0    0    0   42   56   65    0    0   42   50    0   58   63    0    0    0   66    0   60   54    0    0    0    0    0   71    0    0    0    0   46    0    0   57    0   66    0    0    0   67   61   41   43   53    0   72    0   74    0   61   44    0   47   55    0   62    0   69   48  
  55   74   42    0    0    0   48   54    0    0    0   60   56    0    0   62    0   46   52   50    0   43    0   61    0   71   67   51    0    0    0   68    0   49    0    0    0    0    0   58    0    0    0    0   72   63    0   60    0   41   65   64   75   70   53    0   44    0   73   57   59   66   45    0    0    0   69    0   74    0    0    0    0   58   47  
   0   70   64   50   75    0    0   65   54    0    0    0   61    0    0    0    0   53   49    0   52    0    0   41   63    0   47    0    0   71    0    0   43   69   42    0   59   44   51    0   62    0    0   74   56   67   66    0    0    0   55    0   58   57   72   68    0   45    0    0    0   66    0   60    0   55   46   48   73    0    0    0    0    0   70  
  59   62    0   75   72    0    0    0    0   53    0   74    0    0    0    0    0   57   45   66   54   43    0   71    0    0    0   47    0   60   67    0   50   73    0   68   46   44   69    0   52   48   41   55    0   51    0    0    0   46   63    0    0   70   61   42    0   56    0    0   58    0    0   65   49    0    0    0   64    0   57    0    0   43    0  
  62   69    0   75   70    0   57    0   55    0   47    0   72    0   65   42    0   43    0    0   69   60   46   74    0   44   66    0    0   54   51    0    0    0   58    0    0   59    0   69   53   71   70    0    0   45   63    0   50   64   61   52    0    0    0    0   48   49    0   68    0   67   73    0    0    0    0    0   56    0   41    0    0    0    0  
   0   69   64   58    0   59   43    0    0   44    0    0   48   70    0   60   62   72    0    0    0    0   41    0    0    0   54    0    0    0   51   75   71    0    0   53    0    0   46   73   42   63    0   66    0    0   44   55   55   52   68    0    0    0    0    0   50   56    0   67   61    0   49    0   64    0   45    0   74   65   57    0    0   47    0  
  70   43   59   46   75   56    0    0    0   69   73   60   65    0    0    0   45    0    0    0    0   55   74    0    0    0    0    0    0   51    0   58    0   64   57    0   41    0   68    0   44    0   63    0   66   74   48    0    0   52   62   67    0   47   53    0   54    0    0   64   72    0    0    0    0   71   48    0   42   61   50   49    0    0    0  
  73    0    0    0   61   47   41   55    0    0    0    0   58    0   50   43    0    0   68   62   43    0    0    0    0    0   64   53   67   52    0    0    0   65    0    0   71   59    0    0    0    0   72   48   74    0   56    0   63   54   46    0    0    0    0    0    0   69   42   75   44   64    0   45   60   49   51   57    0   70    0   66   46    0    0  
  59    0   53    0   51    0    0    0   60   45    0   70    0   64    0    0   74    0    0   62   61   47    0    0   57    0   41   52   65   50   53   49   44    0   56    0   67   67    0   58    0    0    0    0    0    0    0   75   69   66   54   72    0    0    0   42   46   55    0    0   68   73    0    0   43    0   48    0    0   63    0    0   54    0   71  
   0    0    0    0   43   57   69    0   73    0    0   63    0    0   67   51    0   55    0   61   70    0   64    0    0   46    0   50   46   52   54   66   58   74    0    0    0   45   72   49   53    0   75    0    0   68   56    0    0    0    0    0   47   52    0    0    0    0    0   48   65   44   41    0    0    0   42   59    0   60   62   74    0    0   71  
   0   72    0    0   74    0    0    0    0   65   42    0   67   62   66   56    0   51    0    0   44    0    0   60    0   57    0   47    0    0   68   52   48   45   58   74   43    0    0   55   64   75    0    0    0   49   41   53    0   61   72    0    0    0   59    0    0    0    0    0    0    0   73   46   41   70   69   50    0    0    0   71    0   54   63  
   0    0   69    0   56    0   49   48   55   64    0    0   56    0   65   50    0    0   72    0    0   70   58   67    0    0   45   53    0   74    0   66    0    0    0   66   41   73    0    0   61   42   62   60    0    0   44   65    0    0   52    0    0   57   46    0   75    0   47    0   51    0   59   68   63    0    0   71   54    0    0    0   43    0    0  
   0   56   46   47    0    0    0    0   72    0    0    0   44   51   41   45   55   53   75    0   60   64   58   43    0    0    0   48    0   61   65   68    0    0   42   62   45   71    0    0    0   67    0    0   63   74    0   45   57   66    0   70    0   49   54    0    0    0    0   74   50   52   73    0    0    0    0    0    0    0    0   59    0   69    0  
  66   50   53   41   43   42    0   48    0   48    0   54    0    0   58    0   67   56   72   70   68    0   62   64    0    0    0    0   73   45   51    0    0   71   67    0    0    0   61    0    0    0    0   59    0    0    0   55   75    0    0   74    0   57    0    0   44   58   49    0    0   60    0    0   46   65   52    0   47    0   63    0    0   69    0  
  57   60   52    0   51   58    0    0   44    0    0    0   66   43    0    0    0   49    0   72   59    0    0    0   67    0    0   41   65    0    0   63   74    0   66    0   73    0    0    0    0    0    0   54   48    0   46   69   62   75   45    0   53   68    0    0    0    0   71   55    0    0    0    0   64   50   47   61    0    0   56   53   70   46   42  
   0    0    0   47   73    0   71    0   50   67    0   69   74   64   58    0    0   63   45   59   41   44   62    0    0   54   70   53   49   48    0    0   65    0    0   56    0    0   46    0    0    0   75   51    0   71   72    0    0    0   43   68   66   55   61    0    0   42   52   57    0    0    0    0   71    0   60    0    0   73    0    0    0    0    0  
   0    0   41    0   57   48    0    0   74   53    0    0   45    0    0   59    0    0    0   56   50    0    0   54   66    0    0    0   65    0    0    0   46   44    0   74   52   51    0   70    0    0   73   49    0   43   72    0   46   47   63    0    0    0    0    0   64   61   55   62   60   67    0   75    0   42   57    0   58    0    0   69   68   71    0  
  69    0   60    0    0    0    0    0   72    0   62    0    0   41   54    0    0    0   51   50    0    0   65    0    0    0    0   73    0   47   58   70    0    0   71    0    0   55   63   49   44   55    0    0    0    0    0   42    0   56   75   68    0   67   66   61    0    0   52    0   62    0   59    0   64   59    0   74   45   46   43   57   53   48    0  
   0    0    0    0    0   45   69   70    0   67    0    0    0    0    0   60   63   72    0   54   44   49   66   50   75   42   46    0    0   65   63   64    0   47    0    0    0   58   55    0   61   52    0   74    0    0   62    0    0    0   49    0    0   59   41    0    0   53   56   51   68    0   71    0    0   48    0    0    0   43    0   57    0   42   73  
   0   64    0   45   43   51    0   72    0   74    0   47   49   52   75    0   43    0    0   44    0   50    0   68    0   58   48   57    0   63   55   70    0   71    0   41   69   61   75    0    0   65    0   60    0    0    0   42    0    0   67   51   54    0   56    0    0    0    0   59   73    0   66    0    0    0   62   46    0    0   53    0    0    0    0  
   0   58    0   42    0    0   50   47    0    0   46    0   68   71    0   69    0   52   43   61   54    0   51    0    0   73    0   71    0   57    0   44    0    0   48    0   62    0    0   53   56   72    0    0    0   59   65    0    0   70    0    0   66    0    0   64   75    0    0   74    0   63   60   45   41    0    0   67   59   49   55   42    0    0    0  
  43    0   72   63   59    0    0    0   69   60    0    0    0   62   47   71   41    0   48   45    0   52    0    0   57   70   73   65   44   51   49    0    0   63    0    0    0    0   66    0    0   74   75    0   67    0   46   50    0    0   53   69    0    0    0    0    0    0   55   42   56   54    0    0    0    0   58    0    0    0   64   52   61    0   68  
  61   51   72   55    0    0    0    0   64   74    0    0    0   41   65    0    0   71   68   43   50   58   48   60    0    0   66    0   62    0   70   48   69    0   75    0   49   45    0    0   46    0    0   41    0    0    0   49    0    0    0   53   47    0    0   63    0    0    0   59   42   44    0   56    0   67   52    0    0    0   57    0    0   54   73  
   0   66   58    0    0    0   42    0    0    0    0   41   57    0    0   51   59    0    0   51   49   53    0    0   54    0    0    0   69    0    0    0    0   72   63   67   68   70    0    0   74   52    0    0   74    0    0   65   47    0   73   55   62   75   48   60   44    0    0   50   46    0   43    0    0   45    0    0    0   56    0   64   56   61   71  
   0    0    0    0   51   74    0    0    0   50    0   75   56   41   71    0   49    0   42    0   72   73   53   47    0   47   55   51   57    0    0    0   69    0   61    0   63    0   54    0   44    0    0   60    0   64    0    0   65   50    0   46   59    0   62    0   70    0    0    0   68   48   58   52   45    0   66    0    0   67   43    0    0    0    0  
   0    0   62    0   68    0    0    0    0   49   60    0   52   50   45   53   42   64   55   48    0   72   60    0    0   66   57    0   46   74    0   54    0    0   44    0    0    0    0    0    0   66    0    0   58   69    0    0   63    0   52   61    0    0    0   71    0    0   75   51   47   56   73   65    0   70    0    0   67   43   41   59    0    0    0  
  74   41    0   48   51    0    0    0   67    0   75   51   66    0    0   73    0    0    0    0   57   54    0    0    0   44   60    0    0    0   70    0    0   64   45   46    0   65   59   63    0    0    0   71    0    0   53    0   58   52    0   68   50   62    0    0    0    0   61   72    0    0   55    0   43    0   42   69   69   70    0   47   56   49    0  
  65    0    0    0    0   59   64    0   41   52    0    0   68    0    0   44    0   43   49    0    0   46   53   45   66    0   69    0   71   63    0    0    0   50    0    0    0   61    0    0   68    0   62   56   51    0   64    0    0    0    0   72   70   47   48    0    0   43   73   75    0   74   60    0   54   57    0    0    0   55    0   67    0   42   58  
  60    0   69   48    0   49   72    0   58    0   66    0   43   70   69    0    0    0    0   44    0   56    0   75    0   54    0   51   41   74   55   67   73   63    0   53    0    0   65    0   52    0    0    0    0    0    0    0    0   49    0   71   59   57   61   46    0    0   58   64   62    0    0    0    0    0   45   42   47    0    0   50    0   68    0  
   0    0    0    0    0    0   49   51   44   57   63   56   46   60    0    0   74    0    0    0    0    0    0    0    0   59   75    0   43   42    0    0    0    0   52   53   67   72   41   48   45    0    0    0    0    0   50    0   70    0   71   68    0   66    0   62    0   73    0   42    0   69   58   54   47    0   46    0   64    0   55    0   61   66   65  
   0    0    0   74    0   62    0    0   72   44   56    0    0    0    0   68   65   70    0   63    0    0   59   52    0   75    0    0   51    0   42   71   53    0    0   41   48    0    0   49   57   61    0   60    0    0    0   73    0   58   61   50    0    0   54   55   54   47   45    0   54   67    0    0    0   46   66    0   69   64    0    0    0   43    0  
  56    0   54    0   43   51   73    0    0   75   53    0    0    0   68    0    0   47   42   69   62   64   59    0   58   67   72    0   55   52    0    0   60   41    0    0    0    0    0   44   65    0    0   66   71   48   46    0   55    0    0    0    0    0    0   61    0    0   70   50   74   45    0    0   63   54    0   67    0    0   49    0   57    0    0  
  67    0    0    0    0   57    0   59   47   61    0   55    0   70   49   69   65    0    0   74   53    0   42   56   50    0    0    0    0   69    0   51    0    0    0    0    0   52   71   54   62   72   58   41    0   66   60    0   73    0   43    0    0   64   75    0   44    0    0    0   45    0    0    0    0    0   68   74   50   63   48    0    0   46    0  
   0    0   48    0   42   62   50    0    0   61   52    0    0   41    0   43    0    0    0   58    0   68    0   47   67    0   73   56   55    0   71    0   53   49    0    0   75   56    0    0    0   54    0   45    0   66   48   74   44   51   60    0    0   70    0   57   65   46    0   72   64    0   59    0    0    0   75   63    0    0    0   69    0    0    0  ] 
BUDGETS : [    1    4    7    8   16   16   32   32   39   40   45   46   46   47   49   51   52   54   55   57   57   57   59   59   61   65   68   68   68   68   69   71   73   75   77   82   84   88   89   89   91   92   92   94   96   96   97  100  100  112  112  114  114  115  116  116  119  124  125  125  126  139  142  144  145  149  149  150  153  158  159  163  163  163  164  165  167  167  167  170  172  173  174  176  178  178  182  182  184  185  185  186  187  188  189  189  192  192  194  194  199  200  200  201  204  207  209  216  219  222  223  230  230  232  233  234  235  238  238  239  246  251  251  252  255  259  259  260  263  263  264  267  268  272  275  275  277  278  278  278  279  283  286  289  291  294  296  299  300  300  ] 
