K : 100
I : 50
PREFERENCES : [    9    0   20   18   11    0   14   19    0    0    0    0    0    0    5    0    0   10    7   13   12    0    0    1    4    2    0    0    0   17    0    0    0   16    9    6    0    0    0   15    0   22    0   21    0    3    8    3    0   14  
   0    0    0    0    0    0   22   17    8    7    1    0    0    0    5    0   12   11    0    0   20    0    5    0    6    0    2    0   19    0    4   16   18    0   10    0    0    0    5   13   15   21    6    0    0    0    3    9   14    0  
   0    0   22   15   21    0   16    0    2    0    4    0   12    0    0    0    7   18    5    0    0    8    0    0    0    6    9    0    0   10   13   17    3    0   21   11    0    0    0    0   19   14   19    0    0    0    1   17    0   20  
   0    0    9    4    0   12   10    0    0    0   19    3   13   11   22   21   20    0    0   16    0    0    0    5    8   17    6   14    0   19    0    2    9   15    7    0    0    0    0    0    0    0    0    0    0   18   22    0    0    1  
   9    0    1    0   17    0   15    4    0    0   20    3    0    7    0   20    0    5   11    0    0   14    8   22   21    2   13   19   18    0    0    0    0    0    0    0   12    0    8    0    0   13    6   10    0    0    0   16    0    0  
   0    0   22   12    2   22    0    8   11    0    0    0    0    0    0    7    6    1   17   18   21    0    0    0    0   14    0    0    0    8    0   13    0   20    0    9   19   10    0    0    5    0    3    4    0   16   20    0   15    0  
   0    0    8   13    0   17    0   12    0    3    7    4   14    0   15    0    0    6   20    0    5    0    0   18    0    0    0    9    2    0   21    0    1    0    0    0    3    0   11    0    0   22    3   19   16    0    0    0   10    9  
  19   15    0   22    0    0    7    9   10   15    0   14    4    1    0    0    0    0    0    0    0    0    2   11    1   13    5    0    6    3   17    0    8    0   14   20    0   21    0   12    0    0    0   18    0    0    0    0   16    0  
  22   20    0    3    0    1    0    0   10   10   12    0    0    0    7    0    0    0   15    0   18    0   19    0    0   21    0    2    0    0    9    4    0    0    0   16    5    0   13    8   22   19   14   17    0    0    0    0    6   11  
  20    0    1    7    0    0   18   13    0    0    0    0    0    0    0    3    0    9   15    0    0    0    2    0    0    0    6    0    4   16    0   11   17    0    0   12   14    0   14    0   17    5   21    0    5   22   19   10    8    0  
   6    0   11    1    0   12    0    0   17    4    0   20    0   13    4   18    0    2    5   22    0    8    0   10    0    7    3    0    0    0   15   21    0    0   11    0   14    0    0    0    0    0   16    0    0   19   22    9    0    0  
   0   15   22   11    0    6    0    7    0   18    4    1   14    0    0    0    0    0    8    0    9   20    0   10    0    9    0    0   19    0    0    0    2    3   19   17    4    0   16    0    0    0    0    0    5   21   12    0    0   13  
   0    0    0    5    0    0    0    2   16    2    0    0    1    3    0    0    0    0    0    6    8   18   19    0    0   14    0    0    0    0    0   20    2   10   21   15    7   12    0    4    0   13    0    9   11   22    0   17   19    0  
   0    0    0    0    0    0   12   17   21   18    7   21   22    0    0    0    4   19    6   13    0    0   15    0    0    0    0    0    2    0   20   19    0    0   10    0   11    3    0    0    9    8    0   16   11   14    0    5    1    0  
   0    0    0   18    5    0   13    7    0   14   20    2    0    1    8    0    0    6    0    0   22    0    0   10   16    0   21   17    0   11   18    0    0   12    0    4    0    9   19    0    0    0    2    0    0    0   12    3    0   15  
   8    7    0    9    0    0   17   20    0    0    0   12    9    8    4   21   19    0    2   13   14   18    0    0    6   22   16    0    0   15    0    0    0    0   11   15    0    1    5    0    0    0    0    3    0    0    0    0    0   10  
   0    5    7   15    3   21    0    0    2    9   13    1    0    0   14    0    0   10    0    0   22    0    0    0    0    0   22    0    0   11   16   17    6    0   11    0    0   21    8    0    4    0    0   12    0   20   19   18    0    0  
  21    0    0    0    0    0    0    1    9   22   15    3   16    0    0    0    0    5   13    2    0    3    8   18   19   11    0    7    0   14    0   20   19    0    6   10    0    4    0   17    0    0    0    0   22    0    0    0   12    0  
   7    0    0    0   11    0   10   21    4    0   10    0   19    8    0    3   18   16    0    0   13    0    0    9    0   14   20    0    0    2   17    0    4   22    0    0    1    0    0    6    0   15    0    0   12    5    0    0    0    6  
  18    0   19    0    0    0    1    0    0    0    0   12    4    0    0    0    9    0    7    0   16    6    5   17    0   21    0    3   15    0   14   11    0    0    5    8   11    0   10   22    0    0   11    2   20    0   13    0    0    0  
  14   12    0   15   16   19    0    0    6    0    3    0    1    0    0   22    8    0    0    0   13    0    9    0   21    7    0    2    6    0    0    0   18    0    0    0    0   20   10   14    0   11    5    2   17    0    0    0    4    0  
   0    0    0    9    0   18    0    0    0   16    0   19   11    0   14    6    0   10    0    0    4    1    0   20    0   22    0    0    8    5    7    2    3   12    0    0   15    0    0    0    0   13    0    0   11    0   21    3   13   17  
   0    0    0   22   18   21    0    7   19    0    9    0    1   16    0    0    0   20   10    0    3   12   10    6    8    0   10   13   11   10    0    0    0    0    0   15   14    0    0    0    2    0   17    0    4    0    0    5    0    0  
   0   14    7    0    6    0    0    0    0    0    0   16   13    0    0    0   20    0    0    0    0    9   19   12   10    3   21    0    0   15    0   18   16    0    0   22   17    0    0    2   14    8    1    0    0   11    0    5   18    4  
  11    0    3    3    4   10    0   16    0    0    0   15    0   22   14   18    0   13    6   20    0    0    0    0    7    0    0    1    0    0    0   13   12    0   17    0   19    0    0   21    0    2    0    0    0    8    9    5    0   21  
  19    0    0    0    2    0   16    0   17    0    0    0   18   21    0    0    9    0    0    7    1    0    0    0    0    0   14    0    0    0    0   13    3    0    2    8   17   12    0   21   10   22   15    4    0    0   11    5   20    6  
   0    0    0    0   13    0    0   21    9    5    0    4   19    6    0    0    1    0    0   17   22   16    0   20   10    0    0   12    0   15   14    0    3    8    0    2   14    0    0    0    7    0   18    0   11    8    0    0    0    5  
  15    0    9    0    0   16   22    0    0    0    5   19    0    0    6    1    6    0    7   12    0    0    0    0    0    0   17    0   11    0    4   10    0    0   13    0    0    0   21    0    2   18    0    8    0   20   11    3   14   22  
  14   18    0   13    0    0    9    0    0    0   16    3    0    0   19   15    6    0    0    0   10    0    5   12    0    2    0   21    0    4    1    0    0    0   17    0    0   22    8   20    0    0    0    7   16   14    5    0    0   11  
  10   15    5    0    0    6    0    0   12    0   18    0    4    0   22    0   16    4    0    2    0    0    0    0    0   17    0    8    0   14   12    0   19    0   11    1    3    0   21    0    0    0    0   20    0   13    3    0    9    7  
  21    0    0   19   22   10   18   11    0    0    8    3   12    0    0    0    0    0    1    0   15    2    7    0    0    0    7   13    0    6   20    9   16   14    0   21    0    0    0   17    0    4    0    0    0    5    5    0    0    0  
   0    0    0    0    0    0    0    4    8    0    0   18    0    0   12    6    7   17    0   14    6    0    0    0    1    5    2    0    0   15   22    0   10    0    4   20   13    3    0    0   19    0    0   11   21    9   16   13    0    0  
   0    2   14   18    0    0   13    0    0    0    0   12   10    0   10    5   19    0    1    0   17    8    0    0   16   16    0   20    0    0    0    0    4   21   22    3    0    0    7   11    6    0    0    0    0    0   19    0   15    9  
  15    5    6   13   10    0    0   14    0    0    0    0    0    7    0    0    0    2    4   18    8   17    0    7    0   19   20    0    9    0   12    0    0   21   22    0    1   14   11    0    0   16    0    3    0    0    8    0    0    0  
   0    0    0    9    0    1    0    6    0    0   10    0    0   17    8    0    0    2   13   20    0    0   22    0    0    4    3    0    0   12    7   16    0   11    0    0    0   14   15   18   21   13    9   19    0    0    0   16    5    0  
   0    0   13   18    0    5   18    5   14    0    0   22   20    0   19    0   12    0    0   16    0    0    2    0   17    0    0    4    8    0    0    0    3    5   21    0   10    9    7    0    0   11    0    6    0    0   15    1    0    0  
   0   13    0    1   22    6    0    0    0    0   14    9    0    0    0   18    7    0    0   20    1   18    3    3    0    8    0    0   11   21    0    0   15   10   12    0   16    0    0   19    0    2    0    0    0    5    4   17    0    0  
   0    1    3    0    0    7    2   21    9   18   14   12   11    0    0    0    0   15    0   10    0   22   16    0    6    0   17    0    0   13    0    0   20    0    5    0    0    0    0    0    8    4    0   16    0   19    0   17   10    0  
   0    0    0    0    7   19    5    0    0    0    8    9    0    0    0   17   13    0    6   20    0    0    0   20    0   18    3    0   14    0   22    0    0   11    1    0   15    4   21   21    0    5    0    0    2    0    0   16   12   10  
   5   21   10    0    0    0    4    0   20   17    0   10    0    0    0    0    0    0   22    0    8    0    0    9    0    0    0    6    0   11    2    3    0   14    0    0    5   12   13   18   21    1    0    0    0   15   16    0    7   19  
  11   13    0   12    0   19   14    2   16    6    0   13    0    4   17    2    1    7    0   10   22   18    0    0    0    4    0    0    3    0    0   21    9    0    0    5    0    8   15    0    0    0    0   20    0    0    0    0    0    0  
   0   14    0    6   21   18    0    0    0    0    9   17    0    1    0   20    0    7    0    0    0    0   19    4    0   22    0    5    0   14   12   15    0   13   11    0   22    0   16    8    0    0    0    0    0    2    0    3   17   10  
   0    2    3    0   22    0    4    0   18   17    0    0    0    0    6    9    0   13    0   21   12   10    0    7    0    0   14    0   15    0   12   11    0    9    0   20    5    0   19    0    0    8    0    0    1   12    0   16    0    0  
   0    0    0    7   13   20    0   16   10    0    5    9    3    0    2    0   17   12    4   18    0    0    6   11    8    0    0    0   19    0    1    0   14    8   17    0    0    0    0   15    0   22    0    2    0    0    0    0   21    0  
  12    2   18   14    0   17    9    0    0    0   13    0    8    0    0    0    0   19    0    6    7    0    0    0    4    5   10    9    0    0    0    1    5    3   14    0   20    0    0   21    0    0    0    0   22   16    0    0   11   15  
  11    0   16    0    0    0    0    0   13    0   22    0   15    0    0    0    0    0   12   20    3    2    0    6    0    0    8    1    0   19   22    0    0    0    0   14    0   18    0   10    9   21    4    0    0    7    5   17   20   11  
   0   11    0   18   13    0    0    0   16    0    0    0    0   19    0    0    0    0    1    0   19   12    8    0    0   20   21    0    0    2   17    4   10    6    0    0    0    0    7    9    6    3    0    0   22    0   14   15    4    5  
   0   10    9    1    6    4   13    0    2    0    8    0    0   19   21   17    3   18    0    0    5    0    0   22   15    0    0    0    0    0   20   15   16   12    3    0    0   10    0    0    0    0    0    0   11    0    7    0   14    0  
   0   11   17    0    0    0   22    0    4    3    8   17    0    0   16   10    0    0    0    0    0    0   15    0   15   22    6   21    0    0   14    0    0   19   13    2    1    0   20    0   12    0    7    0    5    0    0    9   18    0  
  11    0    0   22   15    6   12    4    0    8    0   19    0    0   17    1    0   13   22   10    0    0   16    2    5    3    0   15    0    0    9    0    0    0    0    0   21   18   20    0    0    7    0    0    0    0    0    0   17   14  
   0    0    0   19    2    0   18    0    0   21    0   13   15    5   22   14    5    0    7    0    9   16    4    0   11    8    6    0    0    5    0    0   10    0    3    0   12    0   17    0    0    0    0    0    0    0   20    0    1   11  
  13   11   15    0   10    3   21    0    0   22   14    0    0    0   12    0    7    0    0   16    0    4    0    8    0   13   17   18    0    6   19   17    0    0   20    0    0    0    2    5    0    0   19    0    9    0    0    0    0    1  
   0   14   22    1    0    0    4    0    0    0    0    0    0    0   19   13   16   12    0    0   18   13   20    9   17    0   11    0   10    6    7   21   15    0    0    0    0    0    0    3    0   21   15    0    0    0    0    2    8    5  
   0    0    0   22    0    9    0   20   17   18    2   21    0    0   10    0    0    7    3    8   11    0    0    0   16    9    6    0   15   13    0    0    0    5    7    0    0    7   12    4    0    0    0    0    0    0    0   19   14    1  
  22    0    0   12   12    0   17    0    0    0    0    0    0   15    0    2    6    0    0   14    4    5    0   19    8    7    0   11    0    0   15    0    1   10   18    0    0    9    0    0    0    0   20   13   21   15    3    0   16    0  
   4    0    0   17    0   17    9   10    2    0   11    6    0    0    3    1    0    1    0   12    0   14    0    0   20   21    0    0    0   19    5    7    0    0   15    0    0    0   16    0    0    0    0   18   13    0    8   22    7    0  
   3    6    0   21    0    2    0    4   11   15   22    1    0    0    5    0    0    0    0    0    0   16    8   17    0    0   13    0    0    7    9    0   11    0    0   10   14   20    0    0   19   21    0    0    0   15   12   18    0    0  
   0    0    0   10    0   12    0    1    2    0   14    0    0    0    8    0   11    0   18    7    6    0   16    0   19   14    0    0   22    9    0    4   20    0    3    0   11   21    0    0   17    0   21    0    0   13    5    0    0   15  
   1   21    0    0    0    6    0   17    0   16    0    0   14    0    5   22   15    0   19    0    0   14   12    4    0    7    0    6    0   10    0    0    0    3    0   11    0    0    9    2    0   20    8   18    0    0   13    7    0    0  
   0   22    0   15    6   20    0   14    7    0    5    0   12    0    8    0   16    0    3    0   11    0   10   13    2    0    0    0    0    0    4    3   19    0    9    0    0    0    1   15   19   18    0    0   21    0   17    0    0    0  
   0    0    0    7   13    0   21    0    0    0   14   18    0    0    0   11   10    0    9    4   12   20    0    0    0    0   17    0    0    9    0    0    2    0   15    0    6    1   22    3    0    8   20   22    0    5   19   16    0    0  
  15   14   12   10    1   13    2   11    0    4    5    0    0   21    0    0    0    0    0    0    7   14    0    0    0    0   17    3    0    6   18    9    0    8    0   20   16   19   17   22    0    0    0    0    5    0    0    0    0    0  
   0    0   19    1    0   11    4   16    7    0    2    3    0    0    0   20    0    9   15   22    0   10    0    0    0    8   10    0    5    0   12    0    3    0    0   14   18    0    0    0    0    0    0   16   17    0   13    0    6   21  
   1    7    0    4   17    0    3   18    0    0    2   15    9   14    0    0    0    0    6    0   21    0    0    0    0    0    9    8    0    0    9    0    0   11   19   10    0    0   22    5    0   20   12    0    3   16    0   13    0    0  
   2    5    0   20   11    9    0    0   15   22    0   15   19    0   15    0    0    0   18    6   14   13    7    0    0   12   22    0    0   21   16   10    0    0    0    8    0    0    1    0    4    0    0    0    0    0    0   17    0    3  
  13    0    0    1    0    0   10   22    2   11    0    4    0   18    3    0   19   11    8    0   16    0    0    0    0    0    0    0    0   20   20    5    0    9    0    8    0   17    0   12    0    0    0   15    0   21    6    7   14    0  
   0    0    0    0    0   15    0    0   11    0   16   22    2    0    4    0    2   18    9    0   21    0    0    0    7    8    3    0    0    0   10   10    0   17    0    0   13   19    1   14    5    6    0   20    0    0    0   12    0    2  
  15   11    0   18    0    1    0    0   12    0    0   19    4    4    9   16    5   20    0    0    0    3    0    2    0    0   16    0    0    1   21    8    0    0    0   10    0    7    0    0    6    0   14    0   13    0   22   17    0    0  
  16    0    0   10   17    0   17   12    0    0    0    0   13    1   21    0   20    0    0    0    8   22    4   18    0    9    0    8    7   11    0    0    0    0    3    0   11   19   14    0    0    2   15    0    6    0    0    5    0    0  
  13    7    0   21    0    0   20   12   11    0    0   14    0    2   21    5    9   19    0    9   16    0    0   18    0    0    0   10    0    0    0    0    3    0    0   15    2    4    0   17    0    0    0    0    8    6    0    1    0   22  
   0    0    0    0    8    0    0    0    3    0    0   11    6   12    9    0    0    0    0    2    8    0   22    0   20    5    0   18    4    0   20    1   21   19   17    0    0   15   10    0    0    0   16    0    0   21   14   13    0    7  
   0    0    0    0    0    4    1    0    0   21   16   17    0   15    0    0   10    7    0    6    0   12    0    4    9    2    5    0    0    0   22    0   14    0   11    9   19    0   18    3    0   19    0    0    0   20   13    8    0    0  
   2    0   20    0    4    7    0    6   17    0   22    0    0   16    0   21    0   13   11    0   10    0    9    0   20   12   10   14   22    8    0    0    0   15    0    0    3    0    0    0    0   19    5    1    0    0    0    0    0   18  
  12   13    0    9    0    0    2    0    0    3    6    1   20    0    0    5    4    0    0   22    0   13   10    8    9   16    0    0    0    7    0    0   18    0   14    0    0   21   17    0    0    0    0   16   19    0    0    0   15   11  
  12    0    0    0    4    0    0    0    0    0    3   18    0   13   16    7   16    0    0    6   16   20    0    1    0    0    0    0   17    0   15    9    0   14   19   11   21    0   22    0    0   13    5    0    0    0    0    2   10    8  
   0    0   21    0    0    0   22   15    0    0    4    5    0    0   10    0   11    0   18   18   20   13    0    0    0    1    0    0    6    0    3    7   14   19    0    2    0    0   16    0   17    0    6    8    0   12    0    0   21    9  
   4    0    0   14    0    0   20    0    0    0    0    8   13    2    0    0   10    1   17    9    0   10   16    6    0   19   11    0    0    3    5   15    0    0   21   21    0    0   22    7   12    0   14    0    0    0   18    0    0    0  
  18   12   18    0    8    0   22    0    0    3    0   10   15   17    0    0   13    0    9   11   14   19    0    0    1    0    0   16    0    0    0    4    6    0    0    8   21    0    7    9    5   20    0    0    2    0    0    0    0    0  
   7   21    0   13    3    0    0    7    3   14   11    0   12    4    0   16    0    0   20    0    0    0    0   17    0    0    9    0    5   18    0    8    0   22    2    0    0    6    0    0    0    0    0    0    0   10   15    5    1   19  
   0    6    0    0   15   12    0   15    0    2    7    0   17    0    0   12    4    0    0   21   19   20    8    0   10    0    3    0   13   12    0    0    0   18    0    9   14    0   22    0   16    1    0    0    0    0   11    0    0    5  
  12    0   17   19   20    0    1    0    2    0   13    0    0    7    0   22   21    0    0    0    8    0    4    0    9    3    0    0    0    0    0    0   11    0   14    9    0    0   18    0    5    5   10    0    0   15    6   16   15    0  
  16   18    0    0    0    0    0    0   15    0    0   10    0    3    0    0    0    0    0    0   11    0   18    6    0    0   19   20   14    0    2    7    0    9    0   13    7   21   22    8    0   17    5    7    4   12    0    1    0    0  
   0   16    0   12   18    0   13    3   17    0    0   14   19    0    0    0    7    0   15   11   22    1    0    0    6    0    5    0    4   16    0   20    0    0    0    2    0    0   16    8    0   21    0    0    0   10    0   14    9    0  
  16    0   16    0    1    4   15    8    9   21    0    2    0    6   11    3    0    0   14    7   17    0   19    0   10    0    0   18   20    0    0   13   15    0    0   22    0   12    0    0    0    0    0    0   21    5    0    0    0    0  
   0    1    0    0   14   19    3    0    0    5    6    0    0    2    0   16    0    4    0    0   15   17    0   10    0   20    9    0    0   13    0   12    0    0    4    4    0    0    7    0    8   18   21    0   11    0    8   22    0    0  
   4   22   15    0    0    0    0    0   10   18    0    0    0   11    8    7    0    0    0    2   16   19    0    9    9    0    9   12    0    0    0   17    5    0    7    6   21    0    0    0    0    0    1   14    0    0   20    3    0   13  
   0    0    5    6    0    0   13    0    3    0    9    0   16    7   10   21   21    0    0    0    4   19    0    0    0   22    0   17    3    0    0    8    0   12   20    0   11    2    0    0    0   14   18    0   15   19    0    0    0    1  
   0    2    0   14    3   21   18    0   19    0    0    2    0    8    1   21    0    0   10    0    0    4    6   15    0    0   12    0    0    0    0   17    5    9    0   15    0    0    0    0   16    0    7   20    0   22    0   13   11    0  
   0   14   11    8    0    0    0    0   13    2   15    0    9    0    1    0   18    3    6   10    0   21    0    4    0    0    0    3    0   19    0    0    0    0   11    0    0   17   22    0   12   12    5    0    0    0    7   20   16    0  
   0   21   22    0    0   14   15   13    4    8    0   19   17   12    0   10    3   18    6    0    0    0    0    0   16    8    0    0    0    2    0   17    0    0    0    0    0    0   17    7    0    1   20    9    0    5    0    0   11    0  
   0    6    0    0    0    0   12   10    0    0   20    0    9    0    3    0   21    0   16    0    0   15    0    0    2    0   11    0   18    0   16   13    0    1    0    0    4    0    5   14   17    8    7   22    7   13    0    0   19    0  
   0    0    1    0    2    5    9    0    0    0    0   12   16   11    3   15    0   16    6    0    0    0    0    0   10    0    0   13    0    0    0    4    7   19    0   17    0    0   14    8   20   22    2    0    0    0    4    0   18   21  
   9    0    0    0   14    0   17    0    4   10    5    0   13    7    0   20    3    0    0    0   21    0   19    0    0   19    8   16    0   19    0    0    6    0   18    0    0   11   12    2    0    0    1    0    0    3    0   22    0   15  
  16    0    2    8   12    0   13    9    2    0    0    0   22    0   18    0   15    4   19    0    0   11    6   20    0    0    3    0   13   14   10    0    5    0    0    0    0    7    1    0    0   17    0    0    0   16    0    0   21    0  
   0   10    0    1    0    0    0   15    0    0   14   13    0    2   12    3    0    6    0   14    8    7    0    0   22   20   16   14   11    0   19    0    4    0    5    0   18    0   15    0    0    0   17   21    0    0    9    0    0    0  
  10    1    0    8   13   16   20   12    0    4    0    0    2   18   15    0    0   15    0    3   21    0    6    0    0   11    0    0   14    0    0    1   22   10    0    7    0    0    0    0   19    0    0    9    0    0   17    0    5    0  
   4   11   16    0    0    2    1    9    0   22   10   14    0    0   13    0   21    5    0    0    0    0   18    0    0    2   11    0    8   17    0    0    0    7   19    0    0   12    0    0    0    0    0    3   20    6    0    8    0   15  
   0    4    0    6   11   16    0    0    0    0    5    8    0    0    0    0   18    9    0    0   22    0   18    7    0   19   15   17    0    0    0    0    0   12    1    0    0    0   18    0    2   10   20    5    0    0   21   14    3   13  
  15   22    0   10    0    0   13    0    3    0    0    0    0    0    0    0   17    2    0    0    0    1    0    9    8    0   14    0    6    0    3   11    0    5    0   13    4   16    8    0   21   12   18   20   19    0    7    0    0    0  
  12    7    1    0    0    0    0    9   10    0    8   17   19   18    6   11   13   20   14    0    0    0    0    0    0    0    0    3    3    0    0    0    2   16    5    6    0    0    0    0    0    0    0   12   21    4    0   22    0   15  ] 
BUDGETS : [    2    4    7   10   11   12   13   15   15   17   17   18   19   24   27   28   28   29   33   39   43   45   45   48   50   50   59   60   60   65   67   70   71   72   73   74   76   78   79   80   81   84   86   86   94   95   96   96  100  100  102  105  109  111  112  116  122  123  124  129  132  135  137  138  142  143  145  146  147  147  148  152  152  152  154  155  155  156  158  159  161  163  166  170  176  181  183  184  186  187  189  190  191  194  194  196  199  199  199  200  ] 
