K : 50
I : 50
PREFERENCES : [    0    0    0    0    0    0    0    0    0    0    0    0    0    0    0    0   46    0    0    0    0    0    0    0    0   49    0    0    0   48    0    0   47    0    0   50    0   44    0   44   50    0    0    0   44    0    0   45    0    0  
   0   48    0    0    0    0   47    0    0   44   50    0    0    0    0    0    0   49   46   46    0    0    0    0    0   50    0    0    0    0    0    0   45    0    0    0    0    0   44    0    0    0    0    0    0    0    0    0    0    0  
  46   44    0    0   44    0   45    0   47    0    0   47    0   50    0    0    0    0    0    0   48    0    0    0    0    0    0    0    0    0    0    0   49    0    0    0    0    0    0    0    0    0    0    0    0   47    0    0    0    0  
  44    0    0    0    0    0   44   45   49    0    0    0    0    0    0    0    0    0    0    0   47    0    0    0   45    0    0    0    0    0    0    0    0   45   46    0    0    0    0    0    0   48    0    0    0    0    0    0   50    0  
   0    0    0    0   50    0   47    0    0    0    0   48    0    0   49    0   45    0    0    0    0   48   46    0    0    0    0    0    0    0    0    0    0   44    0    0    0    0    0    0   49    0    0    0    0   44    0    0    0    0  
   0   46    0    0    0    0    0    0    0    0    0   44    0   49    0    0    0    0    0    0   50   48    0    0    0   46    0    0    0    0    0    0   45   48    0    0    0    0    0    0    0    0    0    0    0   48    0   47    0    0  
  46    0    0    0    0    0    0    0    0    0    0    0    0    0   47    0    0    0    0   50    0   48   45    0    0    0    0   44    0   50   49    0    0    0    0    0    0    0    0    0   49    0   50    0    0    0    0    0    0    0  
   0    0    0    0    0    0    0    0    0   47    0    0    0   45    0    0    0   49   48   50    0   44    0    0    0   48    0    0    0    0    0    0    0   46    0    0    0    0    0    0    0    0   50   45    0    0    0    0    0    0  
   0   48   44   47    0   49    0   50    0    0    0    0    0    0    0    0    0    0    0    0    0    0    0   45    0    0   46    0    0    0    0    0    0    0    0    0   44    0    0    0    0    0    0    0   46    0    0    0   50    0  
   0    0    0   49    0    0    0   44    0    0    0    0   47    0    0    0    0    0    0   48    0   45    0    0   44    0    0    0    0    0   45    0    0   46    0    0   47    0    0    0    0    0    0    0    0   50    0    0    0    0  
   0    0    0   49    0    0    0    0   47    0    0    0    0    0   50    0    0   46    0    0    0    0    0   49   45    0    0   45    0    0    0    0    0   48    0    0    0    0    0    0   44    0    0    0    0    0    0   44    0    0  
   0    0    0    0    0    0   44   50    0    0    0   48    0   47    0    0    0    0    0   50    0    0   46    0   45    0    0   48   50    0    0    0    0    0    0   49    0    0    0    0    0    0    0    0    0    0    0    0    0    0  
  50    0    0   47   44   46    0   48    0    0    0    0    0    0    0    0    0    0    0    0    0    0    0    0    0    0    0   48    0    0    0    0    0   45    0    0    0   46   48   49    0    0    0    0    0    0    0    0    0    0  
   0   45    0   46    0    0    0   45    0    0   47    0    0    0    0    0    0    0    0    0   50    0    0    0    0    0    0    0   49    0    0    0    0    0    0   44    0   47    0    0    0    0   48    0    0    0   50    0    0    0  
   0    0    0    0    0    0    0    0    0    0    0    0    0    0    0   49    0    0   44    0    0    0    0    0    0   46    0   50    0    0    0    0    0    0    0    0    0   47   46    0    0   45    0    0   46    0    0   44   48    0  
  44    0    0    0    0    0    0    0    0    0    0   47   49   44    0    0    0    0    0    0   48    0    0   45    0    0    0    0    0   46    0    0    0    0    0   48    0   45    0    0    0    0    0    0    0    0    0    0    0   50  
   0    0   46   45   47    0    0    0   45    0    0    0    0   48    0    0    0    0    0    0    0    0    0    0    0   50    0    0    0    0    0   49    0   45    0    0    0    0    0    0   44    0   47    0    0    0    0    0    0    0  
   0    0    0    0    0    0    0    0    0    0    0   50   49   48    0    0    0    0   46    0   44    0    0    0    0    0    0    0    0    0    0    0    0    0    0    0    0   50   45    0   47    0   44    0    0    0    0   45    0    0  
   0   49    0    0    0   49    0    0    0    0    0    0    0    0    0    0    0    0   46    0   47    0   45    0    0    0    0    0    0   44    0   50   50    0    0    0    0    0   48    0    0    0    0    0    0   44    0    0    0    0  
   0    0    0    0    0    0    0    0   46    0    0    0    0    0   45   47    0    0    0    0   49    0    0    0    0    0    0    0   45    0    0    0    0   48    0   44    0    0    0    0    0    0    0   50    0    0   50   45    0    0  
   0    0   44    0    0    0    0    0    0    0    0    0    0   49    0    0    0    0   48    0    0    0    0   48    0    0    0    0    0    0   46    0   48   47    0    0   50    0    0    0    0    0    0   48   45    0    0    0    0    0  
   0   45    0    0    0    0    0    0    0    0    0    0    0    0   49   47   46    0   48    0    0    0    0    0   50    0    0    0    0    0    0    0    0    0    0   45    0    0    0    0   46    0   46    0    0    0    0    0    0   44  
   0   44    0    0    0    0    0    0    0    0    0    0    0    0   45   47    0    0    0    0   50    0    0    0    0    0   48    0    0    0   45    0    0    0   49    0    0   48   46   48    0    0    0    0    0    0    0    0    0    0  
   0    0   46    0    0   49    0   48    0    0    0    0    0    0    0    0    0    0    0    0    0   45    0    0   48    0    0   50    0    0   45    0    0    0    0    0    0    0    0    0    0   47    0    0    0   44    0   48    0    0  
   0    0   49    0    0    0   50    0    0    0    0    0    0   44   47    0    0    0    0    0    0    0    0    0    0    0    0    0    0   46    0    0    0    0    0    0   48    0    0   50    0    0    0    0   45    0    0   47    0   50  
   0    0    0   46   45    0   49    0    0   47    0    0    0    0    0    0    0   48    0    0   47    0    0    0    0    0   50    0    0    0    0    0    0   44    0    0    0   50    0    0   47    0    0    0    0    0    0    0    0    0  
   0    0    0    0    0    0   48   45    0    0    0   44    0   50    0    0    0    0   47    0    0    0   49    0    0    0   48    0    0    0    0    0   46   48    0    0    0    0    0    0    0    0    0    0    0    0    0    0    0   47  
   0    0    0    0    0    0    0    0    0    0    0   48    0    0    0    0    0    0   45    0   50    0    0   45    0   46    0    0    0    0   45    0    0    0    0    0    0    0    0   44    0   44   49    0    0    0   47    0    0    0  
   0    0    0    0    0    0   44    0   47    0    0    0    0    0   48    0   48    0    0    0    0    0    0    0    0   47    0    0    0    0    0    0    0    0    0    0   47    0    0    0   49   45    0    0    0   46    0   50    0    0  
   0    0    0   50   48    0    0    0    0    0    0    0    0    0   49    0    0    0    0    0    0    0    0   50    0    0   47    0    0    0    0    0    0    0   44   46   48    0    0    0    0   45   47    0    0    0    0    0    0    0  
   0    0   44   45    0    0    0    0    0   50    0    0   44    0    0    0   47    0    0   46    0    0    0    0    0    0    0   48    0    0    0    0    0    0   49    0    0    0    0    0    0    0   44    0    0    0    0    0   44    0  
   0    0    0    0    0    0   50    0   46    0    0   50    0    0    0    0    0    0    0    0    0    0    0    0    0    0    0    0   46    0    0    0    0   49    0   48    0    0   47    0   44    0    0   45    0    0    0   46    0    0  
  48    0    0    0   50    0    0    0    0    0    0    0    0   46   47    0   45    0    0    0    0    0    0    0    0   49    0    0    0    0    0    0   44    0    0   45    0    0   47    0    0    0   50    0    0    0    0    0    0    0  
   0    0   50    0    0   50    0    0    0    0    0    0    0    0    0    0    0    0    0    0    0    0    0    0    0   45    0    0   50   44   47    0   49    0    0    0    0    0    0    0   50   46    0    0    0    0    0    0   48    0  
   0    0    0    0    0    0    0    0    0    0    0    0    0   48    0   48    0    0    0    0    0    0    0   47    0   46    0    0   45    0   49    0    0    0    0    0    0    0    0    0   49   48   50    0   44    0    0    0    0    0  
   0    0    0    0   46    0    0   45    0    0    0    0    0   49    0   50    0   46    0    0    0    0    0    0    0    0    0   44    0    0    0    0    0   47    0   50   48    0   46    0    0    0    0    0    0    0    0    0    0    0  
   0    0    0    0    0    0    0    0    0    0   49    0   47    0   48    0    0    0   46    0   50   50    0    0    0   45    0    0   46    0    0    0    0    0   44    0    0    0   48    0    0    0    0    0    0    0    0    0    0    0  
  44   46    0   44    0    0    0   50    0    0    0    0   47    0    0    0    0    0   48   49    0   45    0    0    0    0    0    0    0    0    0    0    0    0    0   46    0    0    0    0    0    0    0    0    0    0    0    0    0   44  
   0    0   50    0    0    0    0    0    0    0    0   46    0    0   45    0    0    0    0    0   47    0    0    0    0    0    0    0    0    0    0    0    0    0    0    0   49    0    0    0   50    0    0   50    0    0   45   48   44    0  
  46    0   45   45    0   47    0    0    0    0    0    0    0    0    0   45   49    0    0   45   44    0    0    0    0    0    0    0    0    0   50    0   48    0    0    0    0    0    0    0    0    0    0    0    0    0    0    0    0    0  
   0    0    0    0    0    0   45   47    0    0    0   44    0    0    0    0    0    0    0    0    0    0    0    0    0    0    0   50    0    0   46   48    0   50    0    0   45    0    0    0    0    0    0   49    0    0    0   50    0    0  
   0    0    0   44   48   45    0    0   50    0    0    0   47    0    0    0    0   47    0    0    0    0    0    0   48    0   49    0    0    0    0    0    0    0    0    0    0    0    0    0    0    0    0    0    0    0   46    0    0   45  
   0   46   47    0    0    0    0    0    0    0    0    0    0    0    0    0   44    0    0   45    0    0    0   50    0    0    0    0    0   49    0    0    0    0    0    0    0    0    0    0   48   45    0    0    0   45    0    0   45    0  
  49    0    0    0    0    0   44    0    0    0    0    0    0    0    0    0   45   47    0    0    0    0   50    0    0    0    0    0    0    0    0    0    0   44    0   47    0   48   50    0    0    0    0    0    0    0    0   46    0    0  
   0    0    0    0    0    0    0    0    0   47    0    0    0    0    0    0    0   46    0    0    0    0    0   47    0    0   49    0   47   45   47    0    0    0    0    0    0    0    0   44   50    0    0    0    0    0    0    0   48    0  
   0    0    0    0    0    0    0    0    0    0    0    0    0    0   50   46    0    0   48    0    0    0    0    0    0    0    0    0    0    0   46    0    0    0   44   47   49    0    0    0    0    0    0    0    0    0    0   49   45   46  
   0    0    0    0    0    0    0    0    0    0    0    0   46    0    0    0    0    0    0    0    0    0   46    0    0   47   44    0   44    0   49    0    0    0    0    0    0   50   48    0    0    0    0    0    0    0   45   45    0    0  
  50    0    0    0   49    0    0    0    0    0    0    0    0    0    0    0    0    0    0    0    0   44   45    0    0    0    0    0    0    0    0   48    0   49    0   46    0   47   49   49    0    0    0    0    0    0    0    0    0    0  
   0    0    0    0    0   47    0    0    0   48    0    0    0    0    0    0    0    0    0   49    0   44   49    0    0    0    0   48    0    0    0   46    0   45    0    0    0    0   50    0    0    0    0    0   49    0    0    0    0    0  
  44    0   47    0    0    0   48    0    0   48    0   49    0    0    0   45    0    0    0    0   46    0    0    0    0    0   50    0    0    0    0    0   48    0    0    0    0    0    0    0    0    0    0    0    0   50    0    0    0    0  ] 
BUDGETS : [    2    2    6    6    8    9    9   18   20   23   26   27   31   32   35   36   37   39   41   41   42   46   49   58   58   60   60   61   63   64   64   67   71   72   73   73   76   77   79   80   80   81   83   87   88   88   93   93   95   98  ] 
