K : 100
I : 100
PREFERENCES : [   20   78   21   10   36   83   27   92   46   64   74   41   15   89   88   67    9   30   13   23   70   25   26   32   34   50   75   63   90   52   97   82   24   47   98   84   11   40    8   49   27   16   44   17   38   35   28   85   65   56   18   76   94    6   96   54   39   29   86   77   71    7   73   99   50  100   58   19   81   39   37   53   50   95   80   42   31   33   57   48   66   13   62   91   55   61   43   68   51   12   59   22   69   60   14   93   87   72   79   45  
  52   74   53   86   96  100   61   95   22   78   20   69    7   45   39   21   60   19   16   40   62   99   12   93   59   84   82   23   37   80   42   46   43   48   25   31   18   34   71   26   75   73   67   79   61   38   47   13   90   24   17   26   70   85   68   36   15   97   57   32   83   33   51   41   77   81   44   84   56   50   21    6   92   87   27   91   66   58   10   72   11   35   64   14   63    8   89   87   29   65    9   94   54   88   98   76   55   30   28   49  
   7   85   13   96   62   71   46   52   84   61   34   26   69   68   11   58   86   76   88   72   97   42   53   44   68   98   25   87   33   16   70   65   10   89   60   36   29   43   37   54   30   55   74  100   94   73    8   67   36   66   79   64   41   48   45   63   50   32   83   75   81   59   56   14   78   39    9   99   93   80   21   90   22   95   35   31   51   18   77   17   91   92   86   40   51   76   20   15   23   38   27   47   24    6   12   28   57   49   19   82  
  31   10   14   27   83   25   65   37   39   59   52   48   20   90   19   69   92   64   53   32   78   22   86   79   50   54   60   51   96   36   99   87   70   38   88   76   41   40   44   83   42   23   75   33   62   35   47   97   94   25    9   68    7   11   98   85  100   34   45   18   12   15   67   95   71   58   29   24   28   55   56   63   72   27   80   30   73   16   82   77   93   24   21   89    6   26   30   17   66   46   49    8   13   57   81   74   84   91   43   61  
  26   61   25   39   36   24   82   79   37   63   96   44   94   92   90   37    9   59   77   23   27   58   56   17   87   95   99   51   41   50   55   34   91   33   40   60   35   76    7   85   97   83   32   54   68   49   67   84   31   73   75   12   11   89   34   21   57   54   14   13   62   16   10   25   15   38   53   48   88   66    6   20    8   81   71   93  100   64   29   45   42   18   86   78   43   47   52   19   98   65   46   28   70   69   80   49   30   74   72   22  
  27   37   42   82   63   19   16   73    7   90   23   59   66   94    8   76   64   68   81   67   75   51   15   24   38   57   34   70   58   71   26   45   31   30   47   35   40   56   96   69   43   48   64   85   95   12   98   18    9   32   52   91   28   50   84   80   88  100   27   55   14   33   87   54   65   46   20   21   39   77   97   49   83   99   89   74   86   17   79    6   48   53   29   92   78   60   75   61   25   62   41    9   11   44   10   36   93   13   22   72  
  12   10   67   75   76   33   91   26   43   24   53   49   88   27   31    7   99   77   47   96   60   79   82   93   87   41   33   94   34   45   58   14   68   87   89   54   70   73   64   83   55   17   81   21   97   23   40   15   29   39   61   95   22   56   65   51   48    8   46   86   44   19   35    9   98   72   71   11   66   18   59   56   68   92   13   57   78   42   69   63   97   25   90   38   28  100   37   16   84   50   74   80   30   62   20   36   52   85   32    6  
  85   91   71   60   45   67   76   52   77   65   18   81   72   64   39   95   46   97   89    9    7   40   62   66   75   48   13   86   36   26   55   34   49   43   41    6   68   99   95   90   54   53   29    8   16   80  100   24   27   15   31   95   44   51   47   58   92   17   19   69   96   98   28   73   33   23   24   32   10   30   70   71   83   20   63   56   88   79   14   42   93   74   21   12   11   84   82   33   35   94   59   25   87   78   50   37   38   61   22   57  
  49    7   90   45   24   46   94   44   79   20   89   70   61   72   85   73    9   11   51   77   28   52   13   95   54   78   26  100   39   57   76   92   27   75   10   55   99   68   62   86   66   15    6   80   35   31   53   91   46   60   34   30   65    8   69   87   63   36   67   50    6   23   38   16   32   18   59   12   74   64   56   20   43   96   29   17   93   18   22   84   98   21   42   86   97   37   82   41   88   19   14   83   25   40   58   33   48   47   71   81  
  71   21   38   65   77   82   10   33   19    9   26   90   16   56   29   14   59   50   32    7   73    8   61   91  100   31   94   67   10   95   49   12   36   69   47   96   86   68   84   88   46   53   83   62   72   79   89   92   99   44   66   80   18   63   15   97   54   76   58   25   28   35   43    6   98   40   37   87   11   45   22   41   74   93   20   27   64   81   76   39   80   13   55   68   85   17   60   57   24   30   52   78   75   34   51   42   70   48   89   23  
  64   98   80   87   41   19   73   54   96   62   90   30   84   49   89   42   50   24   52   61   19   56   57    8    6   70   40   51   16   88   91   85   31   25   83   47   97   53   81   86   65   36   29   35   12   48   74    7   60   58   37   67  100   82   76   57   68   32   37   92   10   59   94   27   75   58   26   34   46   15   20   21   93   66   38   22   79   33   14   63   13   77   78   95   55   99   23   18   44   72   95   43   28   45    9   69   71   11   17   39  
  36   28   41   20   50   27   88   19   70   38   16   47   35   17   68   40    7   18   58   89   14   44   49   85   90   82   11   39    8   32   80   48   23   77    6   62   53   12   42   26  100   79   64   30   61   98   55   57   21   87   67   99    6   37   13   73   78   66    6    9   56   59   88   65   69   72   81   93   97   96   52   71   33   92   75   43   29   94   83   25   51   15   84   34   10   74   76   60   86   54   66   91   24   31   22   63   46   62   45   95  
  94   82   21   24   11    7   80   92   54   77   43   99   69   39   15   46   53   64   36   75   74   22   43   41   44   91   26   96   76   30   86  100   59   68   78   60   89   70   14   56   13   23   31   25   73    6   19   83   57   16   28   95    9    8   66   71   63   58   29   72   50   18   85   68   90   38   45   37   71   51   61   32   56   55   81   40   87   84   93    9   65   97   12   52   47   10   20   48   79   49   35   62   27   88   17   34   67   42   33   98  
  95   19   85   76   40   32   43   16   48   30   54   57   36   52   86   17   97   14   10   22   51   34   97   29   71   98   80    6   62   49   13   42   47   26   44   74   81   12   75   90   50   96   39   73   70   46   33   89   27   21   31   37   55   77   21   72   92   99   61   25   28   11   18   84   49   68   66   82   64   58   45   38   88    9   59   91   65   23   35   78    7  100   20   15   83   69   41   10   93   24   56   79   67    8   53   94   48   60   63   87  
  72   60   42   39   56   76   37   22   92   29   44   70   89   82   72   30   36   75   99   31   20   51   45   71   48   43   91   52   43   49   27   15   73   68   79   40   34   19   95   66   94   42   58   16   47   88   14   83   35   32   13   38   85   12    7   57   23   24   80   17   63   86   98   28    6   25   26   50   74   21   44   77   61   79   33   90   18   54   87   69   97   41  100   78   55   64   65   93   53   96   59   11   81   46   62   84    8    9   10   67  
  12   19   86   65   47   77   15   46   17   97   20   25   30   53   32   49   68   22   36   50   98   76    8   13   29   83   11   49   91    6   83   80   81   95   85   73  100   92   41   44   56   27   58   52   87   37   51   88   16   55   10   96   69   39   72   59   94   28   90   24   62   71   23   43   99   86   61    9   42   60   18   89   75   64   70   67   35   14    7   82   93   38   31   96   79   21   45   66   40   78   63   34   46   33   48   54   26   74   57   84  
  79   67   51   63   73   21   97    7   93   23   24  100   54   19   75   29   47   55   36    8    9   56   77   37   96   92   16   84   12   35   53   13   32   87   18   33   50   11   27   46   28   89   17   83    6   42   22   62   68   70   66   34   91   72   80   61   81   30   52   64   58   57   39   98   40   86   10   90   68   76   65   71   31   56   69   14   82   99   25   59   45   38   78   85   51   20   95   15   42   60   26   49   94   41   74   48   88   44   43   82  
  41   31   10   88   46   63   61   30   85   65   49   52   42   25   14   79   57   45   91   72   16   49   78   26   47   80    6   32   74   50   37   89   15   92  100   83   24   29   56   82   17   19   99   33   64   51   27   34   28   95   73   53   48   87   36   60   77   11   58    8   59   35   44   97   68   86   22   20   13   98   70   40   23   84   62   75   55    7   76   93   71   54   43   75    9   39   67   52   90   38   66   88   18   81   19   21   69   12   96   94  
  83   47   16   18   94   66   15   70   76   46   80   37    8   88   84   81   49   51   77   64   44   72    8   43   58   26   12   31   30   55   63   41   60   39    6   57   42    7   82   35   20   99   27   89   75   79   48   13   71   92   73   17   11   21   29   33   87   52   53   74   91   24   90   65   37  100   78   95   62   79   67   85   45   69   28   59   40   93   86   14   25   32   98   50   61    9   34   23   10   54   19   97   56   68   38   36   36   23   96   22  
  52   97   57   39   81   53   30   88   16   91   95    9  100   59   19   25   48   34    6   49   44   38   83   29   14   68   85   43   36   93   21   75   92   54   72   99   45   96    7   98   10   17   73   80   23   65   63   32   71   22   13   24   87   90   28   31   37   42   41   89   46   56   86   58   56   94   64   78   79   40   26   11   12   35   40   74   18   66   50   51   77   84   67   62   27   98   55   51   20   61   33   47   15   70   60    8   76   82   64   69  
  38   18   41   91   76   60   93   73   11   96    9   10   45   68   90   42   39   48   13   36   84   37   75   88   22   69   66   21   54   56   81   51   65   14   89   61   26   63   20   59    8   79   64   58   61   94   58   49   95   98   85   16   92   12   40   30   19   83   86   24   28   44   56   52   61   82   99   32   29   67   17   25   46   50   23   43   47   55   78   80    7   53   57    6   77   35   71   34   70   22   33   31   27  100   74   15   87   72   97   62  
  41   15   95   57   88   11   70   87   93   94   64   43    8   10   81   75   22   19   84   60    6   86   18   65   83   99   67   56    7   17   68   40   76   51   45    9   70   49   13   85   23   26   91   35   33   24   32   75   74   34   12   50   97   72   90   48   66   46   82   31   54   55   21   61   78   29   37   98   73   27   14   77   16   92   96  100   58   80   38   51   63   28   30   47   44   62   20   25   71   59   42   94   89   39   53   17   36   69   79   52  
  23   73   37   52   47   80   82   10   12   25   31    9   21   36   14   32   63   42   77   33   28   50   81   84   18   65   53   43   16   56   60   13   61   46   57   40   22   62   95   26   54   86   61   81   68   39   44   41   89   59   19   24   55   93   38   99    7   17   96   51  100   69   35   91   29   64   27   17   98   11   67   92   76   58    8   70   90   66   45   20   34   78   79   72   97   74   88   75   15   83   49   30   48   87   94   21   39    6   85   71  
  28    8   35   70   75   73  100   26   31   34   65   74   98   36   44   43   20   49   30   41   84   23   60   33   53   18   15   52   27   21   64   87   57   47   51   88   78   74   17   94   14   40   69   86   80   85   90   13   11   37   82   43   62   89   45   25   71   46   91   72   58   93    6   67   50   61   48   95   78   33   16   22   81   12   19   92   99    7   55   97   56   83   76    9   23   68   59   38   79   32   66   39   24   42   10   77   54   63   96   29  
  38   19   55   39   64   33   42   13   51   17   97   14   96   10   72   68   76   45   53   46   24   20    7   83    8   91   11   84   80   69   65   29   95   71   49   28   70   87   44   78   93   59   22   12   75   26   27   60   35   61   50   94   57   90   32   74   30   56   54   92   79   23   25   63   85   31   52   99   16  100   47   88   62   41   37    9   82    6   85   89   34   73   98   21   66   18   58   93   67   36   77   81   17   15   43   55   86   48   43   40  
  55   97   76   38    8   58   50   20   45   74   40   54   86   60   19   37   29   75   32   27   62   92   46   66   36   39   12   47   81   53   67   24   23   35   26   73  100   72   10   53   51   78   77   61   14   80   65   11   98   42   79   63   48   25   89   71   13   16   56   70   92   18   88   28   21   15   69   44   43    9   49   43   41    7   91   17   99   85   59   96   52   95   22   64   31   90   93   83   94   68   57   34    6   74   33   30   82   12   87   84  
  28   13   91   44   45   39   80   17   62   46   93   24    9   57   23   83   52   55   58   90   86    6   76   72   92   56   60   21   38    8   32   37   96   88   18   99   27   75   25   69   31   64   51   54   43   97   12   79   67   29   52   48   16   84   61   35   63   95   47    7   65   77   67   19   30   38   41   20   78   22   70   50   40  100   22   53   15   85   94   71   34   66   11   49   42   33   87   89   26   97   74   36   14   59   73   81   82   10   98   68  
  57   30   46   45   96   88   87   11   50   23   88   72   19   60   13   28   90   22   54   12   98   32   29   52   65   27   17   86   18   81   40   58   35   71   41   10   34   47   70   16   74   73   62   76   77   56   63   14   20   92   80   48   95   25   15   79   38   76   59   61   43   75   64   36   37   31   44   99   26   85    7   93   67   90   97   51   33    6   44   42   91   78   21   83  100   69   94   24   79   84   39    9   55   53   68    8   66   49   89   82  
  98   97   27   90   11  100   39   56   48   81   57   70   19   59   63   76   14   64   13   85   19   18    8   12   99   80   75   78   47   47   35   49   24   74   69   45   17   31   83   92   65   43   54   22   84   88   41   25   36   30   21   16   33   86   42   29   10    7   94   40   96   38   37   51    8   15   32   91   62   73   87   44   77   71   93   16   58   79   68   41   20   28   61   52   23   95   26   89   67   60   72   50   66   34   82   53   55    9    6   46  
  91   54   72   21   35   76   37   80   40   93    7   30   16   15   59   19   49   53   89   43   17   71   42   79   14   10   77   39   63   88   65   28   20   91   87   70   83   24   20   82   75   80   86   38   66   55   21   22   96  100   23   52   90   61   12   73   46   51   74   67   11   13   99   56    8   97   32   60   47   26   45   27   84   44   41   34   33   68   83   95   29   48    6   69   94   36   25   58   64   50   92   62   31   98   85   57    9   81   78   18  
  47   25   60   61   83   54   30    9   42   55   95   87   38   99   94   49   77   46   74   57   75   93   15   89   70   81   50   34    8   16   37   26   28   86   85   45   67   13   15   39   31   19   34   14   97   33   72   80   44   11   91   65   27   58   82    7   43   59   36   10   52   69   88   96   32   62   18   20   84   63    6   90   79   52   48   78   76   68   56   53   39   40   73   64    6  100   17   22   24   21   71   92   29   66   51   98   35   23   12   41  
  69   56   64    7   71   85   41   98  100   83   26   60   61   17   30    9   52   27   20   58   57   10   86   89   76   88   66   36   90   82   97   99   80   37   62   67   18   11   43   72   78  100   42    6   12   81   70   75   79   48   95   96   23   48   59   14   63   77   65   34   68   32   50   19   47   24   46   76   33   15   28   74   16    8   39   44   73   93   98   51   92   40   29   91   53   55   45   94   13   84   25   31   49   21   87   35   89   54   22   38  
  95   85   38   15   35    7   20   27   36   86   32   71   21   61   47    9   46   97   30   94   14   56   68   10   44   49   64   69   39   40    8   41   11   88   79   98   84   77   19   92   17   54   12   62   55   48   34   93   42   28   87   43   60   24   50   29   65   99   33   16   13   73   74   82   23   28   31   51   81   26   45   78   25   96   37   80   83   70    6   52   22   58   66  100   53   59   74   75   67   45   63   32   90   56   76   57   18   91   72   89  
  34   14   38   41  100    8   10   10   58   85   76   20   37   51   97   50   79   39   46   47   53   96   26   80   22   81   16   15   94   99   65   13   45   89   59   51   12   21   87   54   90   25   32   68   60   31   11   69   36   56   82    6   55   44   77   35   52   93   48   71   86    7   42   49   95   28   57   83   33   72   54   73   23   18   29    9   40   24   92   91   75   19   67   84   78   63   17   82   66   70   43   30   63   98   27   61   88   74   64   62  
  41   95   43   20   22    6   75   44   80   11   62   64   37   26   61   77   71   89   58   53   96   57   33   39   42   91   79   65   13   93   78   54   72   14   98   83    8   51   67   74   30   73    7   59   13   92   27   35    9   48   55   32   15   17   82   21  100   11   34   85   25   18   23   81   40   87   86   97   99   69   90   12   70   60   16   94   76   88   56   10   95   47   46   19   28   77   68   24   36   38   28   66   45   49   31   84   52   50   29   63  
  65   50   81   37   15   74   12   11   83   96   70   77   88   78   54   60   24   44   39   92   64   18   13   97   63   85   99    6   34   40    9   71   87   26    8   51   94   41   68   67   53   31   46   84   45   35   91   28   29   30   48   20   65   23   17   82   22   61   80   59   52   54   62   14   38   36   93   25   27   66   57   10   98   42    7   90   76   32  100   32   86   73   58   69   16   55   45   79   95   21   33   49   89   47   56   43   72   19   76   75  
  10   45   77   71   55   59   11   66   90   25   62   78    7   95   91   79   50   65   56   67   16   26   19   70   76   69   27   31   37   57   83  100   43   20   54   87   36   85   41   47   15   64   63    8   61   93   52   21   49   75   14   99   18   88   86   24   29   94   34   74   73   89   30   12   80   13   60   24   28   17   72   75   82   53    6   51   81   22   44   23   40   84   92   33   58   68   38    9   39   35   96   32   44   48   39   41   97   42   46   98  
  83   85   84   81   58   88   42   50   10   90   65   30   13   70   62    6   86   77   69   98   41   60   80   89   15   40   26   94   99    9   68   27   22   45   74   71   33   18   59   24   95   57   54   63   61   31   52   96   56   82   28   46   79   47    8   53   91   85   39   93   35   78  100    8   38   43   16   67   44   17   32   25   23   87   75   37   20   76   19   48   12   29    7   34   36   40   97   55   14   92   63   64   51   62   49   21   72   11   66   73  
  85   98   18   66   56   30   79   25   99   86   69   73   12   97   94   81   54   16   53   19   57   78   46   60   83   87   65   70   82   23   62   40   43   61   38   36   77   68   21   89   51   42   84   50   93   49   55   31   15   10   37   33   17    7   63   86   40   52   44   27    6   28   72   80   11   29   58   34   90   78   75   67    8   76   96   20   91   64   48   88   36   41   47   32   22    9   24   26   92   39   71   14   74   95   35   13   59   95   45  100  
  74   14   42   44   24   38   35   41   57   32   45   59   83   71   91   85   77   43  100   89   49   70   99   23   31   97   13   56   88   81   26   50   51   22   67   96   28   41   48   79   24   58   60   10   55   84   97   65   64   63    7   72   11   33   93   40   73   66   39    8   75   69   80   82   98   61   25   30   64   52   20   15   68   95    9   12   92   27   18   17   29   87   53   90   78   46   37    6   36   86   21   62   47   76   49   16   19   34   54   94  
  24    6   68   23   27   76   51   89    7   84   29   42   13   90   47   55   94   51   12   60   83   86   52   57   20   19   63   19   46   28   33   44   37   35   36    9   14  100   17   22   31   39   66   62   77   92   59   48   99   79   15   31   25   38   12   18   93   69   11   50   88   61   71   16   53   87   72   80   97   58   26   49   67    8   78   96   82   56   65   54   30   85   95   10   81   75   43   21   40   34   70   73   72   32   64   98   45   41   91   74  
  66   41   26   55   20   69   64    7   56   96   29   58   37   47    8   49   50   55   43   88   21   54   74   28   95   34   91   52   62   77   30   18   23   92   12   53   17   72   68   60   82   93   57   59   94   80   16   97   73   35   71   36   67   38   44   85   61   70   13   40    6   33   51   99   19   46   78   32   42   86   63   31   24    9   98  100   79   14   48   84   89   45   83   15   25   10   87   81   65   77   22   55   39   75   83   76   72   90   11   27  
  47   77   12   34   44   41   45   36   38   57   65   26  100    7   40   53   30   78   89   79   19   14   48   76   18   10   32   66   87   52   54   76   39   68   28   29   35   95   25   69   90   17   83   80   43    6   51   96    7   37   56   59   61   50   99   59   21   11   74   63   72   20   73   60   97   62   71   94   70   27    8   98   64   88   85   15   92   91   55   31   42   49   22   71   16   46   93   81   82   23   33   67   59   58    9   75   86   13   24   84  
  12   83   23   29   54   71   45   59   73   64   30   85   56   41   24   68   76   40   44   17   52   42   84    7   93   86   81   48   90   72   11   61   97   20   46   18   66   91   35   27   57   55    6   99   53  100   37   13   80   32   63   33   19    7   92   34   96   26   58   88   49   10   50   87   39   67   89   14   82   36   77   38   74   22   15   43   66    8   75   98   46   94   78   65   16    9   28   79   25   98   69   31   62   95   51   40   47   21   60   70  
  67   10   52   55   66   26   77  100   31   80   46   53   81   98   97   16   70   84   69   38   12    9   57   37   16   64   94   15   61   54   82   56   27   36   75   41   96   92   89   83   62   72   78   51   22   13   35   95   85   87   32   29   60   99   47   24   18   28   30   14   42   76   11   74    7   49   86   91   39   11   90   73   40   28   19   43   79   50   20   58   45   59   88   44   25   33    6   93   17   21   34   23   65   63   71   68    8   62   48   11  
  44   37   27    7   46   84   55   93   47   17   81   59   45   29   95   51   13    8   23   19   40   87   90   47   57   79   16   83   60   33   39   77   16   14   43   74   86   85   71   65   72   32   56   52   15   21   69   30   38   67   61   89   99   66   31   49   92   54   88   24   28   22   20   50   96   76    7   98   26   78   68   70   91   35   34   12   66   53   97   25    9   10   58   18   42  100   11   73   41   36   75   63   65   82   94   62   48   80    6   64  
  17   61   97   54   89   64   31   29   21   19   75   13   10   78   72   41   36   93    9   73   12   76   25   59   86   39   48   95   88   70   80   28   16   79   49   43   67   90   34   58   37   38   99   62    8   94   26   82   50    6   56   40   10   42   22   71   23   63   96   66   98   45   15   74   57   74   99   30   85   27   60  100   32   52   51   47   70    7   20   69   81   65   92   46   44   33   87   24   14   83   77   55   53   91   87   35   18   84   68   11  
  10   82   13   78   54   60   30    7   35   79   44   28    8   34   19   29   40   32   72   68   37   62   53   57   15  100   98   56   43   39   61   51   36   66   38   63   27   50   86   83   99   46   73   89   81   22   69    9   20   77   11   84   96   42   55   16   23   67   92   85   41   17   88   52   90   75   74   25   65   80   48  100   26   45   11   12   64   31    6   18   24   95   59   76   24   91   21   51   87   70   97   47   93    7   49   58   71   33   94   14  
  34   89   17   27   71   98   94   23    7   68   61   51   44   28   60   81   50   72   58   25    8   82   39   74   69   75   15   48    9   35   13  100   43   87   49   45   57   40   86   93   84   95   78   18   52   83   31   53   47   66   38   29   20   33   73    6   91   30   12   41   43   36   90   11   85   64   16   55   83   21   19   96   57   59   32   65   67   76   97   99   62   79   46   54   77   70   42   14   26   22   56   51   92   88   63   24   31   37   80   10  
  68   62   34   31   43   11   65   97   64   16   98   12   75   32   45   94   88   69   78    6   47   20   80   85   63   99   46   52   18   33   81   37   22   77   79   41   15   82   70   21   38   90   56   13   28   51   40   29   30   19   83   54   48   72   36   25   58   73   95   59   89   12    7   87   71   66   26   60   14   84   45   57  100   76   42   67   53   23   92   44   61   13   50   91    9   39   10   49   17    8   97   11   86   55   27   96   24   74   93   35  
  34   30   11   68   33   71   87   61   38   15   50   60   49   37   78    9   78   47   48   92   17   10   74   76   81   59   83   33   19   35   62   77   55   80   84   64   28   98   99   44   43   67  100   21   72   27   20    7   97   22   42   93   89   36   86   13   26   88   67   57   58   90   91   45   24   52   40   69   70   46   54   79    8   51   39   18   41   32   16   56   29   66   94   25   96   23   65   14   75   31   85   73   53   63   82    6   67   12   95   27  
  63   34    6   92   20   19   16   26   73   25   24   97   62   42   76   75   29   22   94   55   40   53   43   46   76   80   68   95   90   31   34   79    9   74   36   39   37   38   69   71   44   27   59   88    7   14   91   84   58   85    8   82   33   11   30   70   87   81   61  100   51   41   45   32   64   98   96   28   78   72   35   12   77   65   48   96   56   18   23   13   93   52   70   57   50   49   86   89   67   47   10   37   21   17   54   66   83   99   60   15  
  24   23   41   52   77   83   70   27   94    7   26   60   37   89   40   17   74   66   51   54   96   10   78   31   69   34   11   65   91   73   45   33   85   76   79   30   53   42   60   12   71   38   80   95   55   82   28   35   29   44   59   36   46   57   56   32   63   43   62   15   13   25   84   86   18   64   88   97   33   81    6   61   92   34   98   22   90    8   75  100   99   20   47   72   50   81   49   21   39    9   48   58   67   93   19    9   68   87   14   16  
  68   60   85   27   36   39   55   62   96   86   35   84   75   41   31   13   73   56   76   74   92   61   30   79   21   51   99   98   22   34   71   20   24    9   52   40   23   83   26   46   16   14   65   82   10   31   64  100   37   20    6   53   59   47   12   18    7   98   17   11   57   94   88   54   25   49   63   70   15   43   42   78   22   90   80   50   97   66   95   48    8   69   28   72   32   91   19   38   93   33   81   58   29   67   34   87   89   44   45   77  
  82   80   56   16   29    6   44   83   59   61   49   85   84   36   18   50   79   11   74   96   41   63   32   69   64   39   51   25    9   48   98   12   78   66   75   93   35   31   62   57   34   60   47   30   58   81   90   46   38   26   17   98   86   76   72   21   87   86   94   88   53   65   71  100   43    7   33   97   45   67   10   92   86   13   42   27   99   24   40   55   54   23   19   70   20   73   95   28   52   89   15   66   14   37    8   91   77   68   87   22  
  69   71   38   18   33   13   99   59   39   31   10   26   56   92   77   37   61   28   70   90   51   88   83   57   25   32   85   41    7   72   95   64   21   84   23   94   43   77   81   58   11   54   80   40   29   30   49   95   16   19   35   12   46   48  100   50   86   89   96   79   14    8   82   45   20   93   68   73   42   53   67    9   60   87   52   65   44   78   15   22   22   27   55   63   47   97    6   62   66   91   49   17   75   34    8   76   74   36   98   24  
   6   25   73   17   63   36   55   78   18   61   26   34   40   45   40   92   24   82   71   87   38   62   59   76   60   30   97   51   52   74   28   49   53   21   58   35   15   98   13   84   95   89   90    8   29   27    9   46   56   37   29   19   96   16   70   14   12   75   10   33   41   32   77   94   85   68   91   65   20   67  100   94   83   31   42   99   41   57   79   39    7   47   64   88   48   50   43   69   93   11   23   44   66   86   76   54   22   80   72   81  
  19   79   65   54   40   67   37   62   64   80   11   49   35   57   22   75   34   99   21  100   24   90   94   71  100   53   14   31   76   26   38   33   45   60   83   47   41   93   10    9   46   27   20   95   25   61   86   97   39   87   74   78   98   48   55   68   91   85   77    7   92   43   12   44   40    6   23   82   17   15   63   36   28   69   30   52   45   29   63   50   13   32   84   51   66   70   56    8   96   42   93   72   59   58   73   89   16   18   88   81  
  53    6   50   95    6   34   47   66   49   54   16    8   83   25   22   44   78   28   18   41   98   35   77   80   72   96   10   89   15  100   19   62    8   20   90   99   56   23   86   42   85   58   46   97   59   48   74   55   39   38   76    9   11   60   64   30   52   13   88   24   84   85   69   65   92   71   17   45   54   12   51   14   61   29   70   81   63   31   36   21    7   43   73   57   68   26   27   32   75   67   87   33   40   93   94   37   91   79   98   82  
  61   45   62   99   82   96   38   69   95   79   74   72   41   10   54   23   37   92   60   37   70   90   52   27   31   28   77   42   63   91   19   81   24   48   47   58   66   11   32   49   64   89   68   94    6   21   85   14   22   56   76   80   97   84   88  100   17   40   57   57   29   16   59   51   73   39   50   71   15   18   53    7   34   35   98   35   12   33   78   92   55   43   75    8   25   20   65   87   36   86   30   69   93   83   46    9   44   67   13   26  
  84   46   11   22   49    6   20   99   78   21   95    9   67   36   26   85   80   16    8   40   78   53   48   32   68   60   86   12   24   52   10   23   64   44   89   76   74   39   55   28   33   44   27   79   72   98   82   62   66    9   57   37   85   50   91   97   70   43   93   15   17   34   61   73   51   18   13   45   63   35   29   77   54  100   31   38   25   47   42    7   58   88   65   14   87   56   41   81   69   59   92   96   83   90   30   19   91   94   71   75  
   9   66   95   30   60   40   54   16   77   24   56   93   84   70   53   25   74   83   13   80   28   81   26   47   92   33   35   86   85   32   51   87   63   82   50   67   38   79   37   27   39   91   69   31   89   68   64   14   18   46   59   44   98   53   88   96   17   10   12   65   19   72   22   42   49   97   73    7   57   29   20   76   92   52    6   88   75   43   48   15   11   78   94   23   45   74   55   90   58  100   21   36   34    8   99   61   62   71   62   41  
  39   70   91   63    7   53   48   80   76   98   50   32    8   89   64   28   11   22   31   10   15    9   99   58   94   67   57    6   58   41   93   74   49   15   81   10   92   25   55   27   71   73   59   35   24   77   30   84   86   18   54   20   44   85    6   33   16   83   37   60   68   95   62   51   14   66   26   72   42   55   82   12  100   23   88   56   69   29   65   90   40   97   19   45   21   13   75   17   78   79   36   52   34   96   38   61   43   87   46   47  
  28   13   26   57   19   34   12   24   58   88   64   99   56   78   73    8   67   36   83   40   18   10   46   86  100   66   82   79   74   95   91   42   62   89   36   41   57   47   54   69   49   68   77   87   31   45   97   72    7   61   51   52   95   27   65   70   81   60   35   75   20   33   98    9   53   85   29   25   71   94   32   55   84   63   80   39   15   92   17   50   43   59   93   11   14   23   76   22   96    6   30   37   44   21   63   90   62   16   48   38  
  45   68   20   72   59    9   69  100   31   51   52   90   15   74   34   64   66   60   82   28   25   49   58   77   80   78   39   93   84   32   95   29   29   94   44   50    7   79   26   12   16   88   36   47   17   35   63   18   41   65   62    6   48   22   75   53   99   70   14   46   98   97   89   31   23   33   21   24   38   85   35   19   87   56   83   67   61   66   96   91   37   81   30   86   10   10   54   57   92   73   40   13   55   42   76    8   71   27   43   11  
  83   90   45   84   40   69   59   73   61   41   20   32   15   93   56   23   26   78   84   21   21   51   31   49   18   55   95   82   30   53   19    7    8   65   33   79   14   76   88   39   16   98   22   74   62  100   70   99   94   54   89   87   42   46   43   66   71   79   47   50   13   97   75   27    6   64   17   35   50   93    9   92   12   86   34   60   58   36   38   96   28   81   37   85   52   11   48   24   77   25   67   44   72   29   10   91   57   80   68   63  
  80   48   27   24   72   79    7   14   68   22   89   74   29   11   24   32   25   95    6   91   67   94   45   47   69   53   41   48   20   40   52   38   56   16   87   59   97   64   10   82   65   81   83   30   19   90   33   23   34   57    9   70   44   15   63   17   86   72   18   78   50   26   61   28   73   92   49   13   93   42   55   85   85   36   46   88   12   31  100   66   99   96   60   62   75   37   39   51    8   77   71   84   21   84   35   76   58   54   43   98  
  18   29   32   99   92    7   95   39   36   56   41   12   77   40   20   14   76   58   31   84   93   42   64   61   34   74   45   16   10   67   86   53   21   38   52   57   50   54   24   63   47   90   19   43   13    6   23   70   17   94   78   35   96   83   27    9   76   75   65  100   22   72   81   28    8   89   48   73   71   71   82   80   69   85   66   49   51   62   44   33   26   91   30   55   68   11   88   97   60   25   59   87   22   46   79   59   37   15   37   98  
  11    6   24   89   31   65   66   85   28   69   33   29   53   15   99   98   38   23   10   61   73   79   97   23    9   47   87    8   22   83   14    7   40   80   37   39   93   55   59   36   68   84   27   18   41   71   30   16   72   46   13   63   18    9   56   82  100   54   52   45   26   12   76   88   86   43   17   77   91   21   90   60   57   58   95   74   81   19   62   78   42   64   44   94   25   70   23   51   35   21   75   50   96   67   92   20   48   49   32   34  
  63   13   30   98   45   95   67   50   19   18   43   12   77   11   66   46  100   41   81   87   26    8   60   47   59   91   14   88   54   92   15   86   17   99   16   32   84   80   24   16   51   29   72   68   61   22   56   42   70   53   27   73   39   71   40   44   92   90   79   21   79    6   23   65   82   75   25   93   38   52   94   10   38   34   76   28   55   69   33   48   31   96   83   57   16   58   85    9   74   20   49   78   97   37    7   62   64   35   89   36  
  44   24   77   50   98   75   14   70   38   48   91   13   72   39   30   41   49   23   34   92   36   60   53   89   26   16   15   83   81   84    6   55   12   58   17   69   93   43   74   27   99   82   95   54   35   85   47  100   65   11   59   22   64   88   63   51   31   80   90   33   46   86   37   51   96   28   29   61   73   97   21   98   18    9   42   62   65   68   87   20   56   66   45   94   25   71   78    8   26   19   57    8   67   10   32   52   76   40    7   79  
  43   90   88   45   65   16   66   10   58   95   47   53   68   69   36   67   93   58   75   46  100   26   34   23   11   18   52   38   28   61    9   19   97   59   13   64   99   56   25   71   49   57   44   70   96   15   14   37   87   80   30   55   12   56   40    7   24   84   74   42   81   91   21   27   76   97   33   73   31   22   85   83   39   89   29   17   77   92   38   35   60    6   54   32   79   86   72   20   50   48   51   63   62   94   41   55   82   78    8   98  
  78    7   34   51   52   92   25   14   57   47   65   72   71   27   48   67   53   31   82   40   18   77   11   16   69   37  100   62   99   80   26   94   24   19   55   98   88   89   96   60   81   79   71   25   74   97   91   61   53   23    6   36   75   87   63   39   43   14   17   41   33   10   64   42   54   95   68   32   46   44    9   66   70   56   85   12   38   83   86   28   29   58   20    8   22   21   49   35   15   90   73   45   76   13   30   93   59   71   50   84  
  58   97   95   66   38   84   37   80   94   81   68   69   29   13   39   31   44   55   32   52   40   60   49   53   25   75   24   57   71   28   51   99   19   79   79   87   56    8   11   26   46   96   16   82   91    7   54   47   63   61   10   36   20   41   67   15   59   83   30   45   86   18   18   93   22   35  100   70   74   76   66    9   89   65   77   43   64   85   92   98   90   47   78   23   62   27   58   34   73   14   33   12   50   48   72   42   88    6   21   17  
  49   19   40   99   88   41   71   12    8   91   18   95   82   33   85   89   90   46   28   56   43   17   65   81   66   15   93   42   67   36   16   14   80   57   73   22   35   19   50  100   37   30   14   86   62   61   55   58   39   51   53   52   47   24   27   58    9   74   21   13   72   84   25   96   23   29   44   10   69   31   63   59   54   83   76   78   89   79   94   32   38   48   26   97   78   60    6   98   92   70   64   45   77   11   20    7   87   34   75   68  
  16   38   94   95   80   31   36   26   32   29   57   60    7   15   85   92   43   93   35   69    9   34   50  100   42   25   34   30   48   87   76   20   58   99   59   89   79   44   83    6   73   62   82   24   28   33   98   65   81   51   17   86   19   97   37   68   27   88   10   77   55    8   67   54   23   61   72   52   11   84   13   63   22   71   41   78   55   18   96   90   56   74   21   14   70   91   40   45   49   12   75   84   47   39   46   64   53    8   83   66  
  61    8   42   97   84   24   12   19   26   98   22   77   18   92   55   15    7   36   35   38   39   60   28   58   82   11   74   23   97   31   59   47   13   81   71   16   96   78   99   29   14   94   75   63  100   50   83   72   21   98   27   43   10   91   80   49   85   48   69   45   46   25   73   88   20   66   86   79   53   76   30   69   95   34   54   93   44   17   37   64   51   80   32   87    6    9   65   56   33   57   52   67   89   40   68   41   62   75   70   90  
  21   17   36   28   27   53   73   86   57   18   75   79   97   87  100   72    8    7   47   33   14   25   52   26   22   11   50   91   66   67   71   12   90   19   95   93   49   16   82   43   77   29   30   26   94   88   34   96   40   42   15   10   59   58   13   41   54   80    8    6   85   46   51   81   99   32   60   74   20   70   89   65   24   37   23   44   84   39   64   76   37   24    9   56   31   92   48   63   83   20   61   55   98   38   69   45   35   62   68   78  
  54   39   97   16   34   93   53   98   78   37   14   13    6   63   41   76   44   66   51   86   58   81   61   70   60   69   80   74   26   15   21   40   56   84   11   49   15   55   68   67   96   36   76   10   12   91   46   27   32   20   45   17   30   11    7   28   72   99   38   75   92   48   25   19   88   18   23   22    9   71   25   43  100   62   79   83   82   57   65   73   90   35   94   77   11   59   29   95   85   64   50   33   24   47   52   87   31   89    8   42  
  52   83   44   49   76   23   87   30   56   42   35   62    7   25   66   93   99   68   37   19   36   59    8   79   38   22   45   97   94   36   41   29   74   42   65   92   32   71   15   85   26   57   23   16   24   82   78    9   90   60   63   51   34   69   47   55   46   54   88   39   14   51   53   43   73   72   86   61   98   17   31   81   84   91   48   75   95   33   70   28   67   13   80   11   96   89   20   64   40    6   11   18   21   77   10   27   50   12   58  100  
  94   26   13    8   99   44   83   95   72   79  100   80   10   60   67   34   71   55   40   62   38   88   45   32   89   39   59   30   48   86   21   12   14   56   87   68   98   11   17   16   73   53   96   31   20   82   57   50   18   90   91   78   69   65   42   35   97    6   70   54   22   77    6   15   24   61   27   23   46   88   49   64   78   28   76   33   41   25   84   52   47   81   37   43   93   74   19   32   51   75   92    7    9   29   66   16   36   58   63   85  
  32   49   95   51   31    7   42   73   24   72   95   79   65   55   82   59   33   15   76   10   93   34   94    9   13   43   54   97   37   45   86   10   47   81   62   96   63   89   99   61   70   60   35   48   80   66   87   85   17   71   56   11   36   23   69   84   16   98   74   50   22   26   21   90   78   30   40   67   19   20   84   68   58   12   14   39   75    6   18   64   57   52   46   53   38   61   88    8   83   27   91   25   92   41   28   77   44  100   29   85  
  99   93   67   92   63   97   28   29   64   14   90   30   31    8   23   46   16   21   74   42   94   57   36   62   14   70   11   49   53   71   35   59   73   58   95   22   78   85   19  100   88    7   56   87   47   43   77    9   98   60   32   54   76   68   82   12   15   79   96   10   33   18   49   75   55    6   75   26   52   65   44   89   66   37   80   13   69   50   38   48   20   41   81   86   47   17   61   83   27   45   25   24   91   34   84   40   51   39   71   72  
  59   65   34   83   63   17   79   35   49   86   60   27   17   67   54   88   45   26   50   62   66   30   46   75   22   56   87   91    8   44   96   40   38   42   48   81    6   74   92   85   90  100   15   39   21   93   43   27   13   19   56   94   98   69   80   55   76   18   28   23   99   70   25   68   77   73   51   58   24   31   32   36   71   16    7   72   82    9   33   37   47   41   20   59   29   11   10   16   84   14   12   64   57   95   61   52   78   89   97   53  
  99    9   35   33   54   24   89   41   21   91   45    8   52   95   11   74   16   42   43   79    6   48   70   97   73   27   68   76   19   93   62   38   53   81  100   28   88   77   71   78   14   50   92   15   84   22   63    7   67   80   69   83   39   57   18   76    9   30   59   29   20   47   86   94   23   65   37   31   26   40   99   25   98   52   96   12   46   51   32   34   49   75   64   13   60   90   36   61   55   58   66   17   10   87   82   72   85   56   11   44  
  52   41   24   18   33   57   92   64   42   17   99   45   58   93   96    7    9   48   89   23   15   90   34   55   54   78   74    8   51   50   37   49   12   70   69   40   26   44   21   20   86   32   88   47   53   27   81   16   66   97   28   10   73   22   79    6   72   83   59   68   61   14   85   95   84    9   38   60   30  100   39   75    9   11   43   62   91   29   77   36   82   80   98   19   56   45   35   67   25   65   13   94   87   39   80   63   31   46   76   71  
  69   67   45   30   70   76   24   99   31   32   73   38   56   12   89   91   19   64   28   65   97   96   98   21   71    8   11   21   13   36   87   62   58   49    7   86   63   75   61   10   53   90   36   47   68   85  100   15   78   50   60   93   55    7   42   51   59   83   44   81   18   88   35   17    9   23   82   94   46   43   33   10   77   48   27   39   72   79   25   26   52   20   57   34   16   95   74   40   14   22   84   66   29   54   80   37   15   41   92    6  
  45   11   18   92   20   72   12   40   47   43    6   61   10   89   17   24   33   53   60   65   19   88   69   83   29   37   36   84    7   62   56   14   55   49   30   55   52   38   42   68    9   54  100   34   27   87   44   90   46   23   78   39   37   31   93   43   58   96   63   70   77   29   64   66   13   80   51   86   50   32   21   41   48   35   28   73   59   25   26   82   79   81   44   67   97   95   85   98   15   91   99   71   74   16   22   75   94   57   76    8  
  79   36   37   29   74   50   40   32   35   61   18   31   10   59   49   16   48   33    9   23   78   68   38   39   55   42   24   58   53   88   99   30   82   93   52   64   51   25   14   70   69  100   70   75   95   66   57   45    7   83    8   63   91   67   56   72   81   84   13   21   54   22   57    6   26   15   87   81   53   27   34   46   76   40   86   62   43   96   92   97   73   28   89   90   60   94   44   65   98   12   41   77   47   80   20   17   85   11   71   19  
  29   48   54   96   76   90   16   89   43   46   35    9   45   86   14   75   17   23   62   78   61   27   63    7   24   10   19   71   74   53   83   11   10   58   59   67   92   39   21   85   42   22   13   69   94   40   47   64    6   37   84   32   34   97   73   56   65   57   23   26   38   77   52   80   87   95  100   93   25   70   99   28   44   16   12   41   66   81   71   82   60   20   68   36   33   30   18   79   72   49   50   51    8   15   88   55   98   31   91   72  
  64   92   48   84   45   58   70   74   63   77   80   11   46   26   16   50   27   20   46   83   49   18   37   39   56   30   59   94   51   85   68   61   64   15   90   34   91   38   31   78   54   44   41   81   87   72   42   47   10   25    7   40   52   89   57   55   96   17   24   23   40   12   14   36  100    8   99   21    6   67   86   98   71   66   53   35    9   75   43   62   82   93   65   88   95   10   79   13   97   73   29   19   69   60    7   22   32   76   33   28  
  20   27   60   23   31   58   46   12   96   18   87   83   84   85    7   25   22   92   44   98   79   17   26   45   40   77    9   21    6   93   67  100   59   47   63   36   12   72   56   16   72   65   99    8   39   74   29   70   42   28   86   35   73   49   15   53   49   37   64   74   10   57   94   34   66   38   55   88   89   24   48   32   33   80   11   51   13   75   71   14   61   91   76   95   54   52   82   90   78   69   19   81   43   68   41   30   97   62   49   50  
  66   68   67   60   68   35   52   62   77   55   72   63   53   99   16   27   24   74   22   51   15   73   97   71   56   98   57   82   64   31   50   20   85   76   12   95   10  100    6   17   43   33   49    9   78   28   25   94   46   34   47   21   14   87   63   86   42   89   84   38   69   88   45   65   30   70   83   80   92   23   41   81   44   39   19   59   11   18   43   75   48   13    6   96    8   61    7   85   37   40   58   93   26   91   29   79   54   32   36   90  
  12   41   63   50   60   11   54   77   40   67   58   21   98   68   29   28   23   70   43    7   48   25   91   10   16   65   36   87   22   17   32   57   62   14   98   90   73   92   99   59   38   20   39   94  100   93   53   88   75   33   99   81   49   30   36   15   86   44   55   81   18   84   24    9   37   89   34   71   47   95   51   83   79   27   97   76   19   64   61   74   96    8   66   56   46   52   31   42   80   35   69   72   13   26    6   45    9   85   82   78  
  55   11    7   77   39   19   97   71   64   36   40   87   70   96   78   38   24   37   61   84   14   45   18   82   50   25    9   17   34   41   91   94   49   73   30   43   76   65   59   51   62   26   95   52   79   27   22   85   44   16   46   10   33   29   86   22   20   90   57   83   66   31   98   88   15   99   81   12   35   48   32   56   28   23   67   82   89   42   72   13   54   21   63   60   79   93   58   47   41   74   68  100   53   80    8   92    6   75   69   40  
  79   16   42   54   29   38   65   30   75   66   93   94   57   37  100   99   13   92   24   70   55   95   19   67   60   80   82   23   96    9   87   77   10   71   32   33   58   35   43   69   72   20   76    7   81   86   28   47   15   63   41   85   50   42   17   61   11   14   91   59   97   64   40    8   96   25   84   34   21   48   45   83   26   49  100   94   13   22    6   39   90   53   46   68   12   52   18   56   98   31   73   44   62   74   89   88   51   78   27   36  
  62   65   76   67   72   29   59   25   63   97   49   99   33   17   74   53   96   26   71   10   68   69   55    9   66   81   25   21   46   82   54   28   19   73   14   78   94   32   90   75   86   12   89   91   24   38   26   85   31   15   30   98   70   27   36   83   32   45   47   48   13   95   61   93   92   51   79   50   44    6   40   80   25   22   90   23  100   60   64   88   77   84    7   35   34   11   58    8   16   18   56   20   43   39   41   57   52   37   42   87  
  61   93   57   32   53   18   96   29   67   56   48  100   39   84   19   43   36   31   20   22   95    8   16   94   70   15   98   26   73   79   14   41   81   74   60   40   87   23   54   68   66   95   92   55   86   59   37   85   34   72   99   78   77   63   74   52   47   12   17   58   49   44   30   10    7   24   42   89   11   13    6   90   27   38   88   75   28   21   65    9   13   71   50   76   97   25   80    7   46   45   35   48   64   69   83   91   33   62   51   82  
  71   38   75   94   40   36   79   10   21   81   17   56   72   26   25   33   68   96   48   27   59   76   64   69    7   72   15  100   28   39   65   63    6   81   45   30   54   18   90   24   62   95   13   41   61   49   77   87   44   14   58   31   85   99   42   23   57   51   22   92   43   55   12   89   98   73    8   70   74   67   29   66   47   91   19   34    9   84   37   26   46   83   53   50   88   32   97   80   46   20   11   60   52   88   86   16   93   35   78   82  
  85   77   92   42   69   79   50   29   98   40   76   43   64   78   81   17   70   23   84   97   52   45   72   25  100    9   18   14   22   11   55   60   26   61   62   54   16   56   53   58   99   46   93   15   74   33   28   75   65   88    8   39   31   20   49    6   63   32    7   34   90   10   27   35   80   67   86   12   66   41   59   47   68   71   83   19   87   95   89   52   30   52   21   38   13   27   44   91   36   73   57   48   24   94   10   37   93   82   51   96  ] 
BUDGETS : [    1    2    4    7    9   11   13   13   16   20   22   24   27   33   34   34   35   40   41   42   42   43   45   47   47   48   50   51   55   57   59   63   63   64   67   69   69   71   74   76   79   79   80   80   81   85   86   88   96  100  100  102  103  103  103  103  108  109  109  109  110  110  114  118  122  122  124  124  125  127  128  128  129  130  131  133  134  136  139  142  150  151  157  159  165  169  175  180  181  181  186  187  187  188  193  193  195  195  197  197  ] 
