K : 150
I : 75
PREFERENCES : [    0    0    0    8    5    0    7    0    0    0    0    0    0    1   12    0    7    6    0    0    0    0    0    0    0    6    0    0    0   10    0    0    0    9    0    0    0    0    0    3    0    0    0    0    0    0   11    0    0    0    0    0    0    0    0    0    0    0    0    0    0    0    0    6    0    0    0    4    2    0    0    0    0    0    0  
   0    0    0    0    0    0    0    0    0    0    0    0    0    5    0    0    0    0    0    0    0    0    0    1    0    9    0    0    0    0    0    0    3    0    0    0    0   12    0    6   12    0    0    0    0    0    0    0    0    0    0    0    3    0    0    0   11    6    8    0    0    0    0    0    0    0    4   10    0    0    0    7    2    0    0  
   0    0    0    1    0    0   11    0   10    0    4    3    0    0    0    0    0   12    0    0    0    5    0    6    0    9    0    0    0    0    8    0    0    0    0    0    0    3    0    0    0    0    0    0    0    0    0   12    0    0    0    0    0    0    0    0    0   12    0    0    0    0    0    0    7    0    0    0    2    0    0    0    0    0    0  
   0    0    0    0    8    4    0    0    0    0    9    0    0    7    0    0    0    0    0    0    0    0    9    0    0    0    0   12    0    0    0    0    0    0    0    0    0    0    0    0    0    0    0    0    0    0    1    0    0    0    0    0   11    0    0    0    0    0    6   10    0    0    0    0    5    0    0    0    0    0   12    3    2    0    4  
   0    0    0    0    0    0    0    0    9    0    0    0    0    7    0    0    0    0    0   10    0    0    1    6    0    0    0    7    5    2    0    5    0    0    0   12    0    0    0    0    0    0    0    0    0    0    8    0    0    0    0    0    0    0   11    0    0    0    0    0    0    0    0    0    0    4    3    0    0    0    0    0    0   10    0  
   0    0    0    0    2    0    6    9    0    0    0    0    0   11    8    0   10    0    0    0    0   11    0    0    0    0    6    0    0    0    0    0    0    0    0    3    0    0    0    0    0    0    7    0    0   12    0    0    0    0    0    0    0    0    0    0    0    0    0    0    0    0    0    0    1    0    0    0    9    4    0    0    0    5    0  
   0   10    0    0    0    2    0    0    0    3   10    0    0    0    0    0    0    0    0    0    0    0    0    0    0   12    0    0    0    0    8    0    0    0    0    0    5    0    0    9    0   11    4    1    7    0    0   11    0    6    0    0    0    0    0    0    0    0    0    0    0    0    0    0    0    0    0    0    0    0    0    0    0    0   10  
   0    0    5    0    0    0    0    0    0    6    8    1    0    0    0   10    0    0    0    0    7    0    3    0    0    0    0    0    0    0    0    0    0    0    0    0    2    0    0    0    0    3    2    0    0    4    0    0    0    0    0    0    0   12    0    0    0    0    0    0    9    0   11    2    0    0    0    0    0    0    0    0    0    0    0  
   0    0    0    0    0    0    0    6    0    0    0    0    7    0    8   10    4    0    0   12    0    0    0    0    0    0    0    0    3    0    0    0    0    0    1    0    0    0    0    0    0    0    0    0    5    0    0    0    0    0    0   11    0    0    1    0    0    0    0    0    0    0    0    0    0    9    0    0    1    2    5    0    0    0    0  
   0    0    0    0    7    0    0    0    0    0    0    9    0    8    6    0    0    0    0    5    0    0    0    0    4   10    0    0    0   12    0    0    0    0    0    0    0    0    0    4    2    0    0    0    0    0    0    0    2    5    0   11    0    0    0    0    0    0    0    0    0    0    0    3    0    0    1    0    0    0    0    0    0    0    0  
  12    0    0    0    0    0    0    0    0    3    4    7    0    0    0    7    0    0    0    0    0    0    0    0    9    0    0    0    8    0    1    0    0    0    0    0    0    0    0    0    0    0    0   11    0    0    0   11    0    0    0    0    0    0    0    0    0    0    0    0    0    5    0    0    0    0    0    0    0    0    2    6   10    0   12  
   0    4    1    0    0    0    0   12    8    0    0    0    0    0    0    0    0    0    9    0    0    0    0    0    0    0    7    5    0    6    0    0   11    0    0    0    0   10    0    0    0    0    0   10   11    0    0    8    0    2    0    0    0    0    0    0    0    0    0    0    0    0    0    0    0    0    0    0    0    0    0    0    3    0    0  
   0    0    0   12    0    0    0    0    0    6    0    9    0    0   10    0    1    0    0    0    0    5    6    0   11    0    0    0    0    0    0    0    0    0    0    0    0    0    8    0    0    0    0    5    2    0    0    0    0    0    0    0    0    0    0    0    4    3    0    0    0    7    0    0    0    0    0    0    9    0    0    0    0    0    0  
   0    0    0    0    0    0    0    0    7    0    0    0    0    0    6   12    0    9    0    0    0   11    0    0    0    0    0    0    0    2    0    0    0    0    0    0    0    0    4    3    2   10    0    0    8    0    0    0    0    0    0    0    0    0    0    9    0    0    1    0    0    0    4    0    0    0    0    0    0    0    0    0    5    0    0  
   0    0    0    0    7    0    6    0    0    0    9    0    0    1    0    0    0    0    0    0    0    0    0    0    0    4    0   11    0    0    0    0    0    0    0    0    0    0    0    0    3    0    0    0    0    0    0   12   11    5    0    0   12    0    8    0    0    0    0    0    0   10    2    0    0    0    0    9    0    0    0    0    0    0    0  
   9    0    0    0    0    0    0    0    0    0    0    0    0    0    0    0    0    0   12    0    0    0    0    0   12    0    0    0    0    0    0    0    0    0    0    0    0    0    0    0    4    0    0    2    1    3    0    0    0    8   10    0    6    0    0    0    4    0    0    0    0    0    0    0    0    0    5    0   11    7    0    0    0    0    2  
   2    0    0    8   11    0    0    7    0    0    0    0    0    6    0    0    0    0    0    0    0    0    0    0   10    0    0    2    0    1    0    9    3    0    0    4    0    0    0    0    0    0    0    0    0    0    0    0    0    0    0    0    0    0    0    0    0    0    5   12    0    0    0    0    0    0    0   11    0    0    0    3    0    0    0  
   0    9    0    0    0    0    4    0    0    5    3    0   10    0    0    0    0    0   12    0    0    0   11    0    2    8    0    7    0    0    1    0    0    0    0    0    0    0    0    0    0    0    0    0    0    0    0    6    0    0    0    0    0    0    0   12    0    0    0    0    0    0    0    0    6    0    0    0    0    7    0    0    0    0    0  
   0    2    0    0    0    0    0    0    0    0    0    0    0    0    0    0    0    5    0    0    0    0    0    0    4    0    1    0   11    0    0    8    0    0    7    3    0    9    3    0    0    0    0    0    0    0    0    0    0    0    0    0    3    0    0    0    0   10    0    2    6    0    0    0    0    0    0   12    0    0    0    0    0    0    0  
   0    0    0    2    0    0    0    8    0    0    1    0    0    0    0    0    0    0    0    0    0    0    0    0    0    0   12    0    0    0    3    0    0    0    8    0    0    0    0    0    0    0    0    0    0    0    0    2    0    0    0    0    0    0    0    0    0   11    0    0    7   10    0    6    7    0    0    4    9    0    0    0    0    5    0  
  12    7    0    0    0    0    0    0    7    0    0    0    0    0    0    0    0    0    0    0    6    9    3    0    0    0    0    0    0    0    0    0   10    0    0    8    0   11   10    2    5    0    0    0    0    0    0    0    0    0    8    0    0    0    0    0    0    0    0    0    0    0    0    0    4    1    0    0    0    0    0    0    0    0    0  
   6    0    0    0    0    0    0    3    0    0    0    0    1    0   12    0    0    0   11    0    0    0    0    0    0    0    0    0    0    4    2    0    0    0    0    0    0    0   10    0    0    7    0    4    0    0    3    0    0    0    0    0    0    8    0    9    0    0    0    4    0    0    0    0    0    0    0    0    0    0    0    0    5    0    0  
   0    0    0    0    0    7    8    0    0    0    9    0    0   12    0    0    0    0    0    1    0    0    0    0    0    0    0    0    5    0    0    0    0    0    0    0    0    4    0    0    6   11    0    0    0    0    3   11    0    0    0    0    0    0    0    2    0    0    0    0    0    0   12    0    0    0    9    0    0    0    0    0    0    0   10  
  11    0    0    0    0    0    0   10    2    0    9    0    0    0    0    0    0    8    5    0    0    0    0    0    0    0    0    0    0    0    0    0    0    0    6    0    0    0    3    0    0    0    0    0    7    3    0    0    0    0    0    0    0    1    0    0    0    0    4    0    0    0    0    0    0    7    3    0    0   12    0    0    0    0    0  
  11    0   10    0    7    0    0    0    0    0    9    0    0    0    0    0    0    0    0    0    0    0    0    1    0    6    0    0    0    0    0    8    6    0    0    0    0    0    0    9    2    0    0    0    0    0    0    0    0    0    4    0   10    0    0   12    0    0    0    0    0    0    0    3    0    0    0    0    0    0    0    0    5    0    0  
  10    0    0    0    0    0    0    0    0    0    0    0    0    0    4    1    0    0    0    0    0    0    0    0    0    0    0    0    0    0    0    0    0    0    0    0    0    0    1    0    0    0    5    2    0   12    0    7    9    0    0    0    6    0    0    8    0    0    6    0    0   11    0    0    0    7    0    3    0    0    0    0    0    0    0  
   0    7    0    0    0    0    0    0    0   12    0    0   12    0    0    0    0    0    0    6    0    8    0    0    0    0    2    0    0    0    0    0    0    0    0    5    0    0    3    0    0    0    0    6    0    0    1    0    0    0    1    0    0    4    0    0    0    0    9   11    0    0    0    0    0    0    0    0    0   10    0    0    0    0    0  
   0    9    0    0    0    0    0    0    0    0    0    1    0    0    8    0    0    0    0    0    0    0   11    4    0   10    0    0    0    0    0    0    0    0    0    0    0    0    3    0    0    5    0    0    4    0    0    0    0    0    0    4    0    0    0    0    0    2    6    0   12    0    0    0    0    0    0    7    0    0    0    0   12    0    0  
   0    0    0    0    0   10   12    0    0    0    0    0    0    0    4    0    0    0    0    0    0    8    0    0    0    1    5    0    0    0    3    0    0    0    0    0    0    0    0    0    0    0    0    0    0    0    0    7    0    0    0    2    0    0    0    0    0    0    0    0    0    0   11    6    0    0    0   12    3    9    0    0    0    0    3  
   0    0    4    2    0    0    9    7    0    0    8    4    1    0    0    0    0    3    0    0    0    0    0    0    0    0    0    0    0    0    0   10    0    0    0    0    0    0    0    0    7    0    0    0    6    0    0    0    0    0    0    0    0    0    0    0    0    0    0    0    0    0    0   12    0    0    0    5    0    4    0    0    0    0   11  
   2    0    0    0    0    4    0    0    1    0    7    3    0    0    8    0    0    0    0    0    0    0   11    0    0    0    0    0    0    0    0   10    9    6    0    0    0    0    0    0    0    0    0    0    0    0    9    0    0    0    6    0   12    0    0    0    0    0    0    0    0    0    0    0    0    0    0    0    0    0    5    0    0    0    3  
   0    0    7    0    5    0    0    0    0    0    8    0    0   10    0   12    0    0    0    4    0   10    0    0    0    0    0    9    0    1    0    0    0    0    0    7    0    0    0    0    0    0    0    6    0    0    0    0    0    0    0    0   11    0    3    0    0    0    0    0    0   10    0    2    0    0    0    0    0    0    0    0    0    0    0  
   0    0    0    0    2    0    0    0    0   12    0    0    0    0    0    0   11    7   10    0    0    0    0    0    0    0    0    9    5    0    0    0    0    0    0    0    0    0    0    0    0    8    6    0    1    0    0    0    0    0    0    0    4    0    0    0    3    0    0    0    0    0    0   11    0    0    0    7    0    0   11    0    0    0    0  
   0    0   12    0    0    7    0    8    0    4    0    0    0    0    0    2    0    0    0    0    0    0    0    0    0    0    0    0    0    0    0    0    0    1    0    0   12    0    0    0    0    0    0    0    0    0    3    9    6    0    0    0    0    0   11    0    0    0    0   12    0    0    0    0    0    0    9    0    0    0    0    0   10    5    0  
   0    0    0    7    0    0    0    1   12    0    0    0    0    0    0    0    0    4    5    0    0    0    6    0    0    0    0    0    0    3    0    0   10    0    0    8    2    0    0    0    0    0    9    0    0    0    6    2    0   11    0    0    0    0    0    0    0    0    0    0    0    0    0    0    0    0    0    0    0    0    3    0    0    0    0  
  10    0    0    0    0    0    4    0    0    0    0    0   11    0    0    0    0    0    9    0    0    0    0    0    0    0    0    1    0    0    0    5    0    0    0    0    0    0    0    0    0    0    0    0    0    4   12    3    0    0    0    0    7    0    0   12    0    0    0    0    0    0    0    0    2    0    0    9    0    0    6    0    0    8    0  
   0    0   12    0    0    0    0    0    2    0   11    0    0    0    0    4    1    1    0    6    0    4    0    0    2    0    0    0    0    5    0    9    0    0    0    8    0    0    0    3    0    0    0    0    0    0    0    0    0    0    0    0    0    0    0    0    0    0    0    0    0   10    7    0    0    0    0    0    0    0    0    0    0    0    0  
   0    0   11    0    0    9    4    0    0    0    0    0    0    0   12    0    0    8    1    0   11    0    0    0    0    0    0    5    0    0    0    0    5    0    0    0    7    9    0    6    0    0    0    0   10    0    0    0    2    0    0    0    0    0    0    0    0    0    0    0    0    0    0    0    0    0    0    0    0    0    0    0    3    0    0  
   0    0    0    0    0   11    0    0    4    0    0    0    0    0    0    0    0    0    0    0    0    0    0    0    0    0    0    0    0    0   10    2    0    0    0   12    1    0    0    0    0    7    0    5    0   10    0    0    0    0    6    0    0    4    0    0    9    3   10    0    8    0    0    0    0    0    0    0    0    0    0    0    0    0    0  
   0    0    7    1    5    0    0    0    0    0    0    0    0    0    3    0    0    0    8    0    0    0    0    0    0    0    0    9    0    0    0    0    0    0    0    0    0    0    0    0   12    0    0    0    0    0   11    0    6    0    0    2    5    0    0    0    0    0    0   10    0    0    8    0    0    0    0    0    0    0   12    0    0    4    0  
   0    0    0    0    0    0    0    0    0    0    0    0    0    0    0    0    0    0    0    5    0    0    0    0    1    0    0    0    0    0    0    0    0    8    5   12    0    6    6    0    9   10    0    0    0    0    0    7    0    0    0    3    0    7    0   11    0    2    0    0    0    0    0    0    0    0    4    0    0    0    0    0    0    0    0  
   0    0    0    7    0    2    0    0    0    0    0    0    0    8    0    0    0    0    0    0    0    0    0    0    0    6    0    0    0    0    1    0    8   11    3    0    0    0    0    0    0    0    5    4    0    0    5    0    0    0    0    0    0    0    0    0    0    0   12    0    0    0    0    0    0   12   10    9    0    0    0    0    0    0    0  
   0   11    0    0    0    0    0    0   12    0    0    4    0    5    0    0    0    0    0    0    0    0    0    0    0    9    0    0    0    0    0    0    0    3    0    0    1    0    3    0    0    0    0    2    0    0    0    0    0    8    0    0    0    3    0    0    0    0    0    0    0    0   10    0    0    0    0    0    7    0    0    0    6    4    0  
  11    0    0    0    0    8    0    0    0    0    0    0    0   12    0    0    0    0    0    0    0    0    0    0    0    0    5    8    0    1    0    0    6    3    2    0    0    0    0    0    9    0    0    0    0    0    0    0    4    0    0    0    7    0    0    0    8    0    0    0    0    0    0    0    0    0    0   10    0    0    0    0    3    0    0  
   0    0    0    0    0    0    0    0    3    0    0    0    0    7    0    2    0    4    0    0    0    7    0    0    0    0    0    6    0    0    0    0    0    9    0    0    0    0    0    8    0    0    0    0    0    0    0    0   11    0    1    0    0    3    0    0    0    0    0    0    0    0    0    0    0    5    0   12    3    0    0    0    0   10    0  
   0    0    0    0    0    0    0    0    0    0    6   10    0    0    0    8    0    0    0    0    0    0    0    5    0    0   11    0    0    0    0    0    0    0    0    0    4    0    0    1    0    0    0    0    0   12    0    0   12    0    0    0    0    0    0    0    2    0    0    3    0    0    0    9    0    0    0   11    0    0    0    0    7    4    0  
   6    0    0    5    0    0    0    0    0    0    0    0    2    0    0    0    0    0    0    0    0    1    0    0    0    0    0    0    0    0    0    9    0    0    0    0    0    0    0    0    0    0    0    0    0    0    0    0    0    0    0    8    7    0    3    0   10    0    0    0    0    9   11    0    5    4   10    0    0    0    0    0   12    0    0  
   0    0    2    1    0    0    0    0    0    0    0    0    0    0    0    0    0    5    0    0    0    0    8    0    0   11    5    0    0    0    0    0    3   10    6    0    0    7    0    0    0    0    0    0    0    0    0    4    0    0    0    0    0    0    0    0   12    0    0    0    0    0    0    0    0    9    0    0    0    0    0    7    0    8    0  
   1    0   12    0    0    0    0    0    0    0    0    0    0    0   12   11    9    0    0    0    0    0    0    0    0    0    0    0    0    0    0    2    0    0   10    2    0    0    0    8    0    0    0    0    0    0    0    0    5    4    6    0    0    0    0    0    0    0    0    0    0    0    0    0    0    0    0    0    7   12    0    0    0    3    0  
   8    0    0    0    0    0    7    0    0    0    1    0    0    0    0    0    0    0    0    0    0    0   12    3    0    0    0    0    4    0    0    0    0    0    0    0    9    0    0    0    0    0   10    0    0    5    0    0   11    0    0    0    0    5    0    0    0    0    6    0    0    0    0    0    0    0    2    0    3    0    0    0    0    0    8  
   7    0    0    0    0    0    0    0    2    1    0    0    0    0    0    0    0    0    0    0    0    0    0    0    0   11    0    0   10    0    3    0    0    0    0    0    0    0    0    0    0    0    0    9    0    0    0    0    0    0    0    0    0    6    0    0    0    0    4    0    0    0    6    0    0    5    0    8   11   12    0    0    0   11    0  
   0    0    0    0    0    0    0    0    0    0    0    0   10    1    0    0    0    0    0    0    0    0   10    0    0    0    0    0    0    0    0    0    0    6    0    3    0    0    0    0    0    9    0    0    0   11    0    0   11    0   10    0    7    0    0    0   12    0    0    0    0    0    0    0    0    2    0    0    0    0    8    0    0    5    4  
   0    0    0   10    0    0    6    3    0    2    0    0    0    0    0    0    0    0    0    0    0    0    4    0    0    0    1    0    0    0    0    8    5   12    0    0    0    0    0    0    0    0    0    1    4    0    0    0    0    0    0    0    0    9    0    0    0    0    0    0    0    0    0    7    0    0    0    0   11    0    0    0    7    0    0  
   0    0    0    5    4    0    0    0    0   11    0    0    0    6    0    0    0    3    0   12    0    0    0    0    0    0    0   10    0    0    0    2    0    0    6    0    0    0    0    0    3    0    0    5    0    0    0    0    0    0    8    0    0    0    0    0    0    0    0    0    1    0    0    0    0    0    0    0    0    0    0    7    0    9    0  
   0    0    0    0    0    0    0    0    0    0    0    9    0    0    0    0   12    2    0    0   11    5    0    0    0    0    0    0    0    0    0    0    8    0    1    0    3    0    0   11    0    0    0    0    0    0   11    6    0    0    7    0    0    0    0    0    0    4    0    0    0    0    0    0    0    0    0    0    0    0    0    0   10    0    1  
   0    4    0    0    0    0    0    0    0    3    0    0    0    0    0    7    0    0    0    6    0    0    6    0   10    8    9    0    0    0    0    0    0    0    0    0    0    0    0    0    5   10    0    0    0    2    0    0    6    0    0    0   12    0    0    0    0    0    0    0   11    0    0    0    0    0    0    0    0    0    0    0    0    0    1  
   0    0    0    0    5    0    0    4   11    0    0    0    0    0    0    0    0    0    0    0    0    0    0    9    0    0    0    9    0    0    0    0    0    0    0    0    0    9    0    2    0    6    6    0    0    0   10    0    0    0    0    0    0    0    0    0    0    8    3    0    0    0    7    0    0    0    0    1   12    0    0    0    0    0    0  
   0    0    0    0    0    0    0    0    0    6    0    0    0    0    0    0    0    0    9    0    0    0    0    0    0    0    0    6    0    0   12    0    0    0    0    3    0    0    0    8    0    0    0   11    4    0    1    0    0    0    0    0    0    0    0    0    0    0    0    0    7   10    0    5    0    0    0    9    0    9    0    0    2    0    0  
   2    0    0    0    0    0    0    0    5    0    0    0    0    0    8    0    0    0    0    5    6    0    0    0    0    0    0   10    0    0    0    0    0   12    0    0    0    0    0    0    0    2    0    3    0    0    0    0    0    4    0    0   11    0    0    0    0    7    0    4    0    0    9    0    0    0    0    0    0    0    0    0    0    0    1  
   8    0    0    0    0    0    6    0    0    3    0    0    0    0    9    0    0    0   10    0   12    1    0    0    0    0    0    6    0    0    0    0    0    0    0    0    0    0    0    0    0    0    0    0    0    7    0    0    9    0    0    5    0    0    0    0    0    0    0    0    0    0    0    0    5    0    0    0    0    2    0   11    0    4    0  
   0    0    0    0    3    6    0    0    0    0    0    0    0    0    0    0    0    0    0    9    0    0    0    0    4    0    0    0    0    0    0    0    0    0    0    0   11    0    5    0    0    0   11    0   11    0    0    2    0    0    0    0    0    0   11    0    0    0    0    0    0    0    8   12   10    0    0    1    0    0    0    7    0    0    0  
   0   10    0    0    0    0    0    0    9    0    0    0    0    0    3    0    0    0    7    1    0    0    0    0    0    0    0    0    2    0    0    0    0    0    4   11    0    0    0    0    3    0    0    0    0   10    0    0    0    0    0    6    0    0    0    0    5    0    0    0    0    0    0    0   12    0    8    0    0    0    0    0    0   12    0  
   0    0    0    0    2    0    0    5    0    0    0    3    0    1    0    0    0    0    0    0    0    0    0    0    0    0    0    0    0    0    0    0    0    0    0    0    8    8    0   11    0    0    0    0    0   12    0    0    0    3    9    1    0    0    0    0    0    0    0   10    0    0    0    0    0    0    0    0    0    7    0    6    0    4    0  
   0    0    0    0    9    0    0    0    0   12    0    0   11    0    0    0    2    0    5    0    0    0    0    0    0   10    1    0    0    0    6    0    0    0    0    4    0    0    0    6    0    0    0    0   11    0    0    0    0    0    0    0    0    0    0    0    0    0    0    0    3    8    0    0    0    9    0    0    0    0    0    0    0    0    7  
   0    0    6    2    0    0    0    0    2    9    0    0    0    8    3    0    0    0    0    0    0    0   12    0    1    0    0    0    0    0   11    0   10    0    0    7    0    0    0    0    1    0    0    0    0    0    5    0    0    0    0    0    0    8    0    0    0    0    0    0    4    0    0    0    0    0    0    0    0    0    0    0    0    0    0  
   0    0    0    0    0    0    0    1    0    0    0    3    0    0    8    4    0   12    0    0    5    0    0    0    0    0    0    0    2    0    0    0    6    0    2    0    0    0    0    4    0    0    0    0    0    0    0    0    0    7    0    0    0    0    0    0    0    4    0    0    0    0    0    0    0    0    0    0    0   11   10    0    0    0    9  
   0    0    0    0    0    0    0    0    4    2    0    0    0    0    0   12    0    0    0    0    6    0    0    0    0    0    0    0    0    0    0   12    0    0    1    0    0    0    0    4    0    5    0    0    0    0    0    0    0    0    0    0    0    0    0    8    0    0    0    0    0    0    3    0   11    0    0   12    0   10    0    0    7    9    0  
   7    0    0   12    0    2    0    0    0    0    0   11    5    0    0    0    0    0    0    0    0    8    0    0    0   11    0    0    0    0    0    0    0    0    3    0    0    0    0    0    0    0    0    9   10    0    0    6    9    0    0    0    0    0    0    0    0    0    0    0    0    0    0    4    1    0    0    0    0    0    0    0    0    0    4  
   0    0    0    0    0    0    0    0    0    0    4    9    0    6    1    0    0    0    0    0    0    0    0    0    0    0    0    1    0    0    0    0    0    3    0    0    0    0    8    0   10    0    0    0    0    0   10    0    0    2    0    0    0   12    0    0    0    0    5    0    0    0    0    7    0    0    8    0   11    0    0    0    0    0    0  
   0    0   11    0    9    0   12    0    0    0    0    0    0    0   10    0    0    0    0    0    1    8    0   11    0    0    0    0    0    0    0    0    0    0    0    0    2    0    0    5    0    0    4    0    0    0    0    0    0    7    0    0    0    0    0    0    0    0    3    0    0    6    0    0    0    0    0    5    0    7    0    0    0    0    0  
   0    6    0   12    0    0   11    0    0    0    0    0    1    3    0    2    0    0   12    0    0    0    7    0    0   10    0    0    0    0    0    0    5    0    0    0    0    4    0    0    0    0    9    0    0    0   10    8    0    0    0    0    0    0    0    0    0    0    0    0    0    0    0    0    0    0    0    0    5    0    0    0    0    0    0  
   1    0    0    0    0    0    0   10    0    0    7    0    0    2    0    0    6    0    0    0   11    0    0    6    4    5    0    0    0    0    0    0    0    0    0   12    0    0    0    0    0    0    0    0    0    0    9    0    0    0    0    0    0    0    7    0    0    0    0    0    3    2    0    0    0    0    0    0    0    0    0    0    8    0    0  
   0    0    0   12    0    0    0    0   11    7    0    0   10    0    0    0    0    0    0    0    0    0    0    0    0    9    0    7    0    0    0    0    0    0    0    0    0    0    0    0    2    0    0    0    0    0    0    0    0    0    6    0    0    0    0    0    4    0    3    0    0    1    0    8    0    0   11    0    0    1    0    0    0    0    5  
   0    0    0    0    9    0    8    0    0    2    0    4    0    0    6    0    0    1    0    0    0    0    0   10    0    0    0    7    0    0    0    0    0    0    0    0    0    0    3    0    0    0    7    0    0    0    0    2    0    0    0    0    0    0    0    0   11   12    0    0    0    0    0    0    0    0    0    0    0    5    0    0    0    0    4  
   0    0    7    0    1    0    0    8    0    0    0    0    0    0    0    0    0    0    0    0    0    0    0    9    9    0    0    0    0    0    0    0    0    0   11    0    0    0    0    0    0    0    0    0    0    5    0    0    4    4    0    0    0    0   10    6    0    0    5    0    0    0    2    0    0    3    0    0    0    0    0    0    0    0   12  
   0    0    9    5    8    0    0    0    2    0    0   10    6    0    0    0    0    0    0    0    0    9    0    9    0    0    0    0    0    0    0    0    0    0    0    0    0    0    0    0    7    1   12    0    0    4    0    0    0    0    0   11    0    0    0    0    0    0    0    0    0    0    3    0    0    0    0    0    0    0    0    3    0    0    0  
   0    0    4    6    3    0    0    0    0    0    5    0    8    3    7    0    0    0    0    0    0    0    0    0    0    0   11    0    0    0    0    6    2    9    0    0    0    0   12    0    0    0    0    0    0    0    0    0    0    0   10    0    0    1   10    0    0    0    0    0    0    0    0    0    0    0    0    0    0    0    0    0    0    0    0  
   0    0    0    0    0    0    0    0    0    9   11    0    0    0    0    1    0    0    0    0    0    0    0    2    0    0    0    0    0    0    0    2    0    7    0    0    0    0   11    0    4    0    5    0    6    0    0    0    3    0    0   10    0    0    0    0    0   10    0    0    0   12    0    0    0    0    0    0    0    0    0    0    0    0    8  
   0    0    0    0    0    0   11    0    7    0    0    0    0    0    3    0    0   10    0    0    1    0    0    0    0    0    9    0    0    0    0    0    0    2    0    0    0    5    0    0    0    0    0    0    0    0    6    0    5    0    0    0    4    0    0    0    8    0    0    0    0    0    0    0    0    0    0    0    0    0    0    1    0   12    2  
   0    0    4   10   12    0    0    0    0    0   11    7    8    1    0    0    2    0    0    0    0    0    0    0    0    0    0    0    0    0    7    0    0    0    0    0    0    0    0    0    0    0    0    0    0    0    0    0    1    0    0    0    0    0    0    3    0    0    0    6    0    0    0    0    9    0    0    0    0    6    0    5    0    0    0  
   0    0    0    0    0    0    0    0    0    3    0    0    0    0    0    0    0    0    0    1    0    1    0    0    0    0    4    0    0    0    0    0    7    0   11    0    0   12    0    0    0    0    0    0    8   10    0    2    0    5    0    0    0    0    0    0    0    9    0    4    0    6    0    0    9    0    0    0    0    0    0    0    0    0    0  
   0    0    0    0   12    0    0    0    0    0    0    6    8    0    1    9    0    0    0    0    0    0    1    0    2    0    0    0    0    5    0    0    0    0   12    4    0    0    0    0    0    0    0    0    0    0    0    0   12    0    0    0    0    0    0    0    0    0    3    0    0    7    0   11    0    0    0    0    0    0    0    0    0   10    0  
   9    0    3    0    0    0    2    4    0    0    0    0    7    0    0    0    0    0    0    0    0    0    0    0    0    0    0    0    0    0    0    4    0    0    0    0    6    0    0    0   10    0    0    0    0   10    0    0    0   12   11    0    0    0    0    5    0    0    0    0    1    0    0    0    0    0    0    0    0    0    7    0    8    0    0  
   0    0    0    0    0    0    0    0    0    0    0    0    0    0    0    0    0    1    0   10    3    0    0    0    0    4    0    0    9   12    8    0    0    0    0    0    0    0    0    0    0    0   11    0    0    7    0    0    0    0    0    7    0    9    0    0    6    0    0    0    2    0    0    0   12    0    0    0    0    0    0    0    5    0    0  
   7    0    0    0    0    0    0    0    0   10    0    0    0    1    0    0    0   12    0    0    0    3    0    0   11    0    0    0    0    0    0    0    0    0    0    0    0    0    0    0    0    0    0    0    0    0    0    5    0    0    0    0    6    0    0    0    0    0    0    0    0    2    0    4    0   11    8    0    9    0    4    0    0    3    0  
   3    0    0   12    0    0    0    5    0    0    0    9   10    0   10    0    0    0    0    0    0    0    0   11    0    0    0    7    0    0    0    0    0    0    6    0    0    0    0    0    0    0    0    0    1    0    0    0    8    0    0    0    0   12    0    0    0    0    2    0    0    0    0    0    0    4    9    0    0    0    0    0    0    0    0  
   0    0    9    0    5    0    0   11    0    0    0    0   10    2    0    0    0    0    0    0    0    0    3    0    0    1    0    0    0    0    5    0    0    0    0   12    0    0    0    0    0    0    2    0    0    0    0    0    0    0    0    0    0    0    0    0    0    0    0    0    4    0    8    0    0    0    0    0    7    0    0    0    6    8    0  
   0    0   11    0    0    3    0    0    0    0    0    6    1   10    0    0    0    9    0    0    0    0    0    0    0    0    0   10    5   12    0    0    0    0    0    8    0    0    7    0    0    0    0    0    0    0    0    0    0    0    0    0    0    0    0    0    0    0    6    0    0    0    4    0    7    0    0    0    0    0    0    0    2    0    0  
   0    0    0    0    0    0    0    0    0    0    0    0    0    0    2    0    0    0    0   12    0    0    0    0    0    0    0    0    0    0    0    0    0    0    1    0    3    6    0    0    0    0    0    0    3    5   10    7    0    8    0    0    0    0    0    0   11    0    0    0    4    0    4    6    0    0    0    0    0    0    0    9    0    0    0  
   7    0    8    0    0    0    3    8    0   11    0    0    0    0    0    0    0    0    0    0    0   12    0    0    0    0    0    8    0    0    0    0    0    0    0    8    0    0    0    0    0    0    0    0    0    0    0    0    0    0    0    0    0    5    0   10    0    0    4    0    0    0    0    0    0    0    6    0    2    9    0    0    1    0    0  
   2    0    0    0    4    0    0    0    0    0    0    0   12    0    0    8    0    0    0    0    0    0    0    0    0    0    0    7   12    0    0    0    0    0    0    0    0    0    0    0    0    9    0    0    0    0    0    1    0    0    0    0    9    0    0    0    0    0    0    5    0    0    9    0    3    6   10    0    0    0    0    0   11    0    0  
   0    0    9    0    0    0    0    0    0    0   10    0    0    8    0    1    0    0    0    0    0    0    0    0    0    0    0    0    1    0    0    0    0    0    0    0    0    0   11    0    0    6    0    0    0    0    5    0    8    0    0    0    0    0    0    0    0    0    0    0    0    4    0    0    0    0   12    0    0    7    1    0    0    3    2  
   0    0    0    0    0    0    0    0    2    0    0    9    2    3    0   12    2    0    0    0    8    2    0    0    0    0    0    0    0    0    0    1    0    0    0    0    0    0    4   11    0    0    0    0    0    0    5    0    0    0    0    0    0    0    0    0    0    0    0    6   10    0    7    0    0    0    0    0    0    0    0    0    0    0    0  
   0    0    0    0    0    1    0   12    0    0    0    0    2    0    0    0    0    0    0    0    0    0    0    0    0    0    6    9    0    0    0    0    0    0    0    0    3   11    0    0    5    4    1    0    0   10    0    0    0    0    7    0    0    0    0    0    0    8    0   12    0    3    0    0    0    0    0    0    0    0    0    0    0    0    0  
   0    0    0    0    0    0    0    3    0    0    8    0    0    0    0   10    0    0    0    0    0   12    0    7    0   10    0   10    0   11    0    0    0    0    0    0    0    0    6    0    0    0    0    0    0    0    2    0    5    1    0    0    0    0    0    0    0    8    4    0    0    0    0    0    0    0    0    0    9    0    0    0    0    0    0  
   0    0    0    0    0    0    0    0    0    3    0    9    0    0    0    0    0    0    0    0    0    0    0    0    0    0    0    0    7    0   12    0    0    0    5    2    0    0   11    0    6    0    0    1    8    0    0    0    0    0    0    8    0    0    0    0    0    0   11   10    0    0    0    0    0    4    6    0    0    0    0    0    0    0    0  
  11    0    2    0    0    0    0    5    0    0    0    0    0    7    0    0    0    0    0    6    0    0    0    0    0    7    0    0    0    0    0    0    0    1    8    0    0    0    0    0    0    3    0    4    0    0   10    3    0    0    0    0   11    0    9    0    0    0    0    0    0    0    0    0    0    0    0    0   12    0    0    0    0    0    0  
   0    0    0    0    0    0    0    6    0    0    0    0    0    0    4    0    0    0    2    0    0    0   11    0    0    8    0    0    1    0    3    6    0    0    0    0    7    0    0    8    0    0    0    0    0    0   12    9    0    0    0    0    0    0    5    0   12    0    0    0    0    0    0    0    0    0    0    0    0    0    0    0    0    0   10  
   0    0    0    0    0    2    0    0    0    0    0    0   12    0    0    0    0    0    0    0    0    7    0    0    0    5    0    2    0    0    0    0    0   10    0   11    0    0    0    0    0    0    0    0    1    9    0    0    0    0    0    0    0    0    0    0    0    0    8    8    6    0    0    0    4    0    0    8    0    0    0    0    0    0    3  
   0    0    0    0    0    1    0    0    0    0    0    0    0    0    0    7    0    0    4    0    0    0    0   12    0    5    0    0   12    0    0    0    0    8    0    0    0    0    0   12    2    6    0    0    9    0    0    0    9    0    0    0    0    0    0    0   11    0    0    0    0    0    0    0    0    0    0    0    0    0   10    3    0    0    0  
   9   12    0    0    0    0    0    0    0    9   11    0    0    0    0    0    8    0    2    0    0    0    0    0    3    0    0    0    3    0    0    4    7    0    0    1    0    0    5    0    0    1    0    0    0    0    0   10    0    0    0    0    0    0    0    0    0    0    0    0    0    0    0    0    6    0    0    0    0    0    0    0    0    0    0  
   0    9    0    0    0    0    0    0    0    0   11   10    0    0    0    0    0    0    9    0    0    0    0    7    0    0    0    0    0    0    3    6    0    0    0    0    0    0    0    9    0    0    0    0    1    0    0    5    9    0    0   12    0    0    0    8    0    0    0    0    2    0    0    0    0    0    0    0    4    0    0    0    0    0    0  
   0    0    6    0    0    0    9    0    0    0    0   12   10    1    4   12    0    8    0    0    0    9    0    0    0    0    5    0    0    0    0    0    0    0    0    0    0    0    0    0    3    0    0    0    7    0   11    0    2    0    0    0    1    0    0    0    0    0    0    0    0    0    0    0    0    0    0    0    0    0    0    0    0    0    0  
   3    0    0    0    0    2    0    0    0    0    0    0    0    0    0    0    0    2    0    0   11    0    0    0    0    0    0    9    0    0    0    0    0    8    0    0    4    7    0    0    5   12    0    0    0    0    0    0    5    0    0    0    0    0    0    0    0    0    0    0    0    0    0    0    0    5    1    6    0    0    0    0   10    0    0  
   5    0    0    0    0    0    0    0    0    0    0    0    0    7    0    8    0    0    0    0    0    0    5    0    2    0    0   10    0    0    6    0    0    3    0   11    0    0    0    0    0    0    0    0    0    4    0    0    0    8    0    0    0    0    1    0   12    0    1    0    0    0    0    0    0    0    0    0    0    0    0    0    0    9    0  
   4    0    0   11    8    0    0    0   11    0    0    0    3    0    0    0    0    0    0    0    0    0    0   12    0    0    0    0    0    5    3    0    0    0    0    0    0    0    0    0    2    0    3    0    0    0    0    1    0    0    0    0    7    0    0    0    0    0    9    0    0    0    0    0    0    0   10    0    0    0    0    0    0    0    6  
   9    0    0    0    2    0    6    0    0    0    0    0    0    1    0    5    0    0    5    0    0    5   10    0    0    0    0    0    0    0    0    0    0    0    0    0    0    0    0    0    0    0    0    0    0    0    0    0    0    0    0    0    0    3    0    0    0    5    0    4    0    7    0    0   11    0    0   12    0    8    0    0    0    0    0  
   0    2    0    0    0   10    0   12    0    0    0    0    0    0    0    0    0    6    0    0    0    3    8    0    0    0    8    0   12    0    0    0    0    0    0    0    0    0    0    0   11    0    0    0    0    1    0    0    0    4    0    0    0    0    0    0    0    0    0    0    0    9    0    0    0    0    0    0    0   12    7    0    5    0    0  
   0    0    0    0    0    0    0    0    1    4    0   10    0    0    5    0    0    0    0    0   10    7    0    6    0    0    3    0    0    0    0   12    0    0    0   11    0    0    0    0    0    0    7    0    0    0    0    2    0    0    0    0    0    9    0    0    8    0    0    0    0    0    0    0    0    0    0    0    0    0    0    0    1    0    0  
   0    0    4    0    1    0    0    7    0    0    0    9    0    0    0    0    0    0   10    6    0    0    0    0   12    0    0    0    0    0    0    0    0   11    0    0    0    0    0    5    0    0    3    0    0    0    0    0    0    0    0    0    2    0    0    0    0    0    0    0    0    0    0    0    0    6    3    0    0    8    0    0    0    5    0  
   0    9    2    0    0    0    6    0    0    0    0    0    0   10    0    0    0    8   11    0    6    0    0    0    0    0    0    0    3    0    0    0   12    7    0    0    0    0    0    4    0    0    0    0    5    0    0    1    0    0    0    0    0    0    0    0    0    0    0    0    2    0    0    0    0    0    0    0    0    0    0    0    0    0    4  
   3    7    0    0    0   11    0    0    0    0    0    0    6    0    0   11    0    5    0    2    0    0    0    0    0    0    0    0    0   11    0    0    9    0    0    0    0    0    0    0    0    0    0    0    0    8    6    0    0   10    0    0    0    0    4    0    0    0    0    0    0    1   12    0    0    0    0    0    0    0    0    0    0    0    0  
   0    1    0    0    0    0   12    0    0    0    0    0    0    4    0    0    0    0    6    0   11    0    0    0    2    0   10    0    0    5    0    0    0    8    0    0    0    0    0    0    0    0    7    0    0    0    6    0    0    9    0    0    0    0    3    0    0    0    0    0    0    0    5    0   12    0    0    0    0    0    0    0    0    0    0  
   7    0    0    0    5    0    0    0    0    0    0    0    0    9    0    0    0    0    0    0    0    0    0    0    0    0    0    0   11    0    0    0    0    0    0    0    0   10    0    0    9    0    0    4    0    1    0    0    6    0    2    1    0    0    0    0    0    0   12    0    0    0    0    0    0    0    8    3    0    0    0    0    8    0    0  
   0   11    0    0    0    0    0    0    0    6    0    0    0    0    0    1    7    0    0    2    0    0    7    0    0    0    8    0    0    7    0   10    0    0    0    0    0   12    0    0    0    0    0    0    0    0    0    0    5    0    0    3    0    0    0    4    0    9    0    0    0    0    0    0    0   10    0    0    0    0    0    0    0    0    0  
   0    0    0    0    0    0    0    0    0    0    3    0    0    0    0    0    0    0    0    0    0    0    0    9    4    0    6    0    8    0    1    0    0    0    0    0    0    0    0    0    0    7   12    0    0    0    0    9    0    5    2    0    0    0    0    0    0    0    0    0   11    0    7   10    0    0   10    0    0    0    0    0    0    0    0  
   0    0    0    0    0    9    0    0    0    0    0    0    6    0    0    0    0    4    0   10    0    0    3    0   11    0    0    0    0    0    0    6    0    0    7    0    0    0    0    0    1    8    0    0    0    0    2    0    0    0    0    0    9    0    0    0    0    0    0    0    0    0   10    0    0    0    5    0    0   12    0    0    0    0    0  
   0    0    0    0    0    3    0    0    0    8    0   12    0    0    0    0    0    0    0    0   11    0    0    0    0    0    0    0    0    0    0    0    0    0    1    0    0    0    0    0    0    6    0    0    0    0    0    0    0    0    0    0    9    4    5    0   12   11    0    0    0    0    7    0    0    0   10    0   12    0    0    2    0    0    0  
   0    0    1    0    0    0    3    0    0    0    0    0    0    0    0    0    0    0    6    0    0    0    0   12    0    8    2    0    0    0    0    0    0    0    0    2    0    4    0   10    0    0    0    0    3    0    0    7    0    0    0    5    0    0    0    0   11    0    0    9    0    3    0    0    0    0    0    0    0    0    0    0    0    0    0  
   0    0    0    0    0    0    0    1    0    8    0   11    2    0    0    0    9    0    0    6    0    5    0    0    0    0    0    0    0    0    0   12    0    0    0    0    0    0    0    0    0    8    6    0    0    0    7    4    0    0   10    0    0    0    0    0    3    0    0    0    0    0    0    0    0    0    0    0    0    0    0    0    0    5    0  
   0    0    0    0    0    0    0    0    0    0    3    0    0    0    0    0    0    2    0    0    0    0    0    0    5    0    1    0    0    0    0    0    9    0    0    0    0    7    0    0    0    0    0    0    6    0    8    0    0    0    0    4    0    0    0    0    0    0    0    0    2   12    0    0   11    0    0    0    0    0   11    7    0   10    0  
   0    0    0    6    0    0    0    0    1    0    0    0    0    0    0    0   12    7    0    0    0   10   11    8    0   11    0    0    0    0    0    0    0    0    0    0    0    0    0    2    0    0    4    0    0    0    0    0    0    0    0    0    0    1    0    0    5    0    0    0    0    0    0    0    0    3    0    0   10    0    0    0    9    0    0  
   0    0    0    0    0    0    0    0    0    0    0    0    0    0    0    0    5    0    0    0    3    0    0    0    4    0    0    0    0    0    6    0    0    9    0    0    1    0    0    0    2    0   10    0    0    0    0    0    0   11    4    0    0    0    7   12    0    8    0    0    0    0    0    0    0    0    0    0    0    3    3    0    0    0    0  
   0    0    0    0    0    1    5    0    0   11    0    0   11    0    0    0    0    0    0    0    0   12    0    0    0    0    0    0    0    0    6    0    8    0    0    0    7    0    0    0   11    0    4    0    0    2    0    0    0    0    0    0    0    0    0    9    0    0    0    0    0   10    0    0    0    0   11    0    0    0    0    0    0    3    0  
   0    7    0    0    6    8    0    0   11    0    0    0    0    1    0    0    0    0    5    0    0    0    0    2    0    0    0    4    0   12    0    0    0    0    0    0    0    0    0    0    0    0    0   12    0    0    0    8    0    0    0    3    0    0    0    0    0    0    0    0    0    9    0   10    0    0    0    0    0   10    0    0    0    0    0  
   8    0    0    0    0    0    6    0    0    0    0    0    0    0    0    0    0    0    0    0    0    0   10    0    0    3    0    0    0    0   11    0    7    0    0    5    0    0    0    9    4    0    0    0    0    5    0    0    0    0    0    0    0    0    0    0    0    0    0   12    0   12    0    0    0    1    0    0    0    2    0    3    0    0    0  
   0    0    0    0    0    0    0    0    3    0    0    0    0    0    0    2    0    0    0   12    0    7    0    0    0    8    0    0    0    4    0    0    0    0    0    8    0    0    0    0    9    0    0    0   11    0    0    0    0    0    0    8    5    0    0    0    0    0    0    0    0    0    0    0    0    0   10    0    0    0    1    0    6    3    0  
   0    0    0    0    0    7    4    0    0    0    0    0    5    0    0    0    0    2    6    0    0    9    0    0    0    3    0    0   10    0    0    0    0    0    0    0    8    0    0    0   12    0    0    0    0    0    8    0    0    0    0    0    1    0    0    0    0    0    0    0    3    0    0    5   11    0    0    0    0    0    0    0    0    0    0  
   8    0    0    0    0    0    3    0    0    0    0    0    0    9    0    0    0    0    0    0    0    0    4    0    0    0    4    0    9    0    1    0    7    0    0    0    0    0    0    6    5    0    0   11   10    0    0    0    0    0    0    0    0    0    0    2    0    0    0   12    0    0    0    0    0    0    0    0    0    0    0    0    0    9    0  
   2    0    0    0    0    0    3    0    0    9    0    0    0    4    0    0    0    0    8    0   11   12    0    1    0    0    0    0    0    0    0    0    0    0    0    0    6    5    0    0    0    0    0    0    0    0    0    0    4    0    0    4    0    0    0    0   10    0    0    0    0    0    0    7    9    0    0    0    0    0    0    0    0    0    0  
   0    0    0    0    0    0    0    0    0    0    4    0    0    5    0    0    0    0    0    0    0    6    0    0   11    0    0    0    0    0   12   10    0   12    0    0    0    0    0   11    0    0    0    0    9    0    0    0    0    2    8    0    0    0    1    0    0    3    0    0    0    7   10    0    0    0    0    0    0    0    0    0    0    0    0  
   0    0   12    2    0    0    0    0    0    0    0    0    0    0    0    9    0    0   11    0    0    0    0    0    0   10    6    0    0    0    0    0    0    0    0    0    3    0    0    0    0    0    0    0    0    0    8    0    0    0    0    0    0    1    0    0    0    1    0    0    0    0    0    0    0    5    0    7    0    4    0    1    0    8    0  
   0    0    0    0    0    0    0    0    0    0    0    0    5    0   12    0    0    0    0    0    0    0    0    4   10    0    3    0    3    0    0    0    0    0    0    0    0    0    0    0    0    0    0    0    0    7    0    0    0    6    0    8    0    0    0   11    0    0    0    0    9    0    0    0    2    0    0    0    8    0    0    0    1    0    1  
   0    0    0    0    0    0    0    0    0    0    0    0    8    5    0    0    0    0    0    0    0   11    0    0    0    1    0    0    0    0   12    0    4    0    0    0    0    7    0    0   10    0    0    0    0    0    0    0    3    0    0   12    0    0    0    6    9    0    0    0    0   12    0    0    0    0    0    0    0    0    0    0    2    0   10  
  10    0    0    0    1    0    5    0    0    0    6    0    0   12    0    0    0    0    0    0    0    0    0    4    0    0    0    0    0    0    0    0    0    0    8    0    1   11    0    0    0    0    0    0    0    0    0    0    0    0    0    6    0    0    0    0    3    0    3    0    7    0    0    0    2    0    0    0    0    0    0    0    9    0    0  
   0    0    0    0    3    0    0    8    0    0    0    0    0    0    0    0    0    0    6    0    0    0    0    0    0    3    9    0    0    0    0    0    0    0    0   12    1    0    5    0    0    0    0    0   10    0    7    0    0    0    0    0    0   11    0    0    0    0    0    0    0    0    0    0    0    4    0    0   12    9    0    0    0    0    2  
   0    7    3    0    0    0    0   10    0    0    0    0    0    0    0    0    0    0   12    8    3    0   11    0    0    0    0    5    0    9    0    3    0    0    1    0    0    0    0    0    0    0    0    0    0    0    0    0    0    0    0    0    0    0    0    0    0    0    0    0    0    4    0    2    0    0    0    0    0    0   11    0    6    0    0  
   0    0    0    8    0    0    0    0    0    0    0    0   11    0    0    0    0    0    6    0    4    0    0    0    0    5    0    0    0    0    0    0    0    0    0    0    0    2    0    0    0    0    0    4    3    0    0    0    0    0    0   12    0    0    0    0    0   10    0    0    0    7    4    0    0    5    0    9    0    0    0    0    0    1    0  
   0    0    0    0    0    0    0    0    0    0   11    0    0    0    0    0   10    7    0    5    0    0    0    0    0    0    0    9    0    0    0    0    0    0    0    0    0    0    0    0    0    0    0    0    0   11   12    0    0    0    6    0    0    0    0    6    4    0    0    0    0    0    0    0    2    0    0    0    0    3    0    0    1    6    8  
   0   11    0    0    6    0    1    0    0    0    0    0    0    0    0    0    7    4    0    0    0    0    0    0   12    0    0    0    0    0    0    0    0    0    0    5    0    0    3    0    0    0    0    0    0    3    0    0    0    0    0    0    5    0    0    1    0    0    0    0    0    9    0    8    0   10    0    2    0    0    0    0    0    0    0  
   0    0    0    0    0    0    8    9    0    0    0    0    0    0    0    0    0    0    0    6    0    0   12    0   10    0    0    7    0    2    0    0    0    0    0    0    5    0    0    0    0    0    0    0    0   11    0    0    0    6    5    0    0    0    0    0    0    0    0    0    3    4    0   12    0    0    0    0    0    0    0    0    1    0    0  
   6    7    0    0    0    0    0    7    0    0    0    8    0    0    0    0    8    0   11    0   12    1    0    0    0    0    0    0    2    0    0    0    6    0    3    0    0    0    4    0    0   10    0    0    0    0    0    0    0    0    0    0    0    0    9    0    0    0    0    0    0    0    0    0    5    0    0    0    0    0    0    0    0    0    0  
   3    0    0    8    0    7   12    0    2    0    6    0    0    0    0    0    0    0   10    0    0    0    3    0    0    1    0    0    0    0    0    0    0    0    0    0    0    8    0    0    0    0    0    0    0    0    0    0    0    0    0    0    0    9    0    0    0    0   12    0    0    0    0    0    0    0    0    0    0    0    0    4   11    5    0  
   8    0    0    0    0    0    0    0   12    0    9    0    0   10    3    0    0   11    0    0    0    1    7    0    4    0    0    0    0    0    0    0    0    0    0    0    0    0    0    0    0    2    6    0    0    0    0    0    0    5    0    0    0    0    0    0    0    0    9    0    0    0    0    0    0    4    0    6    0    0    0    0    0    0    0  
   1    0    0   12    0    0    0    0    0    0    0    3    0    0    0    0    0    0    0    0    0    0    0    0    0    9    0   10   11    0    0    0    0    0    0    0    6   10    0    0   12    0    6    7    0    0    0    0    8    0    4    0    0    0    0    0    0    0    0    0    0    0    0    0    0    0    5    0    0    0    0    0    0    0    2  
   0    0    9    0    0    0    2    0    0    0    0    0    5    0    8    0    0    0    6    0    0    0    0    0    0    0    0   10    0    0    0   10    0    3    0   11    0    0    8    0    0    0    0    0    0    0    0    0    0    1    0    0    0   12    0    0    0    0    4    0    0    2    7    0    0    0    0    0    0    0    0    0    0    0    0  
   0    0    0    0    0    3    0    0    0    0    7    0    0    5    0   12    0    0    6    0    0    0   12    0    0    0    0    0    0    0    0    0    0    0    0    0    0    0    0    0    0    0    9    2    0    0    0    0    0    7    0    0    0    0    0    0    0    0   11    0    1    1    0    0    0    8    4    0    0    0    0    0   10    0    0  
   0    0    0    0    0    0    0    0    2    0    0    9    0    0    0    0    0    0    0    0    7    3    0    5    0    0    0    0    0    4    0    0    0    0    0    0    1    0    1    0    0    0    0   10    0   11    0    0    0    0    0    0    0    0    2    0    0    8    0    0    0    0    0    0    0    0    0    0    6    0   12    0    0    8    0  
   0    0    0    0    0    0    0    0    0    0   10    0    0    8    0    2    0    0    0   12    0    4    0    0    0    0    0    0    0    0    0    0    0    0    0    0    0   11    0    0    0    1    0    0    0    0    9    6   10    0    3    0    0    0    0    0    0    0    0    0    0    0    0    0    0    0   11   11    7    0    0    0    0    0    5  
   3    0    0    0    0    0    4    0    0    0    0    0    0    0    0    6    0    0    1    0    0    0    0    0    0    0    0    0    0    3    0    0    0    0    0    0    4    0    7    0   11    0    0    0    0    0    0    0   10    0    0    9    0    0    0   10    0    2    8    0    0    0    0    0    5    0    0    0    0   12    0    0    0    0    0  ] 
BUDGETS : [    1    1    1    2   12   13   14   16   17   20   23   24   26   32   40   43   45   47   48   52   52   55   61   62   63   64   65   65   67   75   77   80   81   82   82   84   87   91   91   93   93   93   96   98   99  101  104  106  109  118  118  119  120  120  121  121  122  123  125  125  126  127  130  141  141  141  144  147  148  152  154  160  160  162  167  168  170  173  173  173  175  180  182  182  182  183  186  186  188  190  192  194  194  198  200  203  203  207  209  210  210  211  214  216  217  219  222  225  225  229  230  231  237  239  241  241  242  245  245  248  249  249  253  259  260  261  261  262  263  264  264  265  265  266  267  270  275  275  276  277  279  288  288  289  291  293  295  296  297  298  ] 
