K : 100
I : 10
PREFERENCES : [    1    0    2    3    0    0    0    2    0    3  
   3    0    2    0    2    0    0    1    0    2  
   0    0    0    3    2    3    3    0    1    0  
   1    0    3    0    0    1    0    0    2    1  
   2    2    3    2    0    0    0    0    1    0  
   1    0    0    2    3    0    1    1    0    0  
   0    3    1    2    2    0    0    0    0    2  
   0    0    2    0    3    0    0    3    3    1  
   1    3    0    1    2    0    0    1    0    0  
   0    0    3    0    3    0    2    1    3    0  
   2    3    0    0    0    0    1    1    1    0  
   0    0    3    0    0    3    1    2    0    1  
   0    1    0    0    0    1    3    1    0    2  
   2    0    0    0    0    3    3    1    0    2  
   2    0    1    1    3    1    0    0    0    0  
   2    3    0    1    0    0    1    0    0    1  
   0    0    2    3    3    2    0    1    0    0  
   0    3    2    3    1    0    2    0    0    0  
   0    0    3    2    3    1    0    0    0    2  
   0    0    1    1    0    2    0    3    2    0  
   0    1    2    0    0    0    1    3    3    0  
   0    1    1    0    0    0    3    0    2    2  
   2    3    0    2    0    1    0    3    0    0  
   1    2    3    1    0    0    0    3    0    0  
   1    0    0    3    0    3    3    0    2    0  
   3    0    0    1    0    3    0    2    1    0  
   3    2    3    3    1    0    0    0    0    0  
   0    0    3    1    0    0    3    2    1    0  
   0    0    0    0    2    2    3    1    0    1  
   0    0    3    2    3    0    3    1    0    0  
   2    1    0    3    3    0    0    3    0    0  
   0    1    0    0    0    0    1    2    2    3  
   1    0    3    2    1    0    0    0    0    1  
   2    0    3    0    0    0    1    3    2    0  
   0    0    1    2    2    0    1    0    3    0  
   3    3    0    2    0    3    1    0    0    0  
   1    0    3    0    3    2    0    0    0    1  
   0    0    1    0    0    2    3    0    1    1  
   2    3    0    1    1    0    0    0    3    0  
   0    3    0    0    0    0    3    3    1    2  
   0    0    1    0    3    2    0    3    2    0  
   0    1    2    0    0    2    0    2    0    3  
   3    0    1    0    2    3    0    0    0    3  
   0    2    3    1    0    0    1    0    0    3  
   3    0    0    3    1    2    0    2    0    0  
   3    2    0    1    0    3    0    1    0    0  
   2    0    0    1    0    2    0    0    3    3  
   1    0    2    0    1    0    3    0    0    3  
   3    0    3    1    0    0    2    0    0    3  
   3    2    1    0    1    0    0    0    2    0  
   2    2    0    1    3    0    1    0    0    0  
   1    2    0    0    0    1    2    0    0    3  
   0    0    0    2    3    3    0    3    1    0  
   2    0    0    1    1    3    0    0    1    0  
   2    0    1    0    0    3    0    3    2    0  
   1    2    0    0    3    0    1    2    0    0  
   3    0    3    0    0    0    1    0    2    1  
   0    0    3    1    3    2    0    0    0    2  
   1    1    1    0    0    0    2    0    0    3  
   0    3    0    1    3    0    0    2    0    3  
   0    3    0    3    0    0    3    0    1    2  
   0    1    0    3    0    0    3    2    1    0  
   0    2    0    0    1    0    2    0    3    3  
   3    0    0    0    3    2    0    1    3    0  
   0    0    1    1    0    2    0    3    0    1  
   3    2    1    0    0    0    0    0    2    1  
   0    0    0    2    1    0    2    3    2    0  
   0    3    2    0    1    2    2    0    0    0  
   1    1    0    0    0    2    0    3    0    2  
   0    1    2    0    0    2    2    3    0    0  
   0    3    3    2    1    0    3    0    0    0  
   0    0    3    1    1    0    1    0    0    2  
   0    3    3    0    0    1    0    3    0    2  
   2    0    0    1    0    0    1    1    0    3  
   0    0    3    0    0    3    1    0    1    2  
   0    0    2    0    1    0    1    0    1    3  
   1    1    0    2    0    0    0    1    3    0  
   0    2    0    3    1    0    3    0    0    3  
   0    0    2    0    0    1    2    1    0    3  
   3    2    1    0    2    0    0    0    0    1  
   0    3    0    0    3    1    1    0    2    0  
   0    0    0    3    0    1    0    2    3    2  
   3    0    3    0    2    1    0    0    0    1  
   1    0    0    2    3    0    1    1    0    0  
   3    1    3    0    3    0    0    2    0    0  
   1    0    0    2    2    3    0    1    0    0  
   2    1    0    2    3    0    0    2    0    0  
   0    0    0    2    1    3    1    2    0    0  
   2    2    0    2    0    3    1    0    0    0  
   3    3    0    0    0    0    2    2    1    0  
   1    1    0    3    0    2    0    2    0    0  
   1    0    3    2    0    3    0    3    0    0  
   2    0    2    0    1    0    2    3    0    0  
   0    2    3    0    2    0    1    0    2    0  
   3    1    0    1    0    0    2    0    3    0  
   0    0    2    0    1    1    0    3    0    2  
   0    2    3    0    3    2    0    0    0    1  
   3    2    1    0    0    3    0    0    0    2  
   3    0    3    1    0    3    2    0    0    0  
   1    0    0    2    0    3    0    3    0    3  ] 
BUDGETS : [    1    2    3    7    9    9   11   12   13   16   16   19   20   23   25   26   26   28   29   30   30   33   33   34   35   36   38   40   41   43   45   46   49   52   55   55   55   58   60   60   67   72   75   77   77   78   82   87   93   93   94   95   96  101  101  103  106  110  114  114  118  119  121  124  126  127  128  133  133  134  137  141  146  150  152  153  153  154  156  158  161  161  165  167  168  169  171  173  174  176  184  185  186  187  193  195  196  197  198  200  ] 
