K : 50
I : 25
PREFERENCES : [   14    0    0   22   19   24   21   15   18    0   25   23    0   17    0   20    0    0   16    0    0    0    0   15    0  
   0   18    0   17    0   19   23   22    0   24    0    0    0   15   20    0    0   25    0    0   15    0   16   14   21  
   0    0   14    0   23   18    0    0   19   16   25    0    0   24    0   17    0   17   15    0   20    0    0   22   21  
   0    0    0   18    0   24    0   21   20   15   15    0    0    0    0   14   23   16   17   19   22    0    0   25    0  
  21    0    0   21    0   14   23   20   16   22    0    0    0   19    0   15   17   25    0    0   18    0   24    0    0  
  22   20    0   23    0   15   21   24   17   23   25   16   18    0    0    0    0    0    0   14    0    0   19    0    0  
  14   20   14   18    0    0    0    0   17   22    0   24   19   15    0   23   21    0    0   16   25    0    0    0    0  
  15   16    0    0   24    0   25   23   22   21   19    0    0    0    0    0   22   18   17    0    0    0   14    0   20  
  23   24    0   14    0   25   17    0   21    0    0    0    0   20   24   19   18    0   22   15    0    0    0    0   16  
   0    0   25   22    0   18    0    0   17   14    0   21   20    0   15   23    0   16    0   24    0   19    0   24    0  
  21    0   22   16   14    0    0   18    0    0    0    0   19    0    0   17   15   25    0   20   23    0   24   18    0  
  21   20    0   19    0    0   16    0   15   24   14    0    0   17   22   14    0    0   25   18   23    0    0    0    0  
  25    0    0    0   14    0    0   22   18    0   24   19    0    0   25   16   21   17   15   20    0    0   23    0    0  
  25   24   15    0   22    0   14    0   21    0   23   22   17   18    0    0    0   16   19   20    0    0    0    0    0  
   0   21    0    0   20    0    0   22   25   16    0   14   24    0   18   20    0   19   23    0   17    0    0    0   15  
   0    0   24    0   25   16    0    0    0    0    0   19    0   15    0   18   23    0   22    0   17   20   14   25   21  
   0   16   25   22   14   15    0    0    0    0   19    0   17   24   21   20   23    0   18    0    0   17    0    0    0  
   0   14    0   20   15    0   17    0   25    0   17    0   23   24    0    0   18    0    0   19   16   22    0    0   21  
   0   25    0   16   24    0   22    0   15   21   19   14   20   23    0    0    0   18    0   24   17    0    0    0    0  
   0   22   21    0    0    0    0    0    0   23   19   14    0    0   15   24   25   18    0   18   20   16    0   17    0  
   0   14    0    0   18    0    0    0   16   24   16    0    0   20    0   22   15   21    0    0   23   25    0   17   19  
  20   25   15   18    0   20   16   19    0   24    0    0   14    0    0    0   23   17   22    0    0   21    0    0    0  
  20   22    0   15   17   25   21    0   18    0    0    0    0   16   19    0    0    0    0   19    0   14    0   24   23  
  20   21   14    0   23   16    0   22   25    0    0    0   15    0    0   19   18   15    0    0   24    0   17    0    0  
  25   23   14    0   21    0   20    0   18   22    0    0   19   24    0    0   16   20   17    0    0   15    0    0    0  
   0   20   25   22   19   20    0   16   24   21    0   17   14    0   18    0    0    0    0    0   15    0   23    0    0  
   0    0   25   18    0   17    0    0   22   24   19   21   16   23    0   14   17   15    0    0    0    0    0    0   20  
   0    0    0   17    0    0    0   25   23   24   14   15   19    0   21    0    0   14    0    0   16    0   20   22   18  
   0   24    0   16    0   25    0    0   23    0   15   14    0    0   17   22   21   18   20    0    0    0    0   24   19  
  20   16   19   23    0   15    0    0    0   20   22    0   21    0   24   14    0    0   18   25    0   17    0    0    0  
  20    0    0    0    0    0    0   14   25   19   16   24   21    0   17    0   22    0   24   18    0    0   23    0   15  
   0   24   25   22    0   15    0    0   17    0   21   23   24    0   14    0   19    0   20    0    0    0   18    0   16  
  24    0    0    0   15    0   17    0    0   23   22    0   20    0   18   25   19   21   16    0    0    0   14    0   19  
   0   18   21   25   19   18    0   20    0   24    0   16    0   22    0    0   15   17    0    0   23    0    0    0   14  
  14   22    0    0   21    0   19   21    0    0    0   23   17   15    0    0    0    0   24   16   18   20    0    0   25  
  24    0   21   19    0    0   16   17   22   14   16   23    0    0   18    0    0    0   25    0    0   20    0   15    0  
  17    0   22   18    0   23    0    0    0   19    0    0   24   15    0   25   14    0    0    0   14   21   20   16    0  
   0   20    0   17   16   24   23    0    0   25    0   21   19   15   25    0   18   14    0   22    0    0    0    0    0  
  20   16    0    0   21   19    0    0    0   24   15    0   15    0    0   17   18   25   14   22    0   23    0    0    0  
  25    0    0   16    0    0    0    0   17    0   22   19    0   18   20   21    0    0   15   23    0   24    0   14   16  
  22    0    0    0    0   14   21   25    0    0   23   19   16    0    0   14   17   24    0    0   18    0    0   20   15  
   0   21   19   17    0   24    0    0   14    0    0   20    0    0   22    0    0    0   16   25    0   15   18   16   23  
  18    0    0    0   18   15    0    0   21    0   23    0   14    0   19   17    0   20   25   22    0    0   16    0   24  
  15    0    0   16   20    0    0    0    0   14   24   18   21    0    0    0   25    0    0   25    0   19   22   23   17  
   0    0    0    0   25   16    0   15    0   21   24    0    0   19    0   14    0    0   18    0   17   22   23   20   23  
   0    0   15    0   19   18    0   14   23   22    0   24   21   20   25   17    0    0    0   16    0   17    0    0    0  
  22    0    0    0   18    0    0    0   14   16    0   20    0   23    0    0   17    0   21   24   25   19   20    0   15  
   0   21    0   20    0    0    0   15   14   22    0    0    0   17   24    0    0   16    0   18    0   23   17   19   25  
   0   14    0   16    0    0   15    0   22    0   17   23   21    0    0    0    0   24   25   19    0   18   20    0   16  
  24    0    0   19   22    0    0   21    0   14   22   25    0   18    0    0   15    0   16    0    0    0   23   20   17  ] 
BUDGETS : [    5   10   12   13   14   15   16   18   21   25   31   32   34   38   39   39   42   43   49   50   52   57   58   58   60   60   61   63   65   68   69   70   71   76   76   80   80   83   85   86   87   87   87   88   92   93   97   98   99   99  ] 
