K : 100
I : 100
PREFERENCES : [    0    2   27   14    0    0    0   17   29    0   35   41   28    0    0   37    0   35    0    0   36    0    0   39    0    0    0    0    0    0   33   13   42    0    1    0    6   19    0    0   31    0    0   12    0   30   20   43   11    0   24   18    0    1   19    0   44    0    0   40    7    0   26   16   42    0    0    8    0    0   23    0    0   10    0   45   22   38    0    3   15    5    0    0    0    0    0   25    0   34   21   32    0    0    0    0    8    4    0    9  
   0   10    0    8    0    0    0    0    0   41   19   23    0   13    0    0    0    0   13   45   31    0    0    0   17    0    5    0   39    0    1    0    0    6   26    0    0    0   35    3    7   36   15   44   29    0    0   37   27    0    0   20    0    0    0    0    2   23   42    4    0    0    0   11    6    0   24   38   43    0    0    0    0    0    0   16   28    0   32   40   14   22    0    0   33   34   24    0    0    0   21   25   18    0    0   30    9   12   12    0  
   0    0    0   11    0   18   24    0    0   35   32    0   42    0   24    0   10   21   16    0    0    0    0   40   26    0    0   38   12   31    0    0   25   13   41    0    0   23   17    0   30    0    0    0   27    0    0    0    0    3   15   24   14   34    0   19    0    0    0    0    7    0    8   29    0   45    0    0   43   15    0    9   39    0   45   28   44    0    0    0    0    6    0    4    0   22   36   21    2    0    0    0    1    5   33    0    0    0   20   37  
  35   17   22   45   42    0    0    0    0    0   21   12    1    0    5    0   28    9   44   39    2   40    0    0    0    0   10   33   18   29   30    0   41    0    0    0    0    8   31   32    0    0   23    0    0    6    0    0    0   15    0   25   26   38   43    0    0   16    7    0    0   11    0    0   14    0   19   28   37   34   24    0    0    0    3    0   14    0    0   27    0    0    0    0   16    0    0   36   39   13    0   20    0    0    0    0    4    0    0    5  
   0   24    0   27    0    0    0    3    9   25    0    0   35   11   17   16    0    9   43   28    0   33   26   31    5   23    0   38    0    0    0   14   22   45    0    1    8    0    0   10    0   45    0    0   29   43    0    0   25    0   30    7    0    0    0   32    0    0    0    0    0    0    0   41   34    0    0   27    0    0    6   36    0   19    0   37    0   13    2    0   15    0   20    0    0   39   21   40    0   42   12    0    0    4    0   44    0   18    0    0  
   0   10    0    0    0   36    0    0   41   30    8    0   24   23    0    0    5    0    7    9   33   14   32    0    0   45    0    0    0   35    0   12   20    0    0   19    0    0   22   35    5   44   29   42   39    1   16    0    0    0    0   37   39    0    0   11    0   18    4   38    0    0   43    0    0   15    0    4   17   31    0   40    0    0   27    0    0    0    0    0   13    0    0   28    0    0    3   26   16    0    0    6   34    2   25    0    0   21    0    0  
   0   14    0    0    0    2    0    7    0    0   33   41   38    0   45   39   15   19    0   43   30   32   43   22    0   29    0   26    0   24    0    0   31   37    0    0    5    6    0   40   35    0    0    0    0   17    0    0    0    0    0   44    8    0    3   32    0    0   16    0    0    4    0    0   36    0    0   41   28    0    0   10    0   42    0   11   31   20    0    0   13   39    0   21   27    9    0    1    0    0   18   12    0    0    0   25   23   34    0    0  
   0    0    0    0    0    0   15   32   11    0    0    0    0    6    0   28    0    9    0   29    0   42    0    0    0    0    0    0    0   40   13    0   20    7   35   22    0    2    0    0    0    0    0    0    0    0    0    8    3   19    0    0   14   38   43    4   40   26   33    0    6   16   37    0   21   25   18    5    0   44   29   27    0    0   30    0   12   24    0    0   17    0   39   10    0   23    0   31    1   36   45    0   41   38    0    5    0    0    0   34  
   0   28    0   36   26    0    0   10    0    0   41    0    0   18    0   43   29   20   31    0    0   21    0    4    0   11    0    0   35    0    2   34    0    0   13   17    0    0    1    0   37   22    0    0   25    0   43    0    0   44    0    0    0    0    0   40   33   10    0   15    0    0    3   27    0   42    0    9   12    0   19    5    0    7   34   23    0   39    0   14   45   32    0   30    0    8    0    0   38    0    0    6   24   16    0    0   14    5    0    0  
   7    0   24   14    0   29    1    0   18    0    0   37    0   45    0   38   33    0    0    0    0   20    0    0   10    0    7    0    4    0    5   26    0    0   15    0    0   32   23   23    0    0    0   42    6   35    0   30    0   17   11    3   27    0    0    0   19   12    0   16   23   36   28    0    0    0    0   41    0   43    0   34    0    0   21    0    0    0   22   33   25    8    0   11    0    0    0   13   44   39    0    0    0   31    9   40    0    2    0    0  
   0    2   38   40    0   45    0   18   11   21    0   35   39   30    0    0   17   13    5   26   34    0   31    0    0   25   27    0    7   16    0   37   41    0    0   19    0    1    0    0   43   44    0   32    0    0   33    0    0    0    0    4    0   22   40    0   10    0    0    0   34    0    0    0    0    0   24   20    0    0    0   29    0   28   12    0    2    0    8    0    0   43    0   23    6   15    0    3    2   42    0   14   36    9    0    0    0    0    0    0  
   8    0   42    0    0   27   16   23   36   45    0   28   39   44    2   20   17    0   26    0    0    4    0    2   41    0    9    0   10    0    0   37   13    0    7   38    0    0    0    0   43    1   26    0   23    0    0    0    0   35   31   31   22   33   14    0   34    0    0   29    3   19    0    0    0    0   12    0    0    0   18    0   24    0    0    5    0   32    6   22    0    0    0    0   40    0    0   25   15    0   21    0    0   11    0    0   30    0    0    0  
  18   29   39    3   20    0    0    0   15   18   36    0    0   19    0    0    0    0    0   24   43    0   35    0   34    2    0   25    0   45   13   17   21    1    0    0    7   33    5    0   39   37    0    0    0   14    0   42    0    0   30    0   31   16   40   44    0    0   28   11   12   23   22    0    0   10   38    0    0    4    6    0    0    0    0    0    0    0   34    0    0    0    8   41    0   36   26    0    8    0    0    0    0    0    9    0   32    0    0   27  
  34    0    0   11   30   16   39   29    0    0   28    0   35    0    0    0    0   19   11    8    3   42    0    0    0    5   43   25   36    4    2    6    0   26   17    0   38    0   14    0    0    0    0    0   12   10   44    0    0   24    0    0   21    5    0    0    0   45    0    0    7    0    0   26   33    0    0    0    0    0   32    0   37   27   18    0   23   41    0    0    0   20    0   15   22    0    0   31   35    9    0    0    0    1   40    0    0    0   32   13  
   0    0   18    0    0   30   13   21   27   11   16   41    3   25    0   12   33   26    0    0    2    0    0   40   32   21    0    0   15    1   39    0    0   31    0   10    0    0   36    0   40    0    0    0    0   20   45   25   26    0    7    4    0    0    0    0    0    0    0    0   44   29    0    0    0    5    0    0   35   38    0    0    0   23   22   42   14    6    0   19    0   34    0    8   43   37    0    0   24    0   18    0    9   17    0   28    0    0    0    0  
  45   11   40    0    0   36   39   31    5    8    0   22    0    0   10    0   10    0   42   12    0    7    4    0    0   23   20    0   23    0   16   33   29    0   28    1    0   43    0   32    2   37   26    0    9    0    0    0    0    0   25    0    0    0    0    0    0   30    0    0    0    0    0    0    0   35   14    0    0    6    0   38   15   44   13   27    0    0    0   38    3   19    0    0   12   17   31   34    0   21    0    0    0    0    0    0   41    0   18   24  
  44   37   26    0   42   41   16    0    4    0    0   35    3   28   13    0    0    0    0   45   33    0    0    0   37    0   26   32    0   30    0   19   15    6   17    0   43    9   12   21    0   36    1    7    0    0   25   14    0    0   34    0    0    0    0    0   20    0    0    0   18    0    5    0   12   24    0   39    8   27   40   16   23    0    0    0    0    0    2   29    0   22    0    0   45    0    0   11    0    0    0    0   31    0    0    0   10   38    0    0  
   0   35   24   22    0    0   28    0    7    0   42    0   10   42   29    0   44    0   33   12   32    0    0    0    0    0    5   15   37   13   20   39    0   44    0    0   26   16    0    9   30   21   14   31    0   27    0   26    0    8    0   34   23   25   22   41    0    2    0    0    4   36    0    0   19    0    0    0    0    0    0    0    0   40   45    0   11   18    0    1    0    0    0    0    0    0    3    0    0    0    6    0    0    0   17   43    0   42   38    0  
  36    0   12    0   28    0    0    0   37    0    0    0    0    0    0   41   31    0   30   35   27    3    9    7   31   39   24    0   18    0    6   26    0   33    0    0    5    0    0    0   25    2    0   42    0    1    0   21    0   29    0    0    0    0   43    0    0    0   15    0    4    0   23    0   40    0    0   19    8    0    0    0   34   33    0    0   13    0   17   14    0    0    0   42    0    0    0   10   16   38   43   11    0   22   32   44   20   29   45    0  
   0   25   23   32    0    0    0    0   24   43    0   43    0    0   24    0    8    1   27    0    0    7    0   33   28    0    0    0    3    0   45   11   12   41   36   10   16   30    0   35    5    0   17    0    0    4    0   13    2   22    0   39   40   29   14    0    0   34    0    0   38   21    0   26    0    0    0   31   37   44    0    0   18   19    0    5    0   42    0    0   15    0    0    0    0    0    0    0    0    0    0    0    0    6   20    9    0   43    0   43  
  29   15   35    0    8   40   24    4    0   43   34    0   42    0   26    0   12   11   18    0    0    0   20    0   32    0    0    0   16   36    0    0   14   21    0   44    0    0   17    0   16   30   45   10    6   13   25    0    0    0    0    0    0    0   28   31    0   23    0    0    0    8    0    0    0   29    0    0   19   41    0   38    0    0    0    0    2    1    0   39   33   40   27    0    0    0   22   37    0    0    0    5    0    0    3    0    9   16    7    0  
   3   41   13    8   32    0    0    0   12    0    0    0   24   20   27   19    0    0   45    0    0   25    0    0    0    0   39    1    0    7    0   23    0    0    0   40   30    0   18    0    0   11    0    0    0    0   43   17    0   28   35    0   37   31   21   16   13   10    0    5    0    0   34    0    0   30    2    0    0    0   42    0   15    4    0   26   33    0    0   29    0    2    9   14    0    6   36    0    0    0    0   38   12    0    0    0    0   11   22   44  
  22   38    0    0    0    8    0    0    0   11   16   24    0   40    0    0   18    0    0    0    0   19   41    0   13   43    5    0   31   25    0   14   27   37    0    0   12    0    0   21   39    0    0    0    0   20    9   35    0    0   21    6    0    0   28    0    0    0    0    0    0    0   12   26    0   10   33    0    0   42    2   44    0    0    1    3   15   30    5    0   29    0    0   34   23   36    0    4    6    0   45    7   45   32    0    0    0    0    0   17  
   7   45    8    0    0    0    0    0   10   21    0   30    0   11   34    1   20    0   28    0   33   11    0   42    0   19    0    1    0    0    0   12   32    0    0    0    0    0    0    0    5   14   36   26    0    0    0    9    0    0    0    0    0   41    0    0    0    0   31    0    0   27   18   15    0   24   38    0    4   22    0    0    0    0    0   44   17   35    0   37    0    2    0   13   37    6    3   23   40   41   16   14   39    0   25   29    0    0    0   43  
  25    0    0    0   38   34   43    0    0   22   39    0    0    3    0    0   36    0    5   19   11   24    0    0    0    0    0   33   13    0    0    0    0    0    0   37    8    6   28   18    0   16    0    0    0    0    0    2    0   40    0   27   10   41    0   42    0   15    0    0    0   16   20    0    0   30    0    4   12    0   44   31   29   14    0    0   23    0    0    0    0   32    0   21   35    0    0   27   17    1    7    0    0   45    9   17   36   26    0   30  
   0    0    0    0    0   27    0   21   18    0   10   20    0    0    0    0    0   39    0   15    7    0    9   32    0    0    0   41   29    0   16   38    0    0    0    0   25   40   22    0    0   40   30   28   42    0    0    0    0    3   24   36    0    0    0    0   37    0    0   43   26   33    0   13    0    0   23    0   36   45    0   31    0    0   42    0    0   34   14   11    8   44    7   40    5    0    0    6    1    0    0   35   12   19    0    2    0    4    0   17  
  12    0    0   29   19    0   35    0    0    0    0    9   39    0   23   36    1    0    0    0    0   41   27    0    0    0    7   37    0    0    0   33   45    0    3   20    0   24   10    0   42   27    0   13    2    0    0   32    0    0    0    0    0    0   13   11   21    0    0   34   40   43   30   18   44    0   25    0    0    4   39   12   14    0    0    0   38   22   26    0    0    6    5   16    0   31    0    0   28    0    0    8   24    0    0   17    0    0    0   15  
   1    0   31   16    0    3    0   17    0    0    0    0    6    0   17   28    0    0   41    0    0   44   26    0    0    0   18    0    0   11    0    0    2    0    0   35   19   45   19    0    8    0    0   36   21    0    0    0   43    9    0    9   37   10    0    0    0    0   26   39    5    0    0   33   12   34   19   40   42    0   14   27    0    0   29   30    0    0    0    0    0    0    0   15    0   22    7   20    0   13   25   24    0    0    4    0   23   38   32    0  
   0    0    0   30    0    0    0    0    0    0   26    0    0    0   45    6    0    0    0   11    0    0    0    0   41    0    0    0   33    0   20   43   18    0    0    9    0   10   28   45    0   19    0    0   21   31   23   24    3    0    0   35    0   39   13    2   32    0   17   27   37    0    0    0    5   16   45   40    0   22    0    7    0    0   32   28   36   12    0    8    1   34    0   42   38    0   44   29    0    0   39   25    4    0    0   15    0   14    0    0  
  43    0    0    0    0    0   30    0    0    0   17    7   36    0   16    0   21    0   35    0    3   19    0   11    0   20    0   41    0   45    0    1    0    0    0    0   28    4    0   29   24    0    0    2    0   32    0    0    0   14    0    5   12    0   40    6   34   39    0    0   22    0   10   38    0    0    0    9    0    0   18   25    0   44   20   26    0   16   21    8   13   37    0   31    0    0    0    0   27    4    0   33    0   42   10    0    0    0   23   15  
  16    0    0   22    0   23    9   13   45   34   26   32    0    0   18    0    0    5   17   14    0    0   37    0    0   29   20   44    0   28   11   38   30   35   10    0    0    9   42    4    0    0   43    0   20    0    0    0    0    0   15    0    0   19    0    0    0    0    0    0    0    0   36    0    0    2    0    0   33    0    5   25   41   21    8    1    0   16    0    7   31    0    6    0    0   40    3    2    0   24    0    0    0   12    0    0    0    0   39   27  
   9   40    0   22    0   27    0   37    0    0    0    8    0    0    1   17    0   45   16    0    0    0    2   14    0    0   41   20   34    0    0    7    0    0    0    0    0   25    0    0    0    0    0    9   20   30    0   36   42   13    0    0    0   43    0    3   39    0    0   12   35    0   26   23    6    0    5    0    0    0   10    0   38   18   16    0    0    0   11   21    0    0    0   27   31   28   28   15   33    0    0    0   32    0   29   24   44    0   19    4  
  30   13    4    0    0   40   18    0    0   41    0    0    0    0    0    0    7    0    0    0    0   19   11   12    0   24    0    0    0    5    0   20   35   10    0    0    0   27    0   14   15    0   29   39    1    9    0   34   17   38    2    0    0   12    0   32   29    6    0    0    6   31   23    0   22   21    0    0    0    0    0    0    0    0   44    0   28    0   36    0    8    0   25   26   37   42    0    3   16    0    3    0   43    0    0    0    0   28   45   33  
   0    6    0    0   25   16    7    0    0    0   42    0    0   43   14   36    8    4   38    0    0    0   21   31    0    0   21   26    0   28    0   18    0    0    0   37    0    0    0    8    0   27    0   39    0    0   15    0   11    5   22    0   19   13    0    0    0   42   40    0    0    0    0    0    0   24    0    9    0    0    0   19   12   41   10   44   29    2   20    3    0   30   35    0    1    0   17   33    0   26    0   23    0    0   32    0    0    0   34   45  
   0    0   14   15   12    0    0    0   29    4   14   14   21   40   31   35   37   32    0   30   38    0    0   14    0   22   19    0   33   28   10    0    3    0    0   44    0    0    0    0    5    0    0    6    0    0   17    0    0    0   11   27    0    0    0    0    0   13    0   20    0    0    0   34   43   23    9    0    0   39    0    0    0    0    0    0   41   25   16    8    0    0   26    0    0    0   18    0   45   24    0    1   36    7   26    2    0   42   29    0  
   0    0    0    0    0   38    7   28    0   19   34    0    0   31    0   13    0   23   44   35    0   16    0    0    0    0    0    0    0    1    0    0    0    0   27   37   40    4   10   14    0    0    0    0   12    0    9   39    0    0    0   35   30   25   24    0    5    0   33   15   26    0    0   40    0    0    0   41    0    0   32    0    0    8    3   18    0    0   42   45   20   17   36   22    0   11   29    0   30   22    0    6    0    2   21   43   36    0    0    0  
   0    0   28   29   19    0    0    0   22    0   11    2    0    0   23   24    0    0    0   13    0    0   20    0    0    1    0    0   27    0    8    0    0   37    0   12    0   17    0    0   16    0   38   38    0    0    0   30    0    0   39    0    0    0    4   40    0    0    0   31    0   32   18    0    0   33    0   10   43    0    0   15   14    6    9   31   41   26   36    5   34   42    3   38    0   29    0    0   21    0    0   35   44   45    0    7    0    4   25    0  
   0    0   20    0   39    2    0    0   35    0    0   17    0    7   16    9   26    0    0   32    0    0   34   10   22   43    0    0    0    0    0    0    0    3   18   40   42   41    0    0   15   21   44   14    0    0   29    0   24    4   45    0   23   43    2   25    0   36   28    0    0    0    0    1   33    0    5   37    0   11    0    0   31    0    0   12    0    0   15    0    0    0    0    0    8    0   42    0    0   30    6   19   13    0   27   38    0    0   28    0  
   0    7    0   13    0    0    0    0   22    0    0   37    0    0    1   32   25    0    0    0    0   38   19   34   35   24    0   12   40   30   24   31   11    0    0    0   26   28    0    5    0    0   17    0    0   33   14    0    0    0    9   44    3    0   32   31    0   21   39    0    0    0    0    0   20    0   29    0    0    0   16    0   15    4    0   27   23   14   18    0   41   11    0   42    0   36    0    0   10    0    2   45    0    8    0    6    0   43    0    0  
  28    0   42    0   44   41   24    0    0    9   31   13   14    0   34    0    0    0    0   20    0    4   29    0    6   18    0    0    1    0   36   45    0    0    0   20   10   26   20    0   35    4   30    0   17   16    0   27    8    0   37    0    0    3    7    0    0   19   43   39    0   21    0    0    0    0    0    0   23    0    0   38    0   32   33    0   25    0    0    4   40    0    5   20    0    0   22    0   11    0    0    0    0    2    0    0    0   15   12    0  
  42   31    0   13   16    0    0    0    0    0   25   17   45    0   11   29    0   15    0    0    8   19    0    0    0   14    0   21    0    0   38   35    0    0    0   39    0   41    0   23   40   37   22    4    0    0   12    0    0   17    6   38    0   27    0    0    0    0   17    7   10   44   20    1    0    0    0    0   24    0    9    0   17    0    0   18   34   26    0   43   30   36    2   33    0    5   42    0    0    0   32   28    0    0    0    3    0    0    0    0  
   0    0    0   24    0    0    0    0    0   28   10    0   25    0   12   14    0    0    0   17    0    0   41    3   44   34   38    0    0   30    0    0    2   31    9   16    4   29    0    7    6    0    0   19    0    0   21    0   33    3    0    0    0   35    0    0    9    0   11   20    0   27   32    6    0    1    0    0   37    0   42    0   45    0   13   18    0    8    0   34   39   15    5    0    0   22    0   43   36   26    0   11   40    0    0   23    0    0    0    0  
   0   27   23   13   36    4    0    0    0    0   43   43    9    0    0    8    0   44   35    0    0   32    0    6   15   45   36   10    0    0    5    0   25   18   29    0   38   12   40    0    0    0    0   33    0    0    0   45   19   39   22    0   38   17    2   20    0    0    0   30   37    0    0    0   24    0   21   31    0   42   16    0    0    3    0   34    0    0    0    0   11   28    0    0   14   26    0    0    0    0    0    0    0    1    7    0    0   28    0   41  
   0    0    9    0   13    8    0    0   22   41    0   20   24   25   30    6    0    0    0   28   29    0    0   42    0   26    0   16   44    5   21   40    0   10    0    2    0    0   20    0    0   17    0   19   32    0    0    0   18    0    1    0   32    0    0   12   11   35   45    0   15    0    0    0    0   33    0   23    3   14   38    0    0    0    0   37    3   36    0    0    0    0    0   28    0    7    0   27    0    4    9    0   31    0    0    0   34   39    0   43  
   0   30   42    0    3   16    0   37   23    0    0   18    0   33    0    0   29   20    0   39    0    0   19    0    0    0    0    1    0   25   10    0    0   41   45    0    0    0    0    4    0   28    0    9   12   13    0   24   44   36   27   24    0    5   34   25   17    0   31    0    0    0    0   35   14   21    0    6    2    7    0   23    0    0    0   33    0   26    0   22    0   38   32    0    0    0    0    0   15    0    0    0    0   11    0   39   40    0   43    8  
  33    9    0   40    0    0   42    0   23    0    0    0    0    0    0   31    0    0   19   39    0   24   19   44   15   11    1    0   10    0    0   12   37    0    0    0   39    0    0    0    0    0   45    0    0    6    0    0   16    0    0    0    0    0   22    0    0   17   25    2    0   27   41   34    0    0    0    0   21    8    0    3    0   32    5   35    0   40    0   36   18   13   20    0   29   38   14   26    4   35    0   41    0    7    0   43    0   30    0   28  
  10    0   38    0   28   21    0    0    0   15    4    0   14   22    2    0    0   11    0   42   23   31   26    0    0    0    9    0   25    8   20   19    0    0    0   16    6    0   35   24   36    0    0   17    0    0    0    0    0    0    3    0    0    5   33    0   13   39    0    0   27   13   25    0   29   12   34    0    0   41    7    0   39    0    0   34    0    0    0    0   30   18    0    0   43    0   40    1    0    0   25    0   45    0    0    0   37    0   32   44  
   0   45    5   14   11   27    3    0    0   25   43    0    0    0   39    0    0   28    9    2    0   15    0   37    0   43   42   19   43   20    8    0    0   24    0    0    6   40   44   22   32    0    0   16   10    4    0    0    0    0   26    0    0    0   41    0   11   38    0   12    0    0    0    0    0   30    3    0    0   33    0    0    0    0    0   29    0    0   34    0    0    0   18   36    0   35    0    0   27    0   23    7   31    0   17   21    0    1    0   13  
   0    0   26   28   30    0    0   29    0   23    8   27    4    0    0    0   17   12    0    0    0    0   24    6   14    0    5    0    0   22    0   10    0    0   35    0   32   34   16    0    0    0    0    0    0   11    6   13    0   15    0   31    0    0    0    0   15    0    0    0   19   25    0   36   44   37    0    0   38    0    1    7    0    3    0   45   17   21    0   41    0    0   20   33    0   17    0   18   43    3    0    0    0    2   42   40    0    9    0   39  
   0   33    0    8   35   30    0   15    0    0   39   12    0    0   38    0   10    0   16   24   12   20   17    0    0   43    0   18   42    3    0    0    0   41   27    0    0    0    0    0   23    0    2   32    0    0    4   29   11    0    0    0    0   29   34    1    0   34    5    0   28    0    0   21   40    0   45    0    0   19    0    0    6    0   36   25   44    0    0    0    9   26    0    0    0   37    7   22    0   31   14   13    0    4    3    0    0    0    0    0  
  15    0   11   12    0   16   39   45    0   30   29    0    0   31    0    0    8   33    0    0    0   23   37    0    0    7   22    1    0    0    0   27   20    0    3    0    0   42    0    0   28    6    0    0    0    0   17    0   34    0    0   40   17    0    0   32   38    0    0   43   36   19    0   21    0    0    0    0   41    5    0   14    0    0   38    0   10    2   26    9   25   35    0    0    0    0    0   35   18   24    0    0    4    0    0   13   44   37    0   40  
   0   35   43   20   17   39    0    0    0   23   11   11    4    0    0    0   38    0    0    8   40    0   14   34    0    0   26   27    0   15    0    0    1    0    0   30   24    0    9   25   16    3   38    0    0    0    3    0    7   33    0    0    0    0   29    2    6    0    0    0    0   41   18   36   31    0    0    0   28    0   10   22    0   45   21    0    5    0    0    0    0   32   12   25   13    0    0    0   19   42    0    0    0   37    0    0    5   44    0    0  
   0    0    0    0   45    0   18   18   23   43    0    0   41    6    0    1   20   30    0   14    0    3    0    0    0   42   24    0   33    0    8    0   37   40    0    0    0    0    0    0    0   21    7    0    0    0    0    0    0   28    0    0   17    0    0   22   32    0    2   16   39   10    0    0   15    3    0   34   26    0   31    0   35   29    0    0    5   12    9   11   27    0   33    4   19    0   25   13   36   20   44    0    0    0    0    0    0    0   38   11  
   0   35   39    0   19    0   44    8    7    0    0    0   33    0   36   32   43    0    0   28    5    0   17   26   45   16    0    0   23    0   10   22    0   18    0   30    0    0    0   20    0    0   34    1    0    4   31    0   25   40    0   21    0   29    6    0    0    0    0    0    0    0   24   32   27    2    0   11   13   41    0    0   38   14    0    9    0   42    0    0    0    0   15   37    0   39    0    0    0    0    0    0   42   12    5    0    0    8    3    0  
   0   41    0    0    0    0   11   38   44    0   34   23   45    0   31   15   42    0    1   25    0    0    5    0    0   26    0    0    0    3   29   37    0   40    0    0    0    0   19    0    0   28    0    0    0    1   35   10    0    6   31    2    5    0   27    0    0    0   39   33    0   14    0    0   32    0   18    0    7    0   12   20    2   36    8    0   30    0    0   17   13    0    9    0    0   24   21    0    0   22    0   22    0    0    4    0    0   43    0   16  
   0   17    0    0   25   19   38   35   33    0    0    0    0   11   36    7   43   41   32    0    0    0    0    0    0    0    0    0   45   34    0   13    0    0    0    0   16   22   18    8   33   24    0   36   29    0    5   36    2    3    0    0    1    0   15    4   39   27    0   10    0    0    0    0    0    0   20   21    0    0   31   26    0    0   28    9    0    0    0    0    0    0   23    0    0    0    0    0    0   37   12   14   42    0   13   30   44    6   40   14  
  20    9   40   13    0   12   35   39    0   10    0    0   23   29   42   38   36    0   44    0    0    0    0    0   32    1    0   41   31    0   11   17    0    0   14    0   42    0    0    3    0   16   15    0    0    0    0    0   10   25   24    0    0    5    0    0    6    0   30    0    0   26   10   45   43    0   34    0    0    0   18    0    2    1    0   33    4   22    0    0   28   27    0   37    0    0    0    8   19    0    0    0    0    0    0   21    7    0    0   15  
   0   23    0    0   17    0   34    0    0    0   28   15    0    0    0    0   25    0   41   12   26   11    3    0   16    0    0    0    0   39   13   35    9   31   21   14   37   27    0    5    0    0    8    7    0    0    0   18   17    0   40    0   19    0   12   43    0   30    1    0    6    0    0    0   16    0    0    0   32    0   22    0    0   42   44   10   45    9    0   36   29   38    0   26    0    0   20   33    0    0    0    0    0   24    2    0    0    0    0    4  
  13   36   25    0    0    8    0    0   39   28    0   19    0   31    7    0   15    0   41    0    0   11    4    0    6   10    0   27    0    0   18    0   14    0   45    0    0   21    0    0    0    0    0    0    0    0   32   38   35    0    0    0    0    9    0   26    0    0   22   29   40   12   33    0    0    1    0    0    0    0   12   40    0   14    0   42   34    0    0    5    0   20   37   16    8   23   17   44    0    0   43    0    0    0   24   30   28    0    3    2  
  19    0    0   33   18    0    0    6   23    0   43    9    0    0   25    7   42    8    0    0    0   36    0    0    1    0   24   14   11    0    0    0   34    0    0    0   44   45   21   32    1   13    0   12   20   30    0    0    0   22    0    0    2    0    0    0   22    0   17   21    0    0   37   38   26   35   10    0   16    0    0    0   39    5    0    4   26    0   15    0    3   31    0    0    0   29    0   40    0    0    0    0    0    0    0   44    0   28   27   41  
   0    0    0    0    0    0   22    0   40    0   13    1   26    0    0   14    0   31   43   11   19   41    0    0    7    0    0   28   20   45    0    0    0    0   42   29    0    0   17    2    0    0   14   39    0    0   18    8   23    0    0    0   24   36    0   12   21   33   34    0    0    0   43    0   16    0    6    9    0    4   27    0    0   44    0   20   12   30    0    0    0   35   23   37    0   38    3    0    0    0    0   15   32    0    0   25    5    0   10    0  
  11   14   13   43    0    0    0    5   38    0    6   36    0    0    0    0    0    9    0    8   31    0   29    0    0    0    0    0    0    0   16   28   41   34    0    0   23   18    0    0   21    0    4    0   26    0    0   19    0    0    0   16   23    0    0   20   33   40   39    0    0    0   35   15    1   23    0    0    0   22    0    0   30    0    0   32   42    0    0    0   10    0    2    3   24    0    0   12   44   45    0   17   25    0    2    7   37   27    0   32  
   7   25   37    7   28    0    0    5    0    8   21    7   36   41   24   35   14    0    0   39    0    0    0    0   30    0    0    0   11    0    9    0    1    6    0   29    0    4   42    0    0    0    6   17    0    0    0   33   20    0    0    0   31   43   44   13    0    0    0   34   16   18   40    0   22    0    3    0   12   10    0    0    0   38   19    0   15    6    0    0   26    0    0   32    0   23   45    0   27    0    2   19    0    0    0    0    0    0    0    0  
   0    0    0    0   18    0    0    0    0    9   32    0    0   15    0    0    7   28   37   19    0    0   31    3   17    0    0    0   40    0   38    0   34    0   41   25    8   20    0    0    2   27    5    0   24    0   30    0    0    0   16    0    0    2    0    0    0   43    0   14    1   20   26   42    6    0   23   11   29   22   12    0    0   39    0    0   44    5   35   21    0    0   42    0   10    0    0   36   13   33   34    0    0    0    0    4    0    0    0   45  
   0   44    0    0   11   35   15    0   34    0    0    6    0   23    0   31   36    0    0   42    0    8    0   37    0    0   16    0    0    0   13    0    1   38    0    0    0    0    0   29    0   27   14    0    0   43   21    0    0    0    5    4    2   31   17    0   12    7   41   35    0    0   32    0    0    0    0    0   20    0    0    0   14    0   25   33    0   26    1   18    3   28    0   24   19    0   19    0   30   22    0   39    0    0   45    0   40   10    0    9  
  24   39   37   16    0   10   35    0    0    0    0   42   11    0   17    0    0    0    0    7   26   23    3   28    0    0   30    0   21    8    4    0    0    0    0   27    0   13   34   32   20    0   19    0    0    0    0   18    7    0    0    0    0   41    0    0    2   43    0    1    0   40    0    9    0    0    3    0   38   30   45   22    0   44    0    0   25    0   12   36    0    0   15    0   33   29    0   39    0    0    6    0    0   31    0   37    0    0    5   14  
  44    9    0    0   14   40    0    0   35    0    2   33    8    0   24    0    0   31   30   32    0   11    0   42    0   20   34    0    0    0    0    0   45    0   16    0    0   18   39   19   15    0   41   17    0   12    5   25    0    0    0    0    0    0    3    0    0    0    0   21    0   34    0   23   13    0   12    1   27    0    0   22    0   28    0    0   37   10   36    0    7    0    4   29   27    0    0    0   26    6    2    0    0   28    0   38    0    0   43    0  
   1    0   36   10    0    0    0    0   26   12    0    0   16    0    0   23   39   35   29    0   38    5   40    0    0    0   24    3    2    0    0    0    0    0    0   14    0   19    0    0   28   26    0    0   13   37    0   31    0    0   30    0    0    0   25    0    0    0    0   32   44    0   44    9   11   33   20    0    0   43    0    0   34    0    6   33   45    0    7    0    0    0    0   42   15    4   27   36   25   22   41    8   18    0   21    0    0    0   17    0  
   0    8    0    7    0   27    0   31    0   14    0   34    0   38    0   24    0   39    0    0    3   13    0   36    0   29    0   16   22    0    0   13    0   19   17    0   33    0    0    6    0   45    0    0    0    0   10    0    9    0    0    3    0    0   37    2   25    0   44   45    0   45    0   15    0   35   26   30   40    0   21   23    4    0   18    0    0    0    1   42   11    0    0   12   43    3    0    0    5    0   32    0   41    0   28    0    0   20    0    0  
   0   15   35    0    0   43    0   29    0    7   32   38    3   16   44    0   34    0    0   17    0   13    0    0    0   18    0   24    0    0    0    0   26   19    4    2    0    0   30   42    4   31   28    0    0   13   23    0   37    0    9   25    0    0    0   39   27    0    5    0    0   14    1    0   21   33   36    3   40    0    0    8    0    0    0   20    0    0   44    0    0    0    0    0    0    0    0    0   22    0    0   12    0   11   10   41    6   45   40    0  
  15    0    0   16    0    0    2    6   37    0    0   43    0    0    0   29    0    5    0    8   45    0    0    0    0   27    0    0   28    3    0    0    7   42    0    0    0    0    0    0   34   20   33   41   36   17   14    0   35   23    0    0   18    0    0   31    0    4    0   12    0    0    0   38    0   25    0   21    0   30   37   11    0   39    0    0    0    0    0   13    0    0    9   19    2    1    0    0   37   44   10   40    3    3    0    0   26   22   24   32  
   0    0    0    0   26    0    0    0   45    0   23    0    0   19   33    0   11   35    0    0    3   13    0   11   10    0   30    0    0    1    0   42    0    0   17   21    0   24    0    0   34    4   38    0    0    0   12    0   28    9    0   39    0   18    0   37   15    0   31    8    9    0    0    0    0   35    0   36   16    6    0    0    0    0   32   20    0    2    0    0    5    0   17    7   29    0   29   40   41    0    0   27    0   43   22   25    0   14    0   44  
   0    0   14    6   35   43    9   41   25   45   13    0    0   19    0    0   27    0    8    0    0   24    0   31    0    3   20   37    0   10   44    0    0    0    0   39    0    0    0   42    1    0    2   33    0   29    0   22    5    0    0    0    0   21    0    0   40   32   30   31    0   16   35    0    0   34   33    0    0    0    0    0    0   28   34    0    0    0   12    0    0    0    0   11    3    0   36    0   38   26    0    0    0   17   18    4    7   23   15    0  
   0   28    3   22    0   44   11   25    0   40   13   10   37    0    0    0   29    0    6    0   27   23   12   36   26   28   33    0    0   10    0   19    0    0   39   45    0    0    8    1   42   13    0    9    9    0   20    0    0    0   15   14    0    0    0    0   16    0   41    0    0    0    6    0    0   18    0    0    4    0   24    0    0   17   32    0   21    0    5    0   31   34    2    0    0   30    0   43    0    0    0    0    0   35    0    7   38    0    0    0  
  11    9    0    0    0    0    0    0    8   13   38    0   21   44   22    0   14    0   20   32    2    5    0    1   45   23   39    3   12   28    0    0    0    0   34    6    0    0    0   11    0   27    0    0    0   25   33    0    0   17    0    0   40   10    0    0    0    0    0    0   26    0   25    8   37    0    0    0    0    0   29    0   15    0   35    7    0   31    0    0   16   36    4    0   42   24    0   19    0   41    0   23    0    0   18    0   19   43   30    0  
   0   25    0   36    0   28    0   26    0    0    0    0    0    0   32   45   27   40   13   12   20    0    0    0    0    0    0    0   31    0    0   14    4    0   24    6    0    1    0    0   43   35    0    0    0    4   37    0    5    0   37   22   41   17    0   23    0   10    0   30   11   38    0    0   39    9    0   44    0    0    3    8   15   28   45   33    0   16    0   19   21   42    0    0   29    0    0    2    0    0    0   33    0    7   18    0    0    0   34    0  
   0    0   16   24    0   37    0   45   19    4   23   12    0   38    0    0    8   25    0   10    0    0    0    0   27   32   16   20   31    7   14   34    0    0    8    0    0    0    0   43    6    0    0   26   42    0   39    0    0    0    0    0    0    0    0   13    9    0    0    0    0    3    0    0   22   44    0    0   21    0   33    0   15    0    0   28    0    1    0   40   16    2    0    0    5   41    0   35    0    0   17   19   30   34    0    0   36   11   18   29  
  27    0    0    0    0   17    8    0   38    0   45    5   14    0    1    0   37    0   12    0    0    0    0   33    0    0    0    0    0    0    0   10    0   21    0    0   25   24    0   25   15   26    0   14    0    0   23    0   36   19   41    9   28   31    0   13    3    0   22    7   31    0    2   29    0    0   43    0    0   45    0    0    0    0    7    0   30    4   18    6   32   16   11   20    0   42    0    0   34   35   44    0    0    0    0   39    0    0   40    0  
  30   36   13    8   20    0    0    0    0   29   34    0   39   25   44   22    7    0    2    0   10    4    0    0   38    0    0   32    0    0    0    0    0    0   14   21    3   42    0    0   41    0    0    4    7    0    0    0    0    5   28    0    0    0   15   12   40    0    3    0   19   31    0   24    0    0    0    0   35    0    0    0   26    0   37    0    0    0    0   27    6   23    0   43   45   16    0    0   16    9   33   18    0   11    0   23    1    0    0   17  
  25    6    0    0    0   25    0    0    0    0   20    0    0    0    0    0   26    0   22    0    0   31   17   24    0   11    0    0   43   42   28   14    5   35   38    0    0    0   13    0   36    8    5    0    0    4    0    9   41    0    0   18    0   19    0   21   40   33    1    0    2    0    0   29   15    0    0   12    0   10    0    0   23    0    0    0   39    0   45    7   32   12    0   16    0    0    0    3    0   34    0    0   21    0    0   33   30   44   27   37  
  39    0   37    0    3   40   14    0    0    0    0    0    0   17    0   44   20    0   12   24   19   12    0    0    7    0    2    0    1    0    0   26    0    0    0    0   11    0   45    5   22    0   31    0   35    0   16   13    0    0    0    0    6    2   29    0    0   15   25    0   42    0    8    0   13    0   16   38    0    0   36    0    0   23    0    0   10   28   41   20   21   33   32    0    0    0    0   43    0   18    4   34    9    0    0    0    0    0   30   27  
  31    0    0    0   16    0    0    0   11   25    0   41    0    0    2    0   36    0    0   28    0   30    0   14   18    0   22    0    0    0   15    0    0    0    0    0   33   15    5    9   29    0   44   43    0   23    0    0    0    1   19    0   17    0   39    0   32    0   26    0    6   35    0   12   30   38    6    0   24    4   42    0    7    0   20    0    0    0    0    0   21   40   43    8    0   37   27    0    0    0   34    0    3    0   10   45   43   13    0    0  
   0    0    0    0    0    0    0    0    6    0   17   23   36    0    0    0   31   13   25    1   11   10    0    0   32   21    5    4    0   31    9   12    0   35    0    3   40   18    0    0    0   30    0    0    0   45    7    0   33   31    0   32   44   43   24    0    0    0    0    0   14   37    0    0    0   26   41    0   38    8   39    2    0    0   34   19    0    0    0   22   38   15   16    0   28    0   20   27    0    0    0    2   42    0   29    0    0    0    0    0  
  34    0    0    0   31    0    0   20   39   30   35    4   45    0    0    0   22   41    0    0   13    0   44    0    0   24    0    6    0    0    0    0   29    7    2    0    0   39   43    0    0    0    9    0    1    0    0    0    0   27   11    3    0    0    0   26    0    0   18    0    0   36    0   21    0   23   33   16    0   38   39    0    0   32   25    0   40   18    0    0    0   14   19    0    8   15    0   12   16    0   17    5    0   37   42    0    0   10   16   28  
  26    0    3    0   19    7   13    0    0    5    9    0    0   29   37    4   15    0    0    0   28   11    0   16    0    0    6   17   22    0    0    0    0   45   24   41    0   32   27   34    0    0    1    0    0    0   36   27    0    0    0   33   31    0   14    0    0    0    2   10    0   25   10   38   15   35    0    0   42   21    0    0    0   20    0    0    0    0   44   23   18    0    0   40    0    8    0   39    0    0    2   30    0    0   43   12    0    0   19    0  
  42    0   30    0   44    0    0    7   13   32   34    0    0    0    0    0   43    0   41    0    0    0   28   18   11   20    0   15   39   17   37   33   40    0   22    0    0    0    0    0   10    0    4    0    0    6    0   12   16    0    0   23   24    0   26    0    0   14    0    0   25    0    0    0   38    0   36    0    3    0    0    9   19    0   35    1   29    0   31   21    5    8    0    0   20   27    0    0    0    2   16    0    0   45    0    0   33   28    0   16  
   0    0    0    0   18   41    0   12   23   43    0   22    0    0   16   28   24    0    5    0   42   13   35    0    0    0   44    0   20   31    0   11    0   30    0    0    0   18   21   37    0    0    1    9    0   27    0   45    0    0   14    8    0    0    0   38    0   25   23    0    0   39    0   36    0    0   15   32   26   29   34    3    0    0   19    2    6    4    0    0    0    0   25   40   33   26   17    0    0    0    0   10   11    0    0    0    7    0    0    0  
   4    0    9    0    0   33   15    0   11    0   41    0   24    0   42   37    7    0   25    0    0    0    0   42    8    0    0    0   21   17    0   45    0   20    0   12    0    0   40    0    0   39   29   23    0    0    0   34    0    0   43    0    0    0   22    0   38    0    0   26    0    0   28    0   10   32   13   30    0   18    0   31    0   36   33    3    0   44   29   14   27    0    0   19    0   16    2    0    0    6    0    0   15    0    0    0    1    5   35   27  
  32    0   35   43    0   11    0    0   33    2   14    0    0   28   23   26   19    0    0   29    0   16    0    0    0   42    0   12    0    0   17    0    0   45   31   39    0    0    0    0   25   15   24   13    4   29    0   36    0   37    0    6    0   38   18    1    0   23    0    0    0   20   34    0    0    5    0    0    0    0   40    0   27    0   34    0   10    0    0    0    0    0    9    0   44    0    0    3    0    7   21   32   41    0    0    8   30   22    0   45  
   0   41   24   22    0   13    0    0    4    5   38   13   28   21    0    0   34    0    0    0   14   10    0   26   45   18    0    0    3    0   28    0   39    0    0    0    0    0   36   31    0    0    0   44    0    1   37    0    0    0    0   11    0    0    8   19   23    0    0   27    9   35   20   42   30   43    0    0   16    0    0    0   24    0   29    0   32   15   25   40    0    0    6    0    0    0    0   44    0    0   33    7   12    0    0    0    0   17    2   42  
   0   17    0    0   27   11    0    0    2    0    0   21   43   19   35    0    0   26   24    5    0   44   15   22    0   12    0    0   45   14    0    0   39   23    0   25   20   31   36   16   42    0    0    0   13    0    0    0    3    0    0    0   32    0   40    0    9   37    0   30   41    0    0   45   33    0    0    0   38    8    1    0   29    0    7    0    0    6    0   14    8    0    0   28   18   34    5    8    0   10    0    0    0    0    4    0    0    0    0    0  
  19    0    0    0    0   36    0    0   31    0    0   34    6   42   27    0    0    0   12    7    0    0    2   15    0   20   11    0   22    0   18   21   40    0   43   13   33    3   38    0   17   30    0    0    0    0    0    0   26    0   23   33    0    0   24   39   37    0    0    0   44    0   32    6    8   16    0   14    4    0    0    3   42    1    0   11    0    0    0    5    9    0   35   25    0    0   28   45   10    0    0   29    0    0    0    0    0    0    0   41  
  14    0   21    0    0    0    0    0   11    0    5   18    0    0    0    0    0    4    0   42   19    0   23   33    0   36    0   39   13    0   40    0   17    0    0   27   31    0   28   41    0    3    0   16   21    0   10    0    0    0   29   30   20    2    0    0    0   43    6    0    8   12    0   24    0    4    0    0    7    0    0   44   26    9    0    0    0    0   34    2   45   25    0    0    0    0    0    0   37    0   14    0   32   22   17   38   15   35    1    0  
   0   24    0    0   30    0   20    3    0   28    0    8   25    0    0   16   17   29    0    0    0    5   45    0   19    0   27   30    0   41    0    9   26   33   12    0   30   15    0   29    0    0    1   38   14    0    0    0    0    0   21   44    0    0    0    0   34   23   32   36    0    0   39   18    0    0    0    0    7   43    6   31   37    0    0    0    0    0    0   44    0    0    0    0   42    4    0    0    0   22   10    0    0   13   34    0   35   11   40    2  
   0   32    2    6    0    2    0   18    0    0   21    0    0    0    5   33    9   34   29   45    0    0    0   36    0    0    4   17   15    0    0    0   26    0   31    0   29   42   24   27   39    0    0   14   43    0   12    0   16   44    0    0   19    0   13    7    0    8    0    0    0    0    0   40    0    0    0   15   20   41   38   10   37    0    0   33    0    0    0    0   30   22    0   11    1    0    0   23    3   35    0    0    0    0   16   28   25    0    0    0  
  17   29   15    0    0   12    0   36    0    0    0    4    0   42   37   34   41    0   31    2    0    0   41   39    0    0   40    0    0   23    0   16   45   20   34    0   10    0    0    0    0    7   26   18    0    0    0   17   28    0   21   39    3    0    0    0   27    0   43    0    0   38    8    0    0    5   13    0    0    6    0    0    0    0    0    0   33   32   22    0   11    0   25    0    0    9    0   14    0    1    0    0   30   35   19    0   44   13    0   24  
   0    0   27    0    0   38    0   30   36   36    0    9    0   32    1   16    0    0    0    0    4    0    0    0    0    0   18    0   33    8   38    0   11    3    0   37   39   41   42   45    0   13   35   14   23   21    0    5    0    0    0    0   34    7   44   20    0    0    0   14    0   40    0    0   20    0    6    0    0   10    0    0   31   12   45   19   29    0    0   28    0    0    0    0   25    0   43   22   26   15   17    0    0   24    2    0    0    0    0    0  
  15   35   26   43   40    0   18    0   30    0   43   16   42    0   13    4    0    0    0    1   44   10    0    3   32    0   19    0   22    0   29    0    7    0   41   24    6   37    0   23    0   33   41   11    0   14    0    0    0   45    0    0    9    0    0    0    0   27    0   20   31    0    0   11    5    0   40   28    0   21    0    0    2   36    8    0   17    0    0    0   38    0   34   39    0    0    0   12    4    0    0    0    0    0    0    0    0    0    0   25  
   0    0   28   30   45    0   32   21   31    0    8   29    5   20    0   14    0    0    0   11   27    0    0   38    0   37    0    0    0    0   36    3    0   35   39    0    0    0    0   23   12    4   21    9    0    0   19    0    0    0    0   26   24    0   22   25   34    0   28    0    0    0    6    0    2   41    0   15    1   44   28    0    0    0   18   43    0    0   42   13   17    0   21    0    0   16    7    0    0   10   40   22    0   33    0    0    0    0    0    0  
   6    6    1   42   33   20    0    0    0    0    0   28   35    0    0   30    0    0   17    0    0   10    0    0    0    0    7    0    0   15    0    0    0   19   25   38   21   36   18   34    0   37   32    0    0    0   29   12    0    0   11    0    0   31    0    0   16   43   24    0   22    8    0   45   12   13   14    0    5    0    0   23    0    0    2    3    0    9    0   41    0    0   44    0    0   39    0   27   26    0    7    0    0    4    0    0   37   40   31    0  ] 
BUDGETS : [    1    1    4    6   11   13   17   20   20   24   29   32   35   36   37   38   39   40   41   43   45   48   48   50   53   56   62   68   72   72   73   74   75   76   76   78   79   81   86   96   97   97   98  100  100  102  102  103  103  104  107  107  110  114  114  115  116  117  117  118  119  120  120  125  126  127  136  137  141  142  143  144  145  145  145  146  147  149  150  152  154  155  155  160  161  162  163  163  165  166  170  174  186  186  187  189  190  192  194  196  ] 
