K : 50
I : 25
PREFERENCES : [   16   22    3   12    1    4   14   20   21   17    7    9   19   18    2   18   10    8    6    5    1   13   11    1   15  
  20   15   11    6   12    5   19   22   16    7   17   13   21    3    9    1   10    4   18    2   14    5   18   18    8  
   3   21    6   13   17   22    5    8   20    7   17   16   11   18   22   15    1   12   22    2   10    4   19   14    9  
   6   22    9   21   16    3    8    1   18    5    2   17   15   20    6    5    4   11   12   13   19   14   10    7   16  
   8   11   10   11   13    4    2   12    5   17   16    6   20   11    1    9   15   19    7   14   22    3   21   13   18  
   7   19   13    4    2   11   19   22   14   15   12   20    6   18    5   17    3    1   16    2    8    9   21   10    2  
  18   10   21    5    4   20   10   14    2   15    7   17   11   12    9    6   16    8    7    1   22    7    3   13   19  
  22   18   15    9   14    2    1   20   15    4   16    6   11   11    7   10    3   12    5    8   21   17   19   13    6  
   4   21   13   22    3   12    6   17    9   11   19   21    2    1    5   15   20    9    7   12   14    8   18   10   16  
  19   10    1   18    1   15    3   21    7    8    2   13    4   22    9   14   11   16   20   16    5    9   12    6   17  
  21   20    6   18    9   15   10   14   22    1   17   20   13    7    4   12    2   12    8   19   16   11    5    3   18  
   1    8   22   18   20   19   17   20   21    9   16   13   21   19    4    5   12   10   11    2   14   15    6    3    7  
   1   16    4    5   12   18   17   14    6   21   10    7   13   20   19    1   15    8   21   22    3   17    2   11    9  
   9    2   11    7   17   13   10    1    3    8    4   20   22   18   16   21    6    8   19   14   14   12    5    9   15  
  16   10    4   16    8   20   19    7   14    2   22    1   13    9   15    5   12   21    9    7    6   11   18    3   17  
  22    4   11   19    2    4    6   17   14   13    3   10    1    5   15    7   12   14    8    9   16   18   17   21   20  
  19    7    4    9   18   12    5    4   11   17    5    6    3   20   15   16   22   21   10    2    1   13   17    8   14  
  11   14    7   17    5    1   18    6    4   21    8   19   22   12   22    2   10   20    1    1    3    9   13   15   16  
  14    6    1    5   22   15    4   12   21   20   21   10   22    2    3   17   13   18    7    9    8   19   16   11   11  
   8   18    4    3   15    5   14   17   22   13   12   10   14   11   21    6    9   20    4   19    1    7   10    2   16  
   3   13   16   18   21    9    2    1    8   11   14    6   22   17   20    7   19   12   10    7    5    4    8   11   15  
  18   12    1   14   16   15    5   21   11    8    6   22   13    9    4    7    2   12   17    8   19   20    3   10   14  
  19    4   22    6   18   17    2    8   21    9    1   19   13   16   20   21   12    5   15   19    7   10   14   11    3  
   1    8    5   10   15   19   13    8   17   20    2   12    4    4   16   10    3    9   22    7   21   14   11    6   18  
  12    9    8   17   13    7   14   19   20    6   16    3   18   21   20   10   20   11    2    5   14    4    1   22   15  
   1    2   16   21   22   19    4    3   13   20   10    7   14    5    6   14   12   17   17    8   18   15   14    9   11  
  20   12    1    6   16   11   15    3    7   10   18   17    9    3   19    8    5   22    4   13    9   21   14    2    9  
  21    4   16   17   20   13    8   19   16    9    2   14   22    5   11   15   12    3    7   15    7    6   18   10    1  
   2   16    1   15   17   21    3   19   14    6   12    9   19   19    3    4    7   22   18    5   20   11    8   13   10  
   1    3   11    7   17   14   12    2   19    8   18   12   21   20   15   15    5   10    9   13    6   18   16    4   22  
   7   20   16   21   11   14    7    4   19   12    5    8   17   10    2    1   15   22   18    9    6    4   13   21    3  
   2   11   21   12   16    3   10    5   13   20   15   14    9    7   22   22   18    6   22    8   10    4   19   17    1  
  15    7   11   21   18    5   19    3   13   16    4   22    8   17   22    9   10   12    6    2   10    1   20   14    2  
   5   22   14   15    3   14    1   20   16    2   19   13    4   10   18    9   12    8   11    6   12   17    7   21   19  
  19   15   13   14   18    6    8   22    4    1    2   16   20   17   19    5    9   21   15    3    9   10    7   11   12  
  17    3    2    6   21   20    9    8   16   15   10   11    7   12    4   14    5   18   13   19    1   22   11    8   20  
  18   17   14   11   13   21   12    5    7   10   22    4   15    8    8   20    2   13    1    9   19    6    8   16    3  
  17    8   16   18    2    4   14    1    3   21   11   19   13   21   21   15   20    8    5   12   10   22    9    7    6  
   8    3   13    1   16   11    6   15   16    2    5    4   22   21    7   14   20   16   19   17   10   18   12    9    9  
   4   10    9    6   20   14   17   11   16   13    5    7   12    1   17   22   12   18   21    2   15    8   19    7    3  
   1   19    7   18    2    4    3   13   15   21    3    6   20   16   12    3   20   22   17   10    8   11   14    9    5  
  18   19    3   13   14   17   14   10    8    1   12   12   16   11    9    7   21   20   15    2    6    5    4   22   13  
  11   12   16    6    3   19   13    4    5   17   20   14   13    9   21    8    9    7    1    2   10   15   22   18   13  
  22    7   16   13   22   10   11    1    6    3   15    2    4   21   16    4   12   17   14   20    9   19    5    8   18  
  17   11    9   12    6   19   14   20    7   13   21    2    4   16   15   19   18    3   13   10    1    5   12    8   22  
  19   15    4    9   11   14    5   12    5   18   17    1    2   10   20    5    3   21    8    6   13   22   16    7    8  
  13    2    4   14   12    7   20    6    7    8   17   20    9   22    5   19   18   10   15    1   21   11   16    3   12  
  21    4   14   13    9    6    1    8   18    2   12   11   22   16   19   14   20   10    2    7   17   15    6    5    3  
   1   16    5    4   21   22   11   19    9    2    3   14   15   14    7    8   20    6   10   18   16   13   17   12    5  
   7    8   18    1   16   10   20   19   13   11   21    6    5    9    4   14    3   22   14   17   15   20   17   12    2  ] 
BUDGETS : [    1    5    8    8    9   10   11   11   12   15   23   24   25   26   31   32   33   33   33   33   36   37   41   50   50   51   54   56   57   59   61   62   65   66   68   69   72   74   75   77   83   85   92   95   95   96   96   98   98  100  ] 
