K : 100
I : 100
PREFERENCES : [   55    3   27   14   71   86   74   17   29   60   36   42   28   77   76   38   87   35   72   88   37   93   94   40   80   63   77   82   85   53   33   13   43   48    2   91    7   19   92   81   31   75   69   13   54   30   21   45   12   65   25   18   70    1   20   64   46   52   68   41    8   49   27   16   44   59   89   10   90   66   24   51   50   11   57   47   23   39   62    4   15    6   83   73   49   84   61   26   58   34   22   32   67   78   79   95    9    5   56   11  
  72   11   51    9   56   67   58   53   66   45   22   27   70   15   83   75   89   77   16   49   36   62   84   88   20   90    5   76   44   68    1   61   82    7   31   50   57   92   40    3    8   41   18   48   34   84   91   42   32   87   85   23   55   64   50   95    2   26   46    4   83   81   60   12    6   93   28   43   47   69   86   80   63   54   95   19   33   59   37   45   17   25   65   74   38   39   29   71   73   94   24   30   21   79   78   35   10   13   14   52  
  91   92   65   10   82   17   26   59   58   37   34   75   44   60   25   77    9   20   15   69   89   71   50   42   28   64   83   40   11   33   55   85   27   12   43   87   86   23   16   79   32   66   73   94   29   56   80   49   61    3   13   24   12   36   76   18   51   62   84   53    7   78    8   31   50   47   93   74   45   14   52    9   41   52   48   30   46   54   66   57   95    6   70    4   63   22   38   21    2   68   81   88    1    5   35   90   67   72   19   39  
  37   20   24   47   45   62   54   92   76   55   23   13    1   65    6   94   30   10   47   41    2   43   71   61   73   81   11   35   21   31   32   53   44   66   49   57   67    9   33   34   84   72   25   64   85    7   69   51   95   17   75   27   28   40   46   60   58   18    8   79   89   12   50   83   16   78   21   31   39   36   26   70   82   87    3   93   15   74   88   29   86   55   48   59   19   77   52   38   42   14   63   22   90   52   80   56    4   68   91    5  
  94   23   87   27   64   73   90    3   10   23   91   70   34   12   16   15   84    9   43   28   65   33   25   31    5   22   48   37   59   89   78   14   21   45   69    1    8   53   49   11   61   46   77   82   29   42   62   63   24   60   30    7   83   56   68   32   76   74   66   55   47   56   75   40   34   95   72   26   67   81    6   35   88   18   57   36   86   13    2   71   14   58   19   79   92   38   20   39   54   41   13   52   50    4   51   44   93   17   85   80  
  86   11   82   79   85   37   74   70   43   30    9   65   24   23   89   75    7   69    8   10   33   14   32   55   77   47   61   59   91   36   50   13   20   78   88   19   55   73   22   35    6   46   29   44   41    1   17   67   72   62   51   38   40   64   71   12   83   18    4   39   52   56   45   60   80   15   54    5   18   31   68   42   84   63   27   87   48   65   95   93   13   81   90   28   58   49    3   26   16   92   53    8   34    2   25   66   76   21   94   57  
  79   14   51   88   89    2   58    7   80   86   35   43   38   87   48   39   15   19   75   46   30   34   45   22   91   29   71   26   64   24   70   52   32   37   76   61    5    6   49   41   36   84   72   72   57   17   83   94   62   68   81   47    8   52    3   33   60   53   16   82   90    4   95   77   36   93   78   42   28   55   54   10   56   44   59   11   31   20   53   69   13   40   50   21   27    9   65    1   67   73   18   12   63   92   85   25   23   36   66   74  
  76   70   94   67   66   53   16   33   12   78   50   51   89    7   82   28   84   11   65   30   69   44   87   61   93   62   56   92   55   42   14   73   20    9   36   22   74    2   90   95   50   64   49   60   83   75   91   10    3   19   54   59   15   39   45    4   41   26   34   71    8   17   38   63   21   25   18    6   66   46   29   27   79   85   31   72   13   24   58   48   17   52   40   11   80   23   57   32    1   37   47   77   43   39   68    5   86   81   88   35  
  52   28   79   37   27   77   71   11   66   48   42   75   58   19   50   44   29   21   31   56   83   22   91    4   62   13   72   68   36   78    2   34   82   87   15   18   84   94    1   65   38   23   89   61   26   51   45   90   73   46   64   55   85   60   93   41   33   12   53   16   67   59    3   28   54   43   81   10   14   86   20    6   88    8   35   24   57   40   49   15   47   32   95   30   80    9   78   69   39   74   70    7   25   17   60   63   15    5   76   92  
   7   95   27   15   90   32    1   58   19   69   86   40   85   47   91   41   36   68   82   67   53   21   49   95   10   84    6   51    3   75    4   29   70   83   16   73   57   35   24   25   79   81   54   45    5   38   65   33   50   18   11    2   30   71   80   77   20   13   63   17   26   39   31   52   89   92   48   44   66   45   94   37   62   78   22   55   88   72   23   35   28    8   76   12   60   61   51   14   46   42   74   93   56   34    9   43   59    1   87   64  
  94    4   41   43   93   49   61   20   13   23   64   38   42   32   54   69   19   15    7   28   36   51   33   87   80   27   29   63    9   18   62   40   45   70   91   21   71    1   77   56   47   48   74   34   78   84   35   55   57   63   65    6   83   24   44   60   12   62   88   75   37   85   72   81   82   95   26   22   52   58   59   31   66   30   14   79    2   50   10   68   86   46   91   25    8   17   90    5    3   46   89   16   39   11   67   92   92   76   53   73  
   9   82   42   54   92   29   15   23   37   45   46   30   39   44    3   19   16   56   28   84   69    5   65    2   41   58   10   67   10   86   85   37   13   87    8   38   61   81   70   73   43    1   27   80   24   50   94   59   72   36   31   32   21   34   13   74   35   75   83   30    4   18   64   60   48   66   12   77   78   93   17   62   25   71   88    6   51   33    7   22   79   55   49   89   40   91   76   26   14   53   20   95   52   11   90   57   30   47   63   68  
  19   30   43    3   22   90   83   53   16   20   39   55   86   21   91   60   93   73   61   26   47   75   37   67   36    2   59   27   51   49   14   18   23    1   76   64    7   34    5   71   42   40   58   52   94   15   66   46   63   74   31   89   32   17   44   48   69   57   30   12   13   25   24   86   53   11   41   79   62    4    6   50   80   92   83   72   50   65   35   70   95   56    8   45   78   38   28   88    9   84   85   77   82   54   10   81   33   87   68   29  
  34   83   57   10   29   16   40   28   94   71   27   61   36   70   59   67   48   18   11    8    2   43   56   95   87    4   44   23   37    3    1    6   51   25   17   54   39   76   14   68   91   92   81   58   12    9   45   69   52   22   89   64   19    5   63   55   69   46   85   75    7   50   73   24   33   82   60   88   84   80   32   66   38   26   18   49   21   42   86   65   93   19   77   15   20   79   47   30   35    9   72   74   90    1   41   53   78   62   31   13  
  67   67   18   52   90   33   12   21   30   10   15   45    3   27   86   11   36   28   62   68    2   56   92   44   35   22   53   88   14    1   42   76   64   34   91    9   80   69   39   93   43   55   54   94   78   20   49   26   29   81    6    4   50   61   84   87   59   79   75   58   48   32   89   83   82    5   57   70   38   41   77   80   57   24   23   46   13    5   73   19   49   37   72    7   47   40   71   74   25   85   17   65    8   16   95   31   51   66   60   63  
  48   11   43   52   64   38   42   34    4    7   94   23   93   71   10   74    9   73   45   12   90    6    3   91   68   25   21   62   24   81   17   36   31   56   30    1   70   46   50   35    2   39   28   49    8   54   63   59   53   75   27   58   86   49   95   79   51   32   87   89   61   76   88   78   82   37   15   72   80    5   67   41   16   47   14   29   83   77   60   40    3   20   85   94   13   18   33   37   57   22   66   65   92   62   55   84   44   69   19   26  
  46   38   28   54   44   43   17   67    4   73   49   36    3   30   14   79   80   87   95   48   34   66   93   53   39   76   27   33   57   31   85   21   16    6   19   94   45    9   13   22   65   37    1    7   81   86   26   15   49   64   35   88   90   55   56   51   22   59   59   71   20   74    5   89   12   25   78   41    8   29   42   18   24   69   92   50   62   68    2   30   63   23   72   77   47   91   75   11   83   61   56   70   32   84   60   58   10   40   52   82  
  71   36   24   22   84   80   29   87    7   94   45   89   10   43   30   79   48   51   34   12   33   67   93   61   88   68    5   14   38   12   19   40   57   47   92   58   26   15   83    9   31   20   13   32   66   28   60   27   49    8   74   35   23   25   21   42   76    2   75   70    4   37   67   54   18   86   59   82   62   56   63   85   72   41   49   50   11   17   91    1   53   55   73   90   52   69    3   53   93   81    6   64   65   77   16   46   95   44   39   78  
  37   55   11   78   26   67   79   93   38   52   74   70   61   92   88   42   30   91   29   36   25    3    8    6   31   40   22   60   16   59    5   24   87   34   89   68    4   76   75   53   23    2   62   44   90    1   51   19   56   28   81   84   49   54   45   94   85   75   14   86    3   65   21   80   41   73   58   17    7   77   82   66   35   33   64   69   12   63   16   13   51   57   90   43   50   83   72    9   15   39   46   10   95   20   32   47   18   27   48   71  
  50   26   23   33   94   52   53   91   24   43   80   45   77   60   25   55    8    1   28   78   75    7   93   34   29   79   89   56    2   76   48   11   12   41   37   10   16   31   73   36    5   61   17   71   85    3   53   13    1   22   49   40   40   30   14   51   86   35   69   68   39   21   91   27   83   59   62   32   38   47   82   74   18   19   64    4   90   42   52   66   15   63   57   88   95   54   72   81   92   65   67   84   70    6   20    9   58   44   87   46  
  31   15   37   82    9   41   26    4   55   45   36   70   44   94   28   81   13   12   20   84   60   80   22   57   34   67   95   68   16   38   85   92   14   23   63   46   59   78   19   53   18   32   47   11    6   13   27   51   77   69   74   58   87   76   29   33   71   25   88   61   48    8   86   49   79   30   93   75   21   43   91   40   83   65   56   52    2    1   73   41   35   42   28   50   66   60   24   39   89   54   62    5   60   90    3   64   10   17    7   72  
   4   45   15    8   36   89   72   82   13   67   65   91   27   23   30   22   88   69   48   63   75   28   87   83   70   90   43    1   49    7   74   26   73   61   93   44   34   94   21   95   51   11   66   58   76   81   47   20   78   31   39   87   41   35   24   19   16   10   86    5   59   57   38   80   95   33    2   63   79   77   46   64   18    5   56   29   37   55   50   32   62    3    9   17   68    6   40   60   71   52   85   42   14   53   54   84   92   12   25   47  
  26   42   56   68   65   10   59   74   90   13   19   28   87   44   63   86   21   53   82   62   71   22   45   78   16   47    5   94   35   29   67   17   31   41   77   55   15   92   51   25   43   88   57   84   60   23   11   39   58   62   24    7   83   72   32   50   93   81   85   79   66   75   14   30   52   12   37   89   73   46    2   47   95   77    1    3   18   34    6   61   33   54   76   38   27   40   64    4    8   91   48    9   48   36   69   49   70   69   80   20  
   8   48    9   72   65   86   82   91   11   24   89   33   60   13   37    2   23   71   31   59   36   12   54   45   75   22   64    1   77   69   70   14   35   93   84   90   74   78   49   61    6   16   39   29   50   95   83   10   85   73   66   94   94   44   67   55   51   52   34   76   92   30   21   18   87   27   41   57    5   25   58   68   88   72   81   47   20   38   63   39   80    3   69   15   40    7    4   26   43   44   19   17   42   56   28   32   79   62   53   46  
  24   53   74   75   40   35   45   66   54   21   41   85   68    3   50   81   38   83    5   19    9   23   72   86   87   48   58   34   11   62   71   89   61   92   91   39    6    5   28   18   52   14   83   88   59   95   56    2   66   42   76   27    8   43   55   44   65   13   49   93   69   15   19   73   94   31   63    4   10   64   46   32   29   12   67   79   22   78   80   60   57   33   51   20   36   84   70   26   17    1    6   82   90   47    7   16   37   25   77   30  
  65   87   93   71   51   27   74   21   19   68   11   21   80   54   62   81   72   39   77   16    8   84   10   32   62   90   93   43   29   79   17   38   60   50   67   70   25   41   22   82   68   40   30   28   44   88   59   64   61    3   24   36   76   69   58   91   37   78   86   46   26   32   53   14   85   52   23   73   35   48   92   31   83   56   45   89   57   33   15   12    9   47    7   42    5   95   63    6    1   55   94   34   13   20   75    2   49    4   66   18  
  13   71   53   33   21   90   39   86   63   91   92    9   43   90   25   40    1   68   82   81   59   45   31   78   61   87    7   41   80   57   67   37   49   62    3   22   69   27   10   65   46   30   75   15    2   58   94   36   55   93   77   56   84   70   14   11   23   83   51   38   44   47   34   20   48   66   28   55   85    4   44   12   16   52   54   74   42   24   29   89   73    6    5   18   72   35   88   76   32   60   79    8   26   64   51   19   95   60   50   17  
   1   53   34   16   88    3   81   18   66   62   92   84    6   80   17   31   94   51   44   95   69   47   29   89   63   83   19   93   67   11   65   77    2   78   93   38   22   48   21   90    8   71   75   39   24   91   54   49   46    9   85   10   40   11   60   82   73   76   29   42    5   70   74   36   12   37   20   43   45   57   14   30   55   72   32   33   68   61   52   59   78   87   79   15   64   25    7   23   80   13   28   27   56   86    4   50   26   41   35   58  
  49   75   80   30   71   81   87   92   89   76   25   62   73   73   47    5   61   54   94   10   77   63   68   67   42   53   70   57   33   82   19   44   17   88   86    8   84    9   28   46   64   18   84   58   20   31   22   23    2   52   93   35   74   39   12    1   32   65   16   26   37   56   91   48    4   15   47   41   79   21   66    6   83   55   32   27   36   11   72    7    1   34   78   43   38   60   45   29   90   51   40   24    3   59   50   14   69   13   85   95  
  44   91   59   73   51   71   31   55   69   57   18    7   37   47   17   53   23   54   36   68    3   20   80   12   89   22   93   42   76   46   62    1   67   64   83   87   29    5   56   30   27   77   49    2   70   33   82   50   67   15   86    6   13   90   41    7   35   40   72   81   25   61   10   39   94   84   75    9   63   85   19   28   58   45   21   28   79   18   24    8   14   38   95   32   66   60   88   48   28    4   65   34   78   43   11   52   74   92   26   16  
  19   76   91   26   81   27   11   15   48   37   30   35   68   77   21   66   62    7   20   16   80   89   40   84   57   33   23   47   54   32   14   41   33   38   13   56   82   12   45    5   49   94   46   69   24   51   86   75   64   65   17   71   90   22   64   88   85   63   50   72   63   92   39   59   79    2   58   93   36   53    6   29   44   25   10    1   55   18   50    9   34   70    8   83   95   43    4    3   60   28   73   74   67   14   52   87   78   61   42   31  
  10   41   71   23   58   28   90   39   89   69   82    8   50   66    1   18   60   46   17   79   72   57    2   14   83   56   42   21   36   67   49    7   91   77   86   61   55   25   76   48   84   64   53    9   22   32   68   38   43   13   81   70   47   44   62    3   40   85   55   12   37   54   26   24    6   95    5   52   80   88   10   75   39   19   16   92   59   93   11   23   74   65   73   27   33   30   29   15   35   78   87   94   34   63   31   24   45   51   20    4  
  34   15    5   56   60   44   20   88   87   45   51   82   81   94   92   95    9   71   86   64   91   21   13   14   92   26   61   75   83    6   90   22   39   12   57   89   52   29   62   16   17   93   33   43    1   11   66   38   19   42    2   65   50   14   54   36   32    7   61   70    8   35   25   53   24   23   68   72   59   63   74   55   49   67   48   87   31   58   40   76   10   77   27   28   41   46   79    4   18   80    3   69   47   73   78   85   84   30   49   37  
  71    6   81   91   27   17    7   77   85   60   43   57   70   44   15   36    9    4   38   49   78   63   22   32   88   69   23   28   94   30   73   19   53   90   59   37   80   89   65    8   84   30   58   39   66   52   16   68   12    5   24   54   20   14   50   64   56   42   40   75   87   79   64   86   61   26   62   10   55   82   83   20   13   41   11   45   31    2   21    3   47   32   35   72    1   76   18   33   95   29   51   25   74   93   32   67   48   92   34   46  
  82   63   15   17   12   86   85   73   32    4   14   13   23   44   35   39   41   36   93   34   42   81   57   16   94   24   21   54   37   31   10   71    3   50   58   48   61   72   88   91    5   64   67    6   56   53   19   74   55   77   11   30   49   80   87   83   66   13   92   22   95   52   62   38   47   25    9   69   56   43   91   79   78   89   90   51   45   27   18    8   60   76   28   71   75   84   20   65   48   26   70    1   40    7   29    2   68   46   33   59  
  80   79   48   59   77   39    7   27   57   18   34   89   92   31   64   12   79   22   46   36   55   15   90   58   61   72   67   93   74    1   69   75   65   87   26   38   42    4    9   13   94   76   56   84   11   54    8   40   49   79   62   35   30   24   23   83    5   82   33   14   25   91   52   41   63   95   50   43   71   85   32   66   86    8    3   17   81   53   44   47   19   16   37   20   78   10   28   68   29   21   70    6   51    2   20   45   37   88   73   60  
  84   63   27   29   18   72   64   67   21   55   11    2   62   49   22   23   66   60   93   13   51   76   19   58   95    1   50   94   26   91    8   80   57   38   52   12   86   16   65   73   15   59   39   39   53   79   71   30   69   90   41   85   62   75    4   42   89   87   81   32   78   33   17   56   74   34   83   10   45   68   48   14   14    6    9   31   43   25   37    5   35   44    3   40   54   28   61   77   20   88   70   36   46   47   95    7   92    4   24   82  
  61   64   21   71   40    3   85   93   37   77   73   18   89    8   17   10   27   62   63   34   59   95   36   11   23   43   80   91   84   88   81   69   90    4   19   40   42   41   50   94   16   22   45   14   76   53   31   87   25    5   45   66   24   44    2   26   68   38   30   72   60   49   54    1   35   51    6   39   75   12   74   56   33   78   67   13   52   47   15   70   92   57   65   86    9   82   41   83   79   32    7   20   14   55   28   39   46   48   29   58  
  65    7   50   14   89   52   75   76   24   93   51   41   91   83    1   36   28   87   85   67   94   42   21   39   40   26   66   13   44   33   27   34   11   84   71   95   29   31   58    5   73   86   19   56   82   38   16   70   90   92    9   48    3   62   37   35   53   23   43   81   57   50   69   78   22   64   32   80   63   88   18   79   17    4   61   30   25   15   20   74   45   12   68   46   59   41   72   77   10   51    2   49   69    8   60    6   85   47   54   55  
  32   63   45   55   47   44   28   73   79   10   34   14   15   53   37   57   94   83   89   24   90    5   33   51    7   19   71   88    1   82   39   48   64   81   52   22   11   30   21   84   38    4   33   74   18   17   56   31    9   93   40   92   78    3    8   68   86   20   46   42   58   25   95   87   76   66   77   67   27   85   50   41   69   35   36   61   29   60   91    6   43   65    7   23   80   49   26   54   12   56   72   59   62    2   75   87   72   16   13   70  
  46   33   70   13   16   66   80   52   94   95   27   17   48   75   11   31   91   15   53   85    8   22   55   89   68   14   79   24   69   87   40   37   82   77   67   42   59   44   73   26   43   39   25    4   50   58   12   76   90   19    6   41   56   29   60   92   64   51   20    7   10   48   23    1   72   49   78   63   26   49    9   54   18   68   86   21   36   28   57   47   32   38    2   35   81    5   45   74   61   65   34   30   53   88   93    3   71   84   83   62  
  51   61   53   28   62   91   79   57   84   32   13   93   29   95   16   18   60   90   70   21   66   88   45    3   48   39   43   65   64   34   52   58    2   35   11   20    5   33   83    9    8   80   59   23   67   74   25   87   37    4   73   90   63   40   82   55   12   69   14   24   68   31   36    7   93    1   75   77   42   71   46   67   49   94   17   22   89   10   92   38   43   19    6   81   59   26   78   47   41   30   72   15   44   85   86   27   50   76   56   54  
  94   26   22   12   36    4   54   82   65   54   46   45    9   90   86    8   89   47   35   70   90   32   56    6   14   48   37   10   66   88    5   91   24   17   29   77   39   11   42   62   82   76   57   33   79   72   93   49   18   41   21   67   40   16    2   19   52   51   80   30   38   95   69   87   23   84   20   31   81   44   15   83   58    3   53   34   50   78   59   74   11   27   61   62   13   25   85   64   55   71   92   75   68    1    7   63   60   28   73   43  
  61   63   10   74   14    9   88   53   24   44   87   21   26   27   33    7   56   74   89   30   32   51   78   45   68   28   72   17   47    6   23   43   92   12   67    2   52   80   22   86   66   18   54   20   35   81   85   93   19   59    1   50   36   91   58   13   12   39   48   79   16   76   95   60   83   37   51   25    4   15   41   49   62   75   82   40    3   39   84   95   73   90   64   31   71    8   65   29   57    5   11   77   34   55   70   94   38   42   69   46  
  64   31   45   57    3   15   49   39   21   89   73   17   54   35   95   68   30   18   88   41   91   93   18   52   60   78   67    1   75   25   10   90   85   44   48   62   51   90   66    4   77   29   80    9   11   12   50   24   47   38   28   23   58    5   36   26   16   55   32   56   82   73   61   37   13   19   87    6    2    7   79   22   74   53   77   34   59   27   63   20   94   40   33   81   83   70   69   76   14   92   86   72   84   10   65   42   43   71   46    8  
  34    9   62   43   83   58   47   63   24   70   78   84   91   77   51   32   92   71   19   41   80   25   20   49   15   11    1   66   10   81   72   12   39   79   56   69   42   54   55   59   94   84   50   74   86    6   67   86   16   88   52   93   64   61   23   87   57   17   26    2   61   28   45   35   60   82   53   58   22    8   65    3   89   33    5   36   75   44   90   38   18   13   21   73   30   40   14   27    4   37   76   46   68    7   95   48   85   31   56   29  
   9   60   39   48   29   21   51   58   81   15    4   70   14   22    2   65   53   10   76   44   23   32   27   77   71   57    8   87   25    7   20   19   89   54   74   16    6   56   37   23   37   50   72   17   69   68   85   94   80   61    3   92   63    5   34   78   13   41   83   64   28   12   26   62   30   11   36   55   73   43    7   67   40   93   90   35   95   95   79   91   31   18   88   86   45   82   42    1   52   95   24   49   47   66   59   84   38   75   33   46  
  50   48    6   16   12   27    3   51   55   25   45   77   84   85   40   54   72   29   10    2   62   17   95   38   57   44   43   20   46   21    9   69   60   24   49   61    7   41   47   23   33   78   74   18   11    5   75   68   87   83   26   71   79   88   42   94   13   39   91   14   52   58   67   80   81   31    4   53   73   34   92   66   86   76   82   30   89   95   35   63   93   65   20   37   87   36   90   70   28   56   23    8   32   59   19   22   64    1   72   15  
  74   75   28   30   31   82   64   31   93   26    9   29    4   49   59   48   20   12   47   58   91   56   26    7   14   66    5   90   63   25   94   11   79   76   36   73   33   35   17   65   88   54   72   84   87   11    6   13   78   16   89   32   77   49   70   68   15   57   67   85   22   27   69   37   45   38   53   55   39   81    1    8   52    3   50   46   19   24   60   42   61   80   23   34   71   18   92   21   44    2   83   95   51    1   43   41   86   10   62   40  
  54   35   76    9   38   32   64   17   51   55   42   13   79   87   41   89   11   72   18   26   14   22   19   63   66   46   65   20   45    2   83   92   88   44   29   52   78   49   75   61   25   93    1   34   91   94    5   31   12   71   61   58   95   30   37    1   82   36    6   73   29   80   54   23   43   59   48   70   90   21   56   74    7   77   39   27   47   50   57   60   10   28   62   69   53   40    8   24   68   33   16   15   84    4    3   94   81   67   86   85  
  15   70   11   12   87   16   42   48   92   31   30   76   89   32   52   73    8   33   69   82   81   24   38   56   71    7   23    1   77   79   57   28   21   84    3   80   64   45   93   85   29    6   49   94   65   89   18   72   34   86   75   42   17   51   67   32   41   54   63   46   37   20   55   22   64   53   78   68   44    5   62   14   50   58   40   76   10    2   27    9   26   35   90   66   83   59   60   36   19   25   91   61    4   74   95   13   47   39   88   43  
  64   36   44   22   19   40   89   76   79   25   13   12    4   47   57   61   39   77   91    9   41   50   16   35   90   68   27   28   93   17   75   70    1   65   71   31   26   81   10   27   18    4   38   59   94   66    3   46    8   34   63   92   56   80   30    2    7   84   67   49   53   42   20   36   32   60   95   87   29   82   11   24   85   46   23   72    5   52   69   48   54   33   14   27   15   58   55   83   21   43   62   73   86   37   74   51    6   45   88   78  
  56   58   81   57   48   76   19   18   25   46   59   88   44    7   89    1   21   32   77   14   60    4   92   67   83   45   26   79   35   86    9   84   40   43   91   80   82   69   53   54   70   23    8   52   66   55   91   63   51   30   87   74   17   58   53   24   34   71    2   16   42   10   95   72   15    3   93   37   28   85   33   68   38   31   61   90    6   13    9   11   29   78   36    5   20   73   27   13   39   22   47   50   64   94   62   65   49   75   41   12  
  52   36   41   63   20   88   47    9    8   55   61   66   34   84   37   32   46   53   53   28    6   60   18   26   48   17   76   61   23   81   12   23   91   19   65   30   59   92   73   21   50   64   35    1   56    4   31   62   25   42   61   22   72   29    7   51   85   69   54   94   57   79   24   33   27    2   70   13   15   43   58   77   39   16   90   11   49   45   89   78   74   75   16   38   87   40   80   67   95   71   83   93   44   14    5   82   86   10    3   68  
  56   44   94   79   89   56   13   41   47   73   37   25   48   81   34   17   45   51    1   27   69   76    6   82   62   28   70   78   71    4   31   40   58   43   63   74   64   65   21   72   91   30   55   50   92    2   38   12   61    8   33    3    7   86   29   57   75   68   42   36   84   16   55   88   35   54   20   83    9   52   14   22    3   39   10   59   32   80   49   19   15   66   11   90   93   26   23   85   87   24   95   23   60   53    5   77   55   46   67   18  
  52   18   82   69   26   20   40   35   32   48   72   77   86   11   38    7   45   43   32   67   91   80   88   64   74   51   75   71   46   34   62   13   78   85   53   70   17   23   19    8   33   25   60   36   30   47    5   37    2    3   87   58    1   92   16    4   41   28   84   10   65   66   50   55   81   83   21   22   93   95   32   27   79   94   29    9   57   89   56   49   76   61   24   54   63   90   59   68   73   39   12   15   44   62   14   31   46    6   42   15  
  24   10   43   16   80   15   39   42   88   12   53   49   27   33   45   41   40   79   48   84   76   50   85   60   36    1   62   44   35   52   14   21   83   75   17   67   46   90   57    4   73   20   19   54   59   81   77   82   11   29   28   94   56    6   51   64    7   58   34   89   71   30   13   48   47   92   38   86   95   68   22   61    3    2   70   37    5   26   65   78   32   31   68   41   55   72   78    9   23   69   95   91   93   63   74   25    8   66   87   18  
  60   26   62   84   20   69   38   93   59   94   32   17   71   88   77   74   28   57   45   14   30   12    3   66   19   86   54   63   87   43   15   39    9   35   24   16   41   31   72    5   56   78    8    7   58   55   64   21   19   67   44   65   22   91   13   47   90   34    1   76    6   66   52   81   18   79   73   92   36   75   25   68   50   46   47   11   48   10   49   40   33   42   95   29   61   80   23   37   53   83   70   66   60   27    2   51   89   82   85    4  
  13   35   24   68   55    6   60   78   38   27   87   20   62   31    5   46   16   53   41   73   67   10    3   77    4    9   52   26   91   74   19   64   15   47   45   80   82   22   71   89   57   85   75   81   59   58   32   37   34   48   84   61   63    8   92   25   94   66   23   29   39   12   32   88   90    1   49   69   86   93   11   40   65   14   56   42   33   95   72    4   70   21   36   17    7   24   18   44   51   79   43   76   83   50   24   30   28   54    2    2  
  20   52   75   36   19   53   88    7   25   61   46   10   57   68   27    8   45    9   70   82   58   39   54   69    2   59   26   15   12   90   64   65   37   71   77   92   47   49   22   35    1   14   80   13   21   33   77   73   60   24   50   79    3   94   76   84   24   51   18   23   89   91   40   41   29   38   11   72   17   67   83   95   42    6   74    5   28   88   16   55    4   34   66   63   80   32   59   43   86   62   81   85   87   93   78   48   56   31   30   44  
  49   73   86   65   95   80   23   78   42   90   13    1   28   61   56   14   82   33   46   11   19   43   75   51    7   68   58   30   21   48   69   60   91   84   44   31   79   54   17    2   62   55   15   41   71   76   18    8   25   94   52   53   26   38   63   13   22   35   36   89   91   74   45   87   16   81    6    9   77    4   29   64   59   47   56   20   12   32   92   50   70   37   24   39   57   40    3   83   67   66   72   15   34   93   85   27    5   88   10   70  
  11   14   13   45   65   57   73    6   40   79    7   38   51   67   50   62   59   10   75    9   32   76   30   49   71   60   88   86   95   68   16   30   43   36   94   87   24   18   56   48   21   80    5   63   28   93   66   19   77   82   83   16   25   90   72   20   35   42   41   84   55   85   37   15    1   23   53   91   69   22   52   58   31   78   83   34   44   92   61   81   11   64    2    4   26   55   70   12   46   47   74   17   27   54    3    8   39   29   89   33  
   9   28   39   11   31   61   94    5   64   11   25   10   38   43   28   37   17   76   74   41   79   93   59   67   32   63   65   83   14   52   12   88    1    7   62   31   55    4   44   49   65   60    8   20   87   90   75   35   24   82   72   73   33   45   46   16   50   66   85   36   19   21   42   54   26   69    3   77   15   13   48   68   56   40   22   78   18    6   80   70   29   95   51   34   91   27   47   58   30   92    2   23   81   71   57   84   86   89   53   54  
  71   59   90   92   20   54   80   79   75   11   34   64   67   17   69   56    9   30   40   21   84   58   33    4   19   62   86   81   43   65   41   50   37   66   44   27   10   22   76   93    2   29    6   77   26   72   32   59   51   61   18   52   82    3   89   77   55   47   83   16    1   23   28   45    8   57   25   13   31   25   14   63   78   42   74   87   48    7   38   24   68   70   46   53   12   85   56   39   15   35   36   78   88   60   73    5   91   95   94   49  
  78   47   76   65   11   37   16   72   36   88   55    6   58   25   84   32   39   73   53   45   79    8   66   40   67   49   17   63   59   95   13   80    2   41   77   52   74   56   50   30   60   28   15   56   91   46   23   92   82   75    5    4    3   33   18   88   12    7   44   38   90   85   34   64   81   86   57   70   22   62   71   61   14   93   26   35   68   27    1   19    4   29   54   25   20   83   21   69   31   24   73   42   51   94   48   89   43   10   87    9  
  24   41   39   17   73   11   36   80   83   65   84   45   12   93   17   72   54   57   56    7   26   23    3   28   89   82   30   86   21    9    5   95   92   75   74   27   70   14   35   33   20   68   19   79   76   64   94   18    8   55   69   49   91   44   53   88    2   46   85    1   60   43   51   10   58   63    4   62   40   31   48   22   77   47   69   90   25   87   13   37   53   67   16   81   34   29   71   42   50   78    7   61   59   32   79   38   66   52    6   15  
  48   10   58   91   16   44   50   75   39   93    3   36    9   71   26   52   73   34   33   35   85   12   59   46   94   22   37   88   54   56   77   79   49   82   18   78   92   20   43   21   17   54   45   19   70   14    6   27   76   74   81   80   66   57    4   72   68   86   55   23   87   38   83   25   15   67   13    1   30   53   69   24   51   31   90   84   41   11   40   79    8   64    5   32   29   87   65   95   28    7    2   60   63   32   87   42   61   89   47   62  
   1   80   37    9   94   77   51   85   26   11   92   62   15   68   73   21   40   35   29   95   39    4   41   57   93   55   22    3    2   89   88   54   86   66   56   13   70   17   91   72   28   25   50   69   12   38   71   30   61   67   29   90   83   60   23   58   82   59   81   31   44   78   45    8   10   32   18   64   81   43   47   76   34   87    5   33   46   84    6   53   74   65   49   43   14    4   27   36   24   20   42    7   16   63   19   52   48   79   15   75  
  92   10   58    9   51   28   94   32   89   16   60   35   61   39   52   25   59   40   84   62    3   15   49   37   67   30   75   17   23   91   72   16   73   20   18   86   34   88   48    8   82   47   79   64   68   54   12   95   11   80   71    4   70   87   38    2   26   53   44   45   50   46   93   16   76   36   27   31   40   90   22   24    6   66   19   55   78   69    1   42   13   74   85   14   43    5   56   63    7   65   33   60   41   81   29   83   55   21   57   77  
  79   18   38   69   78   46   83   32   72    9   35   40    3   19   48   60   37   85   86   20   68   15   62   88   77   21   87   27   76   82   70   58   29   22    5    2   81   56   33   45    6   34   31   63   91   16   26   74   39   66   11   28   62   71   85   41   30   57    7   59   61   17    1   84   24   36   38    4   42   67   92   10   51   75   90   23   89   53   47   65   73   85   67   80   55   64   50   52   25   94   95   14   54   13   12   44    8   49   43   93  
  18   63   87   19   85   60    3    9   40   51   94   47   69   80   86   31   56    8   54   11   49   52   58   59   66   29   61   68   30    4   67   65   10   46   89   74   71   55   88   84   36   23   35   45   38   20   17   92   37   25   78   75   21   72   81   33   57    7   64   15   79   76   62   42   82   27   95   24   59   32   39   14   70   43   73   83   79   91   93   16   78   50   12   22    2    1   53   72   41   48   13   44    6    5   90   77   28   25   26   34  
  61   70   91   84   27   79   72   52   48   83   24   90   49   20   35   50   11   38   66   55    2   14   75   12   10   93   32   93   57    1   81   45   94   54   18   22   82   25   86   87   36    3   41   89   68   95   13   52   29    8   64   42   71   20   65   40   16   69   33    7    9   62   63   73   59   37   67   39   17    5   51   80   85   58   34   21   53    2   80   56    4   76   19    6   30   88   31   43   44   78   77   28   92   46   23   26   74   15   60   47  
  81   54   13    6   37   45    9   43   23   47   13   83   56   17   48   87   25   72    8   85   82   22   92   29   49    3   18   39   66   10   46   70   94   91   89   41   88   68   76   44    1   60    2   33   71   27   95   20    5   56   77   79   73   19   67   58   42   31   28   30   62   15   36   61   93   35   32   51   80   64   55   81   74   26   34   78   84   69   12   86   52   75   50   11    4   63   38   65   40   24   53   90   59   15   16    4    7   21   14   57  
  60   29    3   24   70   46   13   27   79   42   16   12   39   94   78   53   31   81    6   49   28   25   14   38   28   30   35   49   48   13   73   21   50   68   41   47   72   74    9    1   44   15   66   10   11   85   22   71   82   80   17   16   65   84   83   92   18   55   43   56   90   76    7   58   54   20   57   89    4   51   26   88   87   19   34   61   23   93    5   67   33   36    2   95   63   32   52   45   83   91   62   69   77   37   75    8   40   64   59   86  
  11    9   70   73   61   90   66   53    7   14   42   82   23   47   24   84   15   81   22   36    2    5   69    1   48   25   43    3   13   32   86   88   57   62   38    6   94   93   64   12   50   31   76   54   83   29   37   49   85   18   56   87   44   10   78   72   92   58   59   60   30   59   28    8   41   67   68   95   89   70   33   77   16   80   39    7   51   35   75   65   17   40    4   63   45   27   74   20   91   44   52   26   55   71   19   79   21   46   34   80  
  74   25   67   38   63   28   72   26   53   84   77   76   93   58   33   49   27   43   14   13   21   66   54   83   52   78   90   79   32   70   95   15    5   91   24    7   75    1   68   81   46   37   92   87   60    4   39   61    6   80   40   23   44   18   71   24   57   11   65   31   12   41   56   64   42   10   69   47   86   89    3    9   16   29   48   34   55   17   88   20   22   45   82   73   30   94   50    2   66   66   85   35   62    8   19   51   59   61   36   84  
  60   73   17   28   69   42   57   50   22    4   27   13   64   43   91   84    9   29   80   11   70   82   79   86   31   36   18   24   35    7   15   39   83   53    8   94   78   94   63   48    6   71   81   30   47   93   44   52   90   56   59   74   58   66   55   14   10   65   68   72   76    3   95   77   26   49   94   68   25   87   37   62   16   92   77   32   63    1   88   45   19    2   54   61    5   46   75   40   89   85   20   23   34   38   67   51   41   12   21   33  
  28   83   72   94   84   18    9   75   40   58   47    5   16   55    1   75   39   66   13   62   51   71   67   35   53   76   92   73   65   63   81   11   89   21   49   88   25   24   90   26   16   27   80   15   61   69   23   86   38   20   43   10   29   32   74   14    3   68   22    8   33   87    2   30   85   54   45   91   78   48   82   59   64   50    7   77   31    4   19    6   34   17   12   21   95   44   56   60   36   37   46   54   70   51   93   41   52   79   42   57  
  35   39   16   11   24   88   84   57   60   34   38   67   42   30   47   26   10   94    2   75   13    6   74   51   41   95   69   36   85   70   78   89   49   87   17   25    4   45   66   54   44   80   71    5    9   50   79   77   81    7   33   83   75   93   18   15   43   91    3   73   23   36   68   29   58   52   82   61   38   76   55   92   31   64   40   86   72   53   90   32    8   27   62   46   48   19   64   59   20   12   37   22   63   14   56   28    1   65   75   21  
  28    7   88   65   49   29   53   72   73   56   22   67   54   57   94   74   30   69   25   52   86   33   19   27   75   12   91   66   46   45   31   16    6   38   41   83   82   95   15   70   39    9    5   71   85    4   87   10   44   59   78   20   52   21   77   24   43   35    1   55    2   50   68   32   17   81   81   14   63   11   54   60   26   76   62   84   42   79   48    8   34   13   93   18   51   90   92    3   58   37   80   61   23   89   64   36   33   47   31   40  
  41   58   39   59    3   42   16   88   49   79   64   78   90   20   62   46   24   56   12   27   22   13   95   91    7   83    2   60    1   72   82   29   63   67   74   54   11   65   47    5   25   80   33   71   37   94   19   15   84   51   75   59    6    3   32   49   76   17   28   93   44   55    8   61   14   48   18   40   66   52   38   77   53   26   73   57   10   31   43   23   25   35   34   70   87   68   69   45   85   21    4   36    9   81   89   50   92   86   32   30  
  33   67   93   70   17   67   84   53   11   26   94   43   95   76    2   79   38   59   66   29   60   31   64   14   19   85   23   62   86   52   16   89   58   90   68   57   35   15    4    9   30   75   48   46   77   24   83   61   51    1   20   71   18   91   41   63   34   55   27   78    6   37   95   12   32   40    5   69   25    4   44   88    7   54   21   73   65   74   56   92   22   42   47    8   81   39   28   87   75   72   36   50    3   80   10   49   45   13   91   82  
  75   78   71   64   74   59   60   51    7   73   17   23   38   94   75   82   32   13   25    1   11   10   54   84   34   21    6    5   87   31    9   12   62   37   77    4   43   18   76   52   70   30   68   66   93   47    7   57   35   33   90   33   46   45   24   81   72   92   63   89   14   39   80   49   79   26   44   48   40    8   42    3   88   67   36   19   58   65   61   22   41   15   16   48   28   55   20   27   50   83   95    2   45   56   29   53   85   91   86   69  
  35   91   63   57   32   59   89   21   40   31   36    4   48   58   53   69   23   44   54   64   12   80   47   93   62   25   65    6   70   88   66   52   30    7    2   90   49   41   46   87   56   71    9   79    1   50   58   94   68   28   10    3   95   83   60   27   81   86   19   51   84   37   73   22   65   24   34   16   76   39   42   78   92   33   26   55   43   20   61   82   75   13   21   77    8   14   74   11   15   61   18    5   67   38   45   85   72   10   17   29  
  30   61    4   74   22    8   15   82   91    6   10   79   85   34   42    5   18   83   59   92   33   13   69   19   72   70    7   20   26   56   51   66   59   49   28   46   77   37   32   39   50   89    1   75   67   81   41   31   55   73   52   38   36   64   16   93   53   65    2   12   57   29   11   43   17   40   95   68   47   25   84   54   76   24   80   90   87   60   48   27   21   58   94   45   62    9   63   44   78   93    3   35   85   86   48   14   71   91   23   88  
  45   52   33   60   47   54   57    6   12   35   38   53   91   59   52   56   46   55   44   83   78   89   31   19   10   21   92   14   42   18   40   36   43   66   24   51   75   77   67   85    9   79    3   72   94    5   49   11   16   63   50   25   26   95   28   80   90   13   71   73   27   81   83   61   41   64   40   86    3   74   53    8   20   62   39    1   32   70   34   23    4    7   88   76   22   29   93   87   82    2   15   65   69   48   84   58   37   30   68   17  
  57   89   75   94   18   43   56   13   23   45   59   22   72   74   16   31   25   68    5   61   44   14   37   54   78   85   46   66   20   34   86   12   78   33   63   80   90   18   21   39   76   67    1    9   60   30   88   47   69   79   14    8   49   77   50   40   91   26   24   48   65   41   87   38   52   62   15   35   29   32   37    3   51   92   19    2    6    4   84   83   70   81   27   42   36   28   17   64   73   93   95   10   11   58   61   71    7   82   55   53  
   4   89    8   74   79   35   15   60   10   67   42   81   24   91   44   39    6   94   25   79   76   80   50   43    7   53   71   54   21   17   52   47   93   20   72   11   49   83   41   87   68   40   30   23   85   58   73   37   92   62   45   55   48   63   22   75   40   95   70   26   82   69   29   65    9   34   12   32   86   18   61   33   64   38   36    3   59   46   31   13   28   57   56   19   84   16    2   51   88    5   90   77   14   66   78   63    1    4   38   27  
  32   85   37   45   74   11   82   62   34    2   14   85   90   29   24   27   19   49   94   30   82   16   78   81   70   44   93   12   52   95   17   93   69   48   31   41   65   64   61   72   26   15   25   13    4   30   84   38   86   39   68    6   57   40   18    1   53   23   58   71   80   20   36   73   89    5   63   67   88   87   42   75   28   83   35   79   10   56   91   59   50   60    9   76   46   77   55    3   51    7   21   33   43   54   92    8   31   22   66   47  
  82   40   24   22   75   12   87   53    3    4   38   13   30   21   51   90   35   81   50   64   14    9   92   27   46   18   59   71    2   76   29   56   38   52   73   70   91   55   36   32   84   85   86   44   57    1   37   83   78   79   95   10   72   74    7   19   23   62   66   28    8   35   20   42   32   43   61   48   16   60   69   67   25   94   31   54   33   15   26   39   47   60    5   88   89   58   49   45   68   80   34    6   11   63   93   65   77   17    1   41  
  50   20   66   61   29   14   52   72    2   51   59   23   45   21   37   90   49   28   26    5   77   46   18   24   91   15   73   61   47   17   64   55   41   25   58   27   22   33   38   19   44   88   82   86   16   63   69   79    3   71   74   94   34   95   42   83   12   39   81   32   43   68   56   48   35   84   76   54   40    9    1   85   31   80    8   53   75    7   57   17   10   92   89   30   20   36    6   11   62   13   93   67   70   95    4   87   78   65   75   60  
  21   50   80   69   82   38   93   73   33   65   52   37    8   44   29   74   51   87   14    9   95   83    2   17   59   22   14   78   24   58   20   23   42   90   46   15   35    4   40   53   19   32   60   49   77   65   86   54   28   75   25   36   61   63   26   41   39   67   53   71   47   88   34    7   10   18   56   16    5   70   55    3   45    1   57   13   79   89   66    6   11   85   38   27   81   62   30   48   12   68   64   31   91   91   94   72   84   92   76   43  
  16   66   25   83   58   90   81   78   13   57    7   22   70   52   75   65   74    5   67   45   23   54   27   36   64   39   53   42   15   59   43   72   21   77   83   31   34   80   32   44   49    4   86   19   26   62   12   68   87   71   33   34   24    3   63   50   95   45    8   73   10   14   89   28   79    6   92   69    9   91   82   46   30   11   48   60   88   76   37    2   47   29   61   85   94   84   56   93   40   55   17   54   35   26   20   41   18   38    1   51  
  52   23   53   69   31   83   19    3   90   27   82    8   24   67   69   15   16   27   54   64   80    5   48   89   18   92   26   29   94   43   70    9   25   34   11   68   30   14   59   28   57   95    1   40   13   71   78   93   65   66   20   47   84   85   51   75   36   22   33   38   81   77   41   17   61   91   78   56    7   45    6   32   39   59   79   63   50   72   49   46   58   60   73   74   44    4   88   87   55   21   10   86   62   12   35   76   37   11   42    2  
  81   33    3    6   51    2   83   19   93   59   22   64   75   57    5   35    9   36   30   47   61   73   77   38   95   62    5   18   16   87   95   72   27   63   32   76   29   44   25   28   41   68   53   14   45   85   12   74   18   46   50   89   20   71   13    7   78    8   79   86   56   55   67   42   88   94   80   15   21   43   40   10   39   84   58   34   91   66   52   65   31   23   92   11    1   69   90   24    4   37   54   82   70   60   17   29   26   66   48   49  
  18   31   16   84   88   12   67   38   87   63   66    4   77   45   39   36   43   69   33    2   64   59   44   41   90   65   42   80   70   25   57   17   48   22   35   54   10   74   58   95   86    7   28   20   76   73   68   19   30   72   23   40    3   49   60   83   29   55   46   52   53   40    8   67   51    5   13   67   79    6   85   91   71   81   78   53   34   34   24   92   11   56   27   93   50    9   82   15   89    1   75   94   32   37   21   61   47   14   62   26  
  93   77   28   58   56   40   65   31   36   37   94    9   92   33    1   16   51   86   91   61    4   83   74   84   95   85   18   75   34    8   39   67   10    3   64   38   41   43   44   47   53   12   35   14   24   22   57    5   50   55   80   82   35    7   46   20   52   85   49   13   66   42   68   76   21   70    6   90   81   10   88   87   32   11   48   19   30   53   62   29   73   69   79   63   26   78   45   23   27   15   17   72   60   25    2   59   89   71   80   54  
  16   35   27   44   39   59   19   54   31   92   43   17   43   53   14    4   68   91   47    1   45   10   50    3   33   70   20   49   23   58   30   81    7   88   41   25    6   37   83   24   73   34   42   11   62   15   51   90   79   46   80   61    9   72   86   75   82   28   56   21   32   48   93   12    6   67   40   29   69   22   77   94    2   36    8   60   18   57   65   85   38   52   35   38   64   74   63   13    5   55   85   71   76   95   84   87   66   89   78   26  
  57   67   33   35   50   89   37   23   36   79    8   34    5   20   92   14   71   74   63   11   30   78   82   43   90   42   85   88   73   95   41    3   91   40   44   55   53   86   87   26   12    4   22    9   61   75   19   52   69   77   59   29   27   63   25   28   39   58   32   66   80   95    6   68    2   46   56   15    1   49   31   60   77   83   18   48   84   62   47   13   17   54   21   65   72   16    7   81   93   10   45   24   94   38   70   64   89   76   51   66  
   5    6    1   44   35   21   75   86   61   53   63   29   36   69   49   31   59   79   18   70   77   11   51   93   78   84    8   89   85   16   71   62   94   20   26   40   22   37   19   35   58   39   34   74   56   55   30   13   91   76   11   86   90   33   66   80   17   45   25   57   23    9   88   47   12   14   15   48    4   82   73   24   49   72    2    2   95   10   54   43   81   67   46   65   60   41   64   28   27   87    7   52   50    3   68   83   38   42   32   92  ] 
BUDGETS : [    1    1    4    6   11   13   17   20   20   24   29   32   35   36   37   38   39   40   41   43   45   48   48   50   53   56   62   68   72   72   73   74   75   76   76   78   79   81   86   96   97   97   98  100  100  102  102  103  103  104  107  107  110  114  114  115  116  117  117  118  119  120  120  125  126  127  136  137  141  142  143  144  145  145  145  146  147  149  150  152  154  155  155  160  161  162  163  163  165  166  170  174  186  186  187  189  190  192  194  196  ] 
