K : 50
I : 50
PREFERENCES : [    0    0    0    0    0    0    0    0    0    0    0    0    0    0    0    0    4    0    0    0    0    0    0    0    0    3    0    0    0    3    0    0    3    0    0    1    0    4    0    5    2    0    0    0    4    0    0    4    0    0  
   0    2    0    0    0    0    2    0    0    5    1    0    0    0    0    0    0    1    3    3    0    0    0    0    0    1    0    0    0    0    0    0    4    0    0    0    0    0    5    0    0    0    0    0    0    0    0    0    0    0  
   3    5    0    0    5    0    4    0    3    0    0    2    0    1    0    0    0    0    0    0    1    0    0    0    0    0    0    0    0    0    0    0    1    0    0    0    0    0    0    0    0    0    0    0    0    2    0    0    0    0  
   4    0    0    0    0    0    5    4    2    0    0    0    0    0    0    0    0    0    0    0    3    0    0    0    4    0    0    0    0    0    0    0    0    4    4    0    0    0    0    0    0    3    0    0    0    0    0    0    1    0  
   0    0    0    0    1    0    5    0    0    0    0    4    0    0    2    0    5    0    0    0    0    3    5    0    0    0    0    0    0    0    0    0    0    5    0    0    0    0    0    0    2    0    0    0    0    5    0    0    0    0  
   0    3    0    0    0    0    0    0    0    0    0    5    0    1    0    0    0    0    0    0    1    3    0    0    0    4    0    0    0    0    0    0    5    2    0    0    0    0    0    0    0    0    0    0    0    3    0    3    0    0  
   5    0    0    0    0    0    0    0    0    0    0    0    0    0    4    0    0    0    0    1    0    4    5    0    0    0    0    5    0    1    3    0    0    0    0    0    0    0    0    0    3    0    2    0    0    0    0    0    0    0  
   0    0    0    0    0    0    0    0    0    3    0    0    0    4    0    0    0    3    3    2    0    5    0    0    0    3    0    0    0    0    0    0    0    3    0    0    0    0    0    0    0    0    1    5    0    0    0    0    0    0  
   0    3    4    3    0    3    0    1    0    0    0    0    0    0    0    0    0    0    0    0    0    0    0    4    0    0    3    0    0    0    0    0    0    0    0    0    5    0    0    0    0    0    0    0    3    0    0    0    2    0  
   0    0    0    1    0    0    0    4    0    0    0    0    1    0    0    0    0    0    0    1    0    3    0    0    5    0    0    0    0    0    2    0    0    2    0    0    1    0    0    0    0    0    0    0    0    1    0    0    0    0  
   0    0    0    1    0    0    0    0    2    0    0    0    0    0    1    0    0    3    0    0    0    0    0    2    4    0    0    3    0    0    0    0    0    2    0    0    0    0    0    0    5    0    0    0    0    0    0    4    0    0  
   0    0    0    0    0    0    5    2    0    0    0    4    0    4    0    0    0    0    0    1    0    0    5    0    5    0    0    3    3    0    0    0    0    0    0    3    0    0    0    0    0    0    0    0    0    0    0    0    0    0  
   1    0    0    3    5    3    0    2    0    0    0    0    0    0    0    0    0    0    0    0    0    0    0    0    0    0    0    2    0    0    0    0    0    5    0    0    0    4    2    1    0    0    0    0    0    0    0    0    0    0  
   0    4    0    3    0    0    0    4    0    0    3    0    0    0    0    0    0    0    0    0    1    0    0    0    0    0    0    0    2    0    0    0    0    0    0    5    0    3    0    0    0    0    3    0    0    0    2    0    0    0  
   0    0    0    0    0    0    0    0    0    0    0    0    0    0    0    1    0    0    5    0    0    0    0    0    0    3    0    1    0    0    0    0    0    0    0    0    0    2    4    0    0    5    0    0    3    0    0    5    2    0  
   5    0    0    0    0    0    0    0    0    0    0    4    2    5    0    0    0    0    0    0    3    0    0    4    0    0    0    0    0    4    0    0    0    0    0    3    0    4    0    0    0    0    0    0    0    0    0    0    0    1  
   0    0    4    5    3    0    0    0    4    0    0    0    0    2    0    0    0    0    0    0    0    0    0    0    0    1    0    0    0    0    0    2    0    5    0    0    0    0    0    0    5    0    4    0    0    0    0    0    0    0  
   0    0    0    0    0    0    0    0    0    0    0    1    2    3    0    0    0    0    3    0    4    0    0    0    0    0    0    0    0    0    0    0    0    0    0    0    0    1    4    0    3    0    5    0    0    0    0    4    0    0  
   0    2    0    0    0    2    0    0    0    0    0    0    0    0    0    0    0    0    3    0    2    0    4    0    0    0    0    0    0    4    0    1    1    0    0    0    0    0    2    0    0    0    0    0    0    5    0    0    0    0  
   0    0    0    0    0    0    0    0    4    0    0    0    0    0    4    4    0    0    0    0    2    0    0    0    0    0    0    0    5    0    0    0    0    3    0    5    0    0    0    0    0    0    0    2    0    0    1    5    0    0  
   0    0    5    0    0    0    0    0    0    0    0    0    0    1    0    0    0    0    3    0    0    0    0    1    0    0    0    0    0    0    5    0    2    4    0    0    1    0    0    0    0    0    0    4    5    0    0    0    0    0  
   0    3    0    0    0    0    0    0    0    0    0    0    0    0    1    2    2    0    1    0    0    0    0    0    1    0    0    0    0    0    0    0    0    0    0    4    0    0    0    0    3    0    2    0    0    0    0    0    0    5  
   0    5    0    0    0    0    0    0    0    0    0    0    0    0    4    3    0    0    0    0    1    0    0    0    0    0    2    0    0    0    3    0    0    0    1    0    0    2    3    3    0    0    0    0    0    0    0    0    0    0  
   0    0    3    0    0    2    0    2    0    0    0    0    0    0    0    0    0    0    0    0    0    4    0    0    3    0    0    1    0    0    3    0    0    0    0    0    0    0    0    0    0    3    0    0    0    5    0    2    0    0  
   0    0    3    0    0    0    2    0    0    0    0    0    0    5    4    0    0    0    0    0    0    0    0    0    0    0    0    0    0    4    0    0    0    0    0    0    3    0    0    1    0    0    0    0    5    0    0    3    0    2  
   0    0    0    5    5    0    3    0    0    5    0    0    0    0    0    0    0    4    0    0    4    0    0    0    0    0    2    0    0    0    0    0    0    5    0    0    0    1    0    0    4    0    0    0    0    0    0    0    0    0  
   0    0    0    0    0    0    1    5    0    0    0    5    0    1    0    0    0    0    4    0    0    0    1    0    0    0    1    0    0    0    0    0    5    2    0    0    0    0    0    0    0    0    0    0    0    0    0    0    0    3  
   0    0    0    0    0    0    0    0    0    0    0    3    0    0    0    0    0    0    4    0    1    0    0    4    0    4    0    0    0    0    4    0    0    0    0    0    0    0    0    5    0    5    2    0    0    0    4    0    0    0  
   0    0    0    0    0    0    5    0    3    0    0    0    0    0    2    0    1    0    0    0    0    0    0    0    0    3    0    0    0    0    0    0    0    0    0    0    2    0    0    0    1    5    0    0    0    4    0    1    0    0  
   0    0    0    1    2    0    0    0    0    0    0    0    0    0    2    0    0    0    0    0    0    0    0    2    0    0    3    0    0    0    0    0    0    0    5    3    2    0    0    0    0    4    3    0    0    0    0    0    0    0  
   0    0    5    3    0    0    0    0    0    1    0    0    5    0    0    0    2    0    0    3    0    0    0    0    0    0    0    2    0    0    0    0    0    0    2    0    0    0    0    0    0    0    5    0    0    0    0    0    4    0  
   0    0    0    0    0    0    1    0    4    0    0    1    0    0    0    0    0    0    0    0    0    0    0    0    0    0    0    0    4    0    0    0    0    1    0    2    0    0    3    0    5    0    0    4    0    0    0    4    0    0  
   4    0    0    0    1    0    0    0    0    0    0    0    0    5    5    0    5    0    0    0    0    0    0    0    0    3    0    0    0    0    0    0    5    0    0    5    0    0    5    0    0    0    2    0    0    0    0    0    0    0  
   0    0    1    0    0    1    0    0    0    0    0    0    0    0    0    0    0    0    0    0    0    0    0    0    0    4    0    0    1    5    3    0    2    0    0    0    0    0    0    0    2    3    0    0    0    0    0    0    2    0  
   0    0    0    0    0    0    0    0    0    0    0    0    0    4    0    2    0    0    0    0    0    0    0    4    0    4    0    0    5    0    2    0    0    0    0    0    0    0    0    0    2    3    1    0    5    0    0    0    0    0  
   0    0    0    0    3    0    0    5    0    0    0    0    0    2    0    1    0    4    0    0    0    0    0    0    0    0    0    5    0    0    0    0    0    3    0    2    2    0    3    0    0    0    0    0    0    0    0    0    0    0  
   0    0    0    0    0    0    0    0    0    0    2    0    4    0    3    0    0    0    4    0    1    1    0    0    0    5    0    0    4    0    0    0    0    0    5    0    0    0    4    0    0    0    0    0    0    0    0    0    0    0  
   5    4    0    4    0    0    0    1    0    0    0    0    3    0    0    0    0    0    3    2    0    4    0    0    0    0    0    0    0    0    0    0    0    0    0    4    0    0    0    0    0    0    0    0    0    0    0    0    0    5  
   0    0    2    0    0    0    0    0    0    0    0    2    0    0    4    0    0    0    0    0    2    0    0    0    0    0    0    0    0    0    0    0    0    0    0    0    2    0    0    0    1    0    0    2    0    0    3    2    5    0  
   3    0    5    5    0    2    0    0    0    0    0    0    0    0    0    4    1    0    0    4    5    0    0    0    0    0    0    0    0    0    1    0    1    0    0    0    0    0    0    0    0    0    0    0    0    0    0    0    0    0  
   0    0    0    0    0    0    5    4    0    0    0    5    0    0    0    0    0    0    0    0    0    0    0    0    0    0    0    1    0    0    4    3    0    2    0    0    5    0    0    0    0    0    0    2    0    0    0    1    0    0  
   0    0    0    5    2    5    0    0    1    0    0    0    4    0    0    0    0    3    0    0    0    0    0    0    3    0    1    0    0    0    0    0    0    0    0    0    0    0    0    0    0    0    0    0    0    0    4    0    0    5  
   0    4    4    0    0    0    0    0    0    0    0    0    0    0    0    0    5    0    0    5    0    0    0    1    0    0    0    0    0    2    0    0    0    0    0    0    0    0    0    0    3    5    0    0    0    4    0    0    4    0  
   2    0    0    0    0    0    4    0    0    0    0    0    0    0    0    0    4    3    0    0    0    0    1    0    0    0    0    0    0    0    0    0    0    5    0    3    0    2    2    0    0    0    0    0    0    0    0    4    0    0  
   0    0    0    0    0    0    0    0    0    4    0    0    0    0    0    0    0    4    0    0    0    0    0    4    0    0    2    0    4    4    3    0    0    0    0    0    0    0    0    5    1    0    0    0    0    0    0    0    2    0  
   0    0    0    0    0    0    0    0    0    0    0    0    0    0    1    4    0    0    2    0    0    0    0    0    0    0    0    0    0    0    3    0    0    0    5    3    2    0    0    0    0    0    0    0    0    0    0    1    4    3  
   0    0    0    0    0    0    0    0    0    0    0    0    3    0    0    0    0    0    0    0    0    0    3    0    0    2    4    0    5    0    2    0    0    0    0    0    0    1    2    0    0    0    0    0    0    0    4    4    0    0  
   1    0    0    0    1    0    0    0    0    0    0    0    0    0    0    0    0    0    0    0    0    5    5    0    0    0    0    0    0    0    0    3    0    2    0    4    0    3    1    1    0    0    0    0    0    0    0    0    0    0  
   0    0    0    0    0    3    0    0    0    3    0    0    0    0    0    0    0    0    0    1    0    5    1    0    0    0    0    2    0    0    0    3    0    4    0    0    0    0    1    0    0    0    0    0    2    0    0    0    0    0  
   5    0    4    0    0    0    2    0    0    3    0    2    0    0    0    5    0    0    0    0    4    0    0    0    0    0    1    0    0    0    0    0    3    0    0    0    0    0    0    0    0    0    0    0    0    1    0    0    0    0  ] 
BUDGETS : [    2    2    6    6    8    9    9   18   20   23   26   27   31   32   35   36   37   39   41   41   42   46   49   58   58   60   60   61   63   64   64   67   71   72   73   73   76   77   79   80   80   81   83   87   88   88   93   93   95   98  ] 
