K : 100
I : 100
PREFERENCES : [    4    8    0    0   32    0   24    7    0    0   39   38    0    0    0   14    0    0    2   12    0    0    0    0    0    7    0    0   26   31   16   13    0   28   36    5    0   10   31   33   17   21    0    6   30    0    0    0    0   15   18   25    0   44   30    0    0    0   43    0    0    0    0    0   27    0    0   47   23    0   46   37    0   22   35    9   20    0   29    0    3    0   40   34    0   41   11    0    0    0   42    1    0    0   19    0   45    0    0    0  
   0    3   33    2    0    0   39   31    0   21    0    0   37   28    0   10    0    0   31    0    5    0   36   19   25   40    1    0    0   27   17    0    0    0   23    0   16   24    0    0   34    0    0   42   39   43    6   18    0   38    9   32   14   11   47   29   22    0    0    7   12    0    0   26    0   47    0   30   20    0   45    0    0    0    0   46    0    0   44    0    0    0    0    0    0    0    0   15    0    0    8    0   13   41    0   35    0    0    4    0  
   0   35   22    0    0   11    0    0    0    0   31    0    0    0    0    0   13    0    0   24    3   43    0    0    0    7    0    0   46    0    0   47    0    0   36    0    8   42   44    0    0   43    0    0   25    0    4    0   20    6    0    0    0   34   41   15    0   32   12    2    0    0   26    0   39   18    5   37    0    1   39    9    0    0    0   23   45   19    0   26    0    0   14   40    0   21    0    0    0    0   38   28   17   10   16   30   29    0   33   27  
   0    0    0   25    0    0    9   38    0   29    0    0   32    0   44   20   41    0    0   13   16   39   18    0    1    0    0    0    0   17   30   34    0   24    0   31   23   47   26   22    0    0   21    0   15    0   10   36   33   37   19    0    8    0    0   40    0    0    2    0    0    0    0    0   13   12   27    0   14    5    0    0   46   28    0   11    4   24    0    0    0    0   35    0    3    0    7   43    0   42    0   45    0   45    0    0    0    0    0    6  
   0    0   39    0    6    0    0    0    0   22   38    0   41   45   10    0    0   25    0    0   46    0    5    0    0   14    0   18    0    0    0    0    0   28   23    0    0   21   17    0   33   29    0    0    0   43    0   24    0   23   20    0    0    0   19   16   36   40    0   32    0    4    0   27    0    0   34    0    3    0   15   37   11    0   13    0   42    0    0   12    0    0    0    8   31    9   44   35    0    0    0    2   47    7   36   26    0   15    1   30  
   0    0    0   36    0   10   33    0   14    0   29    0    0    0   13    0    2    0    0    0    0   32   46   40    0   25    0   16    8   47   43    0    0    0    0    0   35    0    5   47   34    6    0    0   28   27    0   31    0   15    0   19   23    0    0    0   12    9    0   17   45    0    0    4    0    0    0    0    3   11   21    0   41   20   38   39    0    0   46    0    0    0    0    7   26   30   44    0   43   22   42   37    0    0    0   18    1    0   24    0  
  33    0    0   32    0    0   17   11    0    2    0    0    0    0   34    1    0   44   13    0    0   40   35    0   43    0   22    0    0    0   27   46   15    0    9   25    0   42    0   16    3    0   23   28    0    0   38    0    0   45   16    0   19    0    0    0   47    5    0    0   14    0   39    0    0   29    0   18   36    0    0    0    6   31    0   41    0    0   20   30    7    0   24    8   12   37   25    0    0   21    0    0   26   10    0    4   20    0    0    0  
   9    0    0   26   46   36    0    0    0   20    0    2    0    0    8    0    0    0    0    0    0    0    0    0    0    0   38    0   28   23   18   39   33   22   25    0   34   29    0    8    0    5   45   24    6   35    0   27    0    0    0   15    0    0    0    0    0    0    0   11   13   13   31    0   44    0   43    1   19   17    3    0    0   30   42   37    0    7    0    0   38    0   16    4    0    0   12    0   21    0   40    0    0   10   41   47   14   32    0    0  
   0    0   44    3   41    0   18   44   25    0    0   43   37   17    8   12   16    0   20   42   24    0   38    0    6    0   19   36    0    0    0    0    0    0    0   15    0    0   45    0    7    0   14    0    0    4    0    0   30   31    0    0   26   27    5    0    0    0   33    0    8    0   32    0    0    0    0   40   35    0   47    9    0    0    0    0   35    0   23    2   11    0    1    0   39    0   46   22   29    0    0    0   21   10   28    0    0   13   34    0  
  40   43    0    0   13    0    0    0   12    0   30   41   18   29    1    0    0    0   38   34    0   33   39   21    0   22    0    0    0   24    5    0    2    0    0   24   15    0   42    0    0   25   10    0    3   46    0    0   11    0    0    0   36   28    0    0    0   35   19    7    0    0   17    0   20    0    0    0    4    9    0    0   14   26    0    0   27    0   18    0   37   23   44    0   47    0    8   40    0    0   45   31    0    0   32   16    0    0    0    6  
   0    0   42   16    0   47   16    0    0    0   32   30   37   45    0    0    0    0   12   15    0    0    0    0   39   19    0    0   43   24    9    4   34   40    0   28   19   27   46    0    2    3    1    0    0   17   44   10    0    0   29    8   18    0    7    0   41    0   36   38   13    0   35    0    0    0   20    0    0    0    0   31   26    0    0   33    0    0   11    0    0    0    0    0   21   14   34    0    0   25    5    0    0    0   22    6    0    0    0   23  
   0   14   18    0    0   44    0    0   37   33    0   17   40   15    1    0    0    0    0    3   47   30   25    0   10    0    0    0    0    0    5    7   21    0   39   20    7   38    0   32    0    2   19    0    0    0   28    4   28   34   13    0    0    0   11   46   24    0    0    0   23   27   41    0    0    0    0   43    6   42    9    0   35    0   45   36    0    0    8    0    0    0    0    0   29    0   31    0    0    0   12    0   34   22    0    0   16   26    0    0  
   0   36    4    2   43   46   17    0   30    0    0   11    0   35   40   23   44    8    0    3   15    0   21   18   34   19    0    0   47   28   29    0    0   13    0   10    0    0    0    0    0    6    0    5   27    0    0   16    0    1   33    0   22   26    0    0   31    0    0    0    0   14    0    0    0   25    0   14    0    0   39   42   32   24    7    0    0    0   41    0    0    0    0   37   20    0    9    6   12    0   38    0    0    0    0    0   37   45    0    0  
   0    0    4   28    0    0    1    0    0    0    0   26   34    0    0    0    0    0    0    0    0   10   36    0    0   32    0   28   33   44    0   38    0    6    3   43   16    0    9   45    0   13   37    0   46   47   29   11   12    8    0    0    0   41    0   30   15    0   18    0    0    0   22    0    0    0    1    0    0    0    0   25    0   24    0    0   21   31    7    0    0    5   35   31    0   27   42   14    0   23   17    0    2   39   20   40    0   19    0    0  
  28    0    0    0    0    0    5    0    0    0    7    0    0    0   25   44   31    0   41   11    0    0    0    0   10    9    0    0   18    0    0    0   27    0   22    0   26    4   36   35    0    0   40   24   13    0   29    0    0   19    0    8   47   15   37    3   23    6    0   43   45    0    0    0   34    0   12    0    0    0    0   20    0    0   16   40   33    2    0    0   39   46    0    0   25    0   42   32    0    1    2    0   17    0    0   30   14    0   21   38  
   0   33   31    0    0    0   18    0    0   32   34   27    0   37   18    8    0    0    0   40    0    0   19    0    2   45   44   35   23    0    0    0    0    0    0   14    0    0    0    0    1    0   38   46    0    0    0   17   29    3   20   13    6    0   41   11    0    0    0   10    0   29    0    0   42   30   43    0   12    0    7   26    0    0    0    5   15    4   39    0    0    0   36    0   24    0   16    9   19    0   22    0   25    0   28   21    0    0    0   47  
   0   23    0    0    0    3    0    0   45    0   30    1    6    0    0   11   31   39   30   44   42    0    0   34    9   22   12   38    0    0    0    0   26    5   10   14   27    0   47    0    0   28    0    0   32    0   17   40    0   24    0    4    0   18   47    0    0   33    0   46   21    0    0   20    0   36    0    0   14   29    0    0    2    7   41    0    0    0   25    0    0   16    0   15   19    8    0    0    0    0    0   37   35    0    0    0   13    0    0   43  
   0   42    0   45   10    0   15    0    0    0    0   31   11   36   19    0    0    0   44    0    0    0   28   21    0    0    4   13    0   35    0   39    8   33    2    0    0   41    0   20    0    0   23   27    0    0    0   22    0   47    0    0   25   46    5   26    0   38    3    0   12   37    0    0   14    0   24    0    0   18    0   17    0    1    9   29   30    0    0    0   28    0    0   17    0   16    7    0   32    0   11    0   43    0    0    0   34    6    0   40  
   0   41    0    0   38   45   21   46    0   15    0    0    0   29    0   32    0    0    0    0    0   23    0   14    6   44    0    0   28   18   27   25   35   13    3   24   12    0    0    0   22   22    0    0   33    0    0    0   40   19   30    0    0   39   36    0    0    0    0    0   14    4    0    0    0    0   11   20    0    0    2    0    0    0   43   37    0    0    7   17   34    9    0    0    1   47    0    8    0    0    0   16   10    5    0    0   26   31   39   42  
  11    0   42    0    2    0    0   32    1    0    0   29   21    0   23    0    0    0   10    0   25    6    0    7   14   37   34    0    0    0    0    0   26   18    0   40   26    0    0    3    4    0    0   20    0    0   45    0    0    0   12    0    0    0   35    0   36   38   33   39    0    0   16    0   43   46   31    9    0   36    8    0    0    0   27   28    0    0    5    0    0    0   24   41   30    0   22    0   47   44    0    0   15    0    0    0   13   31   17   19  
   0   45   27    0    0    6    0    0   46   10    0   12   35    0    0    0    6    0   40    0   12    0    0    0    0    9   44   11    0    0   21    5    0    0   13    8    0   34    0    1   30   15    0   39    0    0   16   14    2    0    0    0    0   42   41    0    0    0   36    0   31   33   23    0   29   22    0   33    0    4   18   17    0   47   38    0   26    0   20   32   37   24    0    0    0    0   28    0   19   25    3    0    0    0    0   43    0    7    0    0  
   0    0   34   46    0    0    6   14   35    0   37   45   11    0   23    0   40    0   19   28   30   47   22    0   32    0   27   43    4    0    0   11   15   39    0    0   36    0    1    0    0    0    2    0    0   17    0    0   26    0    0   42    7   44    0   18    0    3   13    0   16    0    0    0   25   12    0    0   17    0   33   31    5    0    0    0   21   20    0    0    0    0    0    0    9    0    0    8    0    0    0    0   29    0   10   22   38   41   24    0  
  14    0    0    0   42   28   43    0    0    0   18    0    4    0   22    2    0   34   12    0    0    0    0   41   40    0   20   37    0   31   25    0   32   33   13    0   27   38    8   45    0    5    1   36   39    0   29   21    0    0    0    6    0    9    0    0    0   26    0    0    0    3    0    0    0   24   35    0    0   44   10   11    0    0    0    0   22   19   46    0    0    0   30   17   16    0    7    0    0    0   47    0    0   15    0   17    0   43    0   23  
  14    8   36    0   12   28    0    0   18    0    0    0    0    0   26    0    4    0    6   46    0    0    0   17    2   31   31    0   43    0   13    0    0    0   18    0   47    0    0    0   19    0    0    0   44    0   35   22   40   30    0    5    0    0    0   38   32    0    0   23   39    0   20    1   25    0   34   33    0   37   42    0   29   10   16    0    0    0   47   21   45    0    0   27    0    0    0    0    7   15    3    9   41    0   24    0    0    0   11    0  
  22    0    0    0   28   13    3    0    0   47    0    0   38    0   18    0   25   29    0    0    0    0    8   46    4   11    2   33   19   32    0    0    0    0    0    6    0   43    1    7    0   34   41    0   37   27   15    0    0   21   16   42   11   26   24   20    0    0    9   12    0    0    0    0   36   10    0    0    0    0    0    0    0   17    0    0    0   27    0    0    0   44    0    0    0   35   14   10    0    0   45   23   30    5   40    0   31    0   39    0  
  45    0    9   29   42   44    0   17    7   23   10    0    0    6    0   46   40   39   38    0   15   22    0   30    0   27   28    0    0   12    0    0    5   16    0   35   43   36    0   43   31    0   11   37    0   14    3    0    0    0    0   33    8    0    0    0    0    0    0   13    0   41    0    0    0    0    0   21    0    0    0   34   19   47   24    0    0    0    0   18    0    0    0    4    0   17    0    0    0    2   25    0    0   41    1   20    0   26   32    0  
   0   41    0   33    0    0   22    0   27    0   44    0    0    0   30   36    0    0    0   11    0    0   46    0   45    5    0    6    3    0    0    0   13    0    0    0   40    0   21   32   28    0   24   12   39    0    0    0   16   10    8   14    0    0    3    0    0   26    4    0    0    0    1    0    0    0   15   23   29    0    0   17    0    0    0   37   18   20    2   34   10   25    0    0    0   47   14    0   19    7   42    0    0   43    9   35   31    0    0   38  
   6   19    0   10    0    0    0    0   41    0    0   24    0    0    0    2    0   35   32   28    0    3    0    0   31    0    0   38    0   21    0    8   16    0   40    0    0    0    0   18    0   11    0    0   22    0   26    0   27   12   21    0    4   17    0   36    0   47    0    0   34   46    0   30   45   13    0    0    0   37   29    0   25   43    0   15    0    0   14    0    9   44    5    0   39    0    0    7    0    0   37   42   23    0   33   27    0   20    0    1  
   0   35   11    0    0    0    0   16   41   22    6    0    3    0    0    0    0   33   30    9    0   20    4    0   37   17    0   26    0    0   40    0    0    0    0    0    5    1    0    0    0   28    0    0    0    0   34    0    0   46   13    0   14   36   11   43   44    0   31    0    0   47    0    0    8   26    0   39   19    0    0   25   29   27    0   32    0    0    2    0    0   38   15    0   10   21    0    7    0   24   45    0    0   12    0   18    0   23   42   20  
   0   45    0    0   31    0    3   16    6    0    0   24    0    8   30    0    0    0    0    0   28    0   13    0   23    0   15    0    0   38   43    0    0   23   46   44    0    0   37    0    1    0   26    0    0    0    4    0   27   25   32    0    0    0   12    0   17    0    0   47    0    9   33    0    0    0   19    7    0   14   40   21   20    0   22   39    0    0    0    5   23    0   18   36    2    0   42    0    0   11    0   22   29    0   41    0    0   35   34   10  
  31    6    9    0   34   35    0    0    0    0    0    0   24    0    0   30    0    0   14    0    0    2    0   41    0   28   23    0    1    0    0    0    0    0   22    0   17   33   13   18   26    0    0    0    0   20    0    0   27   25   21   21   46    3    4    0   29   47    0   10    0    0   36   16   15    0   40   44    0   28   39   11    2    0    5    0    8    0   37    7   43    0    0    0    0    0   42   32    0    0    0   19    0    0    0   45   12    0   38    0  
   0   11   33    0   15   27    0    0   26    0   21   14   24   22    0    0   29    0    7   31    0    0    0    0    0    0    0    9    0    0   37   43   20    0    1    0    0    0   44   23    0   39   42    0    0   28    0    0    0    0   18   30   12    5   13    0    0    4   10    0    2    0    0    8    0    0   25    3    0    0   36   47    0    0   41   19    3   32    0    0   35   10   40   45   17   34    0    0    0    0    0    0   16    0    6   46   38   45    0    0  
   0    0    0    0    1    0    0    4    0    0    0   37   33   14   44    0    0   39   12   30   28    0    0   13   35   19    0    0   15    0    7    0   21   10    0    5    9   45   20    0   36   34    0    0   26    0    0    0    0    0   43   16   29    0   42   25   40    0    0    0    0    0   17    0   32   47    6    0   41    3   18    0    0    0    2   38    8    0   29    0    0   31    0   23    0   14    0    0    0    0   24   32    0   46   27   22    0   11    0    0  
  43   12   21    9    0    0    3    5    0    0   30   25    1   42    0    4    0   26   28    0   41   31    0    0    0   22   39   14    8   45    0    0    0    0   27    0    0   44    0    0   46    0    0    0    0    0   38    0   46   10    0   19    7   11   47   13    0   17    0    0    0   23   40    0   24    0    0    0    0   33   16    0   35   37   15   32   36    0   13    0    0    0    0   18    0   34   20    0    0   29   33    0    0    0    0    2    6    0    0    0  
  26   42   37   34    0   29   28    0    0   33    0   14    0    0    0    0    7    0   36    0    0    0    2    0    0   39    1    0    0    0    0   21   20    0    0   17    0   16    0    0    0    7    0   40   25   15   22    0    0    8    0   18   27   23    3    0   38    0   32   43    0   47    0    0    0   44    0    6    0   11    0   24   13    0    4    0    0   46    0    0   46   30    0   46    5    0    0    0   45   31    0    0    0   19   10   41    0   35   12    9  
  22    7   28    0    0    0    0    0   17    0   20    0    9    0    0    8    0    0    0    5    0   33    0   25    0    0    0   40   18    0    2    0    6    3    0   23   21    0    0   38   41    0   16   35   29    0   14    0   32    1    0   24    1    0   47    0   19    0    0   12   43   42   47    0    0   15   46    0    0   10   45    0   13    0    0    0    0    0   31    0    0    0    1   37   39   27   34   36    0    0    0    0    0    4   30   44    0   26   11    0  
   0    0   28    0   40   32    0    0    0   33    0    0    0   42   11   26   14    0   45   10    0   13    0    4    0    0   12   25    0   30    5    0   24    7    0    0    0   23    0    0   37    0   21   17    0    0   43    0    0    0   22   16    0   46   47    0    0    0    0    0    0    8    0    0    0    0   31   11    0   20    0   41   34   44   35    0    6    0   27   19    0   38    3   29    0   36   35    0    0    0   46    0   39   18    0    9    2    0    1   15  
  39    2   13    0   34    0    0    0   40   29    0   46    0   19    0    7    0    0    0    0    6    0   43    0    0    0    0    5    0    0   30    1   44   22    0    0   20    9   41   15    0   21    0    0    0   10   47    0    2    0   16    0    4   31   14    0   11   23    0    0    0    0   27   45    8   24    0   17    0    0   42    0    0    0   26   36   37   26   35    0    0   25    0   33    0   38    8    0    0    0    0   12    0    0   28    0   18    0    3   32  
   0   23    0    0   29   39   47    0   30    0    0   17    0   41    0    0   25   10    0   32    0   20    8    0    0    0    5   34    0    0   15   29   37    4    0   40    0    0   22    1    0   11   43    0   24    0    0    0   16    0   38   46    3   44   27   31    7    0   13    0    6    9   36   19    0    0   33   27    0   18   12   42   14    0   28    0    0    0    0    0    0    0    0    0    0    0   35    3   21   45   26    0    0    0    0    0    2    0    0    0  
   7    0    0    0    5   30   34   10   26    0    0    8    9   12    0    0    0    3    0   20    0    0   27   44    0   42   43    0    0    0    0   41   25    0   33    0   31   18   38    2   24    0    0    0    0   34   11    0   47   39    0    0    0    0    0    0    0   15   23    0   35    0   16   22    0    0   19    0    0   45   17    0    0    0    0    4   40   36   33   28   14   21    0    0    0    0    0   37    0    6    0   13    0    0   38   32   29   46    1    0  
   0    0   18   36    0    0   38   17    0    0    0    0    0   28   35   44   24    0    1    0    0    0   42   36   27    0    3    2    0    0   27    0    7    0    0   19    0    0   10    0    0    0   11    0    0   22   26    0   30   29    5    0   20   45    0    0   13    9    0   15    0   16    0   41   12   32   43   40   47    8   14    6   31    0    0    0    0   34    4    0    0    0   21    0    0   37   46    0    0   34    0    0    0    0    0   25   39   33    0   23  
   0   20    0   46    0   14    0    0   28    0    0    0    0   11   45    0    0    0    0    0   15   39    0    0    8    0    0    1   33   28   30   15    0    0    0    0    0    0   37   29    0   20    0    0    0    9    0    2    0    0   44   10    3    0   27    0    0   26    0   19    0   38    0   43   34    0   31    0   25    4   35   13    0   22    0    0    0   16   40    0   47    6   24   36    0    0   21   32   41    0    0   18   12    0    5   23    0   17   42    7  
  28   21    0    0   14    1    0   15   22    0   16    0    0    0    0    0   38    0   11   39    0    0    0   17    3   30    0   10    2   41    0    0    6   43   44   47   13    0    0    0    0   27    0   33   46    8   29    0   26   42    0    4    0   12    0   31   10    0    0    0    5    0   23   32    0   24    0   15   20    9    0    0    0   19    0   14   40    0    0    0   18    0    0   35    0    0    0    0    0   25    0    0   36    0    0    0   45   37    7   34  
   9   38    0    0    0   27    0    0    0   30    0    0    0    0    0    0    2   32   37    0    0   16   36    0    0    5    0   25   34   47    0    0   19   14    0    7   29   46   33    0   15   45    0    9   23    4    0   39   13    0   41    0    0    0    1   35   12   42    0    0   44    0    0    0   17   20    0    3    0    0   24   10    0    0    0    0    0    0   28    0   13    0    6    0   22   22    0    0    0    0   18   31   26   40   21    0    0    8   11   43  
   2   24    0    0   26   36   20    0    0   21   45    0    0    9    0    0    0   44    3    0   41    0    0   40    0    8   35   42    0   12   27    0    0   47   19    0    0   31    0    0    0   10    0   25   30    0    0    5    4    0    0    0    8   43   29   13   17    0    0   46   14    0    0    0   32   22    0    0    8   15    0    6   18    0    0   39    0   34    0   37    0    0    0   11   16    0    1    0   33    0   23   28    0    7    0    0   38    0    0   39  
   0   30    8    4   39    0   23    0   42    0   29    9   47    0    0   19    0    0    0    0    0   34    0    0   43   11    0   20   25   46   46   17    0   27    0   13   24    0   10   41   28    0    0   18    0    0    0   14   16   44    5    0    0   37   35    0    0    0    0    0    3   45    0    0    0    0    6   32   36   47   47    0    0    0    0   38    1    0   26    2    0   15   12   31   22    0    0    0   33    0    0   40    0    7    0    0    0    0    0   21  
  21    0    2   20   19   19   38    7   42    0    5    0   43   10    0    0    0    0    0   27   32   44    0   12    0    0   30    0    0    0   13    3    0    0   33    1    0   19    0   41    0    0   29   24    0    0    0   17   36    0    9   39   34    0   22    0    0    0    0   37   15   11    0    0    0    0    0    0   46    0    8   16   31   23   26   28    0   13    0    0    0   35    0   25    4    0    0    0    6   14   45   18    0    0    0    0   40   47    0    0  
   6   47   40    0    0    0    0    0    0    0    0   41   34    0    0    0   32    0    0    0    0    0    3    0   44    0   29   20    0    0    0    0    9    0   37    4   26    0    0    0   43    0    0    8   15   10    0   38    2    0    0    5   33    0   19    0   12    0    0   23   30   28   17    0    0   11    0    0   36   14   17    0    0   46   21   20   45    7   35    0   31   39    0   25   13   24    0   18   18    0   27    0    0   42    0   22    1    0   16    0  
   4    0    0   42    0   28   43    0    0    0   26   37    0    8   39    0    7    0   16   47    0   25    0    0   30   11   15    0   27    0    0    5    0   33    0   44   35   31    0   36   18    0   22    6   19    9    0    0    3   25   14    0    0    0    0    0   20    0    0    0    0    0    0    0    0    0    0    0   46   38   17   21   29    2   45   23    8   36    0    0   41    0    0   10    0    0   40    0    0    0   32    0   12   24    1   13    0    0   34    0  
   0    0   18    0    0    0   36    0    0    0   16    0   24    7    0    0    0   13   28    0    0   29    7    0    0    0    0    3   20    9    0   12   17   22    0    0   38   47    0   14   27   37    0    0   32   41   11   34   47   11   15    0    0    0    8    0    0    0    0   26    0   44    0   25   35    2    0   21   19   33    6    1    0   42   39    0   10    4    0    0    5    0   45    0   31   46   23    0    0    0    0    0    0   43    0   40    0    0    0   30  
   0    0   30    0   39   22   41    0    0    0    4   21    0   28   29    0   40    0    0    5    0    0    0    7   33    0    0   13   36   47    0    0   26   34    5   18    0    0    0   32    0    0    0   27   17    0   14    5   19    6    0   45    2    0    0    0   10   35    0   16    0   38    0   44   46    0    0   15    0    0    0    0    8    3    0    0    0   24    1    0    0    0    0    0    0   12   25    0   31   42   43   20    9    0   37    0   23   32   11    0  
   0    0   32    0    4    0    0   36    0    0   16    0    0   45   35   30    0   46    0    5    0    0   12    1    0    0    0    0   47    0    0    0    0    0    0    9   22   21    0    0    0   10    0   38   11   43    8   15   19   23    0    0    0    0   26   40   17   34   20    0   18    6    2   44   23    0    0    0    7    0   18    0   37    0    0    3   39    0   28   27   33   24    0   42   31   25    0    0   29    0    0    0    0    4   41   14   13    0    0    0  
  22    7    1    0   18   12   41   39   36    6   14   40    9   11    0   13   31    0   46   19    0    0   30   34    0   15    0    0   24    0   26    0    0   28    0   45   29   47    0    3   28   33    0    0    5    0    0    0    0    0    0    0    0    0    0   27   42    8   32   27    2   35    0    0   21    0    0    0    0   23   10    0   17   37    0    0    0    0    0    0    0    0    0   25    0    0   44   43    0    0    0    0    0    0   16    4   20   11    0   38  
   7   20   39   40    0    0   18    0    0   47   23    0    5   21    0   11   25   33    0    4   17    0    0    0   29    0   16   46    0    0    0    0   34   27   42    0    3   10    0   41    0    0    0    0   37    0    0    6    0    0   13    0    8   45    0    0   29    0    0    0   19    1    0    0    0   32   26    0    0    0    0   14   12    0    0   43    0    0    0    0   22    0   44   29    0    0   38    0   30   35   36   46   31   24    0    0    2    9   15   28  
   0    0    6    0   16    0   38    0   46   35    0    0    0   43   17    0   36    0    0    0   39    7    0   21    1    5    0   22    0   14    0    0   30    0    0    0    0   20   47    0   15   19   27   22    0    0   10    0   45    0   12    0    0    0   11    0    0    0    0    0    0    0   28    0   23    0    0    0   47   26    0    3    0   13    9    4   24    0   31   42   32    0   25    8   41   40   34   18   29    2    0    0   37    0    0    4   33    0    0   44  
  28    0    0    0    0   39    0   36    0   34    0   31    0   22    0   21    0    8   18    0   19    0    0    0   30    0   47   29   38    0   10    0    0    0   14   37   32   40    0   17    0   26    0    9    0    0    3    0    1    0    0   25    0   43    0    0    0   13    0    7    0   22    0   20    0    6   12    0   44    5    0   16    0   41    0   27   15    0   45    0   11    0    0   33    0    0   46    0    2    0   41    0   15    0    0    4   24   35   23   42  
  13   24   10    0    7   11    0   36   16    0   40   12   32   27    0    0   14    0   28    0   20    0    0    0   34    0    0   41    0   18   17    0    0    0    0   35    1    0    2    0    0    0   44    0   46    0   31    0    0    0    0   39    0    0   23   45    0   37    0    0   44   47    0   43    0    5    0   29    0   34   15    9    4    0    0   33   19   26    0   30    0   42    0   25    0    0   21    8    6   22   24    3    0    0    0    0    0    0    0   38  
  47    0   42    0    0    0    0   37   46    8   18    5    0   36   26    0   18   14    0   25    0    0    0    0    0    0    0   20   24   43    0    0    0    0   11   35    9    0    0   39    6    0   28    0    0   34    0   23    0    0    0   33    0   31   32   13   22    7    0   19    0   21    0   15    0   10    0    0   27    0    0    4    0    0    0    0    1    0   10    6   16   40    0    0   38   17    0    0   12    2   44    0   45    3    0   30   29    0   41    0  
  38    0    0   42    0   26   25    7    0    0    0   13   41   14   36    9    0    0   10    6    4    0    2    0    0    0    0    0   20    0    0   44    0    0    0    1    0    0    0    3    0   18   34   24    0   19   40   33    5    0    0   37    0    0   21    0    0    0    0   39   46   43    0    0    0    0    0   15   16    0   11   32    0   13   22   30   27   29   35   36   45    0   30   31   47   28    0    0   23   12    0    8    0    0    0    0    0   17    0    0  
   9    0    0   40    0    8    0   22   19    0    0   35   41    0   29   10    0    0    0   23    0    0   27    0    0    0    0    5   16   45    0    1    0    0    6    0    0   37   37    0   39   24   20   14    4    0    0    0   11   10    0    0    0   31   33    0    0   42   15   19    0   32    0   47   43    0    2   46    0    0    0    0    0   44   25   34   13   26    0   30   36   12    0   21    0    0    0    0    0    0    0   18   17    0    3   28   38    7    0    0  
   0    0   28    0   45    0    3    0   21   47    0   39   13   34    0    0    0   31    0    2   44    0   24    0    1    0    0    4   30    7    0   42   46    0    0    9    0   16    0   43    8    0    0    0    0    0    0    6   36    0    0   20   44   17    0   14   12    0    0    0    0   18    0   38   33    0   18    0    0    0   25   35    0    0   23    5   15   22   32    0   19    0    0   10    0   40    0    0   11   41    0   27    0   38    0   29    0    0   26   37  
   0   24    0   14   29    0    0   13   28    0    0    0   23    0    0    6    0    0   33   27    0    0    0   17   41    0   34   45   42   21   16    0   26   40    0    0    0    1    4    0    1   39    0   46    0   22    0   32    0    0   19   22    0    0   47   35    0    0    9    0   11    0    0    0    0   25    0   44    0    0    0   12    0   18    7    0   38    3    0   30    0    0    8   32    0    2   37    0   15    5   10   20   31    0    0    0    0   36    0   43  
   0    0   26    0   36    0    0    0    0    0    0   37    0    0    1    0    0    0    4   34    0   32    6    0    0   35    0   11   33   38   15    0    0   40   45    0    0    0   19    0    8    0   23   42   13    0    0   16    0    0    0   17   12    0   47   18    0    0    0    0    0    0   14    0   43    0   27   18   41    0    0    0    7   31    0    0   24    3   18    0   46   29   39   22    0    0   44   30   28    9   20   20    0   10    0   21    0    2   25    5  
   0   10   33    0   44    0   36    0   30    0    0    0    0   42    6    0    0    1   19    0    0   45   33    0   12   40    0   20    0   23    0    0   24    0    0    7    0    9    0   22    0   38   27    0    0   43    0   15   26    0   21    3    0    4   17   34    2    0   46    0    0   47    6    0    0    8    0    0    0   32    0   25    0    0   11    0   18    0   35   31   39    0    0    0    0    0   41   16    0    0   13    0   18   14   37   29    0    0    5   28  
   0    0    0   25    0   14    0    0    0    0    0    0   46   47   20   41   29   21   40    0    0    0    0    0   15   45   11    3    0    0   34   38    0   18    0    0    1    0    0   23    8    0   19    0    0   26    0    0   37   27    0    0    0    0    6    7    0    0    4    0   33   16    0   12   31    0    0    5    9    0   28    0    0   44   10    0    0    0   17    0    0   39   36   13    0   43   43   30   16    0   24   35    0   13    0   22    2   42   32    0  
  17   33    0    0   12    0   46    0    0   13    0   40   32    0    0    0   44   42    0    8    0    0    0    2    0   36   39   11   20   26   39   10   35   21    7   23    0    4   14    0   45   24    0    0    0   38   16   41    3    6    0   30    0    0    0    0   19   27    0   43    0    0   36    0    0   15    0   34    0    0    0    0    9   28    0    0    0   22    0   18    1   31    0    0    0    0   29   47    0    5    0    0    0   37    0    0   25    0    2    0  
  17    0   22    0   44    0   11   15   25    3    0   45    0    0    0   38   23   43   28   14   33    0   35    1   19    0   16    0    0    0    0    0    5    0    4   21   32    9    0    0    0    0    0    0    0    0    0    0   30   29   42   18    0    0    0    0   27    0    2   12    0    0    0   41    0    0    0   39   40    0    0   17    0    0   46    0   24    7    8   22   47    0   36   37    0    0    1   26   10    0    0   31    0   34    0    0    6   20    0   13  
   0   19    0    0    0   42    0    2   37   47   45    0    0    0    0   39   15    9    6   23   29   27   33    7    2   13   34    0    0    0    0   14    0    0    0    0   21    0    5   38   24    3    0    0    4   36   31    0   12    0    0   22    0    0    0    0    0    0   16    0   28    0   18    0    0   11    0    0    0    0    0   40   47   32   44    0    0    0    7   35    8    0    1   10    0   20    0    0   26   25    0    0    0   30   41    0   43   46   17    0  
   0   13    0   23    0    9   44    0    3    0    0   28    0    0    0    0    0   25   21    0    0    0    0   40   36    0    0    0    7    0    0    0    0    0    4   31   43    0   29   27    1    0    0   32   16    5    0   37    2    0   20   22   46   17   41    0    0    0   39    0   26   33    0    0   19   30   15   35   47   45    0    0    0    0    0    6   37   12   14    0    0   38    8   28    0   42   34    0   13    0   24    0   11   18    0    0    0    0    0   10  
  46    0    0    0   36    0    0    0   22    0    3    0    0   30    6   12    0    0    0   32   20   29    7    0   39   23    0    0    0   11   34    0    0    0   33   10    5   41    0    0   38    0   21   47    0    0    0    0    0    2   16    0   31   37   25    0   15   26   44    0   43   24    0    0    0    0    0   47   27    0   19    0    0    4   45    9    1    0    0    0   13   28    0    8    0   35    0    0    0   40   17   18    0    0   14   35    0    0   42    1  
   0    0    0   24   39   44   15   13    6    0    0    0    0    0    0    0    0    2    0   19   20    0   30   42    0    0    0   17   31   33    0    0    0    0    0    0    0   14    0   25    5    0   32    0   41   26    0    0    3    0    8    0   46    0    0   47   44    0    0   28    0   36   18   12   23    0    0   27    0    0   37    1    0    0   19   29    0    0   10   34   43    9    0    4    0   11   16    0   26   38   35   40    7    0   21    0    0   45   22    0  
  10   33   45    0   35   34   30   24   37   22   23   37    9    0    0   20    0    0   31    0   14   41   44   32    8    0    0   26    0   47   16    0    1    4    0    0    0    0    0    0    0    0   19   29    0    7   21   27    0    0    6   15    2    0   25    0   11    0   28    0    0    0    0    0   39    0    0    0   17    0    0    0    0    0    0   40    0   36   12    0   46    0   18    0   13    0   43    0   38    0    0   22    0    3   42    0    0    5    0   41  
   0   12    0    0   28   24    0    0    0    0   42    0    0   29   34    0   32    0   22    0    9    0    6    0    0    0   14   46    0    0   17   37    0    0   13    1    0   16   31    0    0   19    0    0   25    0    0    0    3   10   44   20    8    0   26    0    0   40    5    0   41   45    0   30   44    0    0   11    4    0   47    0    0    0   15   18    0   43   36   40   26   38    0   27    0    0    0    0   35    0    0   23    0   39    0    0   21    7    2   33  
  14    2   46   34    0    0    0   38    0    1    0   13    6    0    0    0    0   15    0   37   22    0    0    0   24    0    0   42    0   16    0    0    0    5    0    0   30   35    0    0    8   39    0   44   33    0   35    0   26    0   31   28   32   22    0    0    0    0    0   36   40   17    0    0   43    0   29    9   45    0    0    4    3    0   11   21    0   10    0   18   23    0   25   41    0    0    0   27    7   47    0    0    3   19   12    0   20    0    0    0  
  36    1    0   17    6    0   24    0    0   37    0    0   14    0    0    0    0   32    0    7   15    0    0    8   34   19    0   29   35   40    0   10   20    3    0    0    0    0    0    0   27   41    5   21    0    0   47   18    0    0    0    0    0    0   44    0    0    0   11    0    0   39   25    0   26   46    0   31    0    9    0   22   23   30    0    0    0    4   38    2    0   43   42   28   32    0   16   42   45    0   33    0   18    0    0   12    0   13    0    0  
  17    0    0    2    0    4    0   23    0   25   10   41    0   36   18    0    0    0    0   43    7   35   46   47    0    1    9    0   39   37    3    0    0    0    0    0   13    0    0   12   44    0    0    0   38    0    0    0   11    0   40   20    0   34   45   19    8   24    0    0   21   38   11    0    0    0   26    0    0    6    0   42    0    0   16   30   32    0   22    0   31    0    0    0    5    0    0    0   27   14    0    0   15    0   33    0   29    0   28   37  
  13    2   24   21   46   25    0   35    0   20   39    0    0    0   37    0    0    4    6   39    0    9    0   32   16    0   44    0    0   34    0    0    0   26   29   43    0    0    0    7   41   15   47   40   22    0    0    5   36    0   14   27    0   28   33    0    0   12    0    0   38    0   19    0    0    0    1    0   17    0    0   42   11    0   45    0    0   23    0    0    0    8   30    0    0    0    4    3    0    0   18    0   10    0   31    0   12    0    0    0  
   0   41    4   17   27   40   42   35    0    0    0    0    2    0   45   39   33    0    0    0    0   38   22   31   37    0    0    0    0   22   12   30    0    0   15    0    0    8   24    0   32   26   14    0    0    0   16    1    0   21   23    0    5   47   22    9    0    0    0    0    0    0    0    0   29    0    0   43    0    0    0   36   25   46    7    0    0   11   28    0    0    0    6   20   44    0    0    0    0    0   34    0   18    0    0   10   13    3   19   46  
   0   32   14    1   34    0    0   45   13   17    0    0   18    0    0    0    0   25    0   44   12   38    0    0   47   28    0    0    0    0    0   39    0   29   16    0    8    0    0    0    0    7   30   22    0    0    0    0   37    0   21    0    0    0   33   46   19    2   15   41   10    4    0    0    6   26    0    0    0   35    0    0    0    0    0    0    0   43   24   11   20   27   21   31   23    0    9    0   36    0    0    0    0   40    5    0   17   30   42    3  
  15    0   24   47   41    0   19   30   13    0   29   12    0   34   18   17   14    4    2    0    0    0   42    0   16   22    0    0    0    0    0    0    0    0    0    0   33    6    0    0    0    0    3   31    0    0    0    5    0   38   23    9   21    0   26    0    0   40    0   45   45    0    0    7    0    0    0    0   36    0    0    0   20    0   25   44   46    0   32   47    8   27    0    0   43    0   28   39    0    0    0   38    1    0    0   35   37   10    0   11  
   0    0   13    0   32    0   14   21    0   23   45    0    0    5   11   20   25   43   30    0    0    0   36   28    1   29    0   22   34   38    0    0    0   37    0   19    0    0   26    0    0    0    0    0   31   44    0    6    3   17    0    4    9   40   10    2    7   16    0    0    0    0   15    0   47   11   47    0    0    0    0    0    8   42    0    0    0   27    0   41    0    0    0    0   46    0    0    0    0   35   18   24   12    0    0   33    0   15    0   39  
  46    0    0    3   42   34   18    0    0    0   21    0    6   20   11   44    0    0    0   38   36    0   31    0    4    0    9    0    0    0    0    0    0    8   37    0   22    0   33    0   23    0    0   40    8   12    0    0    1    0    0   19    0    0   25   30   24   14    2    0    5   23   10    0    0    0   26    0   35    0   47    0   32   13    0    0    0   15   43    0    7    0    0   29    0    0   27   41    0   16   17    0   28    0   39    0    0    0   37   45  
  32   38   36    2   24    7    5   32    0    0   15    0    0   37   27   14    0   21   29   45   26    0    0   16   46    0    0   17   47   20    0    0   31    0    4    0    0   19   13    0    0    0    1    0    0   25    0    0    9    0    0    0    0   39    0    0    0   41   10   28    0   33   23    0    0    0    0    0   32    8   40    0    0    0    0   35   22    0    0   18   43    0    0   11    0   30    0    0   12   42    0   38    6   44    0    0    0    0   34    3  
   6   11   13    2    0   12   44    0   32   30    0   31   45    0    0    0   21   39    9    0   33   34    0    0    0    0    1    0   10    0    8   27    0   29    0   17    0    0    0    0    0    0    0   36    0    0   14   25    0    0   46    0   23   28    0   20   41    1    0    0   18   15    0   19    0    0    0    0    0    0   35    0    4    0    0   38    0    2   22   40    0    5    0    0   43    7   11   42   37   16   26    0    0    0   47   24    0    3    0    0  
   0    0    3    0   39    0    0    0    0    0   47    0    0    0   45   38    0    0   29    0   16    0   36   32    0   25    0   22   28    4   44    0    0   13    0    7   34    0   19   24    0    0   46    0    0   33    0    0    0   17   10   12   27    8    0   23    9    0    0    0   14   15    0    0    5    1    6    0   39    0    0    0   43   37    0    0   18   41    0    0    0   11   31    0   21    0   30   31    0    0   12   20   26   40    0   42   35    0    0    2  
   0   23    0   35    0   22    0    0    0    0    3    0    0   44   17    0    0    1   32    0   41   12   46   20   14    0   15    0    9   11   45    0    0   30    0   28    0   27   24    0    4    0    0    0    0   47   10    0    3    0    0   19    0    0   37   43    0    0    0   39   34    0    6    0    0   25   35    2    7   40   31    0    0    0    0    0    0    9    0    8   29    0   42    0   33    0    0    0    0   36   16   21    5   26    0    0   38   18   13    0  
  17    0    0   16   21   44   35   14    0    0   40   22   41   28   12   30   36    0    0    0    0    0    0    4    1   31    0   46    0    0    0   26    8    0    0    6    0   18   39   10   37    0    0   42    0    0    0   19    0   27    0    0   23    0   38   16   20   26   45   34    0    0    0    0    0   33    0   15   25    0   43    0    0    0    0    0    0   47    0   13    0   29    0    0   24    9   32    5    3    7   11    2    0    0    0    0    0    0   20    0  
   0   27   27   39    0    0    0   21   32    0   30   18   23    0   20    0    0    5    0    0   41   40   12   14    4   43    0   17    0    0    0   24   10   31    0    0   28    9    0    0    6   29   11   46   25   33   12    0    0   22    0    0    7   44    0    0    0   42    0    8   38   45    0    0    0    2    3   36    0   47   35   13   26   16    0   19    0    0    1    0    0    0   15    0    0    4    0   34    0    0    0    0    0    0   37    0    0    0    0    0  
   0   23    0    0   33   21    3    0   45   15    4    0   18    0    0   14   36    0   39    0    0   34    0    0    0    0   44   32    0    0   20    0    0    0   24    0   14   11    0    0    0   17    0   31    1    0   43    0    5    0    0    8   19   12    0   42    0   10    0    6    0    0   25   14   29   22   38    0   35    0    0    2    0   13    0   28    0   37    0    0    0   26   47   23    7    0   46    0   41    0   27   16    0    0   30    0    9   40    0    0  
   0   44   22   42    0    0    0    0   31   25    0    0    0    0    0   28   24   21   22    0    0   41   40   23    0   27    0    8   46   38    0    0   34    0    0    0   14   18    0    0    8   13    0    0   19    0   12    0    0   33   35   47    0    0   11   43   16   39    4   37    0   10   26    2    0   36    6    0    0   29    0   15   25    0    0    3    0    0    0    0   20    0   32    0    1    0   30    0    0    0   45    0    7    5    0    0    0    9    0   17  
   0    0    9    0   18   13    0    1    9   30    0    0    0   36    0   31    0    6    0    0    0    0    3    0    0    0   22    0   23   44    0   42    0    0   40   11   35   14   43    0   19    0    0   46   26   10    0    0   45    0   38   12    0   41    0    0    0    6    0    8   15    0    0   41   17    4    0    0    0   20   47   28   16    0    0    0    2   24    0    0    0    0   39    0   29    0   27   37    7   32    0   21    0   34    5    0   25   33    0    0  
   3   21    0   43    6    0    0    0   22   30    0   28    0   24    0    0    0   29    0   39    0   44   43   34   26    0   41   14   40    4    0   47    0    0    0    0   19   13    0   29    0    0    0    0   18    0   11   31   16   23    0   37   20   16   10    0   25    0   33    2   42    0    0    0    0    0    0    0    0   36    0    0    0    0    0   27    1   32    0    0    0   38    0    0    0    0   45    0    8   35   15   46    0   17    9    7    0    5   12    0  
   0   34    0   12    0   10    0    0   35   27   45    0    0   41    0   37   22    0    0    0    0    0   20   47   16    0    0    0    0    0   14    0    7    0   41    0    0   43    4    0   46    0   19   19    1   21   31   40    0    0   30    0    2    0    5   18   14    0   29   17   24    0   25   15    0   44    0   36   28    0   23   13    0    0    3    6    8    0    0   38    0    0    0   33    9    0    0    0    0    0    0    0   32   42    0    0   39    0   11   26  
  27    0   44    0    4    0   31   39   16   43   22    0    0    0    9   26    0    0   42    0    0   41    6    0   13    3   47   23    0    0    7    0    0    0    0    9    0    0   34    0   18   15    0    0    5   37   20    0   10    0    0    0    0    0   28   30   19    1    0    0    0    0   29   17   12   11    0    0    0    0   32    0   46    0    0    0   24    0    0   15    0    0    0   45   40   21    2    0   25   37   33    0   38    0    8   14   35    0   36    0  
   0    8    4   46   14    6   20   23   35    0    0   18   44   16    7    0    5    0    0    0   11    9   34   37   40   33    0    0   38    0   43   17   41   28   45   10    0    0    0    0   31   24    2    0    0    0   12   32    0   25    0   13    0   36    0    0    0    0    0   30    0   26    3   46    0   27    0    0   42   22   21    0    0    0    0    0   47    0   24    0    0    0    0   39    0    1    0    0    0    0    0    0    0    0    0   15   29   24   19    0  
  45    5   41    0    0   33    0    0    1    0    0   13    3    0   17   16    4    0   25    0    0    0   21   28    0    0    0    0   22    0   34   38    0    0   44    7    0    0   26   27    0    0   36    0    8    0   32   15    0   31   35    0    0    0    0   12   11    0    0    9    0    0    0   19    0   10    0   46   47    6    0   29   43   39   42    0    0   20    0    0    0    0   37    2   18   30   16    0    0   10    0   23   40    0    0   24   14    0    0    7  
   0   34   42    0    0   23    0    0   38   41    0    0    0    5   18   45    0   37   32    0   30    2    0    0   29    0   35    0   17    0    0    9   14   28   26   10    0    0    0   22    0   15    0    0   33    0    0    0   16   31    0   19    0    0   24   36    8    4    6   39    0    0   46    7    3   21   13    0   40    0   11   25    0    0    0   19    0    0   12    0   27    0    0    1   47    0    0    0    0    0    0   25   29   20   43   44    0    0    0    0  
   0    7    0   27   36   31   38   41    0    0    0    0    0    5   22    0    3   15   46    0    0   39    0   10   23   29   16    0   20    0    4    0    0   34    0    0    0   13   38    1   32    0    0   37    0    0    0    0    9    0    8   42    0    0   35    0   17    0    0   14    0    0    0    0   45   30   28    0    0   19    0   11   18   44    0   39   12   24   15    0   33   40   25   47    0    0    6    2    0   26    0    0    0    0    0    0   43    0    0   21  
  35    0    5   27    0   23    0   22   38   30   46    0   24    1    8    0    0    0    0    0    0   29   31    0    0   43    6   28    4   45   18   33   13    0   15    0    0    0    0    0    0   20    0    0    0    0    0   40    0   34   12   47    0    0   39    0    0   37    0    0    0    0   25   26    0    0   41    0    2   42    0    0   32   10   17    3    0   36    0    0   19   21    0    7    6   11    0    0   14    9    8    0   44   32    0    0   16    0    0    0  
   0    0    0   47    0    0    0    0   37   23   33    0   30    0    0    0    0   42    0   26    7    0    0    6    0   43    0    0   45   26    0    0    0   10    0    0   12    0   11   35   41   36   13    0   24   34   25    0    0   18    0    9    0   17    9   46    0   40    0    3   16    0   39    8    0    2   19    0   29    0   31    0    0    0    0   32   20   14    0    0    0   28   38   24    0    1   21   22   27   44    0    0    0    4    5    0    0    0   15    0  ] 
BUDGETS : [    2    7   13   15   22   24   25   34   34   36   37   54   56   57   59   60   62   69   71   72   74   74   75   75   75   77   78   81   85   89   90   91   94   95   99  100  102  103  105  107  107  111  114  116  118  124  124  124  126  128  134  134  134  136  139  140  141  142  143  143  143  144  145  146  148  148  148  149  152  155  157  160  161  165  165  169  170  171  172  173  174  177  178  183  184  184  186  186  188  189  189  190  190  193  193  193  195  196  199  200  ] 
