K : 100
I : 50
PREFERENCES : [    0    0    0    0    0    0    0    0    0    0   47    0    0   46    0    0    0    0    0    0    0   47    0    0    0    0   49    0    0   48   49    0    0    0    0   47   50    0    0   47    0   47    0    0    0    0    0    0    0    0  
   0    0    0    0   46   49    0    0    0    0    0    0    0    0    0   49    0    0    0   49    0    0    0    0   48    0    0   49    0    0   48    0    0    0    0    0    0   47    0    0   48    0    0    0    0    0    0    0   50    0  
   0    0    0   46    0    0    0    0    0   47   50    0    0    0   46    0    0    0    0   49    0   47    0    0    0    0   47    0    0    0   50    0    0    0    0    0    0    0    0    0    0    0    0    0   47    0    0    0   48    0  
  47    0   46    0    0   47    0   48   47   47    0    0    0    0    0    0    0    0    0    0    0    0    0   49    0    0    0    0    0    0    0    0    0    0    0    0    0   50    0    0    0    0    0    0    0   50   49    0    0    0  
   0    0    0    0    0    0    0    0    0   47    0    0    0    0    0    0    0    0    0   46   49   47    0    0    0   47   47    0    0    0    0   49    0   50   48    0    0    0    0    0    0    0    0    0    0    0    0    0    0   47  
   0   49    0    0   48    0   49    0    0    0    0    0    0    0   50    0    0   47    0    0    0    0    0    0    0    0    0   48    0    0    0   49    0    0    0    0    0    0    0    0   50   49    0   46    0    0    0    0    0    0  
   0    0    0    0    0    0    0    0    0    0   50    0    0    0    0    0    0    0    0    0    0   47    0    0    0   49    0    0    0    0   46    0    0   48   49   50    0    0    0   46    0   49   47    0    0    0    0    0    0    0  
  46    0    0    0    0    0    0    0    0    0    0   48    0    0    0    0    0    0    0    0    0    0    0    0    0    0    0   49    0    0    0   49    0    0    0    0   47    0    0   47    0   50    0   49    0    0    0   47   47    0  
   0    0    0   49    0    0    0    0   49    0   48    0   48    0    0   46    0   47    0   50    0    0    0    0    0    0    0    0    0    0    0   46    0   48    0    0    0    0    0    0    0    0    0    0   48    0    0    0    0    0  
   0    0    0    0    0    0   48   48    0   48   48    0    0    0    0    0    0    0    0    0    0    0    0    0    0    0   46    0    0    0   46    0    0    0   47    0    0    0   49    0   47    0    0   50    0    0    0    0    0    0  
   0   49    0    0    0    0    0    0    0    0    0    0    0    0    0    0   48    0   46    0    0    0    0   48    0    0    0    0    0   50    0   46    0    0    0    0    0   49    0   47    0    0    0    0    0    0   46   47    0    0  
   0    0    0    0    0    0    0    0    0   46    0    0    0    0    0    0    0    0    0    0   50    0   49   50   47    0   46    0   50    0   46   49    0    0    0    0    0    0    0    0    0    0    0    0    0    0    0    0    0   48  
   0    0    0   47    0   48    0    0    0    0    0    0    0    0    0    0    0   47    0   48   47    0   48   49    0    0   46    0    0    0    0    0    0    0    0    0    0    0    0    0    0    0    0    0    0    0    0   47   50    0  
   0    0    0    0    0    0    0    0    0    0    0   47    0    0    0    0   46    0    0    0    0    0    0   49    0    0    0   48    0    0   50    0    0    0    0    0    0    0    0    0    0   47    0    0   46   47   50   50    0    0  
   0    0    0    0    0    0   49   47    0   50   48   47    0    0    0    0    0   50    0    0    0    0    0   47    0    0    0    0    0    0    0    0    0    0   46    0    0   47    0    0   46    0    0    0    0    0    0    0    0    0  
   0    0    0    0    0   49   48    0    0    0    0    0    0    0   46    0    0    0    0   50   47   49    0    0    0   49    0    0   48    0    0    0   48    0   49    0    0    0    0    0    0    0    0    0    0    0    0    0    0    0  
   0    0    0    0    0    0   47   49    0    0    0    0    0    0   47    0    0    0    0    0    0    0    0    0    0   46    0    0    0    0    0    0    0    0   49    0    0    0    0   48    0    0   50   48   50    0    0    0    0   46  
   0    0   49    0    0   48   46    0    0    0    0   47    0    0    0    0    0    0   49    0   46    0    0    0    0    0    0    0    0    0    0    0    0    0    0    0   50    0    0    0    0    0    0    0    0   46    0   46    0   50  
   0    0    0    0    0    0    0    0    0    0    0    0   49    0    0    0   48    0    0    0    0    0   47    0    0    0    0    0    0   50    0    0    0   50    0    0   48    0   46    0    0    0   50   50    0    0   48    0    0    0  
   0    0   46    0   49   46   49    0    0    0    0    0   49   46    0    0    0    0    0    0    0    0    0    0    0    0    0   47    0    0    0   48    0    0    0    0   50    0    0    0    0    0    0    0    0   50    0    0    0    0  
   0    0   50   49    0    0   50    0    0    0    0    0    0    0    0    0    0    0   50   46   48    0    0    0   46    0    0   47    0    0    0    0    0    0    0   49    0    0    0   50    0    0    0    0    0    0    0    0    0    0  
   0    0   48    0   47   46    0    0   46    0   46    0    0   48    0    0    0    0    0    0    0    0    0    0    0    0    0    0    0    0    0    0    0    0    0   49    0    0    0    0   46    0   50    0    0   50    0    0    0    0  
   0    0    0    0    0    0    0   46    0    0    0   49    0    0    0   50    0    0    0    0    0    0    0    0   47   49    0    0    0    0    0    0    0    0   50    0    0    0   47    0    0    0    0    0    0    0   46   46   48    0  
   0    0   48    0    0   47   50    0    0    0    0    0    0    0    0   49    0    0    0   50    0   50    0   50    0    0    0    0   46    0    0    0    0    0    0    0    0    0    0    0    0    0    0    0    0   50    0   50    0    0  
   0   50   49    0    0    0    0    0    0    0    0    0    0    0   48   49    0    0    0   47    0    0    0    0   50    0    0    0    0    0    0   46    0    0    0    0    0    0   50    0    0    0   47    0    0    0    0    0    0   50  
   0    0   48    0   50    0   49   47    0    0    0    0    0    0    0    0    0    0    0   48    0    0    0   46    0    0    0    0   46    0    0    0   50    0    0    0    0    0   49    0    0    0    0    0   49    0    0    0    0    0  
   0    0   46    0    0   47   46    0   50    0    0    0    0   47    0    0    0    0    0    0    0    0    0    0   47   48    0    0    0   47    0    0    0    0    0    0    0    0    0    0    0    0    0    0   48   49    0    0    0    0  
   0    0    0    0    0    0    0    0    0    0    0    0    0   46    0   50    0    0    0    0   46   47    0    0    0    0    0    0   48    0    0    0    0   49   46    0    0    0    0    0   46   50   46    0    0    0    0    0    0    0  
   0    0   49    0   47    0    0    0    0   49    0    0    0    0    0    0    0    0    0   47    0    0    0   48    0    0    0    0   49    0   48   46    0    0    0    0    0    0    0    0    0    0   48    0   50    0    0    0    0    0  
  48    0    0    0    0    0    0    0    0    0    0   48    0    0    0    0    0   49    0    0    0   48    0   50    0   46    0    0    0    0   47    0    0    0    0    0    0   48   48    0    0    0   47    0    0    0    0    0    0    0  
   0    0    0    0   48    0    0    0   50    0   48    0    0    0    0    0    0    0    0    0   49   46    0    0    0    0    0    0   49    0   47   48    0    0    0    0   49    0    0    0    0    0    0    0    0    0    0    0    0   47  
   0    0    0    0    0    0   48    0    0    0    0   50    0   47    0    0    0    0    0    0    0    0   50    0    0    0   47    0    0   46    0    0   48    0    0    0    0    0    0    0    0    0    0    0   49   49    0    0    0   47  
   0    0    0    0   47    0    0    0    0   50    0    0    0    0   49    0    0    0    0   50    0    0    0    0    0   49    0    0    0   48   50    0    0    0    0    0    0    0    0    0    0    0   46   49    0   49    0    0    0    0  
  50    0   50    0    0    0    0    0    0    0    0    0   47   48    0    0    0    0    0    0    0    0    0    0    0   46    0    0    0    0    0    0    0   50   49    0    0    0    0    0    0   50   50    0    0    0   50    0    0    0  
   0    0    0    0    0    0    0    0   46   47    0   47    0    0    0    0    0    0    0    0    0    0    0    0    0    0    0   50    0   49   46    0   47    0    0    0    0   48    0    0    0    0    0   49    0   50    0    0    0    0  
   0    0    0    0    0    0    0   46    0    0    0    0    0    0    0    0    0    0    0    0   48    0    0    0    0   47    0    0   48    0    0    0   50    0    0    0    0   49    0   47    0   50    0    0    0    0   50    0    0   48  
  46    0    0    0    0   46   48   50   49   49    0   50    0    0    0    0    0    0    0    0   47    0    0    0   46    0    0    0    0   46    0    0    0    0    0    0    0    0    0    0    0    0    0    0    0    0    0    0    0    0  
  47   50    0    0    0    0    0    0    0    0    0    0    0   49    0    0   46   47    0    0    0    0    0   47    0    0    0    0    0    0    0    0    0    0   47    0   48    0   47    0    0    0    0    0    0   47    0    0    0    0  
   0    0    0   46    0    0    0    0    0    0    0    0    0    0    0    0    0    0   50    0   46   48   49    0    0    0   50    0    0    0    0   50   50   47    0    0    0    0    0    0    0    0    0    0    0    0    0   50    0    0  
  48    0    0   49   46    0    0    0    0    0    0    0    0    0   50    0    0    0    0    0    0    0    0    0    0   47    0    0    0   50    0    0    0    0    0   49    0    0    0   50    0    0   48    0    0    0    0   50    0    0  
  49    0    0   47    0    0    0   50    0    0    0    0    0    0   47    0    0    0   47   47    0    0    0    0    0    0   47    0    0   46    0    0    0    0    0    0    0    0    0    0    0    0    0    0   48    0    0    0    0   48  
  46    0   48    0    0    0    0    0    0    0    0    0    0   49    0    0   50    0    0    0    0   48    0   50    0    0    0   50    0   47    0    0    0    0    0    0   50    0    0    0    0    0    0    0    0    0    0   47    0    0  
   0    0    0    0   48    0    0   48    0    0   48    0    0    0   50    0   50   50    0    0    0    0    0   47    0   50    0    0   46    0    0    0    0    0    0    0    0    0    0    0    0    0    0    0    0    0    0   49    0    0  
   0   46    0    0    0    0    0    0    0    0    0    0    0    0    0    0    0    0    0    0    0    0   50   46   47   49    0    0    0    0   48    0    0    0    0    0    0    0    0    0   50   47    0    0    0    0    0   48   47    0  
  46    0    0    0    0    0    0   49    0    0    0    0   46   47    0    0    0    0    0    0    0    0    0    0    0    0    0    0    0    0   50    0    0    0    0   47    0   47    0   46    0    0    0    0    0   48    0    0    0   50  
   0    0    0    0    0    0    0    0   49   50    0    0    0    0    0   46    0    0    0    0    0   46    0    0    0    0    0    0    0    0    0    0    0   46    0    0    0    0    0    0   48    0    0   50   50   47    0    0    0   47  
   0    0    0    0    0   49    0    0    0    0    0    0    0   46    0    0   47    0    0   49   46    0    0    0   50    0    0    0   46   46    0    0    0    0    0    0    0    0    0    0    0    0    0    0    0    0    0   48    0   49  
   0    0    0    0    0    0    0    0    0    0    0    0   50    0    0    0   48   46    0    0    0    0    0    0   46    0   47    0   46    0    0    0    0    0   46    0    0    0   49    0   48    0    0    0   47    0    0    0    0    0  
  48    0    0    0    0   46    0    0    0    0    0   46    0    0    0    0    0    0    0    0   49   46    0    0    0    0    0   47    0    0    0    0   46    0   50    0    0   50    0    0   46    0    0    0    0    0    0    0    0    0  
   0    0    0   46    0   46    0    0    0    0    0    0    0    0   48   46    0    0    0    0    0    0    0    0    0    0    0    0   48    0   50    0    0   46    0    0    0    0   48   49    0   47    0    0    0    0    0    0    0    0  
   0   47    0    0    0    0   50   48   47    0    0    0   46    0    0    0   47    0    0    0    0    0    0   47    0    0    0    0    0    0    0    0    0    0    0    0    0    0    0    0    0    0   49   47    0    0   49    0    0    0  
   0    0    0    0    0    0    0    0    0    0    0    0    0    0    0   50    0    0    0    0   46    0   47    0    0    0    0    0    0   50   50   48    0    0    0    0    0    0    0    0   49    0    0    0    0   50   47    0    0   46  
  48    0    0    0    0    0   46   46   47   50   49    0    0    0    0    0    0    0    0    0    0    0    0   47    0    0    0    0    0    0    0    0    0   49    0    0    0    0    0    0    0    0    0   46    0    0    0   47    0    0  
   0    0    0   46    0   49    0    0    0    0    0    0    0   49    0    0   50   47    0    0   48    0    0    0   47    0    0    0    0    0    0    0    0    0    0    0    0    0    0    0    0   50    0    0    0   49    0    0    0   47  
   0   50    0    0    0    0    0    0    0    0    0    0   47   50    0    0    0    0    0   48    0    0    0   49    0    0    0    0    0    0    0   46    0    0   48   50    0    0    0    0   50    0    0    0    0    0    0   46    0    0  
   0   47   49    0    0    0   46    0    0    0    0    0    0    0    0    0   46    0    0   48   47    0    0    0    0    0    0    0    0    0    0    0   48    0    0    0    0    0   50   48    0    0    0    0    0    0    0    0    0   46  
   0    0    0    0    0    0    0    0    0    0    0    0    0    0    0    0    0    0    0    0   47    0    0   47   46   50    0    0    0    0   49    0   50   47    0   47    0    0    0    0    0    0    0    0    0   48    0   50    0    0  
   0    0    0    0   47   47    0    0   47    0   50    0    0    0    0    0    0    0    0    0    0    0    0    0   48    0    0    0    0    0   49    0    0   46    0    0    0    0    0    0   47    0    0    0    0    0    0   50    0   47  
   0   50   50    0   46    0    0    0    0    0    0    0    0    0    0   49    0    0    0   48    0    0    0    0    0    0    0    0    0    0    0    0    0    0   48   47    0    0    0    0    0   48    0    0   48    0    0    0   46    0  
   0    0    0    0    0    0    0    0    0    0    0    0   49    0    0    0   47    0    0    0    0    0    0    0   46   48   46    0    0   48   47    0    0    0    0    0    0    0    0    0    0    0    0   46    0    0    0    0   46   50  
  49    0    0    0    0    0    0    0    0    0   47    0    0    0    0   50    0    0    0    0    0   46    0    0    0   49    0    0   46   49    0    0    0    0    0   48    0    0    0    0   46    0    0    0   49    0    0    0    0    0  
   0    0    0    0    0    0    0   50   49    0    0    0    0    0   46    0   46    0    0    0    0    0    0    0    0   47   49    0   46    0    0    0    0    0    0    0    0    0    0   48    0   47    0    0    0    0   49    0    0    0  
   0    0    0    0    0    0    0    0    0    0    0    0    0   47   48    0    0    0    0    0    0    0    0    0    0    0    0    0    0   47   48    0    0    0    0   49    0    0   50   49    0    0    0   48   48    0    0    0   46    0  
  46    0    0    0    0   48    0    0    0    0    0    0    0   47    0    0    0   49    0    0    0    0    0    0    0    0    0    0    0   48   46   47    0    0    0    0    0    0    0    0    0   48    0    0    0   49    0   50    0    0  
  48    0    0    0    0    0    0   49    0    0    0    0   49    0    0    0    0    0    0    0    0    0    0    0   49    0   47    0    0    0    0   46    0    0    0   49    0    0    0    0    0    0   49    0   49    0    0    0    0   50  
   0    0    0    0    0    0    0    0    0   48    0    0    0    0    0    0   50    0    0   46   47    0    0    0   50    0   47   47    0    0    0    0    0    0    0    0    0    0    0   49    0    0    0    0    0    0   46    0    0   50  
   0   48   48    0    0    0   50    0    0    0    0    0    0    0   46    0    0    0    0   50   49    0   50    0    0    0    0    0    0   47    0    0    0    0    0    0    0    0    0    0    0    0   48    0    0    0    0   50    0    0  
   0    0    0    0   46   49    0    0    0   47    0    0    0   46    0    0   47    0    0    0    0    0    0    0    0    0    0   50    0    0    0    0    0   48   49    0    0    0    0    0    0    0   50    0    0    0    0    0    0   48  
   0    0    0    0   48   47    0    0    0    0    0    0    0    0    0   47    0    0    0   47    0    0    0    0    0   50   46    0    0    0    0    0    0    0   50    0    0   49    0    0    0   46    0    0   47    0    0    0    0    0  
   0    0    0    0    0   47   47    0    0   50   50    0    0    0    0    0    0    0    0    0    0    0   50    0   46   49    0    0    0    0    0    0    0    0    0    0    0    0    0   46   48    0    0    0    0    0   49    0    0    0  
  47    0    0    0    0    0    0    0    0   50    0    0    0   46   48    0    0    0    0    0    0    0    0    0   49    0   46    0   50    0    0    0   50   48    0    0    0    0    0    0    0    0    0    0    0    0   50    0    0    0  
  49    0    0    0    0   50    0    0   49    0   50    0    0    0    0    0    0    0    0    0    0    0    0    0   48    0    0    0    0   49    0    0    0   46    0   47   50    0    0    0    0    0    0    0    0   50    0    0    0    0  
  46   46    0    0    0    0    0    0    0    0   49    0   46    0    0    0    0    0    0    0    0    0    0    0   49   46    0    0    0    0    0    0    0   48    0    0    0    0   50   47    0    0    0    0   48    0    0    0    0    0  
   0   46   47    0    0   49    0    0    0    0    0    0    0    0    0    0    0    0    0    0    0    0   48    0   48   49    0   48    0    0    0    0    0   50    0    0    0   50    0    0    0    0    0    0    0    0   48    0    0    0  
   0    0   48    0    0   46   50    0    0    0    0    0    0    0   47    0    0   49    0    0    0    0   50    0    0    0    0    0    0    0   50    0   47    0    0    0    0    0    0   49    0    0    0    0    0    0    0    0    0   46  
  49    0    0    0    0    0    0    0   47    0    0    0    0   46    0    0    0    0    0    0    0    0   47    0    0    0   49    0   48    0    0   47    0    0    0    0    0    0    0    0    0    0   49    0    0    0   49    0    0   50  
   0    0    0    0    0    0    0    0    0   47    0    0    0   49    0    0    0    0    0   49    0   48    0    0   46    0    0    0   48   48    0    0    0    0    0    0    0   49    0    0    0    0    0   50    0    0    0    0   47    0  
  47    0    0    0   47   50    0    0   49    0   46    0    0    0    0    0    0    0    0    0    0   48   47    0    0   49    0    0    0    0    0    0    0    0    0    0    0    0    0   47    0    0   49    0    0    0    0    0    0    0  
  49    0   47    0    0   47    0   49    0    0    0    0    0    0   46    0    0    0   46    0    0    0    0    0    0    0    0    0    0    0    0    0    0    0   48    0    0    0   48   49    0    0    0   50    0    0    0    0    0    0  
   0    0    0    0    0    0   50   46    0   48    0   47    0    0    0   46    0    0    0   50    0   49    0    0   49    0    0    0    0    0    0    0    0    0   50    0    0    0    0    0    0    0    0   46    0    0    0    0    0    0  
   0    0    0    0    0    0   46    0    0    0   46    0    0   50    0    0   50    0    0    0    0    0   46    0    0    0    0   48    0    0   47   48    0    0    0    0    0    0    0    0    0    0    0    0    0    0   49   50    0    0  
   0   48    0    0    0    0    0    0    0    0   49    0    0    0    0    0    0   50    0    0    0   46   48    0    0    0    0    0   50    0    0    0    0    0   47    0    0    0    0    0    0    0    0   48   47    0   48    0    0    0  
   0   46    0    0    0    0    0    0   48    0   50    0    0   47    0    0    0    0   46   48    0    0   50    0    0    0    0    0   49    0    0    0    0    0    0    0    0    0    0    0    0    0   50    0    0    0    0    0    0   50  
   0    0    0   48    0    0    0    0    0    0    0    0    0    0    0    0    0   46   47    0   49   48    0    0    0    0    0    0    0   48    0    0   50    0    0    0    0    0   48    0   48    0    0    0    0   47    0    0    0    0  
   0   46    0    0   50    0    0    0   48    0    0    0    0    0    0    0   49   46    0   47    0    0    0    0    0    0   50   46   46    0    0    0    0    0    0    0    0    0    0    0    0    0    0   50    0    0    0    0    0    0  
   0    0    0    0    0    0    0    0    0    0   50    0    0    0    0   49   47    0    0    0   46    0    0    0   50    0    0    0    0    0    0   48    0    0    0    0    0    0    0    0    0   46    0   49    0   46    0    0    0   50  
   0   46    0    0    0    0   50    0    0   49   48    0    0    0    0   47    0    0    0    0    0    0    0    0   46    0    0    0    0    0    0    0   50   48    0    0    0    0    0    0    0    0   46    0    0    0    0    0   46    0  
  49   50    0    0    0    0    0    0    0   46    0    0   47    0    0    0    0    0    0    0    0   49    0   50    0    0    0    0   46   48    0    0    0    0    0    0   46    0    0    0    0    0   47    0    0    0    0    0    0    0  
   0   46   46    0    0    0    0   49    0    0    0   46    0    0    0    0    0   48    0    0    0    0    0    0   46    0    0    0    0    0    0   47    0    0    0    0    0   50    0    0    0   49    0    0    0    0    0   48    0    0  
   0   48    0    0    0   46    0    0   50    0    0    0    0   46    0   49    0    0    0    0    0   47    0    0    0    0    0    0    0    0    0    0    0    0    0    0    0    0   50    0    0    0    0    0    0    0   46    0   50   46  
  47    0    0    0    0   50   46    0    0    0   49    0    0    0    0    0    0    0    0    0   47    0    0    0    0    0    0    0   47   47   50    0    0    0    0    0    0    0   48    0   50    0    0    0    0    0    0    0    0    0  
   0    0    0   49   48    0    0    0   49   47    0    0    0    0    0    0    0    0    0    0    0    0    0    0   50    0    0    0    0    0    0   48    0   47    0    0   48    0    0    0   46    0    0    0    0    0    0    0    0   48  
   0    0    0    0    0    0    0   50   47    0    0    0    0    0    0    0    0    0    0    0    0    0    0    0    0    0    0   46   48    0    0   49   47   50    0    0    0   48    0    0    0    0    0    0    0    0   49   47    0    0  
   0    0    0   46    0    0    0    0    0    0   46    0    0    0    0    0   50    0    0    0    0    0   50    0   49   48    0    0    0    0    0    0    0   50    0    0   50    0    0   47    0    0    0   48    0    0    0    0    0    0  
   0   50    0    0    0    0    0   50    0    0    0    0    0   46   47   49    0    0   48    0    0    0    0    0    0    0    0    0    0    0    0    0    0   49    0    0    0   48    0    0    0    0    0   46    0    0    0    0    0   48  
   0    0   46   47    0    0    0    0    0   50    0   49    0    0    0    0    0    0    0    0   49    0    0   48    0    0    0    0    0    0    0    0    0    0   50    0    0    0    0   48    0   49    0    0    0    0   47    0    0    0  
   0   49    0    0    0    0    0    0    0    0    0    0   48    0    0    0    0    0   48    0    0    0    0    0    0    0    0    0   50    0    0    0    0   48    0    0   50    0    0    0    0    0   48   47   50    0    0   46    0    0  
   0    0    0    0    0    0    0    0   46    0    0    0    0   50   50    0    0   47    0    0   46    0    0    0   50    0    0    0   48    0    0    0    0    0    0    0   47    0    0   50    0    0    0    0    0    0   49    0    0    0  
   0    0    0    0    0    0    0    0   47    0    0    0    0    0   49    0   48   49    0    0   49    0    0    0    0    0   47    0    0    0    0    0    0    0    0    0    0   49    0   46    0    0    0   50    0    0    0    0    0   46  
   0   47    0    0   47   50    0    0    0    0   50    0    0    0   46    0    0    0    0   46    0    0    0    0    0   48    0    0    0    0    0    0    0   49   46    0    0   50    0    0    0    0    0    0    0    0    0    0    0    0  ] 
BUDGETS : [    4    5    6    8   11   13   15   17   21   22   25   26   28   31   31   35   37   38   39   41   42   46   46   47   50   51   53   55   56   57   58   60   65   68   70   70   75   76   79   85   87   92   93   95   95  101  104  106  106  107  115  115  116  117  117  118  122  125  127  127  127  128  128  132  135  136  136  136  139  139  139  139  143  144  147  150  150  151  151  151  155  155  157  163  165  165  171  172  174  177  180  181  183  184  186  189  190  194  199  199  ] 
