K : 150
I : 15
PREFERENCES : [   11   15   10   10   11   12   14    9    8    6   13    7   10   11   12  
   8    8   11    7   14   11   11    6   12    9   15   15   15   13   10  
  12   10   12   14    6    8   15   13    6   11    7    9   10   15   10  
  15   14    6   13    8   11   12    9    9    6   10   12   14   14    7  
   6   11   13    7   12   11   10    9   14   15   11   13    8   15    6  
   6   12    6    9   15   10    8    9   15   14   15    7   13    9   11  
   6   11   11   14   15    8    9    9   15    7   13   14   10   12   15  
  13   12   11    9   15   13    8   10    6   14   12   13   13    7   12  
  13   12   12   15    9    7    9   13   12   10    8   14    6   11    7  
  14   12    8   11   13   14    6    7   10   12    8    7    8   15    9  
  10    9   14    7   11    6   11    8   15   11   12   12    9   11   13  
   7    9   12   11   15    6    8    7   14   14    8   13    6   10   14  
  11   10    6    7    7    7    8    9    6   10   12    6   14   13   15  
  10   11    6   15   12    9   13    7   11    8   14   12    8    8    8  
  12   12    7   11   11    7   15    6   15   10    8    9    8   14   13  
  10    7   14   15    6   13    9    8   12   10    8   14   11    8    8  
   7    6   14   13   10   12    7    8   12   11    7    8    9   15    7  
  14    9   10   15    8    6    8    8   10    7   13   12   11    9    8  
  12   13    8   15    6   12   14    6    7   11    8    9   10    9   15  
  14    6   13    9    8   11   10   13   12   15    6    9   11   12    7  
   9   15   15   13   10    7   15   14   11    8   15   10    6   15   12  
  14   10    8   13    6   11    9    6    7   11   11    6   15   12   11  
   7    9   14    6    8   15    9   13   10    6   10   11   12    6   12  
  10   13    7    9    9   12   15   15   12    6    6   11    8   11   14  
  13    9   15   13   14    8   12    6   10   12   15   11   13    8    7  
  10    7    6   15   12   15   14    9    7    9   13    8    9   11   11  
  10    8   12   10    8   13    7    6   10   13   11   14    8   15    9  
   7   10    9   13   11    9    7   14   12   15    8   12    7    6   12  
  12   14    8   11    6   14   13   13    7   13    9   15    9   10    9  
  11   10    9    9    6   10   12    8   14   11   15   15    7   13    7  
   6   11   10   14    9   15   11   13    7    8   13    8    7   11   12  
  12   14    6    6   11   15   10    7   14    6   10   13    8    9   10  
   8   13   14   15    7    9   10   11    7    7   10    7    6   12   12  
  14   12    7   10   15   12    6   10   11   12    6   13   12    8    9  
   7    6    9   10    8   10   15    7   12   10   13    6   11   14   11  
  15    7    6   15   14    9   10   12   13    6   12   12    8    7   11  
   8   12   12    7    6    8   14   10    8   13    8    6   11    9   15  
   6    7   11    7   12   15   13   14    8   12   13   10   14   14    9  
  14   12   15   13   14   11   13    7    8    6    7   14   10    9   14  
   9    6   10   14    8    7   15   11   13   14    9   11   12   15   15  
  14    6   14    7   10   10   13   15   10   11   13   10    9    8   12  
   6    9    9   14    8   13    7   15   14   11   12    9   12    9   10  
  12   14    9    7   11   11    7    7    9    8    8   13    6   10   15  
  15    6    7    9    8   13    8   10   11   12    8    7    9   10   14  
   7    8   13   11   12   14   13    9    8    6    7   11   10   15   12  
   7   15   14   11    7    8    6   14   12    9    6   10   13    7    9  
   8    8    6    7   10   12   10   12    9   11   14   13   15   10    8  
  14   10    8   12   15    6   10   13   11    6    9    6    6   14    7  
  14    7    7   14   13   11    7    8   10   15    6    7   12   14    9  
  11   10    7    9    6    9   11   13    9   10    8   15   14   11   12  
   9   13   15   11    8   12   10    7   14    7    7    6   13   11   11  
   6   14   12   12   12   12    8   15    6   11   15   13    7    9   10  
  11   12   12   15    9    6   10   14    8    7   12    6   13   15   15  
  12   15    8    9   11    6   12   10   13   14   13    7   12   15   13  
  14    8   11   15   12    7    6    9   13    9    9   10    6   14    6  
   9   10   15   15   13    8    6   15   12   15    6    8    7   14   11  
  14    6   13    9   12   15   15   11    7    8    8   10   15   10    9  
  12   10    6   14   11    9   13    9   12   10    8    6   15    7    9  
   6   10   13   13   13    7   15   10   11   12    6    9   11    8   14  
  15   14    6   13   12   10    7   11   10   10    9    8    9   14   10  
  13   12   10    8   14   15    9   13   14   10   11    6    7   14    9  
   9   13   14   15   13   13    6   12   14    7    8   10   11   15   12  
   6   10    9   13    7    6    6   14   15    8   10   14   11   12   14  
  15   13    8   12   10    7    7   15   11    8    9    6   10   14    7  
  14   10   13   12   10   11    7   14    7    9    9   12    6   15    8  
  13   10    6   14    7   13    9   13   15   11   10   12    8   14   12  
   7    8    8   10   15   11   13   13   12   15   11    6    6   14    9  
   9   13   10    7   15   11    8   13   14    9   15   13    6   12   15  
   6   15   10    7   13    8   11   11    9   12   11   14    6   11   11  
   9   15   10    7   11   13    8   14   10   10   12   10    8    6   10  
   9   11    6   13    9   12    7    9   10   15   11   12    8   14   12  
  12   13    9   13    7    6   11   15   14    7   12    8    7    6   10  
  12    9   10   10   11    8    7   14   13   10    8   15    9   15    6  
   6   15    7    6    8   13   14   15    7    7    7   10    9   12   11  
  14    7   12    8   13   14   10    9   11   12    9   15   14   10    6  
  15    8    7   10    6   14    9   13   13    9   14   12    6   11   14  
   7    7    6    6   12    6    8   14   11   15   13   10    6    9   11  
  10   11    6   10    7    8   10   15   12    9    8   13    9   13   14  
  15   11    7   12    6    6   11   14    8   13   12   10    8    8    9  
  13    8    7   11   15    9   11    8   14    9    8    6   14   12   10  
  14    6   10    6    9   12    7   11   13    7    6    9   13   15    8  
  14   11    9   12   12   10    6   12    9   15    7   13   13   12    8  
  12   14   11   14    6   12   10   12    7   14    9    8   13   13   15  
  11    6   13    9   11   12   10    8   14   13   11   14   15    7   14  
  11    8    6   12   13   15   14    7    6    9    6   10   15   13    9  
   6    9   15   10    6   10    6   14   13   11    6   12    7    8    7  
  10   12   12   11    6    8   10    9    6   12   15   14   13    7    9  
   6   11   10   14    9   13   12    6   12    7    8   13    9    9   15  
  10   13    7    9    7    8   11    7    8   15    6   13   12   14   10  
  10    7    6   12    9   13   15   13   12   11    7   14   14    8   12  
   6   11    7   11    9    8    8   13   14   12   15   13    7   10   13  
  15    7    8   14   15   10    9   12    6   11   14    7   13    9   10  
  14   15    7    9    9   15    6   11    9    8   13   10   10   12    7  
  11   13   15   10    7   10    9    6    7   15   15    8   14   15   12  
  15   10    8   13    9    7   11    8   15   12    6    9   12   14    8  
  14   14   10   13    7   15   11    9   10   13    6   12   10    9    8  
   7   13    9    6   15    7   12    9   13    8   11    8    9   10   14  
  12   11    8   13   15   10    9   13    7    6   13   14    8   12    6  
  12   15   14    9   11    7    7    6    7    7    8   13    8    6   10  
   8   12   10    7    7    9   15   14   11   15   14   12   14   13    6  
  12   12   10   11    6    9   14    7   10    8    6   13   15    6   12  
  11   12    9   10    7    6   15    7   12    8   14   12    6    6   13  
  12   13    6   14   15   11    7   10    9    7    8    7   11   15    7  
  15   13    9   13    9   10    9   11    8    7    6   14    6   12    9  
  13    9    6    7    6   12   15   12    6   10   11   14    8   11    7  
  11    8   13    6   14    7   12   15   10   14    9   10    8    6   10  
  13   15   10   10    7   15   14    6    9   11    6    8   12    8   10  
   7    8   12   10   10   13    8   11   15    6    7    9    9   14   11  
  11   14   15   11    8    9   13    8   12    6   13   10    7    8   13  
   6    7    8    9   14    9    8   15    8   13    7   10   11   13   12  
  11   15   15   11   13    6   13   12    7   10   14   11   15    9    8  
   7   10    7    7    8   12   13    7    8   12   11    6   15    9   14  
   8   12   15   11    7    7   10    9    7   13   14    6    8   10   15  
  13   13   15    7    9   12   14   10   15   11    8    9   13    6   11  
  12   14    7   15    7   13    7   11   11    9   10    6   10   10    8  
   9    7   13   14   12    7    6   14   14    9   10   15    8   11    8  
  14    8   15    9   12   13    7    7   12   11   10   12    6   15    8  
  11   12    9   15   12   13   14    6    7   12   15    9   10   13    8  
  14   13    8   10   11   14    9   15   12   14    6    8   14    7   11  
  14   11   13   15   15    9    6   10   12    9   13    7    8   15   13  
   7    6   15    9    7   14    7   10    9   11    8   13   13   12   13  
   8    6   13   13   12    7    9   11   13   10   15   14   13   13   10  
  14    9    8   12    9   10   14   11   14    7    9    6   15   13   14  
  10    9    6    7    9    8   15   13   11   14    6    7    9   12    9  
  11   15    8    7    8    8   14   12   15    9   10   12   13    6    8  
   7   14    6   10    8   15   10    9   13   12    7   11    9    8   10  
  11   14   11    8    9   12   13    7   13    9    6   11   15   11   10  
  13   13   11   10   12   10    8    6    9   11    9   14   15    7   10  
   7    9    8   15   12   12   10   11    7   13   14   13    6   15    6  
   6   13    7   13   11   12   10   13    9    8   14   12   10    6   15  
  12   14   14   11    9   13    9   15    7   14    9    8   14    6   10  
   8   10   14    7   12    6   15   13   14   11    7    9    9    7   10  
  13   14    8   14    9   13   10   12   13    7   13    6   13   11   15  
  11   13   12   13   10    9    7   14    9   13   14    6   15    8   13  
  14   11    7   10    6    6   15    8    6   13    8   12   12    9   12  
  10   13    7    9   10   11   14   12   15    8    7    8    6   13   14  
   7   12   10   13    8   11    9   13   14    6   15    9   12   10    6  
  15   11    6   15   14   15   14    8   14    9   13   10   12    7    6  
  11   10   15    6    9   13    9   14    7    7   12    9    8    7   10  
  13   12   14    8   11   10    8    8    6    9   15   15    7   12    7  
   6    7   12    9   13    6   14    8   11   11   15   14   10   13   13  
   7    7   11   14    7    8    6   11   12   13   10    9    6   13   15  
  10    9    6   10   11    6   15    9   13   11   12   14    8    9    7  
  10    7   12   14    7    7    9   11    6   13    8   15   13   14   12  
  13   15   12    7    9    7   15   13   11   14   13   10   12    8    6  
   9   10    7   13   11   15   15   14   11    6   12    8   15   10    8  
  15   10    6   13    9   15   10    9   11   14    8   12    8   10    7  
  14   12   14    8   13   15    8   14    6   12    9   10    7   11   15  
   8   10    9    7   11   15   12   10    9   14   13    9    6   15    7  
   7    6    8   12    6   15    7   14    8   12   11   10   12    9   13  ] 
BUDGETS : [    2    3    4   10   14   19   19   23   25   26   26   31   33   33   36   39   41   46   46   46   49   50   55   58   58   61   61   65   65   67   70   71   72   72   74   75   77   77   79   86   89   90   96   98   98  103  104  106  109  112  113  114  116  120  120  121  126  126  128  129  131  131  132  133  136  137  140  144  151  152  155  156  158  159  159  160  161  163  163  166  174  174  174  176  176  177  181  183  183  184  184  186  187  188  194  194  195  198  201  201  202  204  204  204  204  208  208  211  214  214  217  219  219  223  226  234  236  237  237  237  241  241  243  243  246  250  252  253  254  254  260  262  262  262  263  263  265  265  267  269  269  274  274  274  276  277  279  284  293  299  ] 
