K : 150
I : 15
PREFERENCES : [    6    1   10    9    6    5    2   11   12   14    3   13    8    7    4  
  11   12    9   13    4    8    7   14    6   10    3    2    1    5   10  
   5    8    6    3   14   12    1    4   13    7   13   11    9    2   10  
   1    4   14    5   11    8    6   10   11   13    9    7    3    2   12  
  13    9    5   12    6    7   10   11    3    1    8    4   12    2   14  
  14    6   13   10    3    8   12    9    1    4    2   12    5   11    7  
  14    8    9    5    1   13   11   12    2   14    6    4   10    7    3  
   5    7   10   11    1    3   12   11   14    2    9    4    6   13    8  
   3    5    6    1    9   13   10    4    6    8   11    2   14    7   12  
   2    6   10    7    4    3   14   13    8    5   12   12   11    1    9  
   9   11    1   13    7   14    6   12    1    5    3    4   10    8    2  
  11    8    5    6    1   14    9   12    2    1   10    4   13    7    3  
   5    7   13   11   10    9    9    8   14    6    4   12    2    3    1  
   7    6   14    1    4    8    3   13    6   12    2    5   11   10    9  
   5    6   12    8    7   13    1   14    2    8   10    9   11    3    4  
   7   13    2    1   14    4    9   12    5    8   11    3    6   10   10  
  11   14    2    3    7    4   13    9    5    6   13   10    8    1   12  
   2    8    6    1   12   14   10    9    5   13    3    4    5    7   11  
   6    4   11    2   13    5    3   14   12    7   10    9    8    8    1  
   2   14    2    9   11    7    8    3    5    1   13   10    6    4   12  
  11    2    3    6   10   13    4    5    8   12    3    9   14    1    7  
   2    9   10    3   12    8   10   14   11    6    7   13    1    4    5  
  12   10    2   12   11    1    9    3    8   13    7    6    5   14    4  
   8    3   12    9   10    4    1    2    5   13   14    7   11    6    3  
   5   10    2    5    3   12    7   14    9    6    1    8    4   11   13  
   8   13   14    2    5    1    3    9   12   10    4   11   11    7    6  
   7   10    4    8   12    2   13   14    6    3    5    2   11    1    9  
  14    8   10    3    7    9   12    2    6    1   11    5   13   14    4  
   7    2   13    8   14    3    5    6   14    4   11    1   10    9   12  
   6    9   10    9   14    8    5   11    3    7    1    2   13    4   12  
  14    6    8    2    9    1    5    3   12   11    4   10   13    7    4  
   5    3   13   13    6    1    8   12    2   14    7    4   11   10    9  
   9    2    2    1   12    8    6    5   13   11    7   10   14    3    4  
   2    6   12    8    1    5   14    9    7    4   13    2    3   11   10  
  11   13    9    7   10    8    1   12    4    6    3   14    5    2    5  
   2   11   13    1    3    9    8    5    4   14    6    6   10   12    7  
  10    5    4   12   14    9    2    7    8    3   11   13    6    8    1  
  14   13    8   12    7    1    5    3   11    6    6    9    2    4   10  
   3    7    1    6    4    8    5   12   11   14   13    4    9   10    2  
  11   14    9    4   12   13    2    7    5    3   10    8    6    1    2  
   2   14    3   13   10    8    5    1    9    6    4    7   11   12    5  
  14    8    9    2   12    4   13    1    3    6    6   10    5   11    7  
   3    2    7   11    4    5   13   12    8    9   10    2   14    6    1  
   1   14   13    8   10    3    9    6    4    4   11   12    7    5    2  
  12   11    4    8    5    2    3   10   10   14   13    7    9    1    6  
  12    1    3    5   10    9   14    2    5    7   13    6    4   11    8  
  12   11   14   13    6    3    8    4    9    5    2    3    1    7   10  
   3    7    9    5    1   14    7    4    6   12    8   13   11    2   10  
   4   11   11    3    5    7   13   10    8    1   14   12    6    2    9  
   6    8   13    9   14   11    7    3   10    8   12    1    2    5    4  
   9    3    1    5   10    5    8   11    2   12   13   14    4    7    6  
  13    3    8    5    6    7   12    1   14    9    2    4   12   11   10  
   8    7    6    1   10   13    9    4   11   12    7   14    5    2    3  
   7    1   12   11    9   14    8   10    3    3    5   13    6    2    4  
   3   10    5    1    4   11   13    8    4    9    7    6   12    2   14  
   9    8    1    3    5   10   13    1    6    2   14   11   12    4    7  
   4   14    5    9    6    3    2    6   13   11   12    7    1    8   10  
   3    6   14    1    5    9    2   10    4    7   11   13    1   12    8  
  14    9    4    3    2   12    1    8    6    5   13   10    7   11    1  
   1    2   14    4    5    8   13    6    8    7   10   12   11    3    9  
   4    6    8   12    3    1   11    5    3    9    7   14   13    2   10  
  11    6    4    1    6    5   14    8    3   13   12   10    9    2    7  
  12    7    9    4   11   13   14    4    1   10    8    3    6    5    2  
   2    4   10    5    7   12   13    1    6   11    9   14    8    3   13  
   3    8    4    5    9    7   14    2   13   10   11    6   14    1   12  
   6   10   14    3   13    4   12    5    1    9   11    8   12    2    7  
  13   11   12    9    2    7    5    4    6    1    8   13   14    3   10  
  10    5    9   13    2    8   12    6    3   11    1    4   14    7    2  
  14    1   10   13    3   12    6    5   11    4    7    2   13    8    9  
  10    1    6   13    5    3   12    2    7    8    4    9   11   14    8  
  10    7   14    3    9    5   13   11    8    1    6    4   12    2    5  
   5    4    8    3   10   13    7    1    2   12    6    9   11   14    8  
   5   10    7    8    6   11   13    3    4    9   12    2   10    1   14  
  14    1   10   13    9    4    3    2   12   11   10    7    8    5    6  
   2   14    7   13    5    3    9   12    8    6   11    1    4   10   14  
   1   11   12    8   14    2   10    5    4    9    3    6   13    7    4  
  11   10   12   14    4   11    9    2    5    1    3    7   13    8    6  
   6    5   14    7   13   12    8    1    4    9   11    3   10    3    2  
   1    5   12    3   14   13    6    2   11    2    4    7   10    9    8  
   4   13   13    7    1    9    6   12    3   10   11   14    2    5    8  
   2   12    7   14    8    5   12    6    4   11   13    9    3    1   10  
   2    8   11    8    7    9   14    5   10    1   13    4    3    6   12  
   8    3    9    4   14    7   10    8   13    2   11   12    5    6    1  
   9   14    5   11    8    7   10   12    2    6    9    3    1   13    4  
   7   11   14    6    4    2    3   12   12    9   13    8    1    5   10  
  14    7    1    5   13    6   11    1    2    4   12    3    9    8   10  
   8    4    6    7   14   11    7    9   13    5    1    2    3   12   10  
  13    7    8    2    9    3    5   14    6   13   12    4   10   11    1  
   8    4   12    9   13   11    6   13   10    1   14    3    5    2    7  
   9   13   14    6   10    4    1    4    5    8   12    2    3   11    7  
  14    7   13    6    9   10   11    3    2    6    1    5   12    8    4  
   2   13   12    4    1    9   10    6   14    7    3   13    5   11    8  
   2    1   13    9    8    2   14    5   10   11    3    6    7    4   12  
   8    6    4    9   13   10   11   14   14    1    3   12    5    2    7  
   2    7   12    4    9   13    7   10    1    5   14    8    6    3   11  
   3    2    9    4   13    1    7   12   10    5   14    6    8   11   13  
  13    3    8   14    1   12    5    7    4   10    6   11    9    6    2  
   7    8   11    5    1    9   10    4   13   14    3    2   12    6   13  
   3    1    2    6    4    9   12   13   10   11    8    2    7   14    5  
  11    7   10   13   12   10    1    5    9    2    3    8    4    6   14  
   5    6    7    7   14    9    2   11    8   10   12    3    1   13    4  
   7    5    9    8   12   14    1   11    6   10    2    4   14   13    3  
   5    4   14    3    2    7   13    8    9   14   10   12    6    1   11  
   1    3    9    4   10    7    8    6   11   12   14    2   13    5   10  
   3    8   14   10   13    4    1    5   12    7    5    2    9    6   11  
   5   11    3   13    3   12    4    1    8    2    9    7   10   14    6  
   4    2    8    6   12    1    3   14    9    6   13   11    5   10    7  
  12   10    4    7    7    3   11    6    1   14   13    8    9    2    5  
   8    2    1    7   10    9    5   11    6   14    4    9   13   12    3  
  14   12   10    9    2    8   11    1   11    4   13    7    6    3    5  
   8    1    2    9    6   14    5    7   13   11    4   10    3   11   12  
  12    7   13   11   10    4    3   13    9    5    6   14    1    8    2  
   9    4    1    5   12   11    7    8   13    3    3   14   10    6    2  
   3    4    1   13   10    6    2    9    1    8   12   11    5   14    7  
   4    2   11    1   13    3   12    6    5    9    7   14    8    7   10  
   9   13    5    2    6   13   14    3    4   10    8    1   12    7   11  
   3   11    2    9    6    4   13   12    7    8    8    5   14    1   10  
   9    8   11    2    6    4    3   14   13    7    1   12   10    5   13  
   2    5   12    9    7    4   10    1    6    3   14   11    3   13    8  
   4    9    6    3    2   12   14   10    8   11    7   13   13    1    5  
  12   14    1    9   11    1   13    7    8    6   10    2    3    5    4  
  13   14    3    4    8   14   12    9    7   11    1    2    6    5   10  
   3   11   13    7   10    9    5    8    4   13   12   14    1    6    2  
   5    7   14   11    6   10    1    3    4    2   13   12    9    4    8  
   6    1   11   13   12   10    3    5    2    8    7    5    4   14    9  
  13    2   14    7   11    1    6   10    3    4   14    5    9   12    8  
   8    2    7   13   11    5    4   13    3   12   14    6    1    9   10  
   2    3    6    7    4    9   12   14   11    5   10    2    1   13    8  
  11    9   10    1    6    5    8    7   12    4    3    3   13    2   14  
  14    3   12    4    7    6    9    3   10   11    2    5    8   13    1  
   6    4    3    7   11    5    9    1   13    2   10   12    4   14    8  
  10    7    3   12    4   14    1    4    2    5   13    9    8   11    6  
   6    2   12    3   12    5   11    9    8   13    4   14    7   10    1  
   9    6    8    4    9   10   13    3   11    5    2   14    1   12    7  
   2    7   12    8   14   14    1   10   13    3   11    5    4    9    6  
   8    3   13    9    7    6    2    5    1   11   12   10   14    4    1  
  12    4    7    3   11    6   10    2    1   13    1    9    5    8   14  
   3    9   14    2    6    1    5   11    4   11    7   10    8   12   13  
   5    6    1   14    8    3    8    2   12   11    4    9   10   13    7  
   4    6    3   10    7    8   11   10   14    9    1    2   13    5   12  
  14   12    7   10    6   13    3   11    8    8    1    2    9    4    5  
  13   12    6    2   11   10   14    7    5    4    8    9   14    3    1  
   6   10   14    7    5   13    1    9    3    4    3    2   11    8   12  
   9   11    7    2   12   13   10    8   14    4   10    1    5    3    6  
   4    2    6   13   10   12    1    5    8    3    5    9    7   11   14  
  11   10   13    5    7    1    2    4    8   14    6   12    3    9   11  
   2    8   14    4    9    1    6   10    6    3   11    5   12    7   13  
   5    7    4   11    6    2   12    3   14    8   10    9   13    8    1  
  11    7    8   12    6    1    5    6    9    3    4   10   14    2   13  
  12   13    9    5   14    1   11    2   10    4    7    8    6    8    3  ] 
BUDGETS : [    2    3    4   10   14   19   19   23   25   26   26   31   33   33   36   39   41   46   46   46   49   50   55   58   58   61   61   65   65   67   70   71   72   72   74   75   77   77   79   86   89   90   96   98   98  103  104  106  109  112  113  114  116  120  120  121  126  126  128  129  131  131  132  133  136  137  140  144  151  152  155  156  158  159  159  160  161  163  163  166  174  174  174  176  176  177  181  183  183  184  184  186  187  188  194  194  195  198  201  201  202  204  204  204  204  208  208  211  214  214  217  219  219  223  226  234  236  237  237  237  241  241  243  243  246  250  252  253  254  254  260  262  262  262  263  263  265  265  267  269  269  274  274  274  276  277  279  284  293  299  ] 
