K : 150
I : 75
PREFERENCES : [    0   71   53   46    0   63   55   54   46    0    0   67   75    0   61   51    0    0    0    0    0    0   60   58   56    0    0   73    0   48    0    0    0    0   62    0   50   56    0   57    0   49   70   49   44    0   59    0    0   68    0    0   47    0   66    0    0    0   43    0   45   72    0   64    0   52    0    0    0   74   65    0   49   45   69  
  74    0    0   70   59   72   58   45   54    0   49    0    0    0   44    0    0    0    0    0    0   69    0    0   60    0    0   51   50    0   56    0    0    0   63    0   55   43   73   62    0   47   53   68    0   59    0    0   46   75   48    0    0    0   68   71    0    0   57   44    0   67   65   52    0    0   61   64    0    0    0   44   66    0   59  
  52   75   49   53   59    0   73    0   56   50   43   47   65    0    0   56   48    0   43   62    0   72    0    0    0    0   66    0   51    0    0    0    0   67    0   55   60    0    0   61   45   69    0    0    0   58    0    0    0   64   71   57    0    0   44   54    0   70   46    0    0    0    0    0    0   74   71   62   63    0    0   68    0   75    0  
  56    0    0    0   59   61    0    0    0   44   45   53   60    0    0   58    0    0   56   58    0    0   69   47   53    0   55   64   72    0    0   57   52    0    0   75    0   68   60    0   54   65    0   46    0    0    0    0   69    0   63    0   73   66   70    0    0   67   62    0    0   51    0    0   48   71    0    0   74   49   43   50    0    0    0  
  74   63   43   72   50   46    0   46   56    0   60    0    0    0    0    0    0   61    0    0    0   64   58   73    0   44   62    0   64    0    0   43   48   67    0   53   75    0    0    0   49    0    0    0   75    0   45   69   68   65   54    0   71    0    0   57   59    0    0    0   57   70    0    0    0   47    0   55    0   66   52    0   51    0    0  
  65   52   67   62   54   74   72   57    0    0   60    0   69    0   46    0   66   49    0   43   58    0    0   51    0    0   61    0    0    0   44   50   70    0    0    0   56    0   48   45    0    0   68    0   73    0    0    0   59   59    0   70    0   55   64    0   53    0    0    0   47    0   74   49   71   63    0    0    0    0    0   49   75    0    0  
  72   56    0   50    0   69    0    0    0    0   63    0    0    0    0    0   74    0   65   66    0    0   43    0   57   46   71    0   46    0   48    0    0   55   62    0   47   70   45   51   69    0    0    0    0    0    0   58   75    0    0    0   61    0   52   67    0    0   53   60   44    0   48    0   64   54   59   59    0   73    0   68   45   49    0  
   0   67    0   46   70   61   69   68   73   59    0   49   47   74    0    0   45    0   57    0   48   43    0    0    0   68   53    0    0    0   66    0   63    0    0    0   64   75    0    0   71    0   65    0    0    0   50   56    0   44    0   60    0   52   55   72    0    0    0   67    0   70   54   62    0    0    0   72    0    0   44   58    0    0   51  
   0    0   69   56    0    0   53    0   52   74    0    0    0    0    0   54    0    0   56   51    0   55   70    0   47    0   75   67   71    0    0   69    0    0    0   62   59   73    0   66   57    0   63   65   50    0    0   55    0    0   64    0    0   48   46   60    0   58   72   68    0    0    0   43    0    0   44    0   49   58   45    0    0   47   61  
  60   43    0    0   69   62    0   57    0   53   69   63   73   48    0    0    0   44   71    0   65   46    0    0   45   72   60   64   61    0    0   66    0    0    0   74   55    0    0    0    0    0   47    0    0   60    0    0    0   49    0   54    0   68   62   52    0   70    0   51    0    0   75   50    0    0   59    0   67   58   56   75    0    0    0  
   0   70    0    0    0    0   55   47    0    0    0   60   58   51   68   56   49   43   57   61    0   63    0    0   48    0    0    0   66    0   65   73    0   59    0   45    0   54    0   52    0   65    0    0    0    0    0   71    0   70    0   69   53    0   46   50    0   62   44    0    0   75    0    0   43   64   72   68    0   67    0   48    0   74    0  
  70   57   44    0    0   52   49    0    0    0   46   45   59    0    0   52    0    0   53    0   58   64    0   75    0    0    0    0    0    0    0   55    0    0    0   48   47    0   63    0    0   69   74   71   72   64    0   73    0   62    0    0   67   43    0    0   51   65    0   50   65    0   66   72    0   56    0   60    0   62   54    0    0   61   68  
   0   45   47   43   55   66    0   71   53   60    0    0   72    0    0   59    0    0   44    0    0   58   67   54   47   63   57   73   75    0   64    0    0    0   47   69   52   56   62    0   47    0   65    0    0   51    0   50    0    0    0    0    0    0    0   49    0    0   70   74   49   68    0    0   61   49    0    0    0    0   46    0    0    0   48  
   0   59   72    0   48   73    0    0   54    0    0   55   67    0    0   68   62   56    0    0   66   43    0    0    0    0   51    0    0   45   47    0   74    0   48    0    0   52    0    0   58   58   61   46   44    0    0   49   72    0    0   69   63    0   48   60    0   75   53   64   50   65    0    0   57   64    0   71    0    0   70    0    0    0    0  
   0    0   61   63   57   59    0   69   44   60    0   59   56   55    0   74   53   68    0    0    0    0    0   45   49   51    0    0   54    0    0    0    0    0    0    0    0   48   47    0   61    0    0   75    0    0   62    0    0   58    0   43   63    0   64    0   52   72    0    0   75   71    0   65   67   50   66   70   60    0   73    0   46    0    0  
   0    0    0   45   48    0   56    0   57   64   50   60   74    0    0   71   54    0    0   72    0    0   73    0   49    0    0    0   47   63   59    0   44   45   70    0    0    0    0   67   57   62    0   75   53    0    0    0   58   55   52    0   65    0    0   43    0    0    0   46   70    0    0    0   72    0   61   60   51   66    0    0   68    0   69  
   0    0    0    0   56   60    0    0    0    0    0   59   58    0    0   64    0   49   58   45    0    0    0    0    0   75   55   73    0    0   50   54   46   71   44    0   74   52   72   51   66    0   70   47   69    0    0   50   58    0    0    0   62   57    0    0   53   61   43    0   65   62   68   58   48    0    0   63    0    0    0    0    0   67    0  
   0    0    0   47    0   46   73    0   54    0   61   71    0   64    0   69   52    0   51    0   61    0   62   44    0    0   48    0    0   61    0    0   55    0   53   44   74   68    0   43   75    0   62    0    0    0   58   49    0   72   70   45   63    0    0   72    0   57    0    0    0    0    0   50    0   66   60    0   56    0   59   67    0    0   65  
   0    0   68    0    0   52    0    0    0   44   64    0    0   61   59   56    0   43    0    0   47   65    0   73    0    0   45   71   60   57    0    0   69   75    0   54   70    0   70    0   74    0    0    0   55    0   63   72   55   70    0   60   66    0   46   53    0    0   48   51    0    0   67    0    0   58   49    0    0    0    0   50    0   62   61  
   0    0    0   51    0    0    0    0    0    0   49    0   53   43   50   62   47   49    0    0    0   68   55    0   49   71    0   61   54    0   75   74    0    0    0    0    0   68   73   57   52   65   44    0   65   63   66   67   69    0   46   58    0    0   56   72    0    0    0   45    0    0    0   64   68    0   48    0    0    0   70    0    0   60   59  
   0    0    0   71   51   72    0   74    0    0   68   62    0    0    0   56    0    0   45   46    0    0   44   53   69   73   50    0   53   52   64    0    0   66    0    0   75    0   59    0    0    0    0    0    0   70   43    0   58   75   47   54    0   48    0    0   69    0    0   49   61   45   60    0   65    0   55   63    0    0   72   67    0   57    0  
  47   61    0    0   56    0    0    0    0   57    0   58   65    0    0    0    0   61    0   54    0   51   75    0    0    0   46   49    0   53   72    0   43   55   52    0   54   63   64   73    0   48   69    0   52   45    0    0   67   58   66    0   68    0    0    0   49    0    0    0   59   70   44    0   62    0   60    0    0    0    0    0   50   74   71  
   0   67   64   55    0   63    0   60    0    0   46    0   52   45   44    0    0   63    0    0    0    0   51    0   72    0    0   53   75    0    0   48   59   66    0   62   47    0   69   65    0    0   56    0    0   49    0    0    0    0   71   73    0    0   51    0   50   74   57   43   66   58   62    0   54    0   70    0    0    0    0   70   61    0   68  
  61    0   68   59    0   74    0   51    0    0   60    0   70    0    0   43   75    0    0   60   73   64   53    0   50    0    0    0   56    0    0    0   69   67    0    0    0    0   60   65    0   66    0    0    0   45   55   67   60   72   49    0    0    0    0   57   48   71   63    0    0    0    0    0   58    0   64    0   62   52   44   46    0   47   54  
   0   73    0   57   44    0   71   51   61    0   60    0    0   49   75    0   43    0   54   48   45   51   68    0   64   59    0   65    0   52    0   60    0    0   47    0   55   47   69    0    0   62   66   63   74   56   70    0    0   72    0   46   50    0    0   58    0    0    0    0    0   52    0   67   53   74    0    0    0    0    0    0    0    0    0  
   0    0    0    0   72   64   46   45   53    0    0   59    0   62    0   67   50    0   49    0    0    0   44   48   44   47    0   71   69   43    0    0    0    0    0    0   70    0    0   58   75    0    0   73   68    0    0   46   54    0   61   46    0   57   52    0    0    0   56   65    0   72   55    0   51    0   43   63   66    0    0    0   74   60    0  
   0   49    0   68    0    0   56    0   72   75    0    0   46    0   52   62    0   54    0    0    0   61   48    0    0    0   50    0   59    0    0   73    0    0   55    0   51    0   66    0    0   58   74   47   65   53   55   69   67   63    0   71   62    0    0   70    0    0    0    0    0   62    0   68   44   43   45   64   60   57    0    0    0   65    0  
   0   64    0   46    0    0   63    0   48    0    0   62    0    0   66    0   54    0    0   54    0   73   71   45   46    0    0   52   65   75    0    0    0    0   44    0    0    0    0    0    0   67    0   51    0   70    0    0   47   59    0    0    0   69   72   53    0    0   60   49    0   50    0   68    0   56   43   61   57   57   58   74   59   69   55  
  58   73    0    0    0   69   51   52    0    0    0    0   47   46   50   71   53    0    0   66   60   70   63   74   67   68    0    0   45   47   75    0   72    0   65    0   55   48   48    0   59    0   59    0    0   43   62    0    0    0   54    0    0   56    0    0    0    0    0    0   44    0    0    0   64    0   49    0   58   61   57    0   73    0    0  
   0   72   54   54    0    0    0   61    0   47   72   68    0   53   73    0   69   66   43    0    0   50   59    0    0    0    0   57   45    0   44   70    0   70   48    0   63    0    0   52    0    0   62    0   60   74    0    0   65    0    0   64    0    0   52   75   55    0   71   56    0    0   58    0   67    0    0   49   46   51    0    0   57    0    0  
   0   49   62   53    0    0   54   43    0    0   46    0   45   64    0    0    0    0   69    0    0   74    0   65    0   51    0    0   50    0    0   72    0   58    0   55    0   73   48   53    0   73   67   61   44   70   63   59    0    0   75   66   53    0    0    0   53   68    0    0   46   57    0    0    0    0   60   71    0    0   52   47    0   56    0  
   0   74    0   67   65    0   64   70   46   48   67    0    0   43    0    0    0    0   71   62    0    0   61   58    0   56    0    0    0    0   50    0   63    0    0    0   46   67   44   52    0    0   49    0    0   52    0    0   69   57   75   73   52   45   54    0    0    0   55    0   60    0   68    0   47    0   53    0   72    0   51   66   59    0    0  
  57   52   70   49   63    0    0   64    0   45    0    0    0    0    0   53    0   44   72    0    0   48    0    0   63   50    0   61   46    0    0   59    0   43   75   69   50    0    0   65   55    0   60   44    0    0    0    0   58   56    0    0   51    0   66    0    0   62   71    0   47   67    0   74   68   58    0   51    0    0   73    0    0    0   54  
  71   72    0    0   66    0   74    0    0    0   55   58   52    0   51   68   63    0    0   67    0   47   54    0   71   75    0   65    0   45    0    0    0    0    0   57   52   46    0   59    0   48   43   57   49    0   53   60   61    0   44    0    0   64    0    0   70    0    0    0    0   50    0    0    0   64    0   73    0   56   70    0   62    0   69  
  62    0   43   52   75   58   49    0   67   63    0    0   59    0   55    0    0   71   47   60    0    0   46   64   69   56    0    0    0    0    0   62    0   68    0   63    0   57   61   70   74    0   50    0   51    0   48   73   54    0    0    0    0   66    0    0    0   44   65    0   63    0   65    0    0   53   68    0   72    0   45    0    0    0    0  
  75   71    0    0    0   68   70   51   64   62   67    0   75    0   56   54   55    0   53    0   50    0    0    0   51   72   63    0   44    0   45   60    0   65    0   52    0    0    0    0    0    0    0   43    0   61    0    0   74   59   48   73   58    0    0    0   57    0   56    0    0    0    0   55    0    0   47   46   69   59    0    0    0   49   66  
   0   67    0   66   60    0    0   71    0    0    0   54    0    0   47   46   43   62    0    0    0    0   53   72   70   61    0    0    0   64   52    0   68    0    0   56    0    0   44    0   55    0   66   57    0    0    0   51   48   63    0   75    0    0   49   58    0   50   45   48   59    0   72    0    0   74   69    0   44    0    0    0   60   65   73  
   0   72   45   53    0    0   73    0   57    0   54    0   63   70    0    0    0   50    0   61   59    0    0    0    0    0    0   47    0    0   62   68   58   64    0   46    0    0   68   52    0   52    0   74    0   44   58    0    0    0    0   60    0    0    0    0   49   47   67   55   51    0   56   71   53    0    0   66   43    0    0   65   69   75   48  
  72    0   53    0    0    0   50    0    0    0   57   63   47    0   71   64    0   74    0   75   52   54    0   46   57    0    0   73   54    0   44    0    0    0    0    0   56    0   69    0   61    0    0   68   49   62   70    0    0   55    0    0   43    0    0   48   66    0   45   58   51    0    0   56    0   65   59    0   52   60    0   62   67    0    0  
  61   51   74    0   54    0   55   72    0    0    0   47   53    0    0   66   57   43    0    0   45    0   46    0   52    0    0   62    0    0    0    0   64   65    0   73    0   59    0    0   68   48    0    0   58   67    0   49    0   55   44   75    0   70    0    0    0    0    0   64    0    0   69   74   60    0   71   63    0    0   50   50   56   70    0  
   0   62    0   62   60    0   67    0    0   54   58   55   68   56    0   51    0    0   65   52    0    0    0    0   52    0    0   48    0   72   43    0    0   45    0   50    0    0   73   69    0    0   64    0    0    0   45   63   66    0   71    0   58   70   49   46   44   75    0   74   57   45    0    0   59   53    0    0    0   61   47    0    0    0    0  
   0   46    0    0   62   75    0    0   63    0   61   54    0    0   50   71   57    0   55    0   47    0    0    0    0   66    0   56    0   63   65    0   43   59   67    0   74   45   70    0    0   73    0    0    0    0   44   58   72   74    0   69   49    0   67    0   60    0    0    0    0    0    0    0    0   52   68    0    0   64   53   48   51   50   51  
   0   52   58    0   45    0    0    0   61    0   53   72    0    0    0    0   75   54    0    0   51   58   70    0    0   52    0   64   67   62   49   56   59    0    0    0    0   68    0   71    0   57   44    0   75   73    0    0    0   48   63   69    0   55   46   47    0   60    0    0    0    0   50    0   55   65   66   74    0    0    0   53   43    0    0  
   0   74   52    0    0   45   54   65   44    0    0    0   75   48   46    0   53    0    0   64    0   66   50   49   56   71   60   73   66   63    0    0   67    0    0   58    0    0    0    0   72    0   62    0    0   69   68    0    0   64    0   57   70   43    0   67    0    0    0    0    0   61   68   55   59    0    0    0   47    0    0    0    0   51   59  
   0   73   48    0   66   55   53    0   69   50    0   43    0    0   74    0    0    0   71   75    0    0   63    0   65    0    0    0    0   56   49    0    0    0    0    0   72    0   69   61   57   64   63   60   63    0    0    0   59    0   60   70    0    0    0    0   64   58    0    0    0   67   51   45   52   46   54   44    0    0   62   47   68    0    0  
   0   51    0    0   53   70    0    0    0   75    0    0    0   65   43    0    0    0    0   53   75   64   71   56    0   53    0   50   66   68    0    0   67   64    0    0   59    0   49   66    0   57   72   44   54    0    0   69    0   58   61    0   46    0   73    0   63   52    0    0    0    0   74    0   60    0   47    0    0   48    0   55   62   45    0  
   0   62   49   66    0   46   73   52   43    0   54   45    0   71   68    0    0   55    0   60   75   58   47   57    0    0   63   65    0    0   69    0   61    0    0    0    0   72    0   61    0   67    0    0   74    0   50    0   64    0    0   51   64    0    0   70   52   53    0    0    0    0    0    0    0    0    0   68   48    0   52    0   44   59   56  
  70    0    0   58   47   57   61   73   46   53   57   65    0   51   52    0    0   71    0    0    0    0    0    0   68    0   74    0   56    0   67   63    0    0    0   74   64   75    0   69    0   59   62   48   44   43   66   60    0    0    0   50    0    0   54    0   49    0   66    0    0   51    0    0    0   45    0    0   72    0    0   55    0    0   71  
   0   64    0   75   68    0   69    0    0    0   51    0    0    0   45    0   62    0   63    0    0   43   49   60    0    0    0   72   56   53   46    0    0    0    0    0    0    0   67    0   73   52   65   70    0   54    0   46    0   55   46   74   66   61    0    0    0    0   45    0   48    0   69   59   50   44    0    0   57    0   58    0   48   71   47  
  67    0   43    0    0   61   75   49    0   52   66    0    0   55   73    0   51   64   47   68    0    0    0    0   58   44   59    0   50   54    0    0    0   65   60    0    0    0   70    0    0   57   71    0   45   56    0   54   48   66    0   72   63    0    0    0    0   62   74    0    0   46    0   72    0   48   53    0   70    0    0   69    0    0    0  
  73   51    0    0   45    0   68    0    0    0   62    0    0   55   47    0   69    0    0   66    0   58   61   70    0   57    0    0    0    0    0   72    0   52   50   73   60    0   58   64   56   75    0    0   49    0   64   48   46    0   54    0    0   68    0    0   47   53   71    0   74    0    0    0   43    0   63    0    0   59    0   67    0   65   44  
  43   73    0    0    0   72    0   49    0   48   60   51    0    0   53   73   69    0    0   74   66    0    0   52   71   70   64   47    0    0   59    0   46   45    0    0    0   65   75   57   68    0   53   61    0    0   67    0   50   54    0    0    0    0    0    0   59   55    0    0    0   73   58    0    0   62    0   56    0   63    0    0    0   44   56  
  50   53    0   58    0   47    0   51    0   47    0    0   62    0   52    0    0   43   71   74    0   57   72    0    0   68   73    0   66   59   48    0    0   65    0   70   64    0   65   67    0    0   69   60    0   54    0   46    0    0   56   61    0    0   49   43   73    0    0   55   75   45   51    0    0    0   63    0    0    0   44    0    0    0    0  
  55    0    0   52    0    0    0    0    0    0   58    0    0    0    0   56   65   47   57   46   45   75   73   69   54    0   66   51   72    0   67    0   70    0    0   62    0   61   71   53   59    0   74    0   44    0    0   73    0    0   73    0    0    0    0    0    0   48   61   60    0    0    0    0    0   44   64    0   50    0   49   68   43   69   63  
  60    0   64    0   53    0    0    0    0   50   43   62    0   57    0   54    0   46   44    0    0   75    0   49    0    0   67    0    0    0   52   66   63    0    0    0    0    0    0   54   66   55   65   48    0    0   74   73    0    0    0   68   71   50    0   69   58   61   45   64    0    0    0   59    0   47    0    0   70    0   72   56   70    0   51  
  72    0    0    0   47   74   70    0   60    0   69    0   58    0    0   57    0   71   51   73   68    0   71    0   45    0    0    0    0   43   62   65    0    0    0   55    0    0   66   44   68    0    0    0   54   71   64   61    0    0    0   75   44    0   63    0   59   49   53    0    0    0    0    0   67    0   46   48   56    0   48   52    0   50    0  
  43   56   61    0    0    0   51    0    0   53   64   72    0    0    0   57    0    0   52   54    0   45   49    0   75    0   59   46    0    0    0    0   71    0   50   51    0   75   66   65    0   63   59    0   67    0   60    0    0    0    0   55   47    0    0   62    0    0    0    0    0    0   74   54   44    0   69   70    0   48   68   55   58    0   73  
   0   68    0   54    0    0    0    0    0    0   45   48   52   69    0   71    0    0    0   57   60    0    0    0   70   61   56   65    0    0    0    0   55    0    0   69    0    0   72   72    0   74   75    0    0   64    0   53    0    0   71   59   64   67   43    0   49    0    0    0    0    0   50    0   58   66   47   46   51    0   62   63   56   73   44  
   0    0    0   58   75   60   66   74   46    0    0    0    0    0   53   70   48   67   45   72    0   43   54   68   71    0    0    0    0   71   71    0   49   61    0    0   44    0    0    0   47   51    0   63    0    0   62    0   64    0   73    0    0   53   74    0   57    0    0    0    0    0   55   65    0    0   69   53   56   52   50   59    0    0    0  
  71    0    0   47   53    0    0    0   69    0    0    0   61    0    0    0   50   73   48    0   70    0    0    0    0   58   43   49    0   75   45   50   44    0    0    0   64   57   72   68   67   58   52   55   74    0   65    0    0   59   56    0    0   63   46   62   51   54    0   66    0    0    0    0   50    0   67    0    0    0    0   57    0    0   60  
   0    0   65   70    0    0   46    0   56    0   53    0   67   47    0    0    0    0   50    0    0   44   69   59    0    0    0   54    0    0    0   64    0   73   52   55   63    0   59   74    0   57    0   49   75    0   68    0   53    0   55    0    0    0   45    0   61    0   49    0    0   56    0    0   62   43   71   51   72   58    0    0   48   60   66  
   0   43    0    0    0    0   68    0    0   50   63   70   62   50   55    0    0    0   51   56    0   46   67    0    0   57   47   57    0   48    0   45    0   66   71   60   69    0    0    0   72   54   73   49   52   61    0   59   64   58    0    0   75    0    0    0    0   74   53   63    0    0   53    0   44    0   58    0    0    0    0    0    0   65    0  
  56   51    0   51   52    0    0   64    0   71   72    0   54    0    0   50   58   55    0   54    0   75   69   74   54    0   43    0   53   45   66    0   65   70    0    0    0    0    0    0   59   47    0    0    0   46    0   63   68    0    0    0    0    0    0   57    0    0   62   61    0    0    0   72   67    0    0   49   44   45   73   48    0   60    0  
  54    0   49   50    0   60   70   66   45   51   56   47    0    0    0   44   53    0    0    0    0    0    0   58    0    0    0    0   75   67    0   59    0    0    0    0    0   52   47    0   56    0    0    0   57    0   43   69   46    0   72   62    0   64   73    0   74   61   65   48   68   53   55    0    0   63   54   58    0    0    0    0    0    0   71  
  73    0   72    0   70   59   69    0   71    0    0   48   63    0   61    0   50   62   50    0   54   75    0   56    0   60   55   52   68    0   72   67   61    0    0    0    0   46    0    0    0    0   45    0   74    0    0    0    0   65    0    0   44    0    0    0    0   53   65   66   64    0    0    0   58   43   57   47   49    0   51    0    0   49    0  
   0   58    0   55   52   47   51   43    0   64    0   75   48   57   71   55   66   59    0   47    0   63    0    0   62    0    0    0    0   59    0    0   70   44    0   73   68   74    0   72   54    0    0    0   50    0    0    0   60   65   61   51    0   69   53   45    0   67    0   56    0    0   46    0    0   49    0    0    0    0   51    0    0    0    0  
  46    0   62   51    0    0   72    0    0   48   70    0    0   68    0    0   51   71   74   52    0    0   59    0   60   65   73    0    0    0    0    0    0    0   51    0   61    0    0    0   57   49   67   58    0   47   69    0   63   45    0   60   44    0   55   50    0   64   43    0    0    0    0   53   54    0   45   56    0   75    0    0   66    0   44  
   0   49    0    0   54    0    0   58   43   44   66   64    0   55    0    0   60   48   61   51   75   59    0    0   71   68    0    0    0    0    0   57    0   44    0    0   47   69   68   53   46   70   63    0   70    0    0    0   62    0    0    0   65   52   73   72   51    0   67   56   43   45   74    0   50    0    0    0    0    0    0    0    0    0    0  
  49   66    0    0    0    0   51   55    0   63   49   44    0   48   74   75   73    0    0    0   52   67   58    0   56    0    0    0   71    0   69   46    0   72   45    0   70    0    0    0    0    0   73   61    0   47   65    0    0   56    0   59    0   43   53   58    0    0   60    0    0   64    0   48    0   50   68   62    0   54    0    0   57    0    0  
  56    0   58   68    0   54   62    0   43   65    0    0   59    0   72   45   55    0    0   61    0    0   70   50   60    0   55    0   74    0   75   54   69    0    0    0   66    0    0   49   46    0    0   44   53    0    0    0    0   52   57   70    0    0   73   67    0    0   72   47   64    0    0    0   48    0   62   71   51    0    0    0    0    0   63  
  60    0    0    0    0    0    0   43   49   72    0    0    0    0   53    0    0   48    0   58   51   72   56    0    0    0   61   69    0    0    0   70   67    0   68    0   62    0    0   45    0   46   59   62   56    0   73   52    0    0    0    0   55   71    0    0    0   47    0   75   49   54   64   57   66   44   50   70   74   63    0    0    0    0   65  
   0    0    0   53    0   59    0    0    0   48   58   44    0    0   72   48    0   69   51    0   60   56    0   68    0   54    0   46    0   74   44   55    0   61    0    0   66   45   48    0   64   50   75    0    0    0    0   48    0   62   70    0   52    0   63    0    0   67    0    0   49   73    0    0    0    0   61   57   65   43   47   71    0    0    0  
   0    0    0   62    0    0   73   66    0   52    0   61   44   67   54   64   49    0   69   46   66    0    0   74   45    0    0    0    0    0    0    0    0    0   68   51    0    0   56   57    0   75   71    0    0   60    0    0    0    0   59   74   63   48    0   65    0   70    0   49   50   52   53   55   72    0   58   43    0    0   66    0    0    0   47  
  64    0    0    0   52    0   56    0    0   73    0    0    0   51   69    0    0   68    0    0   60   71   58    0   46    0    0    0   61    0   45    0   65    0    0   67    0   57   73   72   66    0   49   64   74    0   55   47   68    0   54    0   73    0   43   50    0    0   53   70   62   50    0    0    0   75   48   63    0    0   44    0    0    0   59  
  43    0   49   53    0   66    0    0   69    0   52   60   73    0    0    0   48   54    0   46    0    0    0    0   62    0    0    0   44    0   55   72   63    0   70   67   62    0    0   49    0   58   49    0    0   65   47   45   57   75   68   64    0    0   56    0    0   51    0    0    0    0   61   50    0    0   52   55    0   59    0   71    0   74    0  
   0    0    0   71   53   68   46    0    0   68   62   43    0   72   54    0    0   61    0   60    0    0   69    0    0   52   44   75    0   70    0   67   57    0    0    0    0   51   73    0    0   48   55    0    0    0   59   53   65   56   58   74    0    0    0    0    0    0    0    0   55   49   72   50    0   66   63    0    0   66    0   45   64   47    0  
   0    0   66    0   70   59    0   68    0   53   58   47   60   61    0    0    0    0    0    0   69    0    0    0    0   62   50   56    0    0   71    0   72    0    0    0   52   63    0   67    0   73    0   48   57    0   67   44    0   74   55    0    0   51   75   45   54   54    0   51   49    0    0    0    0    0    0   65    0   64    0   48   46   43   74  
  61    0    0    0   67   68   59   48   65    0   63   54    0    0    0    0   73    0    0    0   62    0    0    0   53    0   57   50   74   75   71    0   43   64    0   58    0    0    0    0   45    0    0    0    0   70   56   66    0    0   55   44   60   70    0    0   45   51   61    0    0   52   49   46   64    0   69    0    0   72   47    0   70    0    0  
   0   59    0   46    0    0    0   56    0    0   61   57   75   53   50   44    0    0   57   73    0   55   56    0    0    0   69    0    0    0   48   73    0   49   47   68    0    0   63    0   60   45    0   43    0    0    0    0    0   58   74   52   62    0   48    0   66    0   67   70   57    0    0   72   65   71    0    0    0   54   64    0   51    0    0  
   0   59   67    0    0    0    0    0   75    0   74   46   53   54   43    0   60   66   61    0   64   44    0    0    0    0   52   50    0   56   44   58    0    0   49    0    0   68   65   62   55   64    0   48    0   63   44    0   44   70   73   72    0    0   56    0    0    0    0    0    0    0    0    0   47    0   45   57   51    0   71    0   69    0    0  
   0   62   66    0   57    0    0   65    0   51   69    0   59    0    0    0    0    0   57    0    0   58   44   75    0    0   56    0   53   68   61   63    0   74   73    0    0    0   72   50   67   61   54   47   55   43    0    0   70    0   71   52   72    0    0    0   45    0    0    0    0   57   58    0    0   64    0    0   46    0   49    0    0   60   48  
  43   71   62    0   44   69   59    0   72    0   64    0   57    0   75   73    0   70    0    0   48   61   66   47   53   67    0   46   64    0   74    0    0    0    0   71    0   60    0    0   45    0   54   68    0    0   56   53    0    0    0    0    0   49    0    0    0    0    0    0    0    0    0   52   58   55   65   48   50    0    0    0   63   51   53  
   0   73   54   44    0    0    0   51   66   73   60    0   50    0   71    0    0    0    0    0   65    0    0    0    0    0   55    0   48   49    0   58   47   62    0   59   61   43    0    0   68    0   46    0   45   67    0    0    0    0    0   48   53   52    0    0   63   72    0   64   70    0   56   74   54   62    0    0   57    0    0   69   75   73    0  
   0    0    0   70   58    0   60    0   62    0   57    0   45    0   71   75    0   56    0    0   47   44    0   51   43    0    0   53    0   54   63   52   72    0   74   69    0   67   59    0    0    0   44    0    0    0    0    0   48   68    0    0    0   55   65   46    0   64   61   50   49    0   46   66   55    0    0    0    0    0    0    0   73   75   73  
   0   69    0   45   61   62    0    0    0   67   67    0   43   68    0   75    0    0    0   58   63    0   50    0   71    0   52    0   66    0    0    0   72    0   53   46   54    0    0    0    0    0    0   65    0   60   45    0    0   56    0   44    0    0    0    0    0   64   48    0   51   59   47   49   48   54   74   57   55   70    0    0   73   65    0  
  50   57    0    0   70   68    0    0   63   53   44    0   74   45   71    0    0   74    0   43    0    0   61    0   67    0    0   49   64    0   59   48   55   43    0   52   54   60    0    0    0   51    0    0   57   75    0    0    0   69   65    0    0   46   66   73   47    0   72   71   56    0    0   62    0    0   49    0    0    0    0    0    0   58    0  
   0    0   53    0    0   56   72    0    0   71   65    0    0   49    0    0    0   62   57   43   74    0    0    0    0   52    0   58   66   45    0   69   44    0    0   73   67   60   63   47    0    0   75   54    0   66    0   68   46   75   50    0   59    0    0    0    0    0    0    0   70    0    0   48    0    0   51   64   50   57   61    0    0   55   56  
   0    0    0   66    0   44   48    0   47    0    0   64   53   51    0    0    0   55    0   46   67   73    0   43   71   52    0    0   70    0   58    0    0   61    0    0    0   52   63    0   45   54   69   72    0    0   68    0    0   63   53   63   59    0   65    0   56    0    0    0    0   49    0   74    0   57   50    0    0   62   75   60    0   59    0  
   0   46   51    0   71    0   47   71    0   54   72   59   53   74   46    0   62   66   50    0   61    0    0   44    0   43   69    0   58   52    0   49    0   65    0    0    0    0    0    0   55   73    0    0   47   70    0    0    0   56    0    0   63   75    0   67    0    0    0   45   72    0    0   68    0    0   75   57    0   64   60    0    0   48    0  
  64   52    0    0   55   66    0    0    0   62   67   54    0   48    0   70   69    0    0   72    0   49   47    0   75   50    0   46    0    0   43    0   63    0    0    0    0   43    0   65    0    0   44   70   74    0    0    0   56   45    0    0   59   73    0   57    0    0   68   71    0   53    0    0    0   58   60    0   55   52   51   61   57    0    0  
  50   61   60   54   46    0   69    0   65   48   45   75   58   63    0    0    0    0    0    0   74   43    0   71   53   44   59   63   56   67    0   63   47    0    0   46    0   52    0    0    0   68    0    0   61   66   62    0    0   46    0    0    0   72   64    0    0   57    0   55    0    0    0    0    0   49    0   70    0    0   73    0    0   51    0  
  61    0    0   56    0   44   65   70   48    0    0    0    0   74   53   68   43    0   73    0    0    0   66    0   72   46    0   45   75    0    0    0   61   64    0    0    0   67    0   54    0   50    0   49   52    0   73    0    0    0   58   69   62    0    0    0    0   52   57   47   51   63   62    0   59    0    0   71   61    0   55    0    0   60    0  
  58   55    0   44   63   50   45   71   43   69    0    0    0   53    0   44   61    0   67   65    0   57    0    0    0   53    0   62   70    0   47   60   59    0    0    0    0    0    0   46    0   72    0    0    0    0    0   68    0    0   61   64   51    0   44    0    0    0   73    0   74   75    0   49   54    0    0   56   48   57   66   52    0    0    0  
   0    0   54    0   61    0   46    0   59   75   72   65   69    0    0    0   51    0    0   67   51    0   48    0   73   68    0    0    0    0   50    0    0   45    0   44   63    0    0   43   56    0   58   49    0   63    0    0    0    0    0   47   60   52    0   66    0    0   62   55   52    0    0    0   74   70   64   57   71    0    0   53   66    0   69  
  66    0    0    0    0   59    0    0    0   64   49    0    0    0   50    0   61    0   68    0   48    0   44    0   57   58   68   53    0    0    0   65    0   51   63    0    0   47   73   43   56    0   52   60    0    0    0   55   72   46    0   74   62    0   56    0   69   57    0    0   70   50    0   71    0   45   54   75   59    0    0    0    0   67    0  
   0   56   69    0    0    0   53    0   60    0    0    0    0   54   57   44   45   47    0   51   72   65   68   61    0    0    0   52    0   49   73   48    0    0    0    0   62    0   58   63   47   59   70   50   75    0    0    0   46    0   71    0   70   66    0    0   56   55    0    0    0    0    0    0   67   64   47    0   74    0    0   44    0   43    0  
  59   50    0    0   54    0    0    0    0   63    0   75    0    0    0   73   72   71    0   69    0   48   45   49    0   61    0   52   74   45   60   68    0   51   56    0   44   64   43    0   65    0   44    0    0   62   67    0   43    0   44    0    0   55    0    0   46    0    0    0    0   53    0   70   47   44    0   58    0    0    0   66    0   57    0  
   0    0   73    0    0    0    0   55   48   43    0   45    0    0   58    0   68    0    0    0    0   58   52   56    0   47   71    0    0    0    0   65    0   66   62    0    0   72    0   71   64   59    0   70    0   50    0    0    0   54   69    0    0   74    0    0   46    0   75   63   44   51    0    0   49    0    0   47   67   53   47   60   61   57   48  
   0   63   59   53   69    0    0    0    0    0   51    0   58   72    0   45    0    0   71   57    0   50   53    0   62    0    0   68    0   73    0    0   43    0   56   44    0   65    0    0    0    0    0   70   46    0   74   50    0   55    0    0   57   67   64   49   47    0    0   60   54    0    0    0   74    0    0   61    0   48   75   52   66   55    0  
   0   53    0    0   64    0   72   55    0    0   69   43    0   61   71    0   74   69   44    0   54   58   51    0   45    0   63   68   75   59    0    0    0   45    0    0    0    0    0   49    0    0   65   62    0    0    0   73    0   72   70    0   48   60    0   50    0   53   67    0   52   56    0    0    0    0   46    0   57    0    0    0   47   49   66  
   0    0   75   60    0   68    0   46    0    0   73   74   74   72    0    0   56   74   44    0    0    0   52    0    0   67   61   66   51   51   58   48   59   55   47   63   57    0    0    0    0   65   54    0   69   53   70   74   49    0    0   43    0    0    0    0    0    0   64   45    0    0    0    0    0   62   57    0    0    0    0    0   50   71    0  
   0   57    0   63    0   45   54   62    0    0    0    0   71   61    0    0   51    0   67   69   48   73    0   75    0    0    0    0   49   66    0    0   65   52   50    0   46   72   44    0   53   60    0   47    0   58   55    0   65    0    0    0   74    0    0    0    0    0    0   59    0   43   51   49    0    0   70   56   64    0    0   72    0   44   68  
  52   45   68   54    0    0    0    0   43    0    0    0    0   69    0    0   47    0   65    0   66    0   63    0   71    0    0    0   53   75   67    0   51   48    0    0   44    0   46   57   73   62   60    0   49   50    0   58    0    0    0   46    0   56   59    0    0    0    0   46   64    0    0    0    0   72   61    0   74   54   70   65   55   60    0  
   0    0   49   61   68    0   63   72    0   64   54   75    0    0   60    0    0    0   50   69    0    0   64   44   74    0   45    0    0   51   47    0    0   67   59   71   62    0    0   66   58   57    0   65    0   53    0   46   62   43   55    0   73    0    0    0   64   52    0    0   65    0    0    0    0    0    0   56   48   70    0    0    0    0   67  
   0    0    0   44    0   51   62   75    0   58   64    0    0    0   66   50   48    0   71    0    0    0    0   46   43   72    0   69   73   65   69    0   63   53    0    0    0    0   49   47   53    0    0   52    0   56    0    0   73   68   67   60   73    0   59   57   45    0   73   61    0    0    0    0    0   55   74    0    0    0    0   54    0   70    0  
   0   58    0    0   67   74   60   48    0   59   68    0   46    0    0   61    0    0    0   45   54   43   64   49   65    0    0   75    0   51   66   67    0    0   71   56   62    0    0   48    0    0   52   47   53    0    0    0    0    0    0   57    0    0    0   55   52   63   73    0   69    0    0    0    0    0   44   71    0    0   50   70   72   55    0  
   0   59   61   71    0   57   62   65    0   65    0    0   55   73    0    0    0    0   50   44    0   66   75   63    0   71   70   53   46    0   74    0   59    0    0    0    0   48   47    0   52    0   64    0   60    0    0   58   49   56   70    0   67    0    0   72    0    0    0    0    0    0    0    0   43    0   54   68    0   51   46    0   45   69    0  
  66    0    0   50   47    0   48    0    0   58    0    0   64    0    0    0   70   46    0   72   72   58   57   65   55   67    0    0    0   44    0   56    0   74   69    0    0   58   75    0    0   52    0    0    0    0   59    0    0   62   45   73   54   53   71    0    0   60    0    0   51   43    0    0   68   56   63    0   69    0    0    0   61    0   49  
   0    0   55   68    0    0    0    0   48    0    0    0    0    0   61    0    0   46    0   45   69    0    0   54   58   44    0   47   56   75   63   65    0    0    0   74   67    0    0   52    0    0   64   43   73   50    0    0   54   72    0   71    0   59   49    0   51    0   70   60   62   66   49    0    0    0    0    0   50   54   47    0   57    0   53  
   0    0    0    0   44    0    0    0    0   53    0   64   56    0   60   54    0    0   46   43    0    0   71   62   57   66   55    0    0   58   48   52   67    0    0   49    0   47   53    0    0   50   59    0    0    0   63   54    0    0   66   65    0    0   75    0   61   69   70   73   52    0    0    0   68    0   74    0   45    0   46   72    0    0   51  
   0    0    0   75   46    0   45   53   67   63    0   44    0   61   66   69   57    0   56    0    0   59   68    0   67   64   52    0    0    0    0    0    0   64    0   72   48    0   58    0    0    0   70    0    0   43   44    0   54   51   71    0   55   49   73    0   74   50   47    0    0   60    0   65   64    0   62    0    0    0    0    0    0   52    0  
   0   44   66   57   73   48   46    0    0   65   63    0    0    0    0    0    0   49    0   59    0   69   57   61    0   62   58    0    0   74   70   71   55   51    0   64    0    0    0   43    0    0   72   56    0    0    0    0    0   45    0   75    0    0    0   68   50   60    0   47   61    0   52   53   57   54    0    0    0   52    0    0   43   67    0  
  60   52    0   74    0    0    0   48    0    0    0   63   56   75   54    0    0    0   45   70   73   44   49   58   65   55    0   67   51    0    0   71   59    0    0   43   67    0   47    0    0    0   46    0    0   57    0    0    0    0   62   68    0   61   53   64    0   72    0    0   66   54   45    0   69    0    0    0    0   67    0   56    0   50    0  
   0    0   56    0   53    0   65   74    0   69    0    0   73    0   58   46    0    0    0    0    0   63   49    0    0   47   66    0   48   58   45    0   44   63   59   71    0   61    0   51    0   57   64    0   62    0   50    0    0   70    0   45    0   72   60   55   54    0    0    0   68    0    0   75   67    0    0    0   43    0    0   68   52   62    0  
  46   59   50   75    0    0    0   60   56    0    0   61   67   73   66    0    0    0   48   58   45    0    0    0   71    0    0    0   62    0   52   57    0    0   69    0   55    0   74   64   65   68   54   63    0    0    0    0    0   72   51    0   47    0   44   49   53    0    0    0    0    0   70    0    0   43    0    0    0   48   65    0   62   46   63  
  75    0   71   73    0   50   57   62   52    0    0    0   56    0    0    0    0   72   74   47   44    0   61   55    0    0    0    0    0    0   54    0   51   49   57    0   46    0   48    0   70    0   66    0    0    0    0   59   43   45   64    0   63   53   60    0   53    0    0   64    0   67   68   69    0   65    0    0    0    0   58    0   58   74    0  
   0   44   61    0   45   52    0   58    0    0    0    0   44    0    0    0    0    0    0    0   57   70    0   71    0   51    0    0    0   48    0   55   72   50    0    0    0   53   65    0   66    0   74   60    0   54    0    0   46    0   68    0   43   62   63   69   56    0   63    0   67   47   65   65   49    0    0   59   75   64   74    0   73    0    0  
  52    0   53    0    0   71   61    0    0   72   47   65    0    0   43   66    0    0    0   58   63   68   45    0    0   74    0   62    0   51    0    0    0    0    0    0   57    0   45    0    0   64   59   68   49   73    0   70   69   66   55    0    0   75    0    0    0   65    0   48   46   75   56   67   50   54    0    0    0    0    0    0   60   44    0  
  67   47   43    0   48    0    0   54   54    0    0    0   55    0    0    0   57   60    0    0   45    0    0   62    0   69    0    0   68   71   73    0    0    0   75   52   51    0    0   46   44   66    0    0   68   70   75   53   72   50   59   61   71   64    0    0   58    0   63    0   51    0    0    0   65    0   56    0    0   49    0   74    0    0    0  
   0    0    0    0   54   62    0   56    0   74   58   70   71   72   64   59   56    0    0    0    0    0   73   44    0    0    0    0   75   69    0    0    0    0    0    0   51   53   66   61   63   50    0    0   47   49   70   70   52   70   65    0    0    0    0    0   60   45   70   68    0   46    0   43    0   67    0    0    0    0   55   48   57    0    0  
  66    0   58    0    0    0   56   45    0   62   75    0    0   59    0    0   71    0    0   65    0    0    0   43   70    0   46   49   57   68   64   54    0    0    0   60    0   51   47   74   52   69   49   61   73   50    0    0    0    0    0   46    0   72    0    0   53   48    0    0   64   45    0    0   63    0    0    0   69    0    0    0   44   67   55  
  53   69    0    0   54   57   67    0   58    0    0    0   74   44    0    0    0   59   70   73    0   65    0    0    0   47    0   68   46   45   49   59    0   60   70    0   51    0    0   68    0   52   50    0    0    0   66    0    0   63    0    0    0   48    0   71   55    0   62   62    0    0    0    0    0    0   75    0    0   72   43   56   61   64   46  
   0    0   55    0   64   43   69    0   46    0    0    0    0   72    0   53   63   55   71   75    0    0    0    0    0   51   59   60   67   66   73   73    0    0    0   56   58    0   46   44    0   68   52    0    0   45    0   62    0   48   70   47   57    0   49   74   64   65    0    0    0    0   69    0   54    0    0   61    0    0    0   50    0    0    0  
   0    0    0   48   60   59   63    0   62   68    0    0   50   47    0    0    0    0   53   51    0   54    0    0   45   56   65    0   61    0    0    0    0   52    0   75   58    0   57    0   46   66    0    0   53    0    0   43   55   44   44    0    0   69    0   70    0    0    0    0   72   74    0   53   73   71    0    0   51   63    0   64   67    0   49  
   0   54    0   47   60    0    0    0   53   58   50   56   57   59   51   52    0   70   45   47    0   43   72    0   71    0   60    0    0   65   66   44   55   44   73    0    0    0    0    0   62    0    0    0   73    0    0    0    0    0    0   74    0   67    0   63   48   69   61   64    0   68   43   49    0    0   75   46    0    0    0    0    0    0    0  
   0    0    0    0    0   72    0   56    0   47   46   54    0   62   43    0    0   55   50   52    0    0    0    0   48   58    0   62    0   70    0   51    0    0   65   49    0    0   74   45   68    0   60    0    0   57    0   75    0    0   64    0    0   67    0    0   49   68   53   44    0   64    0   63    0   59   69   71    0   66   73   61    0   63    0  
   0   50    0    0   51   73    0   57   71   53    0    0   75   63    0    0    0    0    0   67    0    0    0    0   70   44   60   68    0   61   74    0    0    0   52    0   58   46    0    0   45   56   72   44   73    0    0    0   43    0   47    0    0   55   69    0   54   62    0    0    0    0    0   65   59    0   64   49   66    0   48   64   63    0   74  
   0   43   71    0    0   49    0   55    0   68   52    0   64   47    0   62   57    0    0   60   46    0    0   45   59    0   49    0   63    0   50   70   74   43   73   75    0    0   56   73    0   54   44   48   43    0    0   51   65    0   69   58    0   49    0    0   67   61    0    0    0    0    0    0    0    0    0    0   53    0   72   66    0    0    0  
   0   61    0   45    0   53   49    0   66   68    0   53    0   70   48    0    0    0    0    0   56    0   74    0    0   69   62   60   73    0    0    0    0   50    0   43   75    0   63    0    0   74   46   54    0    0    0   49   72   57    0   71   67   51    0   52   43    0   58    0   55   59   44    0    0   65    0    0   64   54   47    0    0    0    0  
   0    0   68   66    0   44    0    0   55    0   51   64    0    0    0   69   75    0    0    0    0   69    0    0    0   50    0   62   54    0    0   65   43    0   48    0   45   72   63    0   58   70   47    0   74   50    0   58   73   59    0   49    0    0   71   46    0   72    0    0    0   60   53   61   52    0    0   67    0   57   60    0    0   56    0  
   0   72    0    0   54    0    0    0   68   45   48   71    0   65   52    0    0   51   66   56    0   67    0    0   55    0    0   73    0   52    0   49   50    0    0    0    0   43    0    0   64   62   75    0   70   74   53   47   63    0    0    0    0    0    0   58    0    0   54   44   45   61   57   59    0   75    0   46    0    0   60    0   69   69    0  
  51   68    0    0   58    0   54   56   50   71    0   53   74    0    0   55    0    0   70    0   56   66    0    0    0    0    0   59    0    0    0    0    0   65   49   62   45   43    0   48   72   75   63    0   61    0   52    0   57   68    0   46   60    0   73   50   73    0    0    0    0    0    0    0    0   47   67    0   44    0   69   72   64    0    0  
  55   56    0   59    0    0   74    0   44    0   64    0    0    0   67   48   50    0    0   57    0   73    0   43   72    0    0    0   68   75    0   49    0    0   66    0   47   45   65   69   63    0    0   71   46   51   61    0   52    0    0   53    0   54   74   43    0    0    0    0    0    0   70    0    0   74   62    0   48   58    0   60   70    0    0  
   0   69    0   58   73   65   49    0    0    0    0    0   66    0   46   54   62    0    0   74   70    0   63    0    0    0    0    0   48   72   45    0    0    0   65   59    0   71    0   43   57    0    0    0   57    0   56   53   55    0    0   61    0   47   75    0    0   67   61   74   68    0   60   51   44    0   50    0   64    0   52    0   72    0    0  
  68    0    0   50   47   56    0   45    0   57    0   43    0    0   58    0   72   64    0   65    0    0    0    0   48   44    0    0   62   75    0   58   70    0   53    0   51   57    0   67   66   49    0   52    0    0    0   54   49   61   60   71    0    0    0    0   69    0   59    0    0    0   46   75    0    0    0   56   63   73    0    0    0   55   74  
   0   75   51    0    0    0    0   45    0   52   71    0   73   72   63    0   74   57   47    0   53    0   65    0   56   64   65   49   59   43   61    0   45   62   46   67    0    0   44    0    0   54   66    0   50    0    0    0    0   68    0    0    0   63   58   69    0    0    0   61    0   55    0   70   73    0   60    0    0    0   48    0    0    0    0  
   0   55    0   66    0    0   61   70    0    0    0    0   60   69   75    0    0   44    0   64   51    0   58   72   67    0   45    0    0   47    0   65   49    0   65    0   47   52    0   73    0   69   56   46   53    0   50   74    0   70    0    0   62    0    0    0   48    0    0   57    0    0   63    0    0   67    0   54   43    0   59   71    0    0   68  
   0   72   59   65   75   68   66   57    0   75   49   62    0   45    0    0   46    0   44    0   54    0    0    0   58   47    0   73   48   67    0   75   70    0    0    0    0    0    0    0   50    0    0    0    0   74    0   43   69    0   53   51   57   56   61    0    0    0   52   60   54    0   59    0    0    0    0   64    0    0   55    0   71   63    0  
   0    0    0    0   72    0    0    0    0   62    0    0   75    0   43   74    0    0   46   53   61   74   68    0    0    0    0   64    0    0   70   51    0    0   50   69    0   57   56    0   63   51   60   52   49   47   72    0    0   45    0    0    0   58   44    0   65    0   71    0    0    0   59   48   66   51    0   68   55   67    0   54   73    0    0  
  71    0    0    0    0    0    0    0   44   59   70   73    0    0    0   68   61    0    0   65    0   75    0   70    0    0   63   55   71   62   74    0   45    0    0    0   56   53   49   43   48    0   46    0   47   70   51    0    0    0    0   54    0   72    0    0    0   59    0   66    0   60    0   50   67   58   52   70    0   64    0    0    0   69   57  
  50   61   62   49    0    0   69    0   58    0   44    0   66    0    0   63    0    0    0    0   44    0    0    0    0    0   72   52   70   68    0   54    0    0   59   73    0   57   64    0   49    0   71   75   43   45    0    0    0   46    0   53   55   48    0    0   60   67    0    0    0   58   67    0    0   71   47   56    0    0   74   51   65    0    0  
  64   60   70   55    0    0    0   59    0   67   51   68   50    0    0    0    0   72    0    0   54    0   74   62    0    0   73    0    0    0   70   59    0   71   44    0    0   52   52   63    0    0   58    0    0    0    0   44   49   75   45   65    0   66    0    0   69   46   61   48    0   56    0    0    0    0    0   43   60    0   57   53    0    0   47  
   0   70   65   57    0   46   72    0    0    0    0    0   48   50    0    0    0   66   44    0    0   64   75    0    0   49   61   55   43   61    0   63    0    0    0    0   62    0   53   47    0    0   51   74   46    0    0   67   60    0   45   52   74   64   69   59   53    0    0    0   54   71    0   68   73   56    0    0    0    0    0    0    0   58    0  
   0   60    0    0   52    0    0    0    0   57   48   56    0    0   54    0    0    0   68   73    0   46   61    0   51   55   47   62    0   65   53   64    0    0   55    0   66   63   43    0   71    0    0   65    0   58   59   75    0    0   67    0   70    0   50   72    0    0   69   49    0    0   65    0    0    0    0    0   64   45    0   44   74    0   60  
   0    0    0    0   63   73   56    0   43    0   60    0   66   64    0    0    0    0    0    0    0   55   68    0    0   45   48    0   50   52   54   74   65    0   49    0   71   67    0   61    0    0   51    0    0    0   70   56    0   58   46   44   53   66    0    0   69   59    0    0   57   47    0   75    0   69    0    0    0    0   72   64   73    0   62  
  49   75   74    0    0    0   51    0    0    0   73    0   60    0    0    0    0   44    0   48   53    0   62   71   47   70    0    0    0    0   49    0    0    0   65    0   71    0    0   72   50   43    0    0   63    0   46    0    0    0   59   55    0   69   56   57   48   52   66   50    0    0   67   61   64   58   68    0   54    0    0    0   45   75    0  
   0    0    0   69   71    0    0   59    0   72   70   43   44    0    0    0    0   73   58   74   44    0    0    0    0    0   68   50    0   48    0   60    0    0   59    0    0    0   52    0    0   65    0   72   46   45   47    0    0    0    0   55   64   50    0   69   63    0    0    0   54    0   49   57    0   53   66   75    0   67   51   62    0   56   61  
   0   47    0    0    0   43    0    0   55    0    0   48   67    0   44   63   74    0    0    0    0    0    0    0   50   73   63   72    0   59   52   52    0    0   53   68   60   61    0   62    0   57   64    0    0   52    0    0    0   71   65    0    0   54    0    0    0   58   70   56   45    0   49   46   75    0    0   51   51    0   66   62    0   69    0  
  60   63    0   56   59   70    0    0   65   60   49    0   45   47    0   74    0   71    0    0   57    0    0    0   64   43    0   53    0    0    0    0   69    0    0    0   61    0   66   58   68    0    0   46    0   67    0   44   55   51   62   73    0    0    0   75    0   54    0    0    0   72   52    0    0   48   68    0   74   50    0   67    0    0   67  
  68    0   56    0   43    0    0    0   52   61   57    0   66   56    0    0    0   58    0    0    0   60   60   51    0   59   71   48    0    0   58    0   53   72   44   63    0    0    0   75   74   50    0    0    0    0   69   48    0   45    0    0    0    0   49    0   65    0    0   64   73   46   67    0   47   64    0   54    0   62    0   55   70    0    0  ] 
BUDGETS : [    1    1    4    6    6    6    7    8    9   11   17   18   27   30   30   31   35   40   40   43   44   44   47   47   49   54   55   56   58   62   64   67   67   70   71   71   71   76   79   83   86   86   87   88   93   94   95   98   99  102  103  107  107  107  109  109  109  110  110  112  113  113  114  121  122  123  125  125  127  132  133  136  137  137  145  146  149  153  155  159  160  164  165  170  170  171  176  177  181  183  186  186  187  195  198  199  201  205  210  211  213  215  216  220  221  221  221  225  228  229  229  230  231  235  239  239  239  240  240  243  244  244  245  246  246  253  253  256  261  264  266  266  267  267  269  270  271  271  274  277  278  279  280  282  285  286  291  292  296  299  ] 
