K : 100
I : 10
PREFERENCES : [    7    2    5    4    6    2    1    8    9    3  
   9    2    3    4    1    6    5    7    2    8  
   2    5    4    7    9    6    8    4    1    3  
   5    1    4    7    6    2    8    9    3    2  
   7    6    9    1    7    4    5    3    8    2  
   1    1    5    9    7    2    4    8    3    6  
   1    3    4    2    2    6    9    8    5    7  
   4    5    2    3    8    1    6    9    8    7  
   5    2    3    7    6    4    2    1    9    8  
   8    5    1    6    6    9    3    7    4    2  
   3    9    2    3    6    1    8    7    4    5  
   6    1    7    2    1    8    3    4    5    9  
   6    1    8    6    2    9    4    3    5    7  
   8    2    9    7    1    7    6    4    3    5  
   6    9    3    8    2    5    7    5    4    1  
   3    2    7    9    5    4    6    8    2    1  
   2    5    4    6    8    7    9    1    6    3  
   6    4    1    3    7    5    4    9    8    2  
   8    3    5    4    2    7    6    1    9    6  
   5    1    3    1    7    2    6    4    8    9  
   4    9    7    1    1    3    5    2    6    8  
   5    7    9    6    2    4    3    8    1    2  
   9    3    4    7    8    2    1    6    2    5  
   8    3    2    4    5    7    9    6    1    9  
   8    7    3    9    2    5    1    4    6    9  
   4    3    6    6    9    2    1    5    8    7  
   2    7    3    9    6    4    1    3    8    5  
   9    8    6    3    7    1    5    1    2    4  
   7    3    2    4    6    8    5    9    4    1  
   8    4    2    6    4    3    5    1    9    7  
   4    8    2    9    8    1    5    3    7    6  
   8    3    1    7    5    9    6    4    5    2  
   1    7    9    8    4    7    5    6    3    2  
   9    4    3    8    1    8    6    5    2    7  
   3    6    3    1    7    9    4    2    5    8  
   3    6    5    9    6    7    2    4    1    8  
   3    8    7    4    2    4    6    5    9    1  
   5    6    3    1    4    2    6    7    8    9  
   4    1    9    4    5    7    3    8    2    6  
   2    9    1    5    6    8    4    8    7    3  
   7    6    2    3    8    5    1    9    4    7  
   2    9    7    2    6    5    1    3    4    8  
   2    5    3    1    6    9    8    4    9    7  
   7    8    9    1    5    4    2    3    7    6  
   5    7    8    9    3    4    2    1    7    6  
   2    9    6    5    4    1    3    8    1    7  
   9    1    6    3    5    4    7    8    7    2  
   5    3    7    9    9    8    1    4    6    2  
   2    9    1    6    8    5    1    3    4    7  
   8    3    6    5    1    9    8    2    4    7  
   1    8    3    5    2    4    9    6    7    8  
   1    1    2    9    7    8    3    4    5    6  
   2    4    3    5    8    6    7    9    1    3  
   4    1    2    8    5    7    9    4    6    3  
   1    9    4    4    8    5    2    7    3    6  
   2    4    3    1    8    1    5    6    7    9  
   6    2    8    8    9    5    3    1    4    7  
   4    7    3    9    1    4    5    6    2    8  
   8    3    9    1    2    7    6    5    4    7  
   8    9    7    2    3    1    6    5    9    4  
   9    3    6    8    4    6    2    1    7    5  
   7    7    5    9    3    8    2    6    1    4  
   6    4    7    1    8    3    9    5    2    8  
   7    9    4    3    6    8    1    9    5    2  
   5    8    1    2    9    6    5    7    4    3  
   5    5    7    9    3    6    8    1    2    4  
   6    9    4    3    1    7    4    2    5    8  
   9    8    3    4    6    2    1    7    5    3  
   5    9    7    6    1    1    3    4    8    2  
   3    5    7    5    8    1    4    9    6    2  
   2    3    8    5    9    6    7    1    4    8  
   1    7    9    7    5    2    6    4    8    3  
   8    4    3    2    1    2    9    5    6    7  
   9    6    1    4    5    7    6    2    3    8  
   9    4    2    3    2    8    5    6    1    7  
   8    1    5    6    4    6    3    2    9    7  
   7    3    8    1    6    2    4    9    7    5  
   8    5    2    7    1    7    4    3    9    6  
   1    4    5    7    8    2    9    7    6    3  
   7    5    3    1    6    8    9    8    4    2  
   7    6    1    6    5    8    2    4    3    9  
   7    6    6    9    8    5    4    2    1    3  
   1    9    6    8    4    2    5    5    3    7  
   8    4    3    1    7    4    9    6    2    5  
   5    2    7    2    8    4    1    3    9    6  
   9    3    4    8    6    5    9    2    1    7  
   8    1    1    4    5    9    7    2    3    6  
   4    2    3    7    1    6    5    9    8    8  
   5    4    7    6    2    7    9    8    3    1  
   7    5    4    9    8    3    1    1    6    2  
   1    2    1    7    5    3    4    9    8    6  
   1    4    8    9    5    7    3    3    2    6  
   7    3    5    2    8    1    4    6    6    9  
   8    1    5    2    3    9    8    7    4    6  
   1    4    7    8    1    9    3    5    2    6  
   7    6    4    5    1    7    3    9    2    8  
   4    2    6    9    1    3    5    7    8    9  
   7    3    6    9    8    1    3    5    2    4  
   6    2    9    1    1    4    5    8    3    7  
   6    9    3    8    2    5    8    7    1    4  ] 
BUDGETS : [    2    3    3    4    8   10   11   12   12   17   18   22   23   25   30   33   35   35   36   36   37   37   39   42   44   46   49   50   53   54   58   58   59   64   66   67   69   72   72   72   73   74   74   78   79   79   80   81   85   86   96  100  104  105  115  116  117  119  123  127  131  132  135  135  138  140  144  145  147  148  148  148  150  150  152  154  157  160  160  160  163  164  164  166  168  171  182  183  185  186  187  189  190  191  192  194  196  197  199  200  ] 
