K : 100
I : 100
PREFERENCES : [    0    0    0    0    0   17    0    0    0    8    0   12    0    0    9    0   16    0   18   13    0    0    0   19    2    0    0    0    0    0    0    0    0    6    0    0    0    0    0    0    0    0    0    0    0    0    0    0    0    0    0    0    0    0    0    0    0    0   10    0    0    0    0    0    0    0    0    0    0   14    0    0    0    0    0   17    4    0    0    0    0    0    7    0    0    0    3    5    0    0    0   11    0    0    1    0   15    0    0    0  
   0    0    0   14    0    3    2   18    0    0    0    7    0    8    0    6    0    0    1    0    0    0    0    0    0    0    0    0    0    0    0    0   16   11    9    0    0    0    0    0    0    0    0    0    0    0    0    0    0    0    0    0   19    4   17    0   12    0    0    0    0    0    0    0    0    0    0   15    0    0    0    0   10    0    0    0    0    0    0    0    0    0    0    0    0    0    0    0    0    0    0   11   13    0    0    0    0    0    0    5  
   4    0    9   17    0    0   11    0    0    0    0    0    0    0    0    0    0    0   18    0    0    0    0    0    0    0    0    0    0    0    0    0   10    0    0    0    0   12    0    0    6    0    0   16    0    5    0    0    0    0    0    0    0    0    0    0    0    8    0    0    0    2    0    0    0    3    0    0    0    0    0    0    0   13   14    0    0    0    0    7   19    0    0    0    0    0   18    0    0    0    0    0    0    0    0    1    0   15    0    0  
   0    7    0    6    0    0   14    0    0    0    0    0    0    0    0    0    0    0    0    0   15    4    0    0    0    0    0    0   18    0    0    0    0    0    0    0    2    0    0   13    0   12    0    0    0    0    5    9    0   10    0    0    0    0    0    0    0    0    0    0    0    0    0    0    0    0   14    0    0    0    0    0    0    0    0    0    3   16    0    0    0    0    0    0   19    0    1    8    0    0    0   11    0    0    0   17    0    0    0    0  
   7    0    0    0    0    0    0   18    0    0    0    0    0    0    0   12    0    0    0   17    0   10    0    0   19    0    0    0    4    8    0    0    0   15    0    0    0    0    0    0    0    0    0    0    0    0   11    0    1    0    0    0    0    0    0    0    6    0    0    0    0    0    0    0    0    0    2    0    0    0    5    0    3    0    0    0    0    9    0    0   13    0    0    0    0   16    0    0    0    0    0    0    0    0   14   12    0    0    0    0  
   0    0   10    9    0    0    0   11    0    0    0    0    0    0    0   19    0    0    0    0    4    0    0    0    0    2    0    0    0    0   18    0    0    0    0    0    0    0    0    0    0    0    6    0    0    8    0    0    0   17    0    0    0    0    0    3    0    0    5   12   15    0    0    0    0    0    0    0    0    0   14    9    0    0    0    0    0    1    0    0    0    0    0   13    0    0    0    0    0    0   16    0    0    0    0    0    0    0    0    7  
  13    0    0    0    0    0    0    0    7    0    0    0    2    0    0   16    0    0    0    0    0    0    0    0   19    0   10    0   15    0    0    0    0    0    0    0    9    0    0    0    0    0    0    0   12    0    0    0    0   11    0    0    0    0    0   18    0    0    0    0    0    0    0    0    0    0    0    0    0   13    0    0    0    0    0    0    0    0    0    0    3    1    0    0    0   17    5    6    0    0    0    0    0    4    0    0    8    0   14    0  
   0    0    4   11    0    0    0    0    0    0    0    0    0    0    0    0    0   14    0    0    4    0    0    0    0    0    0    0    0    0    0    1    0    0    0    0    0    0    0   16    0   10    0    0    0    0    0    0    0    0    0    0    0    0   15    0    0    0    0   13   19    0    0    0    0    0    6    0    0    0    0    0   12    0    0    0    8    0    9    0    0    2    0    0    0    0   17    0    0    0    0    7    0   18    0    0    0    5    0    3  
   0    0    0    0    0    0    3    0    0    0    0    0    9    0    0    0    0    0    0    0    0    0    0    0   11   16    0    0    0    2    8    0    0    0    0    0   17    0    0    0    6    0    0    0    0    0   12    0    0    0   18    0   10    0    0    0   19    0    0    0    0    0    0    0    0    0    0    0    0    0    0    5   13    7    0    0    0    0    0    0    1    0    0    4    0    0    0    0   14    0    0    0    0    0    9    0    0    0   15    0  
   0    0    0    0   16    0    0    0    0    0    0    0    0    6   14    0   19    0    0    2    0    0    5    0    0    0    0    0    0    0    1    0    0    0    0    0    0   10    0    0    0    0    0   11    0    0    0    0    0    0    0    0    0    0    0    0    0    0    0    0   13    0    0    0    3    0    0    0    0    7    0   12    4    0    0    0    0    0    0    0    0    0    8    0    0    0    0    0    0   13    0   15    0    9    0   17    0    0    0   18  
   6    0    0    0   18    0   16    0    0    0    0    0    0    0   15    0    9    0    0    8   11   14   12    0    2    0    0    0    0    0    0    0    0    0    0    0    0    0    7    0   13    0    0    0   17    0    0    0    0   10    0    0    0    0    6    0    0    0    0    0    0    0    0    0    0    4    0    0    3    0    0    0    0    0    0    0    5    1    0    0    0    0    0    0    0    0    0    0    0    0   19    0    0    0    0    0    0    0    0    0  
  11    0    0    0    0    0    0    0    0    0    0   15    0    0    0    0    0    3    0    0    0    0    0    1    0    0    0    0    0    0    0    6   14    0   10    0    4    0    0   14    0    5    0    0    0    2    0    0    0    0    0    0    0    0    0    0    0    0    0    0   13    0    0    0    0    0    0    0    0   19    9    0    0    8   16    0    0    7    0   12    0   18    0    0    0    0    0    0    0    0    0    0    0    0    0    0    0   17    0    0  
  19   17    0    3    0    0    0    0    0    0    6    0    0    0    2    0    0    0    0    0    0    0    0    0    0    0    0    5    0    0   14    0   12   16    0   10    0    0    0   11    0    0    0    9    0    0    0    0    0   18    0   13    0    0    0    0    0    0    0    0    0    0    0    0    0    0    0    0    0    0    0    0    0    7    4    0    0    0    0    8    0    0    0   15    0    1    0    0    0    0    0    0    0    0    2    0    0    0    0    0  
   4    0    0    9    0   13    3    0    0    0    0    0    0   10    0    6    0    7   11    0    0    0    0    0    0    0    0   17    0    0    0    0   19   16   12    0    0   18    0    0    2    0    0    0    0    0    0    0    0    0    0    0   15    0    0    0    8    0    0    0    0    0    0    0    0    0    5    0    0    0    0    0    0    0    1    0    0    0    0    0    0    0    0    0    0    0    0    0    0    0    0   14    0    0   18    0    0    0    0    0  
   0   19    0    0    0    0    0    1   16    0    0    0    0    0    0    0    0    3    0   13    0    0    2    0    0    0    0   15    0    0    9    0    0    0    0    0    0    0   17    0    0    0    0   10    0    0    4    0    0    0    0    0    0    0    0    8   14    0    0    0    0    0    7   12    0    0    0    0    0   11    0    0    0    6    0    0    0    0    0    0    5    0    0    0    0    0    0    0    4    0    0    0    0    0    0    0    0    0    0   18  
   0   18    5    0    0   10    0    0    0    0    0   13    0    0    0    0   14    0    0    0    0    0    0    0    0    0    0    0   16    0    0   19    0    0   12    0    0    0    0   11    2    0    0    0    0    0    0    0    0    0    0    0    0    0    0    0    0    0    7    8    0    0    0    0    3   17    0    0    8    0    9    0    0    0    0    0    0    0    4    6    0    0    0    0    0    1    0    0    0   15    0    0    0    0    0    0    0    0    0    0  
   0    0    0    0    0   18    0   11    0    0    4    0    0   13    0    0    8    0    0    5    6    0    0    1    0    0    0    0    0    0    0   17   12   10   14    0    0    0    0    0    0    0    0    0    0    0    0    0    2    0    0    0    0    8    0    3    7    0    0    0    0    0   16    9    0    0    0    0    0    0    0    0    0    0    0    0    0    0    0    0    0    0    0    0    0    0    0   15    0    0    0    0    0    0    0    0   19    0    0    0  
  12    0   16    0    0    0    0    0    0    0   14    0    5    0    0    0    0    0    0    0    0    0    0    0   19    0    1    0    0    0    0    0    0    0    6   13   17    0    0    0    0    0    0    0    0    0    0    0    0    0    0    0    7    0    0    0    4    0    0    0    0    8    0    0    0    0    0    0    9    0    0    0    0    2    0    0   11    0    0   15    0   10    0   18    3    0    0    0    0    0    0    0    0    0    0    4    0    0    0    0  
   0   12    0    0    0    6    0    0    0    0    0    2    0   15    0    4    0    0    0    0    0    0    0    0    0    0    0    0   17    0    0    0    0    0    0   10    0    5    0    0    0    0    0    0    0   16    2    0    9    0    0    0    0    0    0    0    1    0    0    0   13    0    0    0    0    0    0    0    0    0    0    0    0    0   18    3    0    0    0    8    0    7    0    0    0    0    0    0    0    0    0   19    0    0   14    0    0    0   11    0  
   0    0    0    0    0    0    0    0    0    3    0    4    0    0    8    0   17    0    0    0    0    0    0    0    0    0    0    0    7    0    0    0    0    0    0    0    0    0    9    0    0   16   12    0   18    0    0    0    0    0    0    0   11    0    0    0    0    0    0   14    0    0    5   15    0    0   10    0   13    0    0    2    0    0    0    0    0    0   19    0    0    0    0    0    0    0    0    1    0    9    0    0    0    6    0    0    0    0    0    0  
   0    7    0    0   10    6    0    0    0    0    0    8    0    0    0    0    0    0    0    0    0    0    0    0    0   19    0   15    0    5    0    0    0    0    0    0    0    0    0    0    0    0    0    0    0    0    0   18    0    0    0    0    0    0    0    0    0    3    0    0    1   12   16    0    0    0    0   13    0   17    2    0   16    0    0    0    9    0   11    0    0   14    0    0    0    0    0    0    0    0    0    0    0    0    0    0    4    0    0    0  
   0    0    0    0    0    0    0    0    0    0    0   12    0    0    0   10   14    0    9    0    0   13    0    0    0    0    0    0    0    0    0    0   18    0    0    0    0    0    0    8    0    1    0   16    0    0    0    0    0    0    0   17    0    0    3    2    0    0    0    0    0    0    0    0    0    0    0    0    4    0    0    0    0    0    0    0    0    0    0    0   19    0    0   15    0    0    5    0    7    0    0    0    0    0   16    0    0    0    6   11  
   0    0    0    0    0    0    0    0   18    0    8    2    0    9    0    0    0    0   10    0    3    0    1    0    0    6    0    0    0    4    0    0    0   14    0   17    0    5    0    0   19   15    0    0    0    7    0    0    0    0    0    0    0    0    0    0    0   11   16    0    0    0    0    0    0    0    0    0    0    0    0    0    0    0    0   12    0    0    0    0    0    0    0    0    0    0    0    0    0    0   13    0    0    0   14    0    0    0    0    0  
   0    0    0    0    2    0    0    0   19    0    0    0    0   12    4    0    0    0    0    0    0    0    0    0    0    0    0    0    0    0    0    0   18   16    7    0   11    0    0    0    1    0    0    0    0    0   14    0    6    0    0    0    0    8    0    0    0    0    0    5    0    0    0    0    0    0    0    0    5    0    0    9    0    0    0    0    0    0    0    0    0    0    0    0    0   13    0    0    0   17    0    0    0   10    0    3    0   15    0    0  
   0    0    0    0    0    0    0    0    0    0    0    0    1    0    0    0    0    0    0    0    0    0    0    0    0    5    0    0    0    0    0    0    0    0    0    0    0   18    0    0    4    2    0   15    0    0    7    0    0   15    0    0    0    0    0   11    0    9    0    0    0    0    0    0    0   13    6    0    0    0    0    0    0    0    0    0   14    0    0    0    0    8   17    0    0    0   16   12    0    0    0    0    0    0    0   19   10    0    0    3  
   0    0    0   11    0    0    0   16    0    0    0    0   13    0   19    0    0    0    0    0    0    0    0    1    0    0    9    0    0    0    0    5   15   14    0    0    0    0    0    0    0    0    0    0    3    0    0    7    0   10    0    0    0    0    0    0   18    0    0    0    0    0    0    0    0    0    0    0    4    0    0    0    0    0   12    0    0    0    0    0    0    2    0    0    0    0    0    0   15    6    0    0    0    0    0    0   17    0    0    8  
   0    0    0    0    0    0    0    0    0    0    0    0    0   12    0   15    0   11    4    0    0    5    9    0    0   17    0    0    0   18    0    0    0    0   16    0    0    3    0    2    0    0   16    0    0    0    0    0    0   19    0    0    0    6    0    0    0    0    0    0    0    0   14    0   10    0    0    0    0    0    0    0    1    0    8    7    0    0    0    0    0    0    0    0    0    0    0    0    0    0    0    0    0   13    0    0    0    0    0    0  
   0    0    0    7    0   15   13    0    0   11    0   10    0    0   16    0    0    0    0    0   17    0    0    0    1    0    0    0    0    0    0    0    0    0    0    0    0   14    0    0    0    0   18    0    2    0    0    0    0    0    0    6    0    0    3    0    0    0    0    4    0    0    0    0    0    0   12    0    0    0   10    0    0    0    0    8    0    0    0    0    0    0    0   19    0    0    5    0    0    0    0    0    0    0    0    0    0    9    0    0  
   0    0    0    0    3    0    0    0    0    0    0    0    0    0    0    0   17    0    0    0    0    0    0    0    0    0    0    0    0    0    9    2    0    0    0    0   16    0    0    4    8    0    0    1    0    0    0    0    0    0   11    0    0    0    0    0    0    0   19    7    0    0    0    0    0    0   18    0    0    0    6    0    0   14   15    0   15    0    0    0    0    0    0    0    0    0    0   12   10    0    0    0    0    0   13    5    0    0    0    0  
   8    0    0    0    5    0    0    3    0    0    0    0    0    0    0    6    0    0    4    0    0    0    0   14    0    0    9   11    0    0    5    0    0    2    0   13    0    0    0    0    0    0    0    0    0    0    0    0    7   19    0    0    0    0    0    0   18    0    0    0    0    0    0   10    1    0    0    0    0    0    0    0    0    0    0    0    0    0   15    0    0    0   12    0    0    0    0    0    0    0    0    0    0   17    0   16    0    0    0    0  
   0    0    0    0   15   12    4    2   11    0   10    0    9    0    0    0    0   16    0    0    0    6    0    0    0    0    0    8   10    0    0    0    0    0    0    0   13    0    0    0    0    0    0    0    0    0    0    0    0    0    0    0    0    0    0    0    0    0    0    0    0    0    0    0    0    0    0    0    0    0    0    0    0   17    0    0    0    3    0    0    0    0    0    0    1    0    0   14   19    0    7    0    0    0    0   18    0    0    5    0  
   0    0    0    0    0    0    0    0    0    0   18    0   19    8    0    0    8    0    0    0    0    0    0    0    0    0    0   17    0    0    0    0    0    0   10    0    0   12    0    0    0    0    0    0    0    0    0    0    2    0   14    0    4    0    0    0   11    0    0    0    0    0    0    0    0    0    0    0    1    0    0    0    0    0    0    0    0    0    0    0    0    9   13    0    0    0   16    0    0    0    7    5    0    0   15    3    0    6    0    0  
   0    0    0    6    1    0    0    0    2    0    0    0   15    0    0    0    0    0    0    0    4   13    5    0    0    0    0    0    0    0    0    0    0    0    0    0    0    0    0    0    0    0    0    0    0    0    0    0    0    0    9   19    0    0   18    0    0    0    0    0    0    0    0    0    0    0    0    0    0    3    0    0    0    0    0    0    0    0    7   17    0    0    8    0    0   19    0    0   10   14    0    0   12   16    0    0   11    0    0    0  
   0    0    6    0    0    0    0    0    0    0    0    0    1    0    0    0    2    0    0    0    0   14    0    0    8    0    0    0   16    5    0    0   19    0    0    0    0    0    0    0    0   13    0    0    0    0    0    0    0    0    9    0    0    0    0    0    0   18   15   10    0    0    0    0   14    0    0    3    0    0    0    0    0    0    4    0    0    0    0    0    0   17    0    0    0    0    0   12    7   11    0    0    0    0    0    0    0    0    0    0  
   0    0    0    0    0    5    9    0    0    0    0    0    0   18    0   19    0    0    0    0    0    0    0   10    0    0    0    0    0    0    0    0    0    0    0    0    0    6    0    0    4    7    0    0    0    0    0   18   13    0    0    0    0    0    0    1    0    0    0   17    0    0    0    0    0    0    0    0   12    0    0    0    3   15    0    0    0    0    0    0    8    0    0   14    2   11    0    0    0   16    0    0    0    0    0    0    0    0    0    0  
   0    0    0   19   10    3    0    0    0    0    0    0    0    0    0    0    0    0    0    0   17    6    0    0    0   12    0    0    0    0    0    5    0   14    0    0    0    0    0    0    0    0    0    0    0    0    0    0   15    0   13    0    9   14    0    0    2   16    0    0    0    0    7    0    0    0    0    0    0    0    0    0    0   11    0    0    0    0    0    0    8   18    0    0    0    0    0    0    0    4    0    1    0    0    0    0    0    0    0    0  
   0    0    3   15   14    0    0    0    0    0    0    0    0    0    0    0    0    5   13    0   11    0    0    0    0    2    0    0    0    0    7    0    0    0    0    0    0    9    0    4    0    0   16    0    0    0    0    0    0    0   16   17    0    0    0    0    0    0   10    0    0    0    0   19    0    6    0    0    0    0    0   18    0    0    0    0    0   12    0    0    0    0    0    0    0    0    1    0    0    0    0    0    0    0    0    0    0    0    0    8  
   0    0    8    0   11    0    0    0    0    0    0    0    0    0    0    0    0    0    0    7    0    0    0    0    0    0    3    0    0    0    0    0    9    0    0    0    0    0    0    0    0    0    6    0    0    0    0    0    0    0    0    0    0    0    0    4    0    0    0    0    0    1    0   19    0   16    0    5    0   15    0    0    0    0    0    0    0    0   10   17    0    0    0    0    0    0    2    0    0   13   18    0    0   14   12    0   13    0    0    0  
   0    0    0    0    0    0    0    0    0    0    0    0   15    7    0    0    0   10    0    0    0   19    1    0    0    8    0    0    0    0    0    0    0    4    0   14   12   17    0    0    0    0   16    0    3    0    0    0   13    0    0    0    0    0    0    0    0    9    0    0    0    0    0    0    0    0    0    0    0    0    0    0    0    0    0    0    4   18    0    6    0    0    0   11    0    0    0    2    0    0    0    0    0    0    0    0    0    0    0    5  
   0    6    0    0    0    0    0   18    4   12    7    0    0    0    0    0    0    0    0    0    0    0    0    0    0    0    0    0    0    1    0   19   13    0    0    0    0    0    0    0    3    5    0    0    0    0   17    8    0   19    0    0    0    0    0    0    0    0    0    0    0   15    0    0    0    0    0    2    0    0    0    0    0    0    0    0    0    0    0    0    0    0    0    0    0    0    0   11   10    0    0    0   16    0    9    0    0    0   14    0  
   0    0    0    0    0    0   12    0    0    0    0    0    3   16    0    0   15    0    0    0   10    0    0    0    0    5    2    0    0    0    0    0    1    8    0    0   19    0    9    7    0   14    0    0    0    0    0    0    0    0    0    0    0    0    0    0    0    0    0    0   14    0    0    0    0    0    0    0    0    0    0    0   17    0    0    0    0    0    0   13   11    0    0    0    0    0    0    0    0    0    6    0    0   18    0    0    0    4    0    0  
   6    8    0    0    0   11    0    0    0    0    0    0    1    0    0    0    0   19    0    0    0   13    0    9    0   15    0    0    0    0    0   16    2    0    0    0    0    0    0    0    0   17    0    0    0    0    0    0    0    0    0    0    0    0    0    0    0    0   12    0    0    0    0    0    0    0    0   18    0    3    0    0   10    0    0    0    0    0    0    0    0   19    0    0    0    0    4    0    0    0    0    0   14    0    0    7    0    0    5    0  
   0    1    0    0    0    0    0    0    0    0    0    0    9    0    0    0    7    0    0    0    0    0   16    8    0    0   15    0    0    0    0    6    0    0    0    0    0    0    0    0    0    0    0    0    0    0    0    0    0   10    0   14    0    0    0    0    0    0    0    0    3   18    0    0    0    0    0    0    0    0    0    0    0   17    0   12    0    0    4    0    0    0    0    0    0    0   13   19    0    0    5    0    0    0    2   11    0    0   10    0  
   0    0    5    0    0   18    0    0    1    0    0    0    0    0    3    0    0   19    0    0    0    0    0    0    0    0    0    0    0    0    0    0    0    0    0    0    0    0    0   17    0    0   14    0    9    0   12    0   13    4    0    0   16    0    0    0    0    0    0    0    0    0    0    8    0    0    4   11    0    0    0    0    0    0    0    0    0    0    6    0    0    0    0    0    0    0   10    0    0   15    2    0    0    0    7    0    0    0    0    0  
   0    0    0    0    0    0    2    0    0    0    0    0    0    0    0    0    0    0    0   14    0    0    0    7   13    0    0    0    0    0    6    0    0   11    0    0    0    0    0    5    0    8    0    0   17    0    0    0    0    0   13   15    0    0    0   16    0    0    0    0    0    0    0    0    0    0    0    0    0    0    0    0    0    0    0    0    3    0    0    1    0    0    0    0    0    0    0    0    0   19    0    9    4    0   18   12    0    0    0   10  
   0    0    0    0    0    0    0   13    5    2    0    0    0    0    0    0    0    0    0    0   18    0    0    0    0    0    0    0    0    9   12    0    0    0    1    0   19    0   15    0    0    0    0   14    0    0    0    0    0    0    0    0   11    1    0    0    0   10    0    0    0    0    0    0    6    7    4    0    0    0    0    0    0    0    3    0    0   16    0   17    8    0    0    0    0    0    0    0    0    0    0    0    0    0    0    0    0    0    0    0  
   0    1    0    2    0    0    0    0    0   14    0    0    0    0    0    0    5    7    0   12    0   19   16    0    0   13    0    1    0    0    0    0    9    0   18   17    0    0    0   11    0    0    0    0    0    0    0    0    0    0    0    0    0    0    0    0    0   10    0    0    0    0    0    4    3    0    0    0    0    0    0    0    0    0    0    0    0    0   15    0    0    0    0    0    0    0    0    8    0    0    0    0    6    0    0    0    0    0    0    0  
   0    0    0    0    0    0    0    0    0    0    0   11    8    0    0    0    0    0   14    0   10    0    1    0    0    0    0    0    0    0    0   16    0    0   17    0    0    0    0    0    0    0   13   18    0    0    0    0    0    0    0    0    0    0    9    0    0    0    0    0    0    0    0    0    0    0    0    2    0    0    4    0    0    6    0    0   15    0    0    0    0    0    0   12   19   13    7    0    3    0    0    0    0    0    0    0    5    0    0    0  
   0    0    0    0    0    0    0    0    0    0    0    0    1    0    0    0    0    0    0    0    0    0    0   14    4    0    0    0    0    0    5    0    0    0    0   10    2    0    0    9    0    0    0    0    0   11    0    0    6   12    0    0    0    0    0    0    0    0    0    0    0    0    0   13    0    3    0    0    0    0    0    0    0    0    0   17    0    0    0    0   18    0    0    0    0    0    0    7    8    4    0   19    0    0    0   15    0    0   16    0  
   1    0    0    0   16    0    0    0   14    0    0    0    0    0    6    0    5    0    7    0    0   18    0    0    0   19    9    0    0    0    0    0    0    0    0    0    0   10    0    0    0    0    0   17    0    0    0    0    0   13    2    0    0    0    0    0    0    0    0    0    0   12    0    3    0    0    0    0    0    0    0    0    4    8    0    0    0    0    0    0   11    0    0    0   15   10    0    0    0    0    0    0    0    0    0    0    0    0    0    0  
  11    0    4    0    0    0    0    0    0    0    0   18    0    0    0    0    0   15    0    0    0    0    0    0    0    0   13    0    0    1    0    2    0    0    0    9    0    0    0    0    0   14    0    0    8    0    0    0    0    0    7    0    0    0    0    0    0    0    0    0    0    0   10    0    5    0    0   16   17    0    2    0   19    0    0    0    0    0    0    0    3    0    0   12    0    0    0    6    0    0    0    0    0    0    0    0    0    0    0    0  
   0    3    0    0    0    0    0    0    0    1    0    0    0   17    0    8    0    0   14    0    0    0    0    0    0    0    0    0    0    0    4    0    0    0   15    0   13    5    0    0    7    0    0    0    0    0    0    0    0    0    0    0    0    0    0   18    0    0   11    0    0    2    0   16    6    0    0    0    0    0    0    0    0    0   16    0    0    0    0    0    0    0    0   19    0    0    0    0    0    0   12    0    0    0   10    9    0    0    0    0  
   0   19    0    0    0    0    0    0    0    0    0    0    0    0    0    0   11   15    0    0    0    0    0    0    0    5    2    0    0    0    0    0    0    0    0    0    0    0    0    0   14    7    0    0    0    0    0    0    9   16    0    8    0    0    0    0    0    0    0    0    0    0   18    0    0    0    1    0    0    0    0    0    4    0    0    0   13    0    0   17    0    0    2    0    0    0    6    0   12    0    0    0    0    0   10    0    0    0    3    0  
   0    0    0    0    0    1    0    3    0    0    2    0    0    8    0    0    0    0   18    0    0    2   13   17    0    0    0    0    0    0   14    0    6    0    0    0    0   11    0    0    0    0    0   19    0   15    0    0    0    0    0    0    0    0    0    0    0    0    0    5    0    0    0    0    0    0    0    9   10   16    0    0    0    0    0    4    0    0    0    0    0    0    0   12    0    0    0    0    0    0    7    0    0    0    0    0    0    0    0    0  
   0    5   12    0    0    0    0    0    0    0    0    0    0    0    7    0    0   15   17    0    0    0    0    4    0    0    0    0    0    0    9    0    0    0    2    0    0    0    0    1    0    0    0    0    0    0    0   11    0   19    0    0    0    0    0    0    0    0    0    0    0    0    0    0    0   14    0    0   11   13    0    0    0    0    0   10    0    8    6    0    0    0    0    0    0   18    0    0    0    0    0   16    0    0    0    0    0    3    0    0  
   0    0    0    0    0    0    0    0    0    0   12    0    0   16    0    9    0    0    0    0    0    0    0    0    3    0    0    0    0    0    0    0    0    0    0    0    0    0    0    0    0    0    6    0   15    5   17    7    0    0    0    0    0    0    0    0    0    0    0    0    0   18   10    0    0    0    0    8    0    2    0    0    4    0    0   11    0    0    0    0    0    0    0   19    0    0    0    0    0    0    0    1    0    0   13    0    0   11   14    0  
   0    0    0    0    0    0    0    9    0    0    0    0    0    0    0    0   18   16   12    0    0    0    0    0    0    0    0    0    0    0    0    0    4    0   15   17    0    0    0    0    0    0    0    0    0   13    0    0    0    0    0    0   10    0    0    0    0    0    0   19    2    0    0   19    0    0    8    0    0    1    0    0    0    0    0    0    0    0   14    0    3    0    0    0    0    6    0    7    5    0    0    0    0    0    0    0    0    0   11    0  
   0    0    0    0    0    0    0    0    0    0    0    0    0    3    0    0    0    0    0    0    0    0    5    0    0    0    0    0    0    0    0    0    0   16    0    0    0    6    0    0    0    7    0    0   12    0    0    0    7    0    0    0    0    0    0   14    0   17    0    0    0    0    0    0    0    0    0   10    0    0    0    8    1   11    0    0    0    0   13    0    0    0    0   19    0    0   15    0    0    0    0    0    0    2    4    9    0    0    0   18  
  17    0    0   16    0    0    0    0    0    0    0    6    0    0   14    0    0    0    0    0    0    0    0    0    0    0    0    0    4    0    0    0    0    0   15    0    7    1   11    0    0   13    0    2    0    0    0    0   18    0    0    0    0    0    0    0    0    0    0    0    0    0    0    0    0    0    5    0    0    8    0    9    0    0    0    0    0    0    0    0    0   10   13    0    0    0    3    0    0    0   12    0    0    0    0   19    0    0    0    0  
   0    0    0    0    0    0    0    0   13    0    7    0    0    0    0    0    1    0    0    0    0    0    0    0    0    0    0    0    2   11    6   19    0    0   10    0    0    0    0    0    0    0    0    5    0    0    0    0    0    0   14    0    4    0    0    0   10    0    0    0    0   17    0    0    8    0    0    0    0    0    0    0    0    0    0    0    0   16    0    0    0    0    3    0    0   18    0   15   12    0    0    0    0    0    0    0    9    0    0    0  
   0    0    2    0   16    0    0    1    0    9    0    0    0    0    0    0    0    0    0    0    0    0    0    0    7    0   15    0    0    0   11    0   13   10    0    0    0    0    0    0    0   17    0    0    0    0    8    0    0    3   14    0    0    0    5    0    0    6    0   18    0    0    0    0    0    0    0    0    0    0    0    0    0    0    0   19    0    0    0    0    0    0    0   18    4   12    0    0    0    0    0    0    0    0    0    0    0    0    0    0  
   0    0    0    0    0    0    0    0    0    0    0    8    0    0    0    0    0    0    0    0    0   14    0   18    0    0   11    0    0    0    0    0    0    0    0    0    3    0    5    0    0    0    0    0    0    0    0    0    0    0    0    0    0    0    0    0   19    0    0    4    0    0    0    0    0    0   12    9    0    6    0    0   17    7    0    0    0   15    0    2    0    0    0   10    0   16    0    0   13    0    0    0    0    1    0    4    0    0    0    0  
   0    5    0    0    0    0    9    0   19    0    0    0    0    0    0    0    0    0    0    0    6    0    0    0    2    0    0    0    0    0   19    0    0    0    0    0    0    0    0    0    0    0    0    0    0    7    0    0    0    0    0    0   10    0    0   15    0    0    0   16   11    0    0    0   13    0    0    0    0    0    4    0    0    0    0    0    0    8    1    3    0    0    0    0    0    0   18    0    0    0    0    0    0    0    0    0    0   17   14   12  
   0    0    0    0    0    2    0    0    0    0    0    7    0    0    0    0    0   13    0    0    0    0    0    0    6    0    0    0    0    0    0    0    0    0    9    0    0    0   12    0    0    0    0    0    0   11    0    0    0   10   18   14    0    1   19    0    0    0    0   16    0    0    0    0    0    0    0    0    0    0    0    0    0    0    0    0   12    0    0    0    0    0    8    0    0    0    0    0    0   17    4   15    3    0    5    0    0    0    0    0  
   3    0    0    0    4   15    6   18    0   17    0    0    0    0    0    2    0    0    0    0    0    3    0    0    0    8   16    0    0    0    0    0    0    0    0    0    0    0    0   10    0    0    0    0    0   12    0   11    0    0    0    0    0    0    0    0    0    0    0    0    0    0    0    0    0    0    0    0    5    0    7    0    0    1    0    0    9    0    0    0   14   19    0    0    0    0    0    0    0    0    0    0    0    0   13    0    0    0    0    0  
   0    0    0    0    3    0    0    0    0    0    0    0    0    0    0    0    0    0   17    0    0    0    0   19    0    0    0    0   15    0    0    0    0    0    0    0    0    0   14    0    0    0    0    0   12    0   10    0    0    0    0    0    0    0   11    0    1    0    0    0    0    0    0    0    6    0    0    0    8    0    0    4    0    9    0    0    0    0    0    0    0    0    0    0    0    0    0    2    0    0    0    5    0   18    6    0    7   13    0   16  
   0   15    4   17    0   11    9    0    0    0    1    0    0    6    0    0    0    0    0    0   13    0   13    0    0    2    0    0    0    0    0    0    0    0    0    0    0    0    0    0    0    0    0    0    0    0    0    0    0    0    0    0   16    0    0    0    0    0    0    0    0    0    0   18    0    0    0    8    5    0    0    0    0    0    0   14    0    0   12    0    0    0    0    0   19    7    0    0    0    0   10    0    0    0    3    0    0    0    0    0  
   0    5    0    0    0   13    0    0    0    0    0    0    0    0    0    0    0    0    0    0    0   10    0    0    0    0   12   14    0    0    0    0    0    0    0    0    8    0   11    0    0    1    0    0   19    0    0   18    0   16    0    0    0    7    0    0    0    0    0    0    0    0    0    0    0    0   17    0    0    0    0    0    0    0    0    0    2    0    3    0    0    0    0    0    0    0    0    9    4    0    6   15    0    5    0    0    0    0    0    0  
   0    0    0    0    0    0   10    0    0    0    0   18    0    0    0    0    7    0    0    0    0    0    1    0    0    0    0    0    0    0    0    0    0    0    0   16    0    0    0    0    0   12    9    0    0    2    0    0    8    0    0   17   15    0    0   19    5    0   18    0    0    3    0    0    0    0    0    0    0    0    0    0    0    0    0    0    0    0   14    0    0    0    0    0    0    0    6    0    0   11    0    0    4    0    0    0    0    0    0   13  
   0    0    0    0    0    0    0    0   12    0    0    6    0    0    0    0    0    0    0    0    0    0    0    0    0    0    0    0   13    0    0    0    0    0    1    0    7    0    4    3    0    5   10    0    0    0    0    0    0    0   17    0    8    0    0    0    0    0    0    0   15    0    2    0    0    0    0    0    0    0    0    0   17    0    0    0    0    0    0    9    0    0    0    0    0   16    0    0    0   19    0    0    0    0    0   14    0    0   11   18  
   0    0    0    0    0    0    3    0    0    0    2    0    0    0    0    0    0    0    0    0    1   16    0    0    0    0    5    0    0    0    0    0    0    0   19    0    0   15    0    0    0    0    0    0    0    0    0    0    0    0    0    0    0    0    0    0   10    0    4   11    0    0    0    9    6    0   17   14    0    0   13    8    0    0    0    0    0    0    0    0    0    0    0    0    5    0    0   12    0    0    0    0   18    0    0    0    0    7    0    0  
   0    0    0    0    0    0    0    0    0    0   17    0    0    0    0   18   11    0    0    0    0    0    0    0    7    0    0    0    0    0    0    0    0    6   19    0    9    0    0    0    1    0    5    0    0    0    0    4    0    0    0    0    0    0    0    0    0    0   14    0    0    0    0    0    8    0    0    0    0    3   13   16    0    0    0    0    0    0    0    0   12    0    0    2   10   15    0    0    0    0    0    0    0    0    0    0    0    0   12    0  
   0    0    0    0    0    0    0    9    0    0    0    0    0    4    0    0    0    0    0   12    0    0    7   14    0    0    0    0    0    0    0   16    0   19    0    0   11    0    0    0    0    0    2    0    0    0    0    0    0    5    0    0   17    0    6    0    0   15    0    0    0    0    0    0    0    1    0    0    0    8    0   18   10    0    3    0    0    0    0    0    0    0    0    0    0    0    0    0    0    0    0   16    0    0    0   13    0    0    0    0  
   0   15    0    0    0    0   17    0    0    1    9    0    6   10    0    7    0    0    0    0    3    0    0    0    0    0    0    0    0    0   14    0   18    0    0    0   11    0    0    0    0    0    0    0    5    0    0    0    0    0    0    0    8    0    0    0    0    0    0    0    0    0    0    0   16    0    0    0    5    0    0    0   12    0    0    0    0    0    0    0    0    0    0    0    2    0    0    0    0    0   13    0    4    0    0    0    0   19    0    0  
   6   12    1    4    0    0    0    0    0    0    0    0    0    0    0    0    0   15    0    0    0    0    0    0    0    0    0    0   10   11    0    0    0    0    0    0   17    0    0    0    0    0    0    0    0    0    0    0    0    0    0   19    0   16    0    0    0    0    0    9    0    7    0    0    0    0    0   18    0    0    0    3    0    0    5    0    0    0    0    2   13    0    0    0    0    0    0    0    0    0    0    0    0    0    0    0    8   14    0    3  
   0   16    0    0    0    0    0   15    0    3    0    0    0    0    0    0    0    7    0    0    4   17    8    2    0    0    0    0    0    0    0    9    0    0   11    0    0   13    0    0    0    0    0   12    0   14    0    0    0    0    0    0    0    0    0    0    0    0    1    0    0    0    5    0    0    0    0    0    0    0   19    0    0   18    0   19    0    0    0    0    0    0    0    6    0    0    0    0    0    0    0    0    0    0    0    0    0    0    0   10  
   0    0    0    0    0    0    0    0    2   16    0   11    0   10   17    4    0    0    0   13    0    0    0    0    0    0    0    0    0    9    6    0    0    0    1    0    0    0    0    0    3    0    0    0    0    0    0    0    0    0    0    0    0    0    0   15    0    0    0    8    0    0    0    0    0    0    0    6    0    0    0    0    0    0    0    0    7    0   14    0   18    0    0    0    0    0    0    0    0   19    0   12    0    0    0    0    0    5    0    0  
   0    0    0    1   17    0    6    0    0    0   18    0    0    0    0    0    0    0    0    0    0   13    0    0    0    0    0    0    0    0   19    0    8    0    0    0    0    0    0    0    0    0    0    0    0    0    0    0    0    0   15    0    0    0    0    0    3    0    0   16    5    4    0    0    0    0    0    0    0    0    0    0    0    0    0   14    0    0    0    3    0    0   11    0   10    7    0    0    0    0    0    0    9    0    2    0   12    0    0    0  
   0   13    0    0    0   16    0   17    0    0    1    0   15    0    0    0    0    0    0    2    0    0    0    0    0    0    0    8    0    4    0    0    0    0    0    0   18    0    0    0    0    0    0    0    0    0    0   11    0    0    0    0    0    0    0    0    0    0    0    3   19    0    9    0    0    0    7    0    0    0   12    5    0    0    0    0    0    0    0    0    0    0    9    0    0   14    0    0    0    0    0    6    0    0    0    0   10    0    0    0  
   0    0    0    0   17    0    0   13    0    0    0    0    0    0    0    4    0    1    0    0   16    0   11    0    0    0    0   14    5    0    4    6    0    0    0    0    0    0    0    0    0    0    7    0    8    0    0    0   19    0    0    3    0    0    0    0    0    0    0    0    0    0    0    0    0    0    0    0    0    0    0    0    0    0    0    0    0    0    0   15    0    2    0    0    0    0   18    0   12    0   10    9    0    0    0    0    0    0    0    0  
   0    0    0    3    0    0   11    0    0    7   16    0    0    0    0    2    0   10   14    0    0   18    0    0    0    0    0   15    0    5    0   19    0    0    0    0    0    6    0    0    0    0    0    0    0    0    0    0    0    0    0    0    0    0    0   13    1    0    0    0    0    0    0    0    9    0    0    0    0    0    0    0    6    0    0    0    0    0    0    0    8    0    0    0    0    0    0    0    0    0    0    0   12    0   17    0    4    0    0    0  
   0   14    0    0    0    0    0    0    0    0    0    0   11    0   13    0    7    0    0    0    3    0    0    0    0    0    0    0    0    0    0   16    0    0    0    8    0    0    0    0    0    0    0    0    0   19    0    0    0    5    0    0    0    0    6    0    0    0    0    0    0   10    0    0    0    0    0    0    0    0    2    0    0    0    0   15   18    0    0    0    0    0    0    0   17    9    0    0    0   14    0    0    0    1    0    4    0    0    0   12  
   0    0    0    0    0    0    6   15    0    9    0    0   14    0   10    0    0    0    0    0    0    0    0    0    0    0    0    0    0   19    0    0    0    0    0   12    0    0    0    0    0    0    1    0    7    0    0    0    5    0    0    0    0   11    0    0    0   13    0    0    0    0    2    0    0    0    0    0    0    0    0    0    0    0    0    0    0    0    3    0   16    0    8    0   18    0   17    4    0    0    0    0    0   10    0    0    0    0    0    0  
   0    0    0    0    0    7    0    0    0    0    0    0    0    0    4    0    0   10    0    0    0    0   13    0    0    0    0    0    0    0    0    0   17    0    0   18    0    0    0    0    0    0    0    6    0   16    0    0    0    0    0    0    0    7    0    0    0    3    0    0    0    0    0    0    0    0    0   14    5    8    0    0    0    0    0    0   19    2    1    0    0    0    0    0    0    0    9   15    0    0    0    0    0    0   11    0    0   12    0    0  
  12    0   10    4    0    0    0    0    9    0    0    0    0    0    0   14    0    0    0    0    1   15    0    0    0    0    0    3    0    0    0    0    7    0    0    0    0    0    0   16    0    0    0    0    0    0    0    8    0    0    0    0   18    0    0    0    0    2    0    0    0    2    0    0   17    0    0    0    0    0    0    5    0    0    0   11    0   19    6    0    0    0    0    0    0    0    0    0    0    0    0    0    0    0    0   13    0    0    0    0  
   0    0    1    0    0    0    0    0    0    0    0    0    7    0    0    0   17    0    0    0    0    0    0    0    0    0    0    0   14    0    0    0    0    0    0    9   19    0    0    0    2    0    0    0    0    0    5    0    6    0   15    0    4    0    0   18    0    0    0    0    0    3    0    0    0    0    0    0    0    0   11   13   16    1    0    0   10    0    0    0    0    0    0    0    0    0    0    0    0    0    0    0    0    0    0    8    0   12    0    0  
   0    0    0   15    0    0   14    0    0    0   10    0    0    0    0    0    2    0    0    0    8    0    0    0    0    0   16    0    0    5   12    0    0    0    0    0   18    0    0   17    0    0    0    0    0    0    0    0    0    0    0    0    0    0    0    0    0    0    0    1    0    0    0    6    0    0    0    0    0    0    0    3    0    0    0    0    0   19    0    0    0    0    0    7    0    0    1    0    0   13    4    0    0    0    0    0    9    0   11    0  
   0    0    0    0    0    6   14    0    0    0    0    0    0    0    0    0    0    9    0    0    0    0    0    0    0   13    0    0   10    0    0    0    0    0    0    0    0    0    0    0    0    0    0    0    0   17   15    0    0    0    0    0    7    0    0    0   11    0    0    0    0   18    0    0    0    0    0    0    8    0    0    0    0   12    0    0    3    0    0    0    0    4   16    1    0   15    0    0    0    5    2    0    0    0    0    0    0   19    0    0  
  12    0    0    6    0   13    0    0    0    0    3    0    0    0    0    0   15    0    0    0    0    0    0    0    0    0    0   16    0    0    0    0    0    0   10    0    0    0    2    0    0    0    7    0    0   14    0    0    0    4    0    0    0    8   18    0   17    0    0   19    0    0    9    0    0    0    0    0    0    0    0    0    0    0    0    0    0    0    0   17    0    0    5    0    0    0    0    0    0    0    0    0    0    0    0    0   11    0    1    0  
   0    0    0    0    0    0    0    0    0   12    0    0    0    0    0    0    0    0    0    0   13    1    0    0   14    5    0    0    0    0    7    0    6    0    0    8    0    0    0    0    0   19   17    0   15   16    3    0    0    0    0    0    0    0    0    0    0   18   11   11    0    0    0    0    0    0    0    0    0    0    0    0    0    0    9    0   10    4    0    0    0    0    0    0    0    0    0    0    0    0    0    0    0    0    0    0    0    0    0    2  
   0    0    0    0    8    9    0    7    0    0    0    0    0    0    0    0    0    0    0    1    0    0    0    0    0    0   13   18    0    0    0    0    0    0    0    0    0   19   11    0    0    0   15    0    0    0    2    3    0    0   12    0   17    0    5    0    0    4    0    0    0    6    0    0    0    0    0    0    0    0   16    0    0    0   10    0    0    0    0    0    0    0    0   14    0    0    0    0    0    0    0    0    0    0    0    0    0    0   14    0  
   0   10    2    0    6    0    0    0    0    0    0    0    0    0    0    0    0    0    0    0    0    8    0    0    0    0    7    0    0    0   16   13    0    0    0    0   17    0    0    0    0    0    0    0    7    0    0    5    0    0    0    0    0    0    0    0    0    0    0    0    0    0    0   11    4   14    0    0    0    0    0    0    1    0    0   19    0    0    9   18    0    0    0    0    0    3   15   12    0    0    0    0    0    0    0    0    0    0    0    0  
   0    0    0    1    0    0   14    0    0    0    0    0   19    0    0    0   10    0    0    0    0    8    0    8    0    0    0    0    0    0    0    0    0    0    0   16    0    6    0   13    0    0    0    0    0    0    2    0    0    0    0    0   11    9   18    0    0    0    0    0    0    0   17    0    7    0    0    0    0    0   15    3    0    0    0    0    0    0   12    0    0    0    0    5    0    0    0    0    0    0    4    0    0    0    0    0    0    0    0    0  
   0    0    0    0    0    0    0    0    0    0    0   10    0    0    0    0    0    0   11   15    0    0    0    0    0   16    0    0    0    0    0    0    0   14    0    1    0    0    0    0    0    0    0    0    0    4    0    0    0    0    0    3    0    0   12    2   19    7    0    0    0    0    0    0    0    0   13    0    0    0    0    0    0    0    0    0    0    5    0    0    0    6    0    0    8    0    0    0    9    0    0    0    0   18   17    0    0    0   15    0  
   0    0    0    0    0   18    0    4   19   16    0    0    0   10    0    0    0    0    0    0    6    0    5    0    0    0   15    0   12    0    7   11    0    0    0    0    0    0    0    0    0    0    0    0    0    0    0    0    0    0    0    3    0    1    0    0    0    0    0    0    0    0    0    0   17    0    0    0    0    0    0    0    0    0    0   13    0    0    0    9    0    0    0   14    8    0   13    0    0    0    0    2    0    0    0    0    0    0    0    0  
   0    0    0   14    0    0    0    0    0    0    0    0   18    0    0   19    0    0    0    0    0    0    0    0    0    0    0   13    0    0    8    0    7    4    0    0    0    9    0    0   10    0    0   15    0    0    0    0    6    0    0    0   12    0    0    0    0    0    8    0    0    0    0   17    3    0    1    0    0    0    0    0    0    0    0    2    0    0    0    0    0   11    0    0    0    0    0    0    0    0    0    0    0   16    0    0    5    0    0    0  
   8    0    0    0    0    0    0    0    0    0    0   13    0    0    0    0    0    0    0    0    0    0    0   16    0    2    0    9    0    0    0    0    0    0   10    0    1    0    0    0    5    0    0   18    0    6    0    0    0    0    0    0    0    0    0    0    4    0    0    0    0    0    0   14    0   19    0    0    0    0    0    0    0    0   15    0    0    0    0    0    3   12    0   17    0    0    0    0    0   11    8    7    0    0    0    0    0    0    0    0  
   0    0    0    0    6    0    0    0    0    0   15    0   11    0    0    0    0    0   13    0    0    0    0    0    0    0    5    0    0    0    0    2    0    0    4    0    1    0   19    0    0    0    0    0    0    0    0    0    0    3    7   19    0    0    0    0    0    0    0    0    9    0    0   18    0    0    0    0    0    0    0    0    0   10    0    0    0    0    0    0    0   14    0    0    0    0    0    0    0    0    0    0    0    0   12    8    0   16   17    0  
  11    0   17    0   14    0    0    0    8   19   10    0    0    0    0    0    0    0    0    0    0    0    0    0    0    0    0    0   15    0    5    2    0    4    0    0    0    0    0    0   13    0    0    0    0    0    0    0    0    0    0    0    0    0    0    0    0    0    9    0    0    0    0    0    3    0    0    0    0   12    0    2    0    0    0    0    1    0    0   18    0    0    0    0    0    0    0    0    0    7    6    0    0    0    0    0    0    0   16    0  
   0    0    0    0    0    0    0    2   16    0    0    0    0    0    0   15    6    0    0    0   11   17    7    0    0    0    0   13    0    0    0    0    0    0    8    3    0    0    4    0    0    0    0    0    5    0    0    0    0    1    0    0    0    0    0    0    0    0    0    0    0   14    0   18    0    9    0    0    0    0    0    0    0    0    0    0    0    0    0    0   10    0    0    0    0    0   17    0    0    0    0    0    0   12    0    0    0    0    0   19  ] 
BUDGETS : [    1    2    2    5   10   11   12   21   27   28   29   29   30   33   34   41   43   46   46   49   52   52   56   58   61   64   70   71   74   76   78   80   81   81   82   85   87   88   89   91   92   92   95   98   98   99  102  105  107  110  112  116  116  119  120  126  127  130  130  132  132  134  136  143  144  147  148  149  150  151  152  154  158  159  160  163  165  166  168  170  174  175  175  176  179  180  180  181  183  183  184  185  185  187  187  187  192  193  194  196  ] 
