K : 100
I : 100
PREFERENCES : [    0    9    0   39   10    0    4   13   12    0    0    0   35   22    0    0    0   27    0    8   14    6   17    0   20   38    0   16    0    0   24    0    0    0   26   23    0    0   40   38    0    0   21    0    3    0   37    0    0    0    0   21    0   36    0    0    0   25    0   34   11   21    0   38    0    0    0    0    0   32    0   15    9    0   28    0    2    1   32    0   19    0   31    0    0    0    0   30   33   16    5    0   18   32   29   33    7    0    0   28  
  20    4   18   29    0    0    0   11    0    0    0   10    0   19    0    0    0    6    0    0   33    0   31   20   29    0   14   26   28   21    7    0    0    5    0    9    1    0   26    5    0    3   16   12    0    0   17   29    0   34    0    0    0    5   29   22    0    0    0    0   38   25    0   39   27    0   24    0   36   39   30   13    0    8    0   37   32    0    0   29    0    2   40    0    0    0    0    0    0    0    0   23    0    0    0    0   35   24   15    0  
   3    0    0    0   26    0   12   14    0    0   33    0   20    0    0   37    0    0   32    0   25   39   14   17    0    6   23   31    9    0   28    0    0    0    7   38   11   15    0    0   27    0    0   22    0    1    5   36    0    0   20   40    0   19    2   14    0    4    0    0    0   24    8   10    0    0    0    9   18   35   16    5    0    0    0   28   29    0    0    0   11    0    0    0    2    0   13    0    0   34    0    0   36   21    0    0    0    0   30    2  
   0    0    0   39   40    0    0   33    0    0    0   21   12   15   26    0   28   37    0   30   15    0   31    5    0    0    8    0    0   37    0    7    0    0   40    0    0    0    0    0    0    0   19   38   34    0    0    0   33   17    0    0   10    6   12    4   35   29    0    0   24    2    1    3    0   18   15    0   36    0   20   14    0    0    0   23    0   32    0    0    0    0    0    0   28    0    9   25    0    0    9    0   22   15   13   27   11    0   16    9  
   0    0    0   39   21    0    0   14    0    0   24   20    0    0    0    0    0    0   17    1    0    0   38   16   19   35   31    0   30    0    0   27    4    0    9    0   22    0   13    0   28   37   26    0    6    0    0    0    0   25    0    0    8   32    9    0    0   28   15   40    0    0    5    0   11   34    0    0   23   10    0   12    0    0   27   39    0    0   33    0    7    0   28   18    3    0    0    0   21   36   34   29   34    0    8    2    0    7    0    0  
   0    0   28    0    0   29    0    0    6    0    0    7    0   20    0    0   39   14    0   38    0    0    0    0   31    0    5    0   21    0    8    1   17   37    0    0   36    0   15   19    0   27   30    0   33    0   22    2   16   11   23    0    0   34   18    0   15   12   13    9   18   25    0    0    0    0    0    0    4    0    0    0   14    0    0   24    0    0   33    0    0    0    4   24   26   35   40   23   27   32    0   34    0    0    0   10    3   40    0    0  
   0    0   20    0    0   26   15   34   25    0    0   20    0    1   38    0    5    8   27   15   32   40    0   31    0    0   38   21   10    7    0    0   11    0   28   31    0   18    0    0   12    0    0    0    0    0   18    8   23   17   14    0    0    0    0    0    0   13    0    0    0   25    0   24    0   16    0    0    0    0    0   35   39   18   19   36    0    0    0   37   30    4    0    6    2    9    3    0    0   29    0   33    0    0   18    0   22    0    0    6  
   0    0    1    0   39    7    0   17    5    0   40    0   13   24   28    0    9    0    0    0   20    0   35    0    0    0    2    0   17   15    0    0    0   38    0    0    0   19   22   17   27    0    0    0    4   37   34   29    0    0   31    0    0    3   18    0    0   34   17    0   35    0   12    0    2    0   30   16    4   17    0   23    8    0   14    0   25   34    0   30   36    0   32   10    0   11   21    6    0    0    0    0    0    0   33    0    0   26    0    0  
   0    0    0    0   16    0   40    8    0   21    0   24    0    0    0   30    0   26    0   14    0    0    5    0    0    0   17    0   22   37    0   33   32    0    0    7   25   22   18    6    0    0   29    9    0    0   19    0   38    0    0   10    0   33   23    0   20    0   36   37    0    0    0    0    0    0    0   26   27    0    0   11    0   30   13   40   12   33   40    0    0   31    4    0   28   15    5    0   39    0    0    0    2   35    0   34    3    0   35    1  
  12    0   39    0   36   32   26   30    9    0    0    0    0    3   37    0    2    0    0    0   38    0    0   26    1   34    0    0    0   11   21    0    0    0   14    0   22    0   18    0    0   17    0    7    0    0    0   27    0    6   35   26    0    4    0   20    0   40   29   33   25   19    0    0    0    0   38    0    0   15   23    8   13    1    0    0   16   10    0    1    0    0    0    0   15    0   28    6    0   38   12    0    0    0   31    5   24    0   29    0  
  16    0    0   30   21    5    0   31   34    0    0    4    0   18    0    0    1   25   15    0   11    0    0   30    0    0   40    0    0   19    0   16    0   12    2    0   22   29    0   35    0   11    0    0    5   27   32   10    0    0    0    0   14    0    0   23    0    0    0    9    0    9   24    0    8    0    6   13    0   20    0   26   37    0    7    3   29    0    0   17    0   14    0    0    0   11   33   36   28    0    0    0    0    0   39    0   32   19   38    0  
  30   29   17   13   18    0    0    4    0    0    0    0   15    0   20    0    0    0    0   12   25    2    0    0   40    0   19    0    5   34   16    0    0   37   31    0    0    0    0    0    0   10   26    0    0   10   23   39    0   17   14   24   22    0    7    0   11    0    0    0    0    0    2    0    2    0   38   27    0    0    0   14   21    6   12   35    8    0    0    0    0    0   32   29    0   39    0    0    9    0    3   28    1   36   29    0    6   33    0    0  
   0   31   16   22    0    0   13   14   32    0    0    0    2   17    0    0   14    0    0    0    0   28    1    0    8    6    0    0    0   10    5    0   23   29   40   19    0   35   37    0    0    0    0    0   10    0    0    0    0   36    9    2    8   24   35    0    0    0   12    0    0    0    0   38    0    5   25    0   28   15    4    0   26    0   27   18    3    0    0   39   21    0    0    0    7   11    0    0   34   20    0    0   14    0   30   18    0    0   33   40  
   2   29    0   21    0    0   19   14    8    0    0    4    0   13   12   24   40    0   39    0   28    0    0   18   23    0   34    0   27    0   32    0    0   25    0    0    0    9   36    0    0   11    2    0   20    0   38    0    0    0   35    0   40   37    0    0   29    0    0    1    0    0    0    0    0    0    0    0   10    5    0   18    0    9    0   15    0    0    0   20    0    5    3   17   32    0   26   33    0   36   22    0   31    0    7   30   24   16    6    0  
  23    0    0   19    0    0    0    0    3    0    0    0    0    0   37    0    0    0    4    0   32    4    0    0   40    0    0   38    7    1    0   25   24   29    0    0    0   12    8   33    0    0    0    5    0    0   21   31    0    2   35    8   14    0    0    0   13   34   18    0    0   18    1    2   22    0    0    0    0   18   28   29   10    0   26    0    0   36    0    9    0    0   39    9   16   17   15    6    9   40    0   30    0    0   20    0    0   27   11    0  
   0    0    0   30   12    0    0    0   31    0    0    0    0    0    9   36    0   18    0    0   29   16    0    0    2    3    0   39   23    0    0   31    0   10    0    0   28    4   28    0    6   38   14    0    0    0   18    0   17    0   38    0    0    9   32   40    0    0   37   14    0    0    0   11    0    0    0    0   17   19    0    0   15    1   27    0   25    0    0   13    7    0   26   35   20    5    0   32    8   24   17   28   22    0    0   33    0   34    0   21  
   7   12   18    0   36    0    0   39   38    0    0    0    0    0    0    0    0   24    0    0   19   23    0   13   10    0   11   33    6   29    2    0   19    0   31    0   21    0   17   25    0    4    5    0    0    0    0   24    0    0    0   34   20    0   30    0    5   32    0   27    0    0   26   37    8    0    1   14    0    0    0   12    0    0    0   22   18   31   11   35    3    0   14    0   16   28   35    0    0    0   40    0   12    9    0    0   15    0    0    0  
  15   28    0   18    0   12    0    0   29    0    6    0   19    0    0    0    0    0   11    0   21    0    5    0    0    0    9   20    0    0    0    0   19   33    0    0   24   25    8    0    5    0    0   37    0   28   14    2    0    0    0    3    0   37    3    0    0   10    0    0   27    0   38   16   34    0    0   26    0   30    0    2    0   31    4    0   20    0   36   39   21   22   23    0    0    0    0    0    0    0    0   13   32   35    7    4   17   40   14    1  
   0    0   20    0    0    1    0    0    0    3    0    0   20   35   19    0   16   24   34    0   10    0    0    0    0   32    8    7    6    0    0    6    0   23    0   21   33    0    0   15    0    0   29    7    0   14    0    0   18    5    0   22    7    0   26   38    0    0   27   30    0    0    0    0   28   11   29    0   19    0   31    0    2    0    0    0   29    8    0   17    0   39   37    0    0   13    4   19   40    0    0    0   17    0   36    0    9   25   12    0  
  22    0   17    5   32    0   25    0    2    8    0    0    7    0    2    0    0    0    0   34   38   30    0   31    0    0   12   29    0    0    0    0   15    0    3   16   39    0    0    0   19   11   30    0    0    0    0    0    0    0    0    0   24   27    0    0    0   30   38    0   21   20    9   13    0   38   19    0    0   38   10    4    0    0   40    0    0   14    0    0    0    0   35   18    0   28   37    1   36    0   40   23    0    0    0   38   26   33   17    6  
   2    0    0    0   22   23   31    0    7    0   17    0    0    0    0   24    0   37    8   33    0   38   16   14   16    4    0    0    0    0   39    0   28   11   10    0    9   36   27    6    0   18    5   40    0   20    0    0   20   19    0   20    3    0   26    0    6    0    0   25    0    0    1   29    0   21    0    0   35    0   15    0    0    0    0    0    0    3   17   10   34    0   13   16   12    0   30   32    0    0    0    0    0    0    0    0    0    0   24   28  
  31   18    0    0    0   35    0    0    0   33    0    0    0   37   10    0   17    0    2    1    0   12   39   24    0    0    0    0    0    3    0   26    5    0   36    0   38    0    0    0   20    0    0   36    0   23    0    0   28   12    0    0   29   19   27    0   21   36    8    1    0   15   36    7    0    0    0   40    0    4   22   32    0    0   16    0    0    0    0    0    0   13    0   14    0   14   30    0   11    6   34    4    0   13   25    0    7    0    9   39  
   0   37   34   16   27   35   29    0   25    5   31    0    0   31    5   36    0    0    0    0    0    0   13    0   28   10    0   23    0   18   12    0    0   39   32    0   30    0    9    0   35    0   35    5    0    0    0    0    3    0    4   15   37   11    1    0    0    0   40    0    8   34    0   19   14   24    0    0    0    0    0    0    0    0   17    0   21    9    0   26    0    7    6    0    0   33   22    0    0    0    0    0    2   20    0   40   38    0    0   11  
   0    0   27    0   34    0    0    0    7    2   20   35    0    0    0   29    0    1    0   36   38   10    0   37   31    0   37    3    0   37    0   18    0    0   30    0    8    0    0    6    0    0    7    0    5   17   11   15   25    0   24    0    0   40   39   22   32   21    0   25   16    0   25    0    0    8   14   12   26   17    0    0    9    3   33    0   23    0    0    0    0   25    0    0    0    0    0    0    0    0   37    0    0    4    0   13    0   19   28    0  
   8    0   17    0    0    0   32    0   33    0    0    0   40    0   13    0   22    0   29    8    0    0   35   23    0    0    0    0   21    7   14    0    0    0    0   36   26   34    0    0    0    0   19   37    0   12   27    0    0   38    7    0    0   13    0    2   30    6    0   18   16   24    0   25   19   33   33    0    9    3    0    0   31    0    0    1    0    0    0    0   20   11    0    4   28   15    5    0    0    0   27    0    0   29   39    0   18    0   24   10  
   8   40   38    0   10   27   33   21    0    0    0   18    0    4    5    0    0    0   15   34    0    0    0   24    0   12    0    0    0    0   11   19    0   17    0   16    1    0    0   30   13   29    0    0    7    8   32    3    0   36    0    0    0    0   13   39    0   13   23    0    0    0    0   25    6    0   20    5    0    0    0    2   28   32    0    0    0   22    0    0   31   32   39    0   37    9    0   26    0    0    0   40   31    0   29    0    0   35    0   14  
  27   29   36    4   26    0   17   19    0    0    0   34   26   33   14    0    0    0    0   11    0    0    0    2    0    0    8   25   24    0    0   22   32   35    0   18    0    0    9   34    7   28    0    0    0    0    0    6    0    0    0    0   38   25    0    2    1    0   26   12    0   40    0    0    0    5    0   29   22    0    0   31   37    0    0    0   21   13    0    0   16    0    0    1   30   15   23    0   39    0    0   22    0   20   10    0    0    0   15    3  
   0    0   25   31    0    0    0    0    0    0    5   15    0    7    0   23   20   18    0   21   30    6    0    0    0   27    0    0    1    0    0    0    4    0    0    0   13    0    0   39    0    0   10    6   14    0    0   19    8    0    0    0   40    0    0   33    0    0    0    0    9    0   37    0   37   13    0   36   25   22   38   28   27    2   20    0    0    0    0   16   16   24    0   11   26    0   35   23    0   32    0    9   29    0    3   17   12   34    0    2  
  21    2    0   39    0    0    0   38    0    0    0    0   24   23    0    0    9   14   37   33    0    0    6    0    0   31    0    0    3   20   10   19   23    0    0   20   40   26    0    0   27   36   25   11    0    0    0    0    1    0   40    7   19    0    0    0   29   17    9   35    0    0    0   34    0    0    0   32    0   21    4    0    0   13    0    0   39    0   22    0    8    0    7   19    0    0   21    0   28    0    5    0   16   30   12    0    0   18   15    0  
   0   40   21    0    0    0    0   27    0    0    0    6    0    0    0   16    0   38    0    0    0   15   11   39    0    8   23    0    0    0   37   24    0    0   22    0   10   14    0    0   26    0    0    1   25   35    0    7   34    5   28    0    9    0   19    0   32    4    0   17    0    0    0   30   13   33   18   35    0   18    0   36    0    0    7   38   31    0    9    0    0   28    0    0    0   29    0    0   25   38   14    0   20    2    0    0   12    7    3    0  
   0    0   33   29   27    0    0    0    9    1    0   19   39    0    7    0    3   22    0   21   35    0    0    0    0   24   13    0    1    0   20   31    6    0   28    0    0   38    8    0   23   16    0    0    0    0    0   15    0    0    0   32   11    0   34    0   40   25   21    0    0   17   26    0    0   23    0    0   18   12   38    0   30    0    6    2    0   23   14    0   18    9    0    0    0   37    0   10    1    0    0    0    0    5    0    4    6   36    0    0  
   0   28    0    0   30   11   18   22    0    0    0   40    0    0    0    0   12    0    0    0    0    0    7    9    0   20    0   19    0   33    0   36    0   16   26   13   37    0   22    0    0   34   29   32   10   33    7    0    0    0   19    0   35    0   25    1    0   15    0    4   14    0    0   31    5    6    3   38    0   27    0   17   21    0    0    0    0   19   18    0    0    0   22   22   39    0   23    0    0    0    0    0    2   21   22   24    0    8    0    0  
   0   40   13    0    0    0    0    0    0   12    1    0   28   35   26    1    9    0   24    0    0   25   29   38   14    0   23    0    0    7    0    8    0    0    0   10    0   25    6   17    0   20    0   26   18    0    0   34    0    5   35   33   21   31    0    0    2    0    0   15   11    0   27   16    0   37    0    4    3    0   26   39    0   32   14   22    0    0    0   40    0    0    0   30    0   11    6    0   25    0   36    0    0    0    0    0    0    0    0   19  
  32    0   21    1    8    0    1    0   12   34   36   37    4   14    0   25    0    0   16    0   22   12   15   17    0   34    0   29   40    0    0   18    6    0   13    5    0   34    0    0    0    9    0   23   30    0   38   20    0    0    0    0   31   39    0    0    0    0    0   19    0    0    7   10   13    0   24    0    0   27   35    0    0   28    5    0    0   11    0   39    0   34    0    0    3    0    0   33    0    2    0    0   26    0    0    0    9    0    0   20  
  20    2    7    0    0    0   34   35    0    0   13   37    0   16    0    0    0   38    0    1   40   23    0    0    4   19    0    0   32   30   31    0    6    0    0   10    0   21    0    0    0   40    0   28   18    0   27    0   25    0   28    3    0   23    0    0   17   36    8    0   40    0   24    5   12    0    0   11   22    0    0   40    0    0    0    0    0    0    0   15    9   12   18   29    0    0   26    0   28    6   33    0   14    0   39    0    0   13    0    0  
  39   14   34   35    0    0    0    7   21   16    0    0    0    0    0    0    0   13    6    0   26   11    0   25    6   31    0   23    0    0    0   32   23    0    4    0   32    0    0   10   28   21   24    8    0   15    0    0    5    0    0   17    0    0    8    0   27    1    6    0   18    0    0    4    0   19    0   32   22    0    2    0    0   20   21    0    0   12    9    0    0    0   37   35    3    0    0    0   33    0    0    0   29    0    0   40   36    0   30   38  
  14   19    0   15    0    9    7   10    0   33    7   15    0   38    8   23    0   20    3   29   34    0   31    0    0    0    5    0   40    0    0   28    0   24    0    4    0    0    0    1    0   13   35    0    3    0    0    0   27    0    0    0    0    0    0    0    0    0    0    0   22   39    0    6    0   29   11   14   32    0    2    7   18   33   25    0   36    0    0    0   37    0    0   17   21   16   26    0    0    0    0   16    0    0    9   30   30    0    0   12  
   0    0    3    0   35    0    5   30   36   10    0   18    0    0   36    0   19    0   23    4    0   34   33   24    0   40    0   40    0   29   32   25    0    0    0    0   27   34   12    0   16   27    0   37    6   25    6    0    9    2   14    0    0    0   17   24    0   26    0    0    8    0   13    0   30   25    0    0   22    0    0    0    0    5    0    0    0   11    0   39    0    0   20    0   21   38   28    0    0   31    1    0    0    0    7   15    0    0    0    0  
   4   30    0   20    0   30   25    0    5   32   12    6    0    0    0   22   35    0   13    0    0    0   31    0   17    0   19    0   28    0   34   27    2    6   16   10    0   36   16   38    0    0    0   24    0    1    0    6    0   26    0   26    8    0    0    0   27   29   23   18   39    0    0   10   15   21    0    0    9    0    8    0    0    0    0    0    0   16    0   33    0   40    0    7    0    0    0   11    0    0    0   14    0   37    0   20    0    3    0    0  
   0    0    0   23   22    9    0    0    0    0   35    0   30    0    0   29    1    0    0   21   10   13    0    8    0   28   15   39    3    0   18    6    4    0   31    0   14    0    0    0    2    0   17   37    0   38    0   34    0    0    0   21   27   11    0    0    0   32    0    3    0   17    0   25    7    0    0    0    0   16    0    0   26    0   12   23    0    2    0    0   36   19   20    0    0   33   21    0    0    0    5   15    0   28   24   12    9    0   40    0  
   0    0    0    9   33   20   31    6   17    0   10   20   39    0    0    0    0   17    0    7   23   26    0    0    0    0    0    0    0   26    0   22    0   29   12   38   29    0    0   36    0    2   13   28    0   24    0   35    5    0   10    0    0    9   27    5    0    0    0   40    0    0    0    5    0    0    8   14   25   11   15    0    0   21    0   18   34    0    0    0    0    0   20    1   15    0    0   37    0   30    0    4    0    0   19   32   16    0    0    3  
  26    0    0   17   40    0    0   16    0   12   18   24    0   28    0    0   35   27    0    0    0    4   37   25    0    0    6   24    0    0    6    6    0    4    0    0   32    0   27   38   34    0    9    0    0    0    3   19   22    0    0    0    5    0    0    0    0   13    0   20    2   11   30   34   10   39   36    1    0    0    7    0   33   21   10   33    0    3    0   23    0   14    0   31    0    0    0    0    0    0    0   15    0    0    0    0    8   29    0   36  
  18    0    0    1   10    6    0   39   23    0    0    0   20   17    0    0   29   35    0   24    0    0   36   39    0   28   14    0   11    0   20   22    0    0    0   28   31   40    0    0    0   27    0    0    0   16   30    0    0    5    0    0    4   20    0    0   12    0    0    5    0   21   13    0    0   32   15    0   19   33    9    0    0   24    3   26    0    0    0    0    8    0   25    2    0    0   34    0   31   31    0   37    0   38    0    7   20    0   20    0  
   0   17    0   39   34    0   16    0    0   20    0   38    0    0   37   18   28   29   36    4   15    0   11    0    0    3    0   17   17    0    0   23   26    0   22    0    5   30   24    0   16   33    0    0    0    8    0    0    0    0   32    0   27    0   10    0    0   36   14    0   13    0    0   25    0   37    0   12    0    0    0    6   17   34   28   35    0    1   40    0    0    0    0    0   31    0   29    7    0    9   27    0    0    0    0   19    0    2   21    0  
  36   24    3    0    0   35   29    0    0    0   26    0   14    0   18    0   28   10   34    0    0   17   37    0    0    5   32   32    0    0   33    0    0    4   27    0    0    1    0    0   30   16   22   39   14   39    0    0    0    0   38    0   16   23    0    0   21    0    0    0   19   37   13    2   11    6   25   12   26    0    0   21   20    8   18    7    0   14    0   15    0   40    0    0    0    0    0    0    0    9    0    0    0    0    0    8    0   31    0    0  
   4   13    0   36    0   20    0   29    0    0   21    0   33    0    0    5    0    0    0    0   15    1    0   22    7   12    9   26    5    0   27    0   28    0   26    0    0   23    0    0   38   28    0   19    0    0   31   30    0    0    0    0    1    8   40   11   35   10    0    4    0   18    6    0    0   33    0    0    4    0   31    0   14   24    0    2   17    0    0    0    0   25   34    0    0    3   36    0    0    0    0    0    0   15    0    0   39   37   32   16  
  21   21    0    0    0   40    1   28    0    0   23    5   37   16    0   36   39    2    0    0    0    1    0    8    0    3    0   32    0   11    0   15   36   19    0    0    0    0   30    0    0    0    0   18    0   22    0   31    1    0   14    0    0    0   35    0   24    0    0   20   39    0    0    0    7    1    9   33   10   13   27   33   25    0    0   12    0    0    0    0    0   29   26   38    0    0   11   34   17    0   24    0    0    6    0    0   11    4    0    0  
   0    0    7   28    0    0    6    0    0   36    0   16   14   19    0   30   11    0   11   25   38   34   24    0    0    5   35    4    0    0    0    0   39   26    0    8    0   13    3    0   36    0    0   17    0    0    0    0   15    0    0    0   16    0    0   31    0   21   40   23    0    0    0    0    9    0   13    0   18    0   21   37    0    0   12    0    0   28    1    2    0    0    4    0    0    0   31   27   33    0    0   32   20   33    0   10   29    0   22   19  
   7   10    0    0    0   35   18   11   24   15    0    0   23   22    8    0   16    0   37    0   19   34    0   24   33   24   21   12    0    0    0    0   13    0    0    0    0    0    0    0   32    0    0    0    9    0   24    0    5   29    0    0   27    0    6    0   11   25    0    0   21    0    0   17   39    0    2   37   30    0    0    0    0    3    0    7    0    0   20    0   37   40   36   38    0    0   28    0   24    0    0    0   26    0    1    0    4   24   14   31  
   0    0   37   22    0    0    0    0    0    0    3    8   16    0    0    0    0   35    0    0    0   15   19   35   40    0    0    1    4    7    0    0   18   28    0    0   33    0    0   34   39   26   26   13   23   21    0   25    0    0   30    0    0    0    0    5   20   12   10    0    0   19   20    6    0   29    0    0   14    0    0    0    0   31    0   38    0   17   24   31    0    0   34   32    2   24    0    9    0   31    0   23   36   19    0   27   11    0    0    0  
   4    0   27    0    0    0    4    0   20    8   18   33    0    0   37    0   24   29   36   26   23    0    0    0    0   34   14    0    0   21    0    0    0   19   16   36    0    0    0    0   31    0   35    0    7   12    2    0    0   39   40   28   39    0   17   15    0    0   13    0    0    0   38   35    1    0   10    0   29    0    0    0    5    0    3    0   32    0    0    0    0    9   25   25   11   30   40    0    0    0    0   32    0    0    0   34   22    6   38    0  
   9    0    0    0   26   23    8   18    0    0    0    0    0   27    0    0   39    0    0   24    0   23   35   19   15    0    0   32    0   28   40    0    0    0   25   12   34    5   13    3   32    0    0   16   20    0   11   29    0    0   20    0    0   29   30    0    0    0    0    0   14    0    0   17   38    4    0    0    0    0   17    0    1   10   22   14    0   31    0    0   30    0    6    0   37    2    0   36   32    0    0   21    0   39    0    0   12    7    0   33  
   0   18   36   38    0   20    0    0    0   40    0    0    8    4    0    5    0    0   31    0    0   28    3    0    0    0   32    6    0   39    0    6   19   26    0    1    0    8    0   35   15   34    0    0   39    0    0   15   18    0    0    0   17   23    0    0    0   34   27    0    2   16    0    0    0    0    0    0   33    0    0   25    0    0   31    0    0   14    0   10    9    0   13   23   40    0    0   22   23    0   30    0    7   29   37   21   11    0   24   12  
   0   39    0    0    0    0   32    0    0   24   30    0    0   36    0    0    0    8    0   34   40    0    0    0    2   34   12    4    7   34    0   17   20   16    0   34   19   18   23   35   12    0   11    0    0   37   33    0    0    0    0    5    0    0    0   15    0    0   36    0   10    0    0    0    0    0    0   14   39    0    0    9   26    0    0   31    0    0   21    0   27    0   13   25    3    0   22    0    0   21   30    1    6    0   37   31   28   29    0   38  
   0    0   24    0    0    0    0    5    4    0    0    5   30    0    0    0    0   39    0    0    0   32    5    0    0    0    0    0   37   30    0   25    1    7   38    0    6    0   34    0   26    0   35   17    9   27   10   14    0    0   16    0    4    8    2   29   23   31    9   22   21   12    0    0    0    0    0    0   15    0    0    3    0    0   36    0    0   19    9   18    0    8    0   20    0   10   11    8    0    0    0    0   40    0   28   39   33    0    0   13  
  37    0   28   35   12    0    8   10    0    0   37    0   33    0   26    9    1    0    0   36   15   19   18   23    5    0    0   31    0   17   29    0    0    0    0    0    0    0   38    0   25    0    4    2    0   30    0   13    0   20    0   14   16    3    0    0   40   21    0    0    0   10   27   32    0   10    0    0   22   10   24    0    0    0   34    0   14    0    0    0    0    0    6    5   32    0   39    0    7   19    0   34    0    0    0    0   11   12    0    0  
   0    0   29   27    3    0    4    0   10    0   20    0    0    0    0    1    0    1   15    0   35   38    0    8    0    0    2    9    0    0    0   12   33    0    7    0    0   24   13   17   28    0    0    0    0   21   11   18   28    0   37   26   31   39   29    6   16   34    0    0   36    0   19   31    0   22    0   23   14    0   40   21    0    0    0    0    0    0    0    5    0    0    0   30   33   18   22    0    0    0    0   25    0    2   11    0   32    0    0    0  
   0    0   13   32   23    0   33    0    0    0   26   36   11    0   14   27   24    0   18   19   29    0    0   30    0    6    0   28    4    0    0    0    0    0    0    0    0   12   40    0    0    0    0    8    0   36    0    1    0    0    3    9   17    0    7    0   13   38   20   31    0   16    0   35   10   39    0    0    9    2    0    0   21    0   15    0    0   22   12    0    0   29    0    5   24   37   18    0   20    0   25    0    0    0   24    0    0   17   34    0  
   0   37   35    0   27    0   19    0   16    0   33   20   38    0    2   25   32   39    0    0   14    0    0    8    2    0    0    0   30    0    0    3   28   18    0    0    0    0   23    0    0    0    0    0   13   11    0   32   21    0   26    0    0    4   38    0    5   23    0   34   36    0    0   40    0   24    1   17    0    0   31   12    0   20    0   10   37   29    0    0    6    7   20    0   32    0    0    0    0    9   15   22    0    0   31    0    0   40    0    0  
  27    0    0   27    0    7    0    0   29   25   20    0   33    0    0   17   24   40   12    0    0    0    0   37    0   32    0   23   22    8    0   17    7    0    0    3    0    0   10    0    0    6    0    4    6   20    0    0    0    0   34   21   16   26   14   38   39    0    0    5    0    0    7    0    0    0   15    0    0    0    0    0    1    0   30    0    9   18   17   16    0    0   36   31   19    0   13    0    0    0    2    0    0   11    0   35   39    0    2   28  
   0   25   14   12    0   21    0   20    0    0    0    0    8    0    0    0    0    0    0   15    0   23    0   36    0   32   32    0    0   19    5    0    0    0    6    0   24    0   38   26   29    0   23    0    0    0   34    0   11    0    0    0    2    0    1   35   12    0   22    0    9    0   10    0    0   32    0   40   17   26    4   18    0    7    0   31   16   29    0    0   11    0   28    0    0   13    0   12   39    0    0    3   27   37    0   30   31   32    0   33  
   0    0    0   37    9    0    0   36    0    1    0    5    0   30    1    0    4    0    0    0   15   15    0    0   32   24   19   35    0    0    4    0    0    0    0   28    0    0   34   22   38   11    0   30    0   28   12    0   26    3   33    0    0   23   25    0    0   27   40    0    0    0    0   19   21    0    7    0    0    0   13    0    0    0   16   10    0   20    1    0    8   29    4    0    6    0    2    0   17    0   31    0    0   18    0   39    3    0    4   14  
   3   30    0   20   35    0   40    0    0    7   24   20    1    0    0    0    0    0   25    0    2    0    0    0    0   38    7    0    0   14   10   36   31   11    0   23    0    5   33    0    0    0   33   28   19    0    0    6   22    0    0    0    0    0    0    6    0    0    0   39    9    0    0    0   34    0   32   16    0    0    0   12    0    0    2    0    0    0    0    0   13    0   29    4    0   20   27    9   17    8   37   13   15   16   21   26    0    0   18   11  
   0   38    3    0    0    0   15    0    7    0   39    7   20    0    0   34    0    0   30   16    0    0   26   28    0    4   35    0    0   29    0   11    0   10    0    0   35    0   31    0    8    1    0    0   25   13   14   21    0    0   23   21    0   10    0    0   17    0    0   23   12    0    0   37    0   16   26   27   18   16    0    0    0    0    0   22    0    9    0   33   32    2    5   24    0   38   17    0    6    0    0    0    0   19    0    0    0    0   40   36  
   2   39    6    0    0   37   31    0   24    0    0    0    0    8   13    6    0    0    0    0    0   14   32    1    0    0    3   11   15    0    0    0    0    0   20    7   12   40    5    0    0    0    0    0    0    0   24    0    0   27    0    0   25    0   21   11    0    0   32    0    5   23   17   38   30   36   25    0   34    0   33    0    0   29    0   19    0   28   18   33    0    9    4    0   10    0    7    0    7    0   35   10    0    0   26   16    0    0    0   22  
   0    0    9    0    0    0   13   15    0    0    0   21    0   30   23   35    0   39    0    0    0   25    3    0    0    0   17   31   10    0    0    0    0    2    0    1   31   29   30    0   37   26    0   22    0   19   32   29   32    0    0   12    0   18    0   14    0    0   11   13   33   40    0    0    5   21   34    0   30   27    0    0    0    0   19    0    0    0    0    4   20    7    0   24    0    0    8    0    0   16    6   30   36   28   38    0    0    0    9    0  
   0    0    0    0    0    0    0   18   28   35   32    0    0    0    0    0   16    2   35   20   22   12    0   31    0    6   19   17    0    0   39   11   34    0   13    0    0    0   25    0    0    4   36    0   33   29    8    0    0    0    0   30    0   38    0    0    9   10   14    8   16    0   23   40   14   26    0    0    0    0    0    0    1    0   15    0   20    1    7   14    0    0    0    0    0    0    0    3   22   27   32    0    0   37    0   24    9    5   21    0  
  17    6   28   37    0    0    0   23    7   33   21   19    0    0    0   15    0    0   12   24    2    0    0   13   18    8    0   16    0   36    0   35    5    0    0    0    0    0   34    0    1   12    0    0   25    0   27   39   12   38   32    0   24    0    0    0    0   11   20    0    0    0   24    0    5    0   30    0    0    9    0   13    0   31    0   40   10   24   14    0   26    0    0   36    0    0   17    4    3    0    0   29    9    0    0   22    0    0    0    0  
  34    0    1    0    0   11   25   22    0    0   16   37    6    6   39   13   13   16    0    0    0    0    0   20    0   29    0    0    0   17   10   23    0   19    0   31   14   15   30    0   26    0    0    8    0    1    0   35   24   12    7    0   10    0    0    0   27    0   40   33    0    0    0    0   37    3    0    0   38    0    0   32   36    0    0   21    0    0   28   11    0    0    0    9    2    0    0    4    0   37    0    0   37    0   24    0    0   18    5    0  
   0   17   13    0   16    0    0   37    0    0    0    0    0    3    0    0    0   10   11   12   33    1    0    0    0    8   40   35    0    0    0    4    0    9    0    0    0   30    0    0    7   15    8    0   24   15    0    0    0    0   34   26    0    0   18    6    1   11    0    0   36    0    0   17   31   40   14    0   32    0    2   20    0    9   29    0    0    3    0   38    0   19   39    0   22   24   25   23   21    5    0    0   27    0    0    0    0   28   20    0  
   0    0   15    0   34    0    0    0   23    0    0   30    0    8    0    3    0    7   11    0   32    0    8   22   14   20   16    0    0    5   11   39    0    3   29    0   22    0    0    0   19    0    0   10    0    0   13    0    6    0   24    0    0   18    0    0   29    4    0    0    0    2    0    0   31    0   36    1   17   20   25    1    0    0    0    0    9    0    0   11   33    0   40   21    0    0    1    0    0   35   27   12   26    0   37    0   38   16   28    0  
   0   13    0    0   12    0   13    0    0   21    0   14   30   40    2    7    0    0   31    0   10    0    0   36    0   26   26    6   28   24   32    0    0    0   16   39    0    0    8    0    9    0   15   29    0    0   26    0   18    0   12    4    1    0   20    0   34   22    0    0   17    0    0    0   16   25    0   11   23    0    0   35    0   37    0    5    0    0    0    0    0   10   38    0   10    0   33    0   39   33    0   29   27    3    0    0    0    0    0   19  
  34   34   31    0    0    4    0    0   13    0    0    0    0    0   28    0   20    0   10    4    9    0    1   32    0    0    0   14   33   19    7    0    0    0    0   16   17    0    0    3    9    0    0   11   25    0   12    0   39    0    0    0    0   26   18    0   11    5    0    0   35    6    0    8    0   36    0   38   40    0   21   30    0   23    0    0    0   19   24   27    0   37    0   29    0   28   39   14    0   12    0    0   15    0    0   32    0    0    2   22  
  38   10   32    0   29   39   22   18   16   25    0   20   14    0    0   35   21    6    8   17   18    0    0   40    0   23    0    0   16   38    0    0    0    0    0   19    0    0   11    0    0   13    0   10    0    0    5    0    1    5    0    0   38   15    0    0    0    0    0    0    9    0    0   31    0    0    0    0    0    0    0    3    8   12    0    0   34   26    0    0   33   36    0   24   13   28    4   27    2   30    0    0   28   37    0    7    0   18    0    0  
   0   38   29   25    0    0   37    0    0    0    0   35    0   12    0    0    0   11   21   13   11    0    0    0    0    0    0    0   27    0    0   39    0   19    0   20    9    0    3    8    0    0   15    0    0    0   26   22   16    4    5   34    0   33    9    0   40    0   17    6    0    0   30    0   14    0   28    0    3    0    0   40   11   23    1    0   10   18   24   19    4    0    0   31    0    2    0   40    0   17   36    0   32    7    0   39    0    0    0    0  
   0    0   18    0   35    0   35   22    0   36    0    0    0   27    0    9   30    0   20   14   32    0    0   23   34    3    0   24    0   30    0   38   39    0   20   21    0    0    8    0    0   13    0    0   33   19    0    0    2    0    0    0   26   10    0   30   31   15    0    0   36    0   37    0    5   17    0    7   25    0    0    0    1   40    0    8    0    0   28    0    0    0   29    1    4    6    0   16    0   12   36    0    0   11    3    0    0    0    1    0  
   0    0    0    0   13    1   35    0   21    8   18    0   38   19   24    0    7    0   10    0    0    3    0    0   15    0    6   36   27    0   29    0    0   39    0    0   20    0   34   39    0    0   39   37   16    0    0    0   12    0    4    0    0    0   17   23   28   40    0    0    2    0   25   11    0    0    0    9   10    0   16    0    0    0    0    0    0    0    7   22    0   19   32   26   13   40   36   10   14    5   33   31   30    0    0    0    0    0    0    0  
   0   39   12    7    0    0   21    5    0   40    0    1    0    1   24    0   20    0   10    0    0   24    0    0   16    0    0    9   24   27   37   22    0   14   11   28   33   35   13    0    0    0    4    0    0    0   39    0   31    0   32   23   29    0    0    0    0    0    0    7    0    0   26    0    0    0    0    0    0   38   19    0   17   15    2    0    0   30   39    0    6    0    0    0   18   34    0   36    0    8   27   25    0    0    0    0    3   23   29   40  
   0    7    0    0    0    0   21   19   39   13    0    4   18    0    0    0    6    0    2    0    0    0   11   28   25   32    0   23   29    0    0    0   20    0   40    0   36    0    0    0    0   22    0    0    0    0   33    0   40    0    0   15    0   32   34    8    0   37    0    0    1   24   12    0    0    5   38    0    0   26   10   13    0    0    0   33    0   14   18    0   27    9    0    0   25   31   16    0   30   35    0    6   17    7    0    6   14    0    3    0  
   0   18   20    0    0   30    0    2   39   34   35   22    5   27    0    0    0   15    5    0   14   37    0   29    0    0   16   39    0    0    0    9   29    0   24   14    0    0   37    0    0   40    3    0    0    0    0   36    4    0   28   12    0   28   30   17    8   11    0   10   26   13   12    0    0    0   23   38    0   33   30   12   21    0    0   19    0    0   31    0    0    0    0    0    0    0    0    6    0    0   32    7    0    0    0    1    0    0    0   25  
   4    0    0   18    0    0    0    0    6   38   34    0   39   22    0    0    7   27   32   24    0    0    0    0    0   10   38    0   23   11    5   25   14   31   37    0    0   17   37   26    0    8    9   35   36    0    6   26    0    0    0   29   33    0    0   40    0    0    0    0    0   30    0    0    0    0   13    0    0    0   23    0   15    0    3    0    0   16    0   26    0    0   12    6   19    2    0    0   35    0   21    0   28   37   20    0    6    1    0    0  
  24    0    4   14    0    5   13   23    0    0    1    0    0    0   29    0    0   23   18    0    0    0   31    0    0    0    0   19    0    0    0    0   20   23    0    0    0   28    9    6    0   36    0    0    7   37    0    3   33   40   34    0    0   26   39    0   30    0    0   37    0   10   31   22    6    2   18    0   25   15    0    0    0    0    0    0   11   38    0    0    0   12   32   18    0   27   16   19    0    0   23   21   35   17    0    0    8   16    0    0  
  40    0    0    1    0    0    0    0   11    0   39   24    2    0   26   36   21    3   37   16    0   22    3    0   32    0   33    0   19    0    0    0    0   23   20    8    0   25   17    0   30    0    9    0   19    0   33    0    0    0    0    0    0    0   34    0    0    0    7    6    0    0    0   22    8   29    0    0    0   15    0   10    0    0    0   14   28    0   27   23   12    4   18    0   24   14   13    0   38    0    5   35   31    0    0    0   22    0    0   29  
   0    0   33    0   40    2   38    0   11   15    0    0    0   36   29   31    0   30    0    0    0    0    0   22    0    7    9    0   18    0   37    0   24    0    0    7    0   19    0    0   25    0    0   20    1   12   27   21   14    0   17    6    0    0   26    2    0    0   26    0    0   13    0    0    0    0    0   11   16    0    5    0   23    0   34    0   32   35    0    0   24    0   10   27    8    5   39    0   24    4   37    0    0    0   28    0    3    0   32    0  
  23   23   29    8    2    0    0   40    0    7    0    0    0    4   13    0   38   31    0   20    0    9    0   30    0    0   27    0    0    0   15   34    0    0    0    0   19    0    0    0   15   24    0    0   21   36   18   16    0    0    0    0    0    0   11    0   38   37   28    5    0    0   32    0   12    0    0    0   26    0    0   25    0   25   36   14   33    5    0    0   35   24    3    6    8   17   10    0    0   22    0   35   39    0    0   33    0    0    1    0  
  16    0   25    0    0    2    0   26   30    0    0    1    9   27   29    0   11    0    0    0    0   14   17    0    0    0    0    0    5   25   10    0    0   26    0   31   23    0   18    3    0   17    0    0   22    0   39   19   35   32    0    0   24   34   15   36    0   12    0    0    0    0    0    0    0   17   21   33    0    7   13    0    0   38    0    4    0   40   39    0   28    6   10    0    0   29    0    0    0    0    0   29    0    7    8    0    4    0   37   20  
   0    0    0    3   20    0   28   15    0    0   30    0    0   38    0    0    0    0    0   16   19   22   31    8   36    0    0    0    0   35    0    0    6    0    0    0    0   10   39    0    0    0    0   13   27   24    4   34   37    0    9   21    0   39    0   11   23   29    0    0    5    1   32    0   16    1    0   16    0    7    2    0   18   17    0    0   40   14   22   39    0    0    0    0    0   25    0   26    0   33    0    0   10   29   28   24    0   12    0    0  
  32    0   13   13    0   23   18    0   24    4    0   20   25   32    0    0   31    0    0   36    0    0   27    0    0    0   16    3    8    6    0    3    0   39   14   37    0    0   37   29    0   33    0   28    0    0    9   35   37   10   17   12    0   40    0    0    0    0   37    0    0    0   15    0   14   22   31    0    0    0   34   21   38    0    0    0   37   11    0    0    0    0    7   19   26   15    0    0    0    2   30    0    0    0    0    5    0    0    1    0  
   3   19   26    0    0    0    0   15   18   38    0   14    0   34    0   21    0    0    0    0    0   12    1   13   29   32    0   13    0    6    0    0    0    1    0    5   17    0    0    0    0   16    0   25    0    0    0    5    0    0    0   24    0    9   19    2   11   19   21   20    0    0    0   22   40   28    0    0   27    0    8    0   10    0    0    7    4    0    0   31   35    0   36    0   39   30    0    0    0   33   32    0   37    0    0   23   35   14   27    0  
  18    0    0    0    0    0   31    5    0    9   37   21    0    0   12   30    0   20   36   25    0    0   32    0    0    0    0    4   29    0   22    0   30   13    1    0    0   39    0   38    0   28    0   13    0    0    0   27   22   19   14   34    0    0   25    0    7    0   26   36   35   10    0   40    0    0    1    0   17    0   33   23   24    0   35    0    6    0    0    0    0   11    0    3    0    0   15    2    0   26   20    0    0   16    0   10    0    0    8    0  
   0    0   12   26    0    0   20    6    9   13   16   34    0   32    0    0    2   18   10    0   31   35    0   30   27    0   33    4    0    0    0    0    0   22   33    0    0    0    0    0    0    0    0    1    0    0   37   15    2   24    0    0    6    0   23    0    0   10    5   39    0    0    8   31    0   36    0    0    0    0    0    0   15   16   33    0    0   14    0    0    0   11    0   25    0   17    0    7   38   29    3   30   19    0   21   35   40    0   28    0  
  37   33    0   10    2   34   25    0   15    0    0   23    0   10    0    0    0   29    0    0    9   19   20    0   40    0   38    0   10    0   13   16    0   37   36   28   21    0    4    0   17    0    0    0   35   26    0    0   35    0    0    0    0   14   18    8    1    0    0    6    0   39   39   30   31    0    0   10    0   22    0   24    5   15    0   10    0    0   27    0    0    0   11    0    3    0   32    0    0    0    0   12   32    0    7    0    0   28    0    0  
   4   29    0   15    7   31    0    0    0    0    0    0   28   17   39    0   10    0    0    0   38    0    0    5    0   37    0   26   18   36   35   12   24   35   35    0    0    0   27    0    0   20   30   30    0    0    0   23    6    3   32   13    9   21   11   16    0    0    0    0   14    0   22   27   25    0   33    0    2   34    0   36    0    0    8    0    1   37    0    0    0    0    0    0    0    0   38    0   19   32    0   40    0    0    0    0   22    0   17    0  
  20    0   38    2    0    0    0    0    4   30    0    0    0    0   13    0    0   23    0    0   30    0   35    0    9    0   25    0   17    0    0   39   40    0    0   11   15    0    1    0    0    6   39    0   18   31    0    0   14   39    0   34    0   16    0    0    0   32   10   19    9   36    0    0    0    3   26   34    0    7    8    6    0    0   37    0    0   28   29    0    3    8    1    0    4    0   22    0   24    0    0   12    0    5    0   21    0    0   27   33  
  39   26   25    0    0    0    0   21    0    7    0   13    5   19   29    0    0    4    0   24    0    0   22    0   17    0   31    0    0    0    7    0    0    0    0    0   36   15    0    0    0   30   11    0    0    0    0    0   37    0   35   36   10    1   20   14   18    9    0   33    0    0    0    0   28    0   30    0   23    0   34    0   24   16    0    0   40   34    2    0    0   38    0    0   27    3    8   32   36    0    6    0    0   34    8    0   15   12   18    0  
  21    0   29    0    0    0    6    8   36    0    0   19    0    0   39   15    0    0    0    0   38    8    0    0    0    4    7   13   33    0    0    5   32    1    6    0    0    0    2    0    0    0    0   31   12    0    0    5   25   38    0   16    0   30   35   26    0    0    0   34    0   11   32   37    0   25   40   14   29    0   33   18    0    0    0   40   22    0    0    0   27    0   16    0    0   28    0    0   10   24    0   17    3    0    0    9   20    0    0   23  
  33   25    2    0    0   37    0    0    0    0    0    0    8   36   23    0   16   32    5    0    0    0    8    0    0    0    0    4    0    0    1    0    0    9    0    0    0    3   40    0   29   27    0    3   24   30    0   11    0    0   15   12    0   13    4   19    6   35   39   34    4    0   13    0   18    0    0    0   35   22   14    0    0    0   21   26   20    0   13   13   31    0   28   32   17    0    0    0    0   38    7    0    0    0    0    0    0   38   10    0  
   0    0    0   14    0    0   26    0   33    8   19    0    0   18    9   35   23    5   21   38    0    0   23    0    0    0   13    0    0    4    0   30   24   35    0    0    0    1    0   25    0    0    0    0   23   31   37    0    0   29    0   22   15   31    0    4    0    0    0    0   27   20    0    0   28   16    3   17   36    0    0    0   34   10    0   32    0   13    7   12    0    0    0    0    4    0    0   39    0   20    6    0   40    0   10    0    0   30   11    2  
  34    0    0    0    0    0    5    4    6    0    0   11    0    6   38    0   39   21    0    0    0    0    5   31    0   10    0    0   12    0    7    0   15    0    0    0    0   36   40   14    1   16    0   20   28   13    0   29   32   30    0   13   23    0    0    0   19   13    0    0    0   22    0    0   26   17    0   16   26    0   24    0    9    0    0    0    2   23   38   18    0    0    0   16    0   35   25   37    0    0   23    0    0   33    0    0    8   27    0    3  
  10    0    4   11    0   29    0   34    0   34    0    8   20    0   15   28    0    0    0    0   38   30    5   18    0    4    0    2    0    0    0   17    0   37    0    0    0   19    0    0   32   31   25    1   11    0    9    0   33    0   28    0   21   12   26    0    0    0    6    0   27   27    0    0    0    3   13    0    0    0    0   24    0   10    0   23   36    0   35   39    0   16    0   40    0   17    0   31    0    0    0   14    4    0    0    0   29    7    0   22  ] 
BUDGETS : [    1    2    7   12   14   15   15   18   19   22   23   24   24   28   28   32   32   32   33   35   36   36   38   39   42   47   48   49   51   51   54   56   60   61   61   63   65   69   72   75   79   81   82   82   83   85   87   90   96  100  105  106  109  111  114  118  121  123  124  125  126  127  128  130  134  135  142  142  143  143  144  147  149  149  149  150  153  155  160  164  165  172  173  177  177  179  181  181  181  184  189  189  190  191  192  192  193  193  196  199  ] 
