K : 50
I : 5
PREFERENCES : [    5    5    5    4    5  
   4    4    5    4    4  
   4    4    5    4    4  
   4    4    4    5    4  
   4    4    5    4    5  
   5    5    5    4    5  
   5    5    5    5    4  
   4    5    4    4    5  
   5    4    4    5    5  
   5    4    5    5    5  
   5    4    5    4    5  
   5    5    5    5    4  
   4    5    5    5    5  
   4    5    5    4    4  
   5    4    4    4    4  
   4    5    5    5    4  
   5    5    5    5    4  
   5    4    5    5    4  
   4    4    4    4    5  
   5    4    5    5    5  
   4    4    4    4    5  
   4    5    4    4    4  
   4    5    4    4    4  
   5    5    4    5    5  
   5    5    4    5    5  
   4    5    5    4    4  
   5    4    4    5    4  
   4    4    5    4    4  
   4    5    5    4    4  
   4    4    5    4    4  
   5    5    4    5    4  
   4    4    5    5    4  
   4    4    4    5    4  
   4    5    4    4    4  
   4    5    4    4    4  
   5    5    4    4    4  
   5    4    4    5    5  
   4    4    5    5    5  
   5    4    5    4    5  
   5    4    4    4    4  
   5    4    5    4    5  
   5    4    5    4    5  
   4    5    5    4    5  
   4    5    4    5    4  
   4    4    4    4    5  
   5    4    4    5    4  
   5    5    4    5    5  
   5    4    5    5    5  
   4    4    5    5    4  
   5    5    5    5    4  ] 
BUDGETS : [    4    5    8   12   16   17   18   19   23   27   28   28   29   33   34   40   40   42   46   47   52   53   57   57   58   61   64   66   67   68   69   70   70   76   78   79   79   82   83   87   88   90   91   91   92   92   95   97   99   99  ] 
