K : 100
I : 10
PREFERENCES : [    0   10   10   10    0    9    0    0    0   10  
  10    0    0    0    9    0   10   10    0   10  
   0   10    9    0    0    9    0    9    0   10  
   0    0    9    0    9   10    0    0    9    9  
   9    0    9    0    9    0    9   10    0    0  
   0    9    0    0    0    9   10   10   10    0  
  10    0    0    9    9    0   10    0    9    0  
   0    0    9    9   10    9    0    0    9    0  
   9    9   10    0    0    9    0   10    0    0  
   9    0    0   10    9    0    0    9    0    9  
   9    9    0    0    0    9    9    0   10    0  
   0    0    0    9   10    0   10    9    0    9  
   0   10    9   10    0    0    0    9    0   10  
   9   10    0    9    0    0    9    0   10    0  
   0    0    0    9    0   10   10   10    0   10  
   0    0    0    9   10    0    9    9   10    0  
   0    9    0   10    0    0   10    0    9   10  
  10    0   10    0    0    9    9    0    9    0  
  10    0    0    9    0    0    9    9    9    0  
   0    9    0    0   10    9   10    9    0    0  
   0   10    0   10    0   10    0   10    9    0  
  10    9    0    9    0    0   10    9    0    0  
   0    9    0   10   10    0    0    9    9    0  
   0    9    9    9    0    0   10    0    9    0  
   0    0   10    0    9    9    0    9   10    0  
   0    9    9    0    0   10    0    0    9    9  
   9    0    0    9    0    0    0   10    9    9  
  10    0    0   10    9   10    0    0    9    0  
   0   10    0    0    0    0   10   10    9   10  
  10   10    0    9   10    0    0    0    0   10  
   0   10   10   10    0   10    9    0    0    0  
   9    9    0    9    0    0    9    0    0   10  
   0    9    0    0    9    0   10    0    9    9  
  10    9    0   10   10    0    9    0    0    0  
   9    0    0    0    9    9   10    9    0    0  
   0   10    0    9    9    0    9    0   10    0  
  10   10    9    0   10    0    9    0    0    0  
   9    0    9    9   10    0    0    0    9    0  
   0    0    9    9    9   10    0    9    0    0  
   0    0    0   10    9    9    9    0    0    9  
   0    9   10    0   10   10    0    0   10    0  
  10    0    0   10   10    9   10    0    0    0  
  10    0   10    0    0   10    0   10    9    0  
   0   10    0   10   10    0    9    0    0    9  
   9   10    0    0    0    9    9    0   10    0  
   9    9    0    0    0   10    0    0    9    9  
   0    0    9    9   10   10    0    9    0    0  
   9   10   10    0    0    0    9    0   10    0  
   0   10    0    9    0   10    0    9   10    0  
   0    0   10    9    0    9    9    0    0    9  
   9    0    9    0   10    0    9    0    0    9  
   9    0    9    0   10   10    0    0    0   10  
   0   10    0    0   10   10    0    9   10    0  
   9    0   10    0    9    0    0    9    9    0  
   9    0    9   10    9   10    0    0    0    0  
   9   10    9    0    0    0   10    0    9    0  
   0    0    0    9    0   10   10   10    0    9  
  10    9    9    0   10    0   10    0    0    0  
  10    9   10    0    0    0    9    9    0    0  
   0    9    9    9   10    0    9    0    0    0  
  10    9    0    0    0    9   10    0    0   10  
   0    0    0   10    9    9    0   10    0   10  
   0   10    9    0   10    0    9    0   10    0  
   0    0    0    9    9    9   10    9    0    0  
   9    9    9    0    0    0    0    9    0   10  
   0    0    0    9    9   10    0    0    9    9  
   0   10   10   10    0   10    0    0    0    9  
  10    0    0    9    0    0   10   10    0   10  
   9    0    9    9    0    9    0   10    0    0  
   9    0    9    0    0   10    0   10    0    9  
  10    0    0    0    0    0    9    9    9   10  
  10   10    0    9    0   10    9    0    0    0  
   0    9    9    0    0    9   10    0    0    9  
   0    9    9   10    0   10    0    0    0   10  
   0    9    0   10    9    0    0    0    9    9  
  10    0    0   10    0    0    0   10   10    9  
   0    0    9    0    0    9    0    9    9   10  
   0    9   10    0    9    0    9    9    0    0  
   9   10    0    0   10    0    9    0    0   10  
  10   10    0    0    9    9    0    0    0   10  
   0    0    0    9    9   10    9    9    0    0  
  10    0    0    0    0    0    9    9    9   10  
   0    0    0    9    0   10    9    9    0    9  
   0   10    0    0    0   10   10    9   10    0  
   9    0    0   10    9   10    0    0    0    9  
  10    9    9    0    0   10   10    0    0    0  
   0    0    9    9    0   10   10    0    0   10  
   9    0   10    0   10    0    0   10   10    0  
   9    0    0    9   10    0    0    9    9    0  
  10    0    0   10    0   10    0   10    0    9  
   0    0    0    0   10    9   10    0   10    9  
  10    0    0   10    0    0    0    9    9   10  
  10    0    0    0   10    0    9    0   10   10  
   0    9    0    0    0   10    0    9   10    9  
   9    0    0   10    9    9    0    0    0    9  
   9    0    9    0    0    9    0    0   10   10  
   0    0    0    0   10    9   10    0   10   10  
   9    0    0    0    9    0    0    9   10   10  
   0    0    9    0    9    0    0    9   10    9  
   9   10    0    0    0    0   10    0    9    9  ] 
BUDGETS : [    3    6    7    7   12   13   14   15   15   19   24   24   25   25   26   27   27   28   32   32   35   38   39   39   39   40   46   46   48   50   51   51   54   58   59   61   61   62   62   66   70   74   74   75   75   80   81   85   86   89   90   91   94   95   96   98  103  103  104  105  105  109  110  110  111  111  112  114  120  120  122  124  125  127  127  129  129  134  136  138  149  151  158  168  173  177  178  178  179  179  186  187  187  188  192  195  195  197  199  200  ] 
