K : 150
I : 75
PREFERENCES : [   74   58   67   45   48   61   33   27   75   71   64   23   41   12   40    8   15   53   30    9   32   35   49   31   54   59   63    5   28   25   39   14   50    7   29   20   24   38   11   73   47   65   60   70   55   13   56   72   21   37    4   68   69   19   26   42   16   34   44   22   46   52   43   18   51   25   39   17    6   36   66   10   57   50   62  
  49   43   32   54    5   66   24   54   11   19   26   39   70   45   63   58   50   42   71   62   73   60   53   68   31   67   65   52   48   18   14   75   46   41   37   64   61    6   33   36   27   17   25   74   40   23   29   22   43   21   69   28   72   59   13   55    8   10   57   20    9   15   56   16    7   35   34   44   51    6   38   12   47   30    4  
  68   54   19   31   16    9   69   64    5   67    6   70   58   59   43   32   45   38   15   53   46   62   24   29   39    8   73   12   37   23   47   11   40   52   25   74   47   36   65   35   55   30   13   17   73   75   10   49   21   34   48    4   58   66   42   51   33   44   50   57   41   28    7   18   71   61   60   22   56   27   14   26   72   20   63  
  64    4   47   18   38    9   73   28   31   44   54    7   40   46    5   32   66   43   51   71   23   68   39   62   11   19   34   31   65   53   57   52   72   25   55   42    8   74   67   15   22   60   17   61   63   12   10   14   41   29   49   75   50   26   21   70   24   45   20   27   48   59   12   33   30    6   58   56   35   13   17   37   36   16   69  
  23   31   32   46    4   65   28   13   26   66   62   63   12   70   69   68   20   22   16   74   20   17   14    6   36   25   37   18   13   59   60   43   41   11   39    7   40   52   47   75   49   71   29   50   53   34   35   55   58   45   27   64    5   48   62   21   51   42   10   56   67   33   54   19   15   30   73   44   61    9   24    8   57   72   38  
  53   51   71   12   31   56    4   26   16   48   55   27   20   49   73    7   47   66   52   39   75   41   69   29   19   54   72   50   63   21    9   68    6   58   57   17   10   34   46   18   74   32   37   65   14   23   75   61   64    8   22   62   68   36   24   33   35   45   43   30   59   40   28   42   70   44    5   60   11   15   13   67   38   11   25  
  38   14   53   21   23   57   70   40   72    9   13   32   25   27   22   31   20    6   32   49   45   75   39   66   34   33   68   60   10   41   35   58   62   17   54   11   61   36   55   42   15   29   64   74   19   67   24   47    5   46   20   30   44   51   37    8   18   52   28   16    4   65   73   63   43   69   12   50   26    7   59   20   48   71   56  
  65   20   52   74   17   62   50   18   45   32   24   60   21    9    4   51   71   56   72   11   26   25    8   57   40   12   41   31   13   49   37   55   27   43   15   38   58   42   36   33   63   44    7   30   75    6   64   38   73   53   23   14   70   66   28   59   75   22   19   46   20   68   10   47   61    5   16   54   35   67   39   48   69   29   34  
  57   47   67   75   43   44   40    5    4   62   56   54   52   29    6    8   33   70   74    7   20   48   71   60   38   46   28   37   68   12   17   66   19   63   30   26   55   73   22   57   34   39   31   72   35   69   18   61   41   64   25   13   58    9   42   16   14   23   36   10   65   27   53   45   21   50   59   15   51   19   32   63   24   11   49  
  39   67   24   13   18   34   28   44   19   55   53   23   25   47   52    8   33   49   57   72   48   50   36   12   15   42   69   70   29   62   75   37   74    9   41   64   60   21   63   71   16   65   58   54   14   30   18    4   51   31   11   38   26    7   32   73   43   22   17   66   20   40   27    5   71    6   68   35   61   56   10   59   46   45   52  
  58   31   39    7   26   38   16   51   12   42   44   74    5   52   62    6   43   15   29   61   65   36   66   54    9   68   63   26   11   16   13   75    4   47   56   24   70   37   32   72   64   27   45   19   10   25   59   21   22   71   14   23   60   41   55   18   40   57    8   67   73   50   48   53   34   33   69   53   49   20   35   46   17   30   28  
  50   40    6   12   29   71   48   72   70   74   42   17   39   45   75   25   46   53   43   60    7   34    4   20   56   24   51   57   36   55   26   68   28   38   64   32   63   49   41   44   22   27    5   10   73   54   52   21   30   65   47   11   33   34    8   25   62   37   58   69   31   61   18   19   23   67   13   16   66   15    9   66   59   35   14  
  34   63   67   47    6   57   41   46    5   52   25   60   22   64   10   13   70   26   38   36   39   20   17   27   12   66   31   61   44   59   24   75   42   51   48   11   16    8   69   25   33   40   37   35   55   73   32   54   19   49   71   65   28   15    7   45   50   23    9   58    4   30   21   30   62   18   43   56   74   68   53   42   29   72   14  
  45   51   10   71   59   54   13   73    5   65   74    6   30   48   60   14   49   33   40   63   47   42   19   16   39   31    8   34   72   61   55   75    7   28   64   22   20   53   27   29   41   37   12   17   26   23   57   24   44   69   46   52   61   56   33   43   38   66   36   32    4   18   35   11   68   50   25   62   70   67    9   21   15   58    7  
  38   22   44   52   61   50   73    6   54   72   56   33   63   28   31   35   47   26   61   30   24   48   60   19   52   41   46   36   70   20   62   74   68   64   23   27    7   53   71   67    5   66   69   75   42   32   59    9   16    8   34   40   13   49   25    6   58   39    4   14   45   12   43   37   10   21   55   18   17   51   29   11   65   57   15  
  65    6   27   64   27   74   25   24   44   54   50   35   19   71   67   55   61   69   11   42   40   17    4   68   63   34   16    9   14   23   31   12   66   43   60   45   26   74   73   37   56   46   39   32   59   22   28   15   13   62    7   53    5   49    8   21   48   57   70   33   36   58   52   47   72   29   41   38   51   48   20   10   75   18   30  
   6   63   74   51   27   57   21   69   32   65   52   44   38   33   56   17   31   10   42   72   41   15   37   23   55   53   67    7   19   40   71   12   13   62   47   25   50   59   15   58   64   35   45   29   16   34   43   18   61    9    4   22    4   49   46   68   70   20   28   39   73   36   75   30    8   14   54   16   60    5   66   11   26   24   48  
  47   48   24   31   12   52   27   38   60   61   75   35   71   34   72   11    8    9   51   58   25   46   45   62   19   39   70    6   20   32   17   31   54   16   43   49   20   14   68   23   13   21   22   42   33    4   10    7   64   63   50   53   30   28   26   41   44   15   74   57   65   67   29   69   40   73   66    5   59   36   32   37   55   56   18  
  13   56   22   26    7   53   39   30   47    4   44   51   70   62   55   35   74   25   46   31   23    5   40   57   11   65   28   18   60   17   75   32   20   10   52   61   68   48   69   42   26   43   25   16   54    8   37   29   38    6   24   36   50   15   14   12   73   49   17    9   27   71   58   67   59   41   64   33   19   21   45   66   72   34   63  
  20   48   71   51   66   61   75   60   58    5   67   70   54   33   50   49   45   28   56   52   73   57   44   21   26   27   72   68   30   38   53   19    6   39   22   59   34   30   35    4   40    7   17   10   74   25   37   23   14    8   12    9   46   32   55   62   75   30   36   31   41   13   69   43   24   42   63   47   64   29   65   16   18   11   15  
  23   43   62   41   25   19   10   44   20   65   26   28   40    6   71   30   75    8   15   13   12   53   27   29   59   46   58   73   38   56   69   32   51   16    4   11    5   52   24    7   35   74   18   57   33   60   68   61   47   54   49   50   17   36   45   14   31   55    9   64   67   66   67   37   39   63   34   22   67   42   48   61   70   21   72  
  69   56    8   29   66   34   57   70   39   38   15    4   62   75   32   48   72   53   23   13   28   18   48   11   74   31   43   47   52   44   51   23   22   19   71   42   67   12   46   17   10    5   73   65   23   14   20   33   50   16   55   64   61   36   60   58   24   37    7   40   54   21   35   49   26   41   45   68   30   27   63   25    9   59    6  
  17   12   20   13   70   60   39   47   48   27   71   18   44   49   40   51   67   37   61   19   15   53   21   56   37   36   25    8   26   35   72   54   16   41   32   31   73   30   66   55   34   64   45   42   29   11   28   65    5   38   22   52   57    6   50   63   51   10    9   51   58   43   14    7   24   33   62   74   75   46   69   59   68    4   23  
  62   68   48   27   33   44   41   67   49   74   19   30   23   25   36    4   47   54   45   66   63   48   31   46    6   42   71   37   34   72   17   39   70   24   20   51   10   59   65   38   57   50   11   56   35   16   21   14   58   60   16    9   61   55   53   32   12   43   69   40   75   74   13   22   52   18    7   28   73   29    5    8   15   26   64  
  52   13   41   10   36   69   51   73    4   58   17   34   26   18   61   33   35   40   44   66   27   12   60   50   42   37   20   75   68   29   63   39   55   24   14   67   19   46   54   16   22   74   65   70   62    5   32   30    7   17   53   47   48   51   25    8   57   44   43   72   56   31   28   23   11    9   21   49   59    6   45   71   64   15   38  
  73   68   63   65   74   26    7   17   51   37   48   21    8    9   70   44   18    6   75   27   15   10   67   36   47   33   14   38   29   12   13   20    5   71   25   11   51    4   19   46   34   28   58   35   39   16   62   30   42   60   22   72   57   40   41   53   61   54   23   43   69   31   50   24   55   32   64   44   52   36   49   59   66   45   56  
  35   10   27   41   11   53   57   42   70   47   43   72    4   58   55   15   61   64   36   49   14   13   44   45   25   31   22   62   40   19   16   37   54    6   51   68   39    7   52   24   33   18   28   65   73   33   21   32   48   56   59   74   30    5    8    9   46   66   29   38   50   31   69   67   17   23   20   26   75   12   34   60   72   71   63  
  74   59   23   69    9   45   62   36   27   28   13   29   41   40   58    5   26   64   34   37   60   72   30    8   70   44   10   75   68   39   29   61   66   24   54   57   73   63   71   31    7   42   47   22   56   52   51   17   15   48   50   67   33    6   43   49   14   18   46   35   12   11   32   53   72   38   64   19   20    4   21   65   25   55   16  
  59   54   52   66   68    8   38   42   45   17   36   39   44   24   43   70   72   67   34   57   50   55    8   55   35   10   58   64   51   73    9   75   65   62   29   15   61   13   26   12   19   33   22   28   49    4   37   27   69   20   40   21   30   47    6   46   11   16   65   56   23   71   41    5    7   14   48   18   31   74   25   53   63   60   32  
   6   39   47   30   61   56    9    5   36   63   25   55   45   62   14   60   23   42   58   75   22   27    8   32   10   38   72   68   46   40   17   65   26   33   43   28   37   51   57   48   66   16   50   18   53   13   49   64   35   75    4   44   70    4   69   41   20   29   11   34   54   67   12   70   24   73    7   19   74   21   59   71   15   31   52  
  47   35   33   42   37   17   69   24    5   57   31   72   28   48   21   75   25   54    8    9   61   62   65   49   51   12   29   11    7   63   27   74   56   53   64   71   16   73    6   70   43   15   68   58   41   52   58   22    4   13   46   50   55   14   57   39   60   40   59   18   67   20   23   30   26   38   36   34   45   44   10   19   33   66   32  
  36    9   30   62   71    6   40   55   61   64   59    5   47   52   60   15   42   23   27   63   38   12   48   11   32    4   39   66   13    8   28    7   10   70   31   75   11   49   21    5   57   24   68   56   16   45   67   50   26   18   74   33   19   25   46   43   54   35   73   22   37   58   41   69   65   44   14   34   51   20   53   72   17   29   28  
  33   43   21   55   14   70   12   23   72   53    4   58   48   65   73   47   56   17   59   28   60   62   40   19   32   49   44   30    7   66   38    6   44   46   57   26   75   15    8   13   26   54   24   64   63   25   18    5   41   36   35   52    9   34   69   29   22   50   37   67   16   27   71   37   68   74   31   42   45   39   61   10   51   20   11  
   9   43   24   16   13   29   61   69   57   47   60   25   56   26   40   65   42   35   64   49   52   71   73   75   14    4   53   15   31   72   36   30   22    7   32   45   39   67   18   58   63   44    6   27   68   70   20   19   62   34   38    5   50   55   21   51   48   17   12   33   30   64   28   46   21   23   74    8   41   66   59   10   37   11   54  
  17   48   32   59   69   37   61   49   26   23   17   12    6   45   41   22    8   28   20   10   57   15    9   65   25   68   36   24    4   46   56   18   31   52   34   38   72   25   73   45    5   39   30   51   75   54   60   40   33   50   70   47   58   27   21   29   71   74   35   64   62   66   11   55   42   44   43   53   14   13   19   63   16   67    7  
  63   36   25   44   32   10   62   57   67   30   71   22   35   16   38   11   33    6   45    5   14   72   60   64   28    8   61   42   53   43   49   23   31   18    9   20   50   74   65   13   21   26   15   37   38   12   66   59   47   19   27   47   75   17   70   34   68   46   51    7   73   58   48   24    4   39   40   29   52   41   55   69   54   56   33  
  52   12   38   58   21   16   50   44   39    4   45   29   26   36   65   41    7   18   14    8   55   43   74   31   28   33   26   19   23   49   17   32   37    6   75   59   56    5   71   10   20   15   67   64   13    9   60   30   34   70   40   47   51   62   63   46   54   42   11   46   68   61   22   57   27   35   53   24   66   73   48   25   59   69   72  
  29   49    5   18   60   20   69   55   51   42   63   33   15   17   35   75   30   50   70   57   23   54   34   72   14    9   60   37   73   36   13   68   44    7   71   47   22   11   39   26   67   58   27   25   27   43   38   41   64   56   52   21   46   62   24   74   66    4   48   65    8   32   12   53   45   61   10   12   16   28   31    6   40   19   59  
  29   72   67   13   28   50   58   73   69   14   64   20   32   45    9   25   63   56   68    5   27   18   34   62   71   21   10   17   44   59   54    6   33   60   26   23   39   38   51    8   53   55   19   32   49   57   22   37   41   15   75   74   36   40   42   43    7   24   60   70   52   49   65   46   61    4   12   30   66   11   35   47   31   16   48  
   7   58   60    8   13   14   19   29   46   71    5   65   44   75   72   34   38   54   27   35   11   13   47   33   18   74   53   32   47   70   36   42   69   50   51   24   23   49   67   68   15    9   73   62   30    4   26   55   43   31   63   52   21   17   39   25   57   40   10   56   59   48   66   12   64   41   16   20   28   37    6   73   61   45   22  
   9    7   64   60   34   24   46   11   43   74   44   30   69   71   14   25   22    8   12   53   50   63   62   35   42   48   17   36   52   23   19   35   15   55   61   56   31   39   51    6   67   32   45   18   57   10   72   26   68   66   49   20   40   47   41   59   65    5   58   38   75   16   38   37   28   73   54   29   13    4   33   27   70   75   21  
  40   27   67   45   65   34   38   31   23    8   15   56   46   59   60   29   64   42   30   44   70   55    6   62   26   20   24   49   75   12   69   41   49   28   19   58   43   48   13   23   32   72   74   22   66   47   71   16   73   36    7   25   50   21    5   68    6   37   11   18   54   39   14    4   57   52   33   10    9   61   35   17   63   51   53  
  38   25    4   21   53   17   73   31   45   47   74   64    8    9    7   65   66   24   58   45   11   54   14   34   28   57   55   22   71   37   26   30   61   19   75   10   18   67   51   39   41   68   56   32   15   23   16   60   27   62   43   70   38   52   29   59   35   44   33    6    5   36   72   13   42   49   63   46   20   69   48   70   50   12   40  
  33   30   59   39   16   24   43   75   11   74   32   73   44   35   46   66   18   19   15   17    6   38   40   67   29   68   62   36   70   25   20   26   71   72    5   23   27   63   65   31   56   69   12    4   41   28   61    7   37   34   45   51   55   47    5   44   58   42   60   40    8   14   53   21   52    9   13   54   50   49   22   64   57   48   10  
  22   47   70   40   41   37   43   19    4   43   11   44   14   13   18    8   25   35   74   50   59    6    9   30   58   55   51   52    6   53   46   73   48   61    8   67   20   31   56   54   71   49   57   72    7   28   26   68   69   16   23   34   12   15   32   62   42   38   65   45   66   21   63   60   24   29   75   27   33   36    5   64   17   10   39  
  24   63   44   28   75   71   55   24   61   21   37   59   56   31   41   51   43   62   58    5   53   72    6   17   38   50   45   47   73   10   68   57   67    8   27   68   49    4    9   66   30   69   32   64   26   34   11   42   60   36   18   46   33   65   52   35    7   16   70   25   29   14   13   48   15   74   40   54   19   24   12   22   20   23   39  
  71   51   56   31   64   69   41   54   29   47    5   63   61    4   49   37   42   23   38   18   45   73   16   57   14   11   17   22   74    7   53   13    9   19    8   73   44   66   26   59   35   46   28   40   52   48   65   70   73   60   36   24   43   39   55   72   68   30   10   33   15   21   32   34    6   20   12   50   17   58   62   25   67   27   75  
  29   17   25   71   60   63    6   72   26   41   43   53   61   37   45   18   49   38   51   68   73   36    8   59   34   40   12   42   75   28   65   35   52    9   67   56   16   47   54   24   66   11    7   64   13   69   27   58   22   70   31   23   32   33   19   62   44   15   21   18   55   74   48   50   23    4   10   57   30   75   14   39   20   46    5  
  24   44   25   21   31   52   36   11   71   56   59   65   58   49   39   63   20   47    9   60   53    7   46    5   42   23   34   64   16   55   22   35   74   30   10   29   14   41   57   38   48   45   28   19   33   37   68   67   72    4   61   54    8   12   66   69    6   35   18   40   13   26   17   51   15   70   27   75   50   73   62   44   41   43   32  
  27   14   35   30   48   24   52   15   41   59    6   53   37   13   10   19   21   12   59   17   18   73   57    5   54   60   65   68   33   43   63   75   20   60   22   64    4   61   70   72   34   29   49   39    8   46   23    7   74   69   26   62   38   28   31   55   66   56   42   32   47   17   16   67   40   50   36   51   71    9   11   58   45   44   25  
  72   66   38    4   15   57   25   19   41   23   71   31   74   29   17   52   32   50   36   21   68   12   47   59   62   34    7   61   55   63   45   20   42   16   70   24   75   40   35   39   67   49   18   64   46    6   26   58   37   65   22    5    8    5    9   56   13   10   44   49   28   27   33   30    7   48   54   14   43   69   53   11   51   73   60  
  57   40   67   38   30   28   14   42   34   39   60   51   41   10    5   56   13   29   21   69   54   25   58   19    9   70   61   63   46   62    8   48   75   32   23   74   72    4   41   15   31   43   60   45   35   49   44   50   16   52   33   36   59   53   27   64    6   65   22   65   47   24   11   18   37   17   26   66    7   71   20   68   55   73   12  
  60   70   35   27   44   53   66   48   67   45   69   39   63    5   26   62    7   40   22   18   72   25   56   54   14    4   50   51   75   19   33   71   56    9   11   47   23   46   73    6   36   38   37   13   42   43   32   57   12   15   57    9   17   31   24   20   52   59    8   55   61   16   64   29   34   21   30   49   41   74   68   65   28   10   58  
  59   21   71   65   42   35   62   75   40   34    8   53   55   39   74   70   54   72   11   15   66   56    5   36   24   25   67   44   32   47   30   18   43    7   29   33   49   68   14   41   26   58   61   28   48   27   20   73   17   52   69    4   63   18   64   60    6   45    9   50   23   22   49   12   19   51   31   57   21   16   38   37   10   46   13  
  74   22   46   10   54   47   75   27   64    4   23   44   56   43   13   19   11   52   45   38   28   59   57   48   17   36   19   33   12   33   42   40   24   66   34   73   18   26   32    8    6   62   53   63   72   65   15   41   55   14   37    9    7   60   49   71   20   70   68   21    5   16   30   39   31   61   29   58   50   67   35   11   69   25   51  
  12   41   27   70   71   29   20   38   30   47   74    9   54   22   62   60   28   43   33   39   10   65   31   44   26   46   50   14   58   37   16   34   42   55   18   66   63   51   36   73   17   23   72   57   40    5   69   49   25   32   57   13   56   11   53   21   35    4   59   15   45   75   48   52   64    6    7   19   62   40   61   68    8   67   24  
  70   67   52   33   64    5   10   58   31   16   32   56    8   43   27   30   45   36   60   35   46   73   17   13   19    4   21   29    6   38   50   54   55   26    7   41   12   61   47   39   34   53   68   74   71   28   25   23   69   31   75   63   24   65   49   40   48   22   44   59   11   51   14   62   45   37   72   42   66    9   15   18   20   62   57  
  44    9   16   50    5   42   14   67   51   43   75   64   17   38   13   55   27   74   18   45   11   47   32   25   73   53   52   46   58   54   64   35   30   61    5   71   29   65   57   24   20    6   23   48   59   37    4   19   31   41   40   39   33   34   62   70   21   49   26   28    8   66   69   68   15   27   10   63    7   60   22   36   12   56   72  
  54    9   54   10   14   41   56   48   23   20   34   22   55   49   16   40   69   27   24   45    6   50   17   21   58   60   35   15   37   72   47   57   73    4   59   36   71   33   18   26   38   67   31   64   68   52   74   53   61   46   11    7   28   66   13   29   12   58    5   65   75   25   63   42   39    8   19   44   32   30   51   70   43   62   48  
  20   59   52   39   18   40   58   25   50   10   61   12    5   73   20   32   49   14   23   31   45   60   72   73   57   66   37   42   41   51   62   34   46   27   53   44   67   74   64   15   69   19   70   14   28   68   21   22    7   48   43   17   75   16   13    4   29    8   38   47   56   33    6   36   35   55   54   65   71   11   63   24   26   30    9  
  48   14   46   52   39   72   44   56   49   71   19   63   33   47   68   27   29   35   58   40   32   22    9   24   60   10   41   31   42   54   30   13   38   73   59   53   66   65    5   50   18   11   55   67   15    8   75   21   68   26   20   45   43   74   37   70   69   28   57   51    6   36   17   34   23   27    7   62   25    5   12   61    4   64   16  
  30    5   25   36   34   16   60   75   59   39   63   13   67   51   33   53   73   11   43   23   57    8   70   71   18   52   65   32   55   44   14   12    7   68   48   58   29   45   22   21   23   35   66   49    9   46   31   17   64   26   40   10   28   57    6   61   27   54   42   69    4   38   72   50   19   24   62   74   15   31   47   20   41   37   56  
  51    7   44   21   11   52   25   47   66   48   22   65   35   67   43   68   49   38   61   29   42   30   27   36    6   59   20   28   33   50   69   32   61   16   55   40   17   75   38   45   57   24   60   64   73   56   46   72    5   26   13   53    9   41   19   70   18   15   37   74   14    8   34   71   23   62   32    4   31   39   58   54   12   10   63  
  65   46   38   13   14   23   31   30   53   29   72   67   17   63   40   39   74   32   43   51   21   55   48   66   47    6   33    4   27    5   60   16   25   15   28    9   18   62   61   24   52   50   71   26   38   68   73   41   11   20   69   44   42   34   12    8   57   75   35   54    7   59   64   45   49   22   19   58   37   36   70   56   73   10   13  
  25   62   11   45   71   60   55    8   63   37    6   29   15   72   32   33   10   16   44   74   24   30   41   12   21   27   34   28   52   59   54   26   17   49    5   53   75   43   50   56   38   58   69   20    9   66   31   23   47   70   57   16   61    4   68   56   67   42   48   13   18   73   65   51   22   19   39   64   40   52   36   35   14    7   46  
  67   56   69   75   34   64   15   20    7   31   12   68   47   73   19   63   65   74   55   28   43   71   49   51   46   21    6   56   29   27   48   66   44   72   53   18   33   39   71   15   24   57   38   70   36   42   60   14   16   59   30   26   25   58   11   10   61   54   13    4   45   17   37   41   52    8   22   62   35    5   40   23   32    9   50  
  26   71   24   13   62    4   67   12   25   29   61   49   44   28   48    7   22   15   37   43   28   51   20   18   38   56   12   36   14   60   52   35    8   11    9   57   16   54   75   23   27   33   17   74   68   58   47   30   50   72   55   65   44   45   40   32   63   46   34   70    5   39   10   41   69   64   21   42   66   53   59   31   73    6   19  
  60   67   61   20   64   14    5   46   23   26   24    7   30   42   19   17    9   41   49   72    4   21   43   75   40   66   51   15   68   13   70   56   10   47   28   16   71   36   63   42   38   58   50    6   22   39   34   59   74   35   55    8   18   73   54   29   69   70   65   44   25   57   27   62   48   53   52   12   33   31   11   32   37   26   45  
  75   48   57   34   54   30   40   20   31   28   25   52   12   26   19   15   66   29   72   41   10    5   50   18    6   67   14   21   33   71   74   35   23   68   37   32    4   65   39   38   58   36   46   73   61   27   45   62   17   55   56   13   11   64   43   69   58    9   47   70   30    8   59   42   22   44   49   51   24   63   53   60    7   57   16  
  45    6   73   57   71   34   15   33   12   32   66   63   39   51   31   24   19   52   29   43   63   20   65   67   27   16    4   53   22   28   64   40   26   50   70   58   13   69   17   48   23   74   13   37   25   42   18   68   49    8   30   21   56   54   44    5    9   35   47   59   36   72   10   63   46   41   61   11    7   62   14   55   38   75   60  
  30   69    9   37   38   64   68   49   22   47    5   23   75   54   46   73   39   42   17   39   44   31   11    6   13   56   27   59   12   57   32   70   72   50   41   15   66   58   60   20   35   51    4   63   52   71   10    7   55   43   24   40   33   32    8   67   26   21   48   45   36   14   65   16   61   18   28   19   74   62   34   63   53   29   25  
  73   53   18   40   22   35   26   60   54   11   30   15   20   68   71   16   27   10   42   47   19   44   64   14    9    8   23   51   48   75   49   52   29    8   28   57   66   65   63   45   72   69   59   21   55   50   34    5   37   46   17   56   25    4   31   32   13   61    6   12   40    7   74   33   39   43   67   24   58   70   36   38   41   62   32  
  61   51   29   10   67   44   37   58   40   17   70    8    7   26   43   21   42   50   56   55   34   46   54   11   20   28   62   15   53   30   72   63    6   32   33   13   18   47   72   49   65   23    9   39   52   59   73   12   60   41   31   36   14   16   25   31   38   48   19   41   27    4   68    5   24   71   45   75   35   22   66   74   69   57   64  
  75   47   74    9   15   58    7   37   35   11   55    4   16   38   73   14   71   26   64   32   18   53   39   62   69   37   42   46   56   44   40   33   36   20   34   50   28   24    8   12   67   52   51   17   54   22   31   61   70   43    6   26   49   21   60   41   27   63   30   72   13    5   65   19   48   59   10   29   25   66   67   57   23   45   68  
  42   67   75   64   17   20   41   51   28   16   19   37   40   23   32   21   38   10    8   22   32   36   18   53   27   15   12   39   74   56   66   54   52   44   48   58   71   72   31   33   63   50   60   35    9   62   30   13   25   47   11   43   47   29   33   24   61    6   73   69    7   59   49   34   68   14    4    5   55   57   45   70   65   26   46  
  12   13   45   49   25   36   55   58   41   31   62   60    9   37   64   63   48   21   14   47   28   15   72    7   43   46   18   42   75   38   53   29   70   71   51   16   34   30   59   56   23   11   74    5   39   65   40   32   17   35   54    8   44   24   22   26   66   68   73   60   50   67   20   50   27   19   10   61   69   52   57   33    4   26    6  
  10   49   45   47   62   33   69    5   22   13   24    9   53   26    6   41   18   72   71   52   29   57   67   51   66   48   70   31   65    7   38   43   15   50   56   11   36   19   23   63   59   14   60   35   55   75   73   19   42   68   11   44   64   54   50   17   34   39   25    4   28   40   20   32   27   12   21   61    8   30   16   46   58   37   74  
  33   57   12   36    9   39   52   11   27   63   28   72   11   40   56   53    6   20   55   22   13   59   33   35   68   65    8   51   48    4   60   64    7    5   75   38   21   50   70   61   32   62   15   25   72   54   30   14   66   73   44   43   26   42   17   18   67   74   45   16   37   46   34   58   31   47   69   10   23   71   29   19   49   41   24  
  23   16    7   51   62   11   39   55   58   70   36   71   72   43   13   59   41   61   12   42   25   27   32   37   60   26   31   74   29   38   45   61   20   56   44   30   65   53   14   50   15   52   54   24   66   22    5   63   45   48   64    9   47   34    4   28   49    8   21   75    6   40   69   27   18   19   33   57   68   46   35   10   17   73   67  
  65   63   57    6    7   19   17   58   11   45   21   18   38   10   69    7   48   37   61   47   71   29   49   22    8   59   20   52   54   25   42   68   31   12   24   33   35   36   27    9   30   23   66   64   32   73    5   74   41   34   50   14   62    4   13   75   28   53   67   51   60   40    8   16   15   70   39   26   46   44   52   72   55   56   43  
  57   30   53   59   16   48   22   44   25   74   51   61   59   66   40   65   35   17   50   28    7   37   55   21   18   47   46   72   26   43   34   67   38   45   15   75   58   14   39    6   24   62   69    9   36   45    4   23   33   52   56   63   29   32   42   31   10   71   73   64   13   70   49    5   68    8   54   60   12   41   19   27   10   20   11  
  43   54   61   22   58   45   19   72   12   70   65   30   26   59   56    4   32   74   25   68   10   36   66   14   53   37   44   38   17   39   48   11   16   63   31   13   64    5    6   71   73   40   75   67   20   60   69   62   27   55   38   15   40   49   34   46   35   52   24   57    8   42   51   41   28   18   50   29   23    7   47   55    9   21   33  
  52   40   10   24   34   38   72   18   66   44   28   54   53   11   37    6   62   21    4   56   27   29   25   21   47   33   71   39   31   41   69   57   43   14   26   20   73   46   34   67   75    8   55   63   48   74   68   60   58   51   45   59   22   15   64   49    7   65   36   60   32   61   16    5   35   13   19   12   42    9   30   23   70   17   50  
   4   42   63   71   51   41   72   74   31   34   33   25   52   26   44   48   75   50   55    6   67   57   18   60   43   16   30   17   68   34   39   70   36   45   14   32   37   66   29    9    7   23   64   53   49   56   54   35   28   40   24   21    5   19   13   20   38   73   58   46    8   61   47   11   61   62   10   59   33   15   12   69   65   27   22  
  30   53   22   38   59   56   43   46   69   55   13   52   32   48   62   18   60   73    4   25   35   42   16   67   45   21   26    9   12   19   44   57   75   68    8    5   54   47   40   29   72   50   24   20   17    6   34   61   14   12   28   51   65   39   11   33   10   71   15   41   27   23   59   63   58   66   31   64   74   70   37   36   49   28    7  
  14   35   47   63   26   57    7   54   17    4   12   74   51   60   55   10   36   50   49   64   29   24   37   72   68   11   39   18   25   43   44   29   53   66   21   52    5   62   48   30   61   38   45   33   58   40   69   70   65   69   31   46   15    9   65   67   16   19   59   23   20   42   13    6   27   34   73   28   22   71   56    8   32   41   75  
  75   26   73   14   27   22   25   71   10    8   64   19   69   29   52   41   43   59   12   17   67   61   16   39    6   15   20   49   70   57   38   34   56   18   53   21    5   48   72    4   23   50   68   63   54   33   44   46   30   37   28    4   60   55    7   62   36   24   42   66   13   40   31   57   47   45   74   65   11   35   25    9   51   32   58  
  11   46   37   47   31   30   20    7    9   71   45   43   69   54   65   28    6   23   15    4   63   19   58   49   21   43   41   56   48   27   44   62   21   71   75   53   33   34   66   29   68    5   55   24   51   17   25   72   18   32   67   60   40   42   26   35   14   52   70   10   13   73   16   74    8   12   59   36   50   39   57   61   64   22   38  
  21   64   37   60    5    4   74   30   75   44   28   47   43   68   20   19   58   10   17   40   38   73   67   35   39   55   53   33   71   18   36   47   59   63   41   26   56   27   70   13   66   54   29   72   42   61   16   22   62   69    6   12   71   23   48    7   32    9   14   11   50   46    8   15   51   25   31   57   33   49   65   52   34   24   45  
  27   56    6   43   20   48   28   12   59   36   54   31   30   50   46   75   21   19   10   45   47   14   67   65   34    4   25   33   23   17   24   71   15    9   38   72   11   16   73   49   31   29   32   74   51    7   40   69   22   60   57   62   68   70   53   37   63   61    8   13   39   41   55    5   64   44   53   52   42   35   26   58   66   44   18  
  53   58   27   12    5   43   69   34   23   16   46   24   28   44    6   67   73   66    7   26    4   42   59   36   31   60   68   71   25   29   11   41   52   63   65   30   48   70   32   62   37   17   75   51   15   10   34   47   13   72   14   18   38   21   64   10   39   55   33   19   45   20   54   50   49   22    9    8   40   35   56   74   61   57   44  
  73   21   29   18   24   55   56   28   22   55   42   19   61   20   35   75   70   17    9   63   52   11   31   25   43   60    6   74   69   27   47   48   34   72   30   66   50   62   14   68   46   44   71    8   23   10   39   32   34   64   54   15   40   16   12   57   49   26   67   45   58   53   59    4   41    5   37   65   13    7   38   51   33   42   36  
  28   52   34   45   27   56   71    7   61   22   75   41   37   64    6   48   30   16   40    8   24   13   50   68   31   67   73   17   29   62   25   18   10    9   21   54   65   44   44   66   20   58   19   33   15   49   53   43   63   55   69   11   38   12   42   36   51   35   14   47   70   39   46   32    5   49   57   72    4   74   23   59    8   60   26  
   4   35   52   27   55   63   42   36   73    9   23   26   11   60   64   58   38   10   13   30   53   22   54   34   40   50    5   51   48   32   67   17   75   45   46   25   14   17   41   18   57   12   70   65   24   66   28   47   71   69   31    7   37   62   15   49    8   16   20   33    6   38   21   39   68   72   59   61   44   74   56   19   29   43   29  
  15   22    7   35   20   62   38   52   63   50    4   55   11   30   49   66   23   39   57   26   43   51   28   13   59   10   29   44   14   54   19   36   12   65   46   25   37   69   32   68   71   73   17   72   34   60   67   74   24   75   33   48   64    5   47    9   40   16   53   61   42   27   17   41   18    8   52   31   21   37   70   58    6   45   56  
  66   26   65   24   22   15   21   59   54   57   16   35   14   73   36   61   23   15   29    7   30   45   60   51    6   41   64   65   48   19   68   25   47   55   72   43    8   27   37   38   12   70   75   13   52    5   11    9   10    7   67   20   50   39   71   34   18   69   63   46   28   31   42   17   44   49   56   53   58   74   62   32   33    4   40  
  15   31   44    8   57   67   32   34   25   64   71   16   27   61   21   26   68   10   35   73   58   66   53   10   45   17   27   72   39   37    6    5   59   28   19   54   52   65   41   48   18   55   46   11   13   33   47    9   22    4   40   75   38   58   30   70   14   43   60   56   29   50   74   62    7   69   49   24   51   12   36   23   20   42   63  
  57   44   23   36   48   15   74   54   67    7   24   64   35   73   31   16   40   17   37   11   38   56    5   51   56   28   58    4   12   38   27   33   63   72   47   68   10   59   49   30   50   14   62   61   19   20   29   69   74   52   21   70   45   65   22    6   34   25   13   53   43   32   55   18   26   39    8   75   42    9   60   41   71   46   66  
  23   28   69   64   32   50   67   56   21    8   47   33   12   25   66   34   20   62   65   49   59    9   74   51   16   61   39   31   19   54   13   18   30   38   41   48   15   71   58   26    5   37   55   43   22   42   75   57   14   68   46   42   73   72    6   10   52   35   29    7   45    4   24   60   17   36   40   70   63   53   27   14   63   11   44  
  51   30   26   11   64   35   37    8    4   21   14   12   41   69   56   48   29   66    6   43   17   62   49   15   75   57   74   65   69   34    7   52   42    5   13   50   70   39   46   16   27   72   73   25   44   53   23   60   47   68   33   61   58   19    9   31   40   45   71   10   32   18   28   67   38   24   59   13   63   55   22   54   36   20   23  
  19   57   40   52   25   33   22    6   44   60   17   64   27   20   58   67   75   38   45   21   66   74   63   50   54   18   62   36   42   59   53   35   28   37   48   46   70    7   61   30   23   13   32   68   14   65    4   49    5   51    9   31   34   43   26   72   10   68   47   12   71   39   29   73   16    8   55   41   69   11   24   15   56   26   66  
  64   68   11    5   63   60   70   27   62   14   56   22   46   74   28   48   32   44   30   69   50   21   20   66   51   65   24   38   17   53   16    5   33   23   37   31   41   39   49   40   58   10   13   19   67    6   26   61   18   34   54    8   25   43   59   36   52   72   15   35   45   75   71   57    7   47   12    9   55   38   73   29   42   55    4  
  74   46   59   41   18   57   22   24   26   35   19   20    6   27   34   23   33   47    7   75   39   14   56    8   63    4   12   53   43   17    9   18    5   21   28   16   44   15   66   67   60   33   61   69   13   55   40   54   43   25   65   11   64   70   10   30   72   42   36   50   37   29   58   71   49   31   48   38   32   52   73   45   68   51   62  
  34   74    5   61   41   71   42   35   58   44   49   69    4   49   59   18   53   45   23   24   47   50    7   57   30   73   33   25    6   13   38   32   56   29   40   65   28   52   15   36   60   62   43   16   27   75   72   48   39   37   46   54   66   30   12   20    8   11   67    9   55   70   17   63   21   68   19   26   10   31   22   14   51    4   64  
  42   45   71   48   65    9   36   12   58   69   40   45   49   56   60   68   70   61   41   35    5   29   75   54   71   15   16   22   63   73   55   14    8   57   10    4   19   31   23   30   27   66   28   65   17   53   25   50   21   47   72   43   18   34   74   24   11   13   20   39   33    7   37   52   46   67   62    6   38   59   51   26   32   64   44  
  27   67   73   40   26   65    4    7   74   61   39   51   30   64   72   31   17   20   37   55   34   24    5   51   54   33   63   35   32    8   18   36   22   68   56   41   15   53   28   45   49   52   13   59   38   70   69   62   21   67   58   42   29   57   47   44   16   60    6    9   19   71   11   50   23   43   66   46   25   48   75   12    8   10   14  
  36   47   51   59   71   26   55   44   23    8   27   20   29   60   18   42    7   52   14   25   34   31   41   10   45    6   28   24   58   70   67   64   12   37   16   13   62   68    6    4   50   19    9   46    5   15   30   72   69   38   65   61   73   39   74   35   38   63   53   21   56   32   49   66   22   54   57   75   11   33   43   17   40    4   48  
  74   55   11   31   39   75   16   71   56   26   64   15   27   61   72   22   47   30   70   75   52   53   19   38   20   69    8   10   63   62   13   12   49   58   41   65   74   32   67    5   66   17   44   34   33   43   18   45   14   57   23   37   10   48   42   54   24   60   51    7   68    6   59   73   46   40    4   50   36   29   28   35   25   21    9  
  59   42   50   70   58   40   39   35   14   62    7   65   51   36   55   37   68   72   29   32   18   44   19   45   43   73   47   33   71    5    8   25   26   28   24   56   46    9   40   21   67   27   66   30   23    4   48   12   13   60   69   53   11   41   32   57   15   20   63   49   34   16   61   38   10   22   64   57   17   75    6   54   52   31   74  
  21   25   75   70   73   52   19   43   44   65   26   42   56    7   37   39   17   57   32   22   35   27   38   34   68    5   61   74   69   51   53   10   69   18   12   16   58   50   41   72   45   30   28   67    6   25   63   54   24   23   36   46   15   66   40    4    9   11   47   14   20   31   55   64   29   62   33   13   59    8   71   48   49   15   60  
  63   69   16   58   10   57   24   70   31   32   55   48   62   11   56   23   28   22   51   68   65   37   13   54    5   20   33   26   29   19    9   64   72   60   17    6   45   49   36   15   71   42    8    4   14   35   18   61   21   12   40    7    6   47   25   44   50   38   34   30   17   67   52   27   66   46   59   75   43   42   73   53   41   74   39  
  46   22   44   72   36   53   23   39   48   27   62   20   58   16   32   31   29   61   54   37   57    4    8   63   24   47   67   19    5   60   33   30   15   18   34   17   41   50    6   70   26   45   35   52   69   40   56    7   28   55   48   43    9   65   12   42   64   59   68   25   69   74   13   11   51   10   75   38   71   49   18   14   73   21   66  
  64   49   66   42   67   57   52   23   27   48   12   41   62   70   13   65   34   43   61    6   11   41   51   17   71   14   24   46   47   58   56   75   19   30   31    4   28   59    5   64   20   44   15   40   22   35   60   45   33   39   18   38   63   54   21    8   10   50   26   36   55    7   37   63   72   29   73   16   25   32   74   53    9   69   68  
  23   13   56   44    7   37   43   16   74   10   26   69   29   66   21   45   70    8   41    6   46   54   24   63   39   32   28   17   15   68   11   36   14   57   19   33   40   12   64   55   61   50   13   35   18   53   18   22    4   52   27    5   25   31   65   51   20   47   59   67    9   30   58   68   72   75   73   62   71   42   38   49   48   34   60  
  67   28   70    9   66   23   13   59   30   48   47   29   55   12   62   17   33   20   61   53   36   16   56    8   65   73   54   21   44    7   35   42   51   22   52   58   63   45   39   49   68   72   46   37   15   26   74   64    7   11    4   50   20   14   69   10   27   75   41   40   34   24   43   60   71   25   31   57   19   38    6   32    5   18   58  
   7   62   72   24   32   69   16   21   49   44    6   70   63   73   61   39   38   58   17   37   15   67   64   30   36   51   52   22   56   36   75   14   43   41   12   18   46   74   65   57   26   35    4   50   55   42   23   53   13   45   25   10   60   28   29   27   48   47   18   34   27   54   71   11   20   59   19   31   68   66   33    9    5    8   40  
  25   50   40   66   51   43   23   46   10   29   42   20   60   26   22   30   34   35   55   70   48   52   69   59   65   14   74   33   16   31   64   24   12    8   17   49   18   61   41   28   15   68   47   27   38   53   11   28   54   57   13   45   58   21   75   36    4   39    4    7   72   40   56    5   63    6   73   62   67   44    9   19   32   37   71  
  67   75   58   12   64   59   34   26   16   13   31   47   11   21   20   74   60   19   71   25   28   41    8    5   54    4   57   50   12   33   18   68   71   49   48   37   21   61   70   53   35   23   52   63   66   51   14   55   73   62   43   38   72   15   39   24   30   36   40   42   27   56   29   65   46   22    9   44   10   32   45    7   17   69    6  
  69   44   72    5   11   39   47   25    8   34   46   63   55   41   32   74   67   13   14   18   66   56   51   19   20   37   27   42   62   10   43   28   16   22   65   53   40   24   58   54   50   12   68   73   52   44   17   75    9   45   26   59   61   35   23   31    7   49   70   57   71   21   33   60   16   38    4   64    6   44   29   15   36   30   48  
  31   38   34   36   56   47   32   52   67   64   21   50   20   28    4   72   45   66   29   33   16   19    9   13    7   61   40   39   70   23   63   48   60   25   74   75   43   22    8   73   18   59   53   51   41   37   58   11   62   17   55   49   46   50   37   30   15   71   68   20   35   57   10   44   12   54   27   69    5   42   26   14    6   65   24  
   9   66   55   48   68   42   71   12   62   37   57   35    5   69   14   26   43   64   45   59   13   11    7   29   28   33   70   60   73   19   18   25   75   31   52   21   47   15   39   67   65   74   49   63   54   44   22    6   23   46   36   72   41   61   17   10   20   58   16   50   34    8   56   32   27   24   38   22   30   48    4   51   68   40   53  
  20   73   52   56   58   32   13   22   55   37   41   57   24   75   53   15   59   51   28   48   29   68   40   44   27   26   12   35   34   21   16   60   36   43    4   50   62   38   25   67   71   47   54   74   63   70   33   31   10   66   61   30   45   46   23   19   44   14   65   72   39    6   49   64    8   11    7   42   55    9    5   69   70   17   18  
  13   41   73   58   29   75   44   47   21   75   52   70   57   30   32   22   15   53   14   67    8   45    4   64   46   35    7   54   16   51   28   37   59    6   36    9   63   61   17   69    7   38   34   65   56   39   50   68   42   26   23   60   24   43   27    5   62   72   25   20   49   19   66   12   31   11   33   71   25   18   40   55   74   48   10  
  61   16   63   59   25   20   60   31   29   75   32   51   56   24   35   30   62   19   34    5   10   49    9   39   14   23   45   68   72   71   50   52   58   41   53   43   55   12    7   73   47   48   46   48   70   37   22    8   21   67   14   13   17   11   57   15    4   65   27   28   64   36   74   42   40   38   66   44    6   69   64   33   18   54   26  
  55   73   47   25   21   28   36   19   50   61   57   30   59   42   49   70   45   53   40   17   29   74   62   12   48   31   22   16   24    5   51   27   72   67   46   33   10   32   60   13   63   43   54    6   56   29   18   68   71   50   20   38   64   52   75   14   34   15   23   37    9   18    7   66   69   26   39   11   44    4   65   35    8   58   41  
  36   63   16   12   57   66   56   47   42   48   45   22   19   30   40    5   54   20   29   19   15   26   25   69   70   18   38   55   75   34   60    8   74   52   17   58   59   64   37   24   32   50   13   72   33   53   49   70   35   51   28    4   27   21   68   61   43   65   11   14   63   44   41   62   73   46    9    6   10   31   23   67   39   71    7  
  23   57    5   75   59   51   45   35   10   17   50   43   27   28   13   52   61   53   71    7   32   16   22   33   40   14   48   25   58   66   73   38   56   29   15   70    4   42   37   64   12   36   26   49   31   11   21   14   41   63   18   20   31    9   62   34   68   54   47   46   74   55    6   19   69   24   67   65   44    8   30   60   72   39   36  
  72   53   17   39    7   21   19   68   44   24   48   61   30   50   22   70   33   60   32   59   10   72   38   16   62   65   54   36    4    6   71   27   67   49   41   26    9   33   40   31   50   73   47   63   52   13    8   43   46   18    5   11   69   29   14   64   28   57   12   66   25   15   75   37   51   55   23   42   56   34   45   35   20   74   58  
  17   42   27   74   49   50   72   11   14   70   63   45   45   34   12   39   52   53    7   13   35   16   23   24   62   26   44   56   46   30   71   60   48   21    6   43   36   40   10   22   37   75    9   25   29   33   58   65    4   32   54   31   41    8   73   18   70   64   15   38   20   47   61   19   57    5   68   55   51   66   59   23   67   69   28  
  51   38    5   39   42   38   59   63   14   19   10   75   50   61   52   44   74   47   52    7   54    9   27   46   16   24   34   49   73   45   13   20   43   69    8   65   12   48   30    6   15   72   58   21   32   22   18    4   26   70   27   53   17   71   60   37   55   66   68   11   64   36   29   25   67   33   40   57   31   35   28   62   41   56   23  
  47   38   72   18   50    4   31   45   27    5   34   68   66   39   28   15   74   11   73   75   41   13   10    9   69   36   53   44   58   57   42   62    7   20   26   59   55   33   46   24   60   71   30   37   65   52   61   56   67   17   54   19    8   63   13   49   22   51   43   16   32   16   64   40   48   25   14   21   70   12   29   66    6   23   35  
  36   58   39    5   40   69   55   32   39   23   30   50   66   18   13   43   74   46   64   54   56   48   71   27   14   60   17   75   12   41   65   72   49    6   16    9   44   11   15   52   19   70   35   26   21   31   10   73   51   34   28   33    4   37   62   68   20    8   16   61   59   42   57    7   38   45   53   25   29   47   11   22   24   67   63  
  45   75   59   54   67   75   23    8   14   56   33   21    4   30   26   62    7   15   74   34   46    5   58   52   10   51   20   66   28   22   68   24   13   69   32   53   73   60   18   44   19   39   25   43   17    7   48   42   47   64   55   50   11   71    6   31   72   29   12   60   40    9   65   35   61   63   70   37   16   36   27   41   49   57   38  
  59   38   42   49   39   45    4   43   28   51   36   56   53   33   72    9   35   16   50    6   74   48   34   11   40   66   17   75   12   60   34   10   73   26   14   15   61   67   75   29   23   46   37   30   24   57   58   54   31   64    8   13   38    7   68   25   70   63   19   69   20   27   71   47   55   18   62   52   21   44   41   32    5   65   22  
  52   29    7   22   50   10   66   51   44   24    8   39   41   59   60   56   45   70   28    4   65   53   62   25   13   54   11   72   19   18   37   14   32   63   40   30   58   16   69   23   57   42   75   20   47   15   55   49   27   51   35   73   31   74   33   61   38   71    6   26    5   48   64   68   17   34   67   36   47   21   15   12   43   46    9  
  73   51   64   29   59   69   66   73   36    8   65   11    9   32   55   57   56   67   61   43   75   70   13   50   60   17   74   68   14   31   21   45   35   71   39   20   37   15   26   16   52    5   34   54   12   47   22   28   27   72   62    7   40   10   19   58    6   38   18   42   25   63   46   44   24   18    4   49   33   65   30   48   53   23   41  
   7   27   20   22   41   34   44   35   16   53   37   39   57   52    5   72   56   69   29   66   12   65   47   54   31   28   13   23   32   63   70   17   24   43   45   26   25   67   40   74   71   21   10   64   51   55   61   46   50   49   18   48   62   75    6   29    4   42   36   20   73   11    8   58   48   14   33   60   68   59   19    9   15   30   38  
  52   45   29   50   75   53   48   28   51   12   60   65    6   35   23   22   21   72   66   59   41   67   30   24   74   40   46   58   71   44   63   12   47   31   34   10   43   19   17   73   39   18   57    7   13   38   32   69   54   14   49    4   12    9   70   64    8   20   37   68   33   25   11    5   16   27   61   36   56   42   55   15   26   62   36  
  65   46   28   40   57   18   24   66   14   63   62   56   71   42   23   32   34   20   13   59   31   44   74   39   58   70   68    9   49   51   33   36   16   38   48    4   17   30   75   37   54   52   47   22    7   60    6   57   45   73   35   61   15   55   50    5   19   21   43   23   72   53   29   10   25   11   69    8   64   27   64   41   67   12   26  
  45   65   33   30   74   22   27    6   11   20   32   71   31   38   28   44   34   39    7   72   41   75    4   73   51   40   35   52   42   62   19   26   14   47   10   60   25   55   53   70   57   29   50   58   54   63   24    8   66   16    9   43   37   18   23   15   17   49   21   68   36   32   54   61   11   12   46   13   69   64   59   48    5   67   56  
  59   64   63   28   31   71   18   30   47   60   29   20   63   45   75   14   73   56   26   16    8   58   48   70   17   55   21   37   15   68   22    4   33   36    9   65    5   34   35   40   19   11   72   32   39   44   62   13   61   25   52   74   67   24   27   43   12   69   51   38   67   42   48    6   57   53   41    7   50   10   46   54   66   23   49  
  73   29   18   32   17   22   18   15   37   14   26   65   56   13   45   57   53   50   31   40   34   10   63   11   67   29   19   74   51   33   62    9   20   25   59   38   47   16   60   12   61   48   52   70   55   75   58   35   64   39   23   46   71   44   24   54    4   69   27    6   68   30   72   41   28    8   29   49   36   66   43    5   21   42    7  
  17   12   26   33   67    6   37   35   19   61   57   56    8    7   70   60   45   31   62   66   47    4   48   52    8   74   53   42   68   23   49   29   71   72   50   11   40   10   15   14   13   16   30   28   55   21   65   51   69   59    9   27   22   46   63   20   39   54   34   43   36   73   25   38   64   32   65   58   24    5   18   41   75    4   44  
   4   18   24   33   71    5   36   13   23   75   44   52   35   10   59   38   56   51   64   65   74   29   45   11   55   67    6    7   70   72   31   60   22   14   47   32   11   66   68   49   15   41   17   19   40   50   12   37   58   20   73   43   16   42   48   69   39   28   61   21   26    8   57   27   54   62   46    9   63   30   43   25   34   53   74  
  55   37   42   32   52   16   18   24   53    7   73   71   56   17   60    4   74   49   10   43    9   13   26   75   30   31   62   70   22   33   45   20   12   39   69    9   19   48   66   14   15   11   21   38   61   47   46   41   35   23   40    8   64   51   25   65   67   50   28   36   54   29   59   68    6    5   72   27   58   26   44   63   34   57   26  
  56   53   44   11   14   70   23   12   58   38    6    7   13   43   34   72   28   18   69   37    8   49   60   20   32   16   74   48   59   62    5   21   54   45   16   67   33   66   24   51   29   36   15   40   27   46   25    7   12    9   50   19   73   75   65   57   41   63   68   39   61   52   10   22   71   47   42    4   64   30   17   31   35   55   26  
  20   57   45   18   54   41    6   59   11   10   24   56   15   43   62   19   40   11   66   14   37   13   71   51    5   61   36   74   38   64   16   48   73   75   47   46   63    9   58   29   26    4   65   68   42   31   49   69   67   44   27   70   55   32   23   34   52    7   17   69   60   12   50   21   39   33   31   53   25    8   30   72   35   22   28  
  60   62   39   21    9   65   71   10   27   14   28   24   35   30   44   40    8   74   53   22   61   75   38    7   54   52   34   25   55   26   67    6   70   41   57   73   43   31   33   58   68   12   23   69   59   45   32   50   51    4   18   47   28   49   64   63   29   56    5   72   11   17   46   16   53   36   20   37   13   42   22   15   66   48   19  
  72   21   51   27   19    9   20   48   54    8   39   67   11   61   45   65   49    7   17    5   55   43   15   22   66   69   60   47   40   75   44   66   59   34   12    4   73   30   52   38   25   13   38   50    6   74   71   16   42   57   36   64   28   53   29   35   23   26   37   32   46   31   24   41   63   70   68   74   62   33   18   58   56   14   10  
  21   62    9   38   30   71   50   40   66   67   23   41   32   47   39   29   43   49   22   61   26   59   15   20   68    5   36   42   28   70   54   75   62   34   57   12   52   31    6   25   56   35   27   63   24   10    8    7   55   65   33   14   17   46   58   13   18   69   48   73   23   37   11   60   58   74   16   51   44   64   53   45    4   19   72  ] 
BUDGETS : [    2   11   12   13   14   15   16   20   20   23   27   29   31   31   32   35   35   35   35   36   37   37   39   39   40   42   42   42   43   46   48   50   51   53   55   55   56   59   59   60   60   63   65   65   66   68   69   70   75   75   79   85   87   89   89   92   94   94   95   99  100  102  104  109  116  119  121  121  127  129  134  136  141  144  145  147  150  151  152  155  156  156  157  158  160  160  160  163  164  164  166  172  172  174  177  178  180  184  188  190  194  195  197  199  200  204  206  206  207  207  209  209  215  215  219  220  221  221  221  222  230  233  235  237  240  240  242  246  247  250  256  263  265  265  269  269  270  272  277  284  286  288  288  293  293  294  295  296  296  298  ] 
