K : 50
I : 50
PREFERENCES : [   17   45   40    1    2   39   16   35   33   42   14   26   44   24   10   21   22    4   29   31   26   25   42   18   43   32   13   19    7   38   28   20   40   34   12   37   36   20   41    6   15   12   27   30   11    3    5    9    8   23  
  29   25   23   13   27   33   37   22    4   40   12   35   45    8   10   14   28   19   23   39   28    1    6   33   16   44   38    3   26   17   24   43   11   32    9   36   21   15    7   42   18   20   19   27    5   41   30   31   34    2  
  21   33   14   38   40   13   44   30   16   41   26   12   45   19    1   29    5   31   29   34   37    9   23   14   41   36   14   28    4   42   32   36   18    3   24   17   25   15   11   39    7   43   35   22   27    2    8    6   10   20  
  39    6   13   38    7   44   12   21    8   19   15   43   29    2   17    5   42   41   45   33   26   16   24    4   10   34    1   11   35    9   18   25   28   31   37   20   18   27   22   23   14   40   32    3   12   14   19   30   36    1  
  23   25   18   29   34   41    6   22   28    5   13   36   15   30   31   45   32    8   42   21   27    3   43   37   24   40    4   41   17   44    3    6   35    1   14   26   12    7    1   20   31   10   33   16    2   11   19   38   39    9  
  20    7   30   35   40   36   39   12   23    2   28   29   26    8   34   14   11   11    4   44   41   33   42    6   18   19   37   25    3   43   44   10   38   45   17    5   31   22   21    9   15    1   13   11    2   16   24   32   27   42  
  19   45    8   38   26   32    7   18   42    5   45   14   43   30    6   11   23   36   14   15   30   10   41   20   14   16   17   28   24   35   44   13    3   27   22   12   39   37   29   33   31    1    1    4    2   25    9   34   40   21  
  13   10   34   27    1   36    8    6   17   24   35   39   43   41    5   41   12   15   22   18   42   38   16   26    9   19   11   45   30   29    3   20    9   40   13   10   37   25   43   23   21   33    2   14   44   32   31    4   28    7  
   7    1   37    2   33   10    6   18    4   31    9   13   27   17   34   21   21   10   45   35   39   42   15   23   25   40   31   14   28   12   11   30   36    8    5   20   41   38   16   32   35   26   43    3   29   34   44   24   22   19  
  30   20   42   22   10    5   10   16   44   15   14   27    4   39   23    9   19   41   36   24   42   28    1   17    7   35    8   37   25   18   43   40   34   14   25    3   12   45   29    6   31   21   26   13   38   11   32   33   33    2  
  20   21   13   40   43   40    4   40   45   26    9   41   42    6   12   40   39   16   28   19   30   20   31   10    8   24   11   29   34   17    1   22    5    7   18   38   15   27   25    2    3   32   23   35   37   44   36   33   14   14  
  29    5    8    9   38   35   31   26   42   39   14   41   44    7   17   12    6   20   45   32   28   22   16    1   21    9   36   21   10   27    4   11   33   23   43   25    2   40   13   42   24   37   30   11    3   15   34   18   10   19  
  32   39    3   31   35   29   14   16   20    9    4   27   41   33   13   28   42   18   36   24   19   38    6    5   17   44   14    9   15   22   12   23   34   37   36    2    7    1   42   10   16   21   11   30   43   26    8   25   40   45  
  23   11   28   29   31    4   40    2   41   34   45   17   10   25   21   30   15   36   24    9   16    7    1   32   19   20   13   35    6   12   39   27   43   22   44    3   33   37   36    5   23    8   22   42   18   36   14   26    2   38  
  45   40   11   21   36   27   39   25   29   35   34   38   20   31   44    7   37    9    5   11    6   38   42   10   41   33   24   32   14   15   30   22   28   19    4    3   23   26   18    1   16   38    2    8    4    6   43   17   13   12  
  22    5    2   26    8   19   12   21   37   14   15   29   25   35   17   18   13   44   30    6   23   19   38   32   27   34   28   17   36   18    4    7   42   45   39   24   16   10    9   20   32   41    3    1   40   11   33   23   43   31  
  45   27   40   38    3   35    7    9   24    8   22    6   34   39   26   10   44   29   33   17   28   25   31   41   43   36    7   11   23   14   20    4   30    5   42   42   35    6   18   13   21   37   12   15   19   14   32    1    2   16  
  13   16   43   45   32   36   30   14   29   10   33   37   26    5    2   24   24    1   15   19   14   40   25   34   28    3   41   18   24    8   21   27    6   28   17   44   42    9   33   38   39    4   22    7   11   31   23   12   35   20  
  32   17    9   33   21   26   35    2   44   37   34    3   20   10   39   36   15   40   28    4   13   17    7   33   25   12   41   31   36   24   14   27   22   34    5    6   23   16   45   38   42   29    8    1   30   18   28   43   19   11  
  10   26   20   22   41   30   33   34   35   42   37   36   17   21   32   44   31   38    1   27   13   24   11    5   19   32   18    3   45    4    8   28   40    6   23   24   12    2    8    9   16   14    2   39    7   14   29   15   25   43  
  22   36   33   18   36   14   26   16    3   39    1   21   32   14   37   15   29   12    8    2   42    7   45   35   42   10   34   31   13   44   28   43   23   41    4   25   19   38   27   32   24    5   40    6    1   11   20    9   30   17  
  39   22    6   40    9   37   21   25   35   11   27    1   31   29   16   41   40   20   15    8    4   34   42   38   44    5   32   43   30   18   13   12    3   41   22   17   36   28   24   33   14   26   42   45   10    2   19    7   30   23  
  24   29   16    3   34   43   17   37   38   44   31    4   19   26   12   33   45   41   30    1   35   18    7   39   32   21    5   27   40   20    2   13   14    1   28   28   11   22    6   10   28   34   36    8   23   15   28   25    9   42  
  28    7   36   42   14    8   43    2   38   10    6   20   18   19   14    3   16   33    1    5   45    4   17   24   32   13   23   35   27   36   25   11   22   21   23   41   44   31   12   15   30    9   22    3   26   34   29   40   37   39  
   2   17   27   20   42   44   26   44   32    5    4   24   14   33   13   26   19   45   10    8    7   18   11   21   41   28   15   32   16   34    1   40   43   30   36   31   25    6   22   12   37   29   23   35   24   37   39    9    3   38  
  22   25   44   11   38    3   32   37   41   42    6   29   31   24   21   28    5   16   35   25    4   23   19   10   38    8   34   39   26   15   36   40   45   17    9    1   12   37   43   12   33   30   13   18    7   14   27   41   20    2  
  23   13   21   30   44   17   43    2    3   39   14   10   11    4   38   31   15   18   33    9   12    7   42   26   41   22   40   35   25   32   37    8   19    5   29   36   20    6   23    1   34   19   26   45   20   24   27   16   45   28  
  19    2   32    1    6   21   22   42   35   16   36   12   31   41   18    8   17   39   23   11   24   20   34   26   15   44   16   45    7    4   10   37    5    3   19   14   13   30   28   32   43   25   40   33   38   15   27    9   29   45  
  40   38   20   35    1   22   28   13   42   34   32   23    8   10    6   37   44   39   43   41    5   45   25   30   27   16    2   24   19    8   17    8   29    4   12   12   12    3   33   31   14   36    9   26   39    7   21   18   15   11  
  20   27   12   32   35   31   25   17   13   36   26    9   11   30    8   28   18   14   24   21   44   37    2   13    7    8   41   45   38    6   43   40   15   39    5    1    4   10   22   24   34   29    3   19   42   33   20   17   23   16  
  18   38    4   22   36    8   15   26    2   13   16   32   21   25   38   39    5   14   42   28   24   10   27   35   31    3   34    1   24   40   20   45   38    6   23   43    7   41   29   30    9   17   11   37   12   33   19   44   11   33  
  18   36   17   31   22   27   21   20   25   40   38   39   32   35   44   29   23   10    6   37   24   20    9   13    7    5    2    8   11   12   19   28   26   26    1    3   17    4   37   41   33   16   34   25   15   45   14   43   30   42  
  38   43   36    9   21   27   17   25    1    7   34    4   28   41   40   31   26   33   12   39   24   15   23   22   41   10   43   32   14    8   13   35   12   45   43   44   18   30   11   20   19    2   37   42   16   45    3    5    6   29  
  12   35   23   16   20    4    8   20   19   37    1   44    3   34   13   22   25   33   24   36   37   32   14    9   11   41   30   39   21   17   28    5   31   38   27   43   40   45    6   22   42    7   26   10   29   15   18   37    2   39  
  34    7   28   12   21   42   11   39   22   26   14   39   19   31   16   24   36    4    5   15   35    8   25   30   44   38   20   45   40   18   16   43   10   43   37   38   33    9    1   17   33   27   13    6   23    2    3   32   41   29  
  17   16   40   18   38    5   36   23   22    6    9   27   34   35   21   25   25   12   37   10   35   39   17   29    7    2   24   33   20   44   11   30    1   19    4   15    5   45   31   42   26   32   14   41   28   43    8   13   38    3  
  22   21   25   41   27   36   10    7   31   23   35   32   13   12   24   29   14   28    6   40   29   32   19   42   15   17   35   37    8   26   18   44    3   30    4   43   20    5   38   45   16    9    2   39    1   11   40   34   33    2  
  44   11    3   14   41   33   19   19   45   39   16   42    9   38   36   31    4   33   32    8   15   37   22   35   40    7   36   17   20   29   12    2   27   34   10   25   21    5   13   30   43   28    1   26   23   15    6   28   18   24  
  12    8   28   37   10   15   20   22   21   32   27    7   25    2   29   17   30    4   40   18   19   42   44   16   43   40   32   38    3   39    5   23   11   33   34   26    6   35   15    9   14   36   41   44    1   36   45   24   31   13  
  34   16    6    9   23   28   33   13   43   20   19    1   30   35    3   42   23   44   25   28   15   12   23    8   37   40   39   26   31   36   14   38   29    2   27   45   22   24    4   36    7   18   41    5   21   17   10   32   11   16  
  19   45   43   37   30   23   34   35    8   28   36   42   30   32   15   39   10   17   44   24   41    3   14    9   45   38   13   26    5   21   27   36    6   18    1    4   31   45   40    7   33   29   20    2   25   11   22   12   16   18  
   6   26   44   28   36   11    5   23   35   20   42   25    4   31   34    2   16   29   34   39    7   17   27   43   37   25   33   22    1   45    9    3   12    4   15   10   32   30   18   14   40   13   19   20   24   21    8    3   41   38  
   6   12   26   43   17   44   15   37    5   22    1   23   33   25   40   11   10    8   28   32   19   35   41    5   19   33   31   29   13    4   23   20   38   36   32    3   18    2   21   39   34   24   27   30    9    7   14   42   45   16  
  20   40   24   23   35   18   15   10   28   11    3   38    8    5    1   13    4   12   27   36    7    5   31   19    6   17   43   14   39   37   33   34   29    9   16   16   45   25   26   44   12    6   30   42   22   42   41   21   32    2  
  32   37   42   39   42   14   20   28   31   11   29   17   38    6   23   17   15    1   10    9    3    2   16   30    4   26   24    8   40    5   45   36   21   13   12   18    7   13   13   33   22   35   44   27   34   43   25   41   19   13  
   6   27   18   37   14   44    4   45    1   10   19   25   21   20   34   32   43    5   12   38    7   29   31   23   29   28   41   10   22   16   39   11    3   42   43   31   13   17   40    2   33   35   36    9   24    8   26   15   30   44  
  35   17   20   31   11   38    6   14   10   44    5   25   25   16   27   18   32   22    9   40    1   39   23    4   37   38   33   43    7   41   19   34   15   12    2   10   45   36   26   21    8   30   42   28   29    7   13    3   44   24  
   9   34   33    3   29   22   16   18    9   11   26    3   34    6   27   36   20   44   37   13   17    8   23    2   38    4   35   41    7   15   21   32   30   10   43   25   19   12   31   45   38    1    9   28    5   24   42   40   14   39  
   5   27   11    6   14   26    9    7   21   22   32   10   18   33   25    8   37   28   12   23   42   26   40   45   36   19   28    4   20   41   17   43   23   44   25    3   31   15   13   30   39   34   24   38   16   35   18   29    2    1  
  29   34   45   25   33   42   20   28   36    9   37   32   22    4   26   15   24    1   13   25   10   43   19   39   18   21   11   43   44    7   23   17    6    3   16   40   41   12   35   30   27   14    8    4   23   31    5    5    2   38  ] 
BUDGETS : [    1    2    3    9   11   13   13   14   18   21   29   29   30   30   33   35   38   44   44   46   46   47   49   54   55   59   61   63   64   65   67   68   68   69   69   71   74   77   78   83   84   84   87   88   88   91   94   95   97   99  ] 
