K : 50
I : 50
PREFERENCES : [    0    0    0    0    0    0    0    0    1    0    7   15    5    0   20    0    0   12    3   12    0    0   18    0   17   21    0    6    0    0   19    4    2    0    0    0    0    0   10   13    6   20    9   16   22   11    0   14    8    0  
   6   15   10   15    0    0    0    0    0    7    0    0   21    0   16   18    0    2   11   16    0    0    0   20    0    0    0   13    8    1    0   22    0   19    0    4    0   12    0    5    0   14    0   20    3    0   17    0    0    9  
   2   14    0   12    0    0   18    0    0   16    0    0    0    0   19    9   18   15    0    9   13    6    0    0    0   10    8    1    0    0    6    0    0   17    0    3   21    7    0    0    0    5   22    0   11    4   20    0    0    0  
   0   17   16   21   19    0    0    0    0    0    0    7   12    7    0    0   20    0    0    5   14    0    0    2    8    0    0    0    0   22    0    0    0   10    0   18    3   15    0    4    6   21    0    0    1   16   13   11    9    0  
  13   18   22   20    1    0    0   12   11    0    0    0    0    0    0    0   14    0    4    6    0    0   14    0    0   14   17    0    0    9    0    5    8    0    0   21    0   15    0    3    0   14   16    2    0   10   19    0    0    7  
   8    0   11    0    0    0    6    0    0    0    0    0    0    0    4   19    0    0   10   17   12   16    0    1    0    0   21    0    0   19   13    0    0   15    2    5   14   13    9    0   18    0    1    7    0    3   20    0    0   22  
   5    0    0   14    0    0    0    0    0    5   20    0   16    0    4    0    6    0   21    0   22   18    0    0    0    0   19    7    0    3    0    0    0   13    0    0    9   14    0   10    1    0   17   12   15   17    8    0    2   11  
   6   17    0    0    0    0    0    5    0    0    0    0   20   13    1   14    0    0    0    0    0    4   10   21    7    0   18    0    0    0    0   22    0    9    3    5   12    2    0    0   11    2   19    0    0    0   15   16   17    8  
   0    0    4    0    0    0    0    0    0   17   19   12    0    9    0   15    0    0   13    8    7   22   20    0    0   16    0    0    0    3   21    2    0   14    5    4   18    0    0    0    1    0   11   22    1    0   10    0    6    0  
   0    0    0    0    4   17    0    0    0    3   22    8    0   20    0    0   18   14   10    5   18   13    0   16    0    7    0    0   11   21    0    0    0    0   12    0    0   15    0    0    0    2   13    0   19    0    6    1    9   14  
  19    0    0   13    0   21   12   11    0    0    5   16   10    0    9    1    6    0    4    0    0    1    7    0   17    0    0   15    0    3   19   20    0   14    0    2    0    0   18    0    0    0    8    0    0    0   22    0    8    0  
   0   16    0    2    0    6    0    0   10    0    0    0    0   12   22    0   15    7    0   12    1   19    0    0    0    3    8    0   14   11    0    9    4    0    0    0    5    0    0   17   21    0    5   13    0   20    0    0   18   19  
  18   10   15   12   11    1    7   14   16   17    2    0    0    0   19    0    0    0    5   13    0    4    3    0    0    6    0    0    0    0   22    0   20    8    0    0    0    0    0    9    6    0    0   21    0   10    0    0   21    0  
  12    0    3   19    2    0   15   20   18    0   11   12    0    0    0    0   11    0    0    0    0   21   17    0    0    0   16    9    7    0   13    6    7    0    0    1    0    0   14    4    0    0    0    5    0    0   10    8    0   22  
   8    0    0    0    0   13    0    1    0   19   14    0   12   18    0    0    0    7    0    9    0    0    0    0    6    2    3   21   11   17    0    0   22   15    0   20   16    0    3    0    0    5   10    0   13    4    6    0    0    0  
  11    0    0    0   19    0    0    0    9    0    0   10    0    0    0   15    0    8   17    0    0    0    0    6    5   17    0   13   20    4    3    0   14    0    0    0    0   16   22    0    0    7   21   17   18    1    2   12    0    8  
   0   19   10    7    0   17   17    0    9    0    0   13   21    3   16    8    0    2    0    0    0   20    6    0    5   11    0    8    0   14    4   16    0    0    0    0   22   12    0    0    1    0    0    0    0    0    0   15    0   18  
   0   10    7    0   21    0    0    1    7    0    0    0    0    5    8   20    0    0    0    3    0    0   12    0    4   22    0    9    0    6    0    0    0   14    0   18    0    0    2   19    0    0    9   19   11   17   13   15   16    0  
  15   10    0   18    5   22    0    0    0    0   13   12    0   11    0    9    0    0    0    0    0    0    0    0    6    0    0    0    0    0    7   17    4    0   16   20    2    2   19    8   19    3    0   14    0    0   21    0    1   14  
   0    0   10    8   13    0   12    1   22    0   19    0    0    0    0   14    0    0   20    2   18    2    0    6   11    0   15    0    0    4   17    5   16    0    9   21   19    0    0    0    0    0    3   13    0    0    0    0    0    7  
   0    2   14    0    0    0    0    0    0    0   10    0    3    0    0    0   15    0    0    0   12   17    4   11   13    9    0    0   22    0    7    0    5    6   15   18    0    0    0   10    0    0    0   19    6   20    1   21    8   16  
   0   21   22    9    2    0    0    8    1   18    0    0   10    0    0    9    0    0   13   11    6   12   15    5   17    0    7    0   19    4    0    0   16    0    0   12    0    0    0    0    0   14    3    8    0   20    0    0    0    0  
   1    0    0    2    0    0    0    9    3    4    0    0    0   11    0    0    0   17    0    0    0   10   16   18    8   21   14    0    0   15    5    1   12    6    0    0    0   15   13    0    0    0    7    1   20   22    0    0   19    0  
   0    0    8   21    0    6   16    0    0   16    9    0   10   17    1    0    2   14    0   17    0   22    0   12    7    0   19   11   15    0   22    0    0   18    0    5    0    0    0    0   20    3    0    0    0    0    4    0    0   13  
   0    0    0    0    3    2    6   22    0   17    4    0    0    0    0    7    0   21    0    9    0   15    0    0    0    0    0    0    0   18    0    0    5    2   20   12   14   10    0    0   13   16   13    0    0   11    1   13    8   19  
   0    2   14    9    0    0    0    0    7    8    1    0    0    0   15    0    0    0    0   13   18    6    0    4   21    0    0   10   11   19    4    0   16    0    0   22    0   20    0    0   17    3    5    0    0   12    0    7    0    7  
   0   15    0   16    0    0   21    5    0    1    0    0    0    0    0    0   13   18    0    0    1   17    0   19    7    0    8    0   20    0   22    0   20    0    8    0   10    4   14    0   12    0    6    0    3    2   11    0    9    0  
   0    0    0    9   20    0    0    8   12    0    5    4    0    0   13   22    3    9    9    0    6    0   11    0    0    0   16    0   10    2   21   15    0   17   21    0    0    0    0   14   18    1    0    0    0    0   19    7    0    0  
   5    4    0    0   13   11    7    0    0   17   19    0   15    1    9   12    2    0    6    0    1   10   20    6   16    0    0    0    0   22    0   14    0    0    0    0    0   21    0    0    0   19    0    3    8    0    0    0   18    0  
   0    0    0    2   15   20    8    0   14    5   22    0    0    0   18    3    0    0   10    0    0   10   12    9   13    0   11    0    1    0   16    6   20   21    0    0    7    0   19    1    0    0    0    0    0    0    0    4    0   17  
  12    0   13   15    0    0   20   17    0    5    0    0    0    0    4   18   10   11    9    0   21   14    1    7    0    0    0   22    0    0   16    0    0    0    3   14    0   20    0    9    0    0    8    0   19    6    2    0    0    0  
   0    6    2    1   12    4    0    0    0   16    0    0    0    0    5   15    5   11    7    3    0    0    0    0   20    0    0    0    0   13    0   17   14   18   10    0    0    8   14   19    9    0    3    0   22    0    0   21    0    0  
   4    0    0   17    0    0    0    0   20    0    0   19   15    0   13   16    0    0    3   19    7    6   12    0   21    0    0    0   18    1    0    5   11    2    0    8   10    0    0    0    0    0    9    5    0    0    0   22    8   14  
   6    0    0   18   18    0    4    0    9    0    0    8    7    0    0    1    0    0    0   20    0   14    0    3    0   15   10   11   22   12   19   18   16    0    0    5   13    0    0    0    0    0   21    2   17    0    0    7    0    0  
   0    4    3    8    0    0    0    7    5    9   10    0    0   15   22    0    0   18   17    0    0    0    0   19    0    0   11    0    0    0    6    0    2   14    0    1   21    0   16   21   20    0    0    0   13    5    0    0   12    8  
  19    0    9    0   11    0    2   22    0   10    5    0    0    0    6   12    4   11    0    0   17    0   10    0   13   20    0   18    0    0    0    0   21    8    0    1    7    0   15    0    0   14    0    0    0    0   16    0    3   17  
  18   12    0    0    0   20    0    8    0    1   21    0    0    0    6    4   19    7    0    3   11   17   14    0    0    9    0   22   19   21    0    0    0    0   10    5    0   21    0   16    0   15    0    2    0    0    0    0    0   13  
   0    0    0   15    0    0    0   10    0    8    0    0    2   19    2    0   18    0    9   22   13    5   16    0    0   17    0    0    1   12    0    0    0    0    6    0    4    3   17    0    0    0   20    0   18   14   11    7   21    0  
   0    3    7   11    0    0    0   15    0    0    4    0    0    0   12    0   22    0    0    0    6    9    0    0   14    2    0   18    0   16    0    0   13    0    0    0   19    5    0   17    8    1    1   10    0    7   21   21    0   20  
  12    0   18   11    0    5   16   13    0    3    0    9    0    1    0    0    2    0    0    0   19    0   20    0    0    6    6    0   17    0    0    0    4   22   13    0    0   18    0   15   21    0    0    0    0    0   14    7    8   10  
   5    1   22    0   18    4    0    0   20    0    0   13    6   14    0    0    0    2   12    0   21    0    1    7    0    0    0    0    0    0   17    9   15   19    8   11    0    0    0    0    3   16    0    0    1    0    0   10   13    0  
   0    0    0   22    0    0    0    7   15    7    0   20   11    0    9    1    0    0   17    0    0    0    0   10    6   16    2    3    0    8   12    0   18   19   13   14   21   12    0    0    0   20    0    0    0    0    0    5    0    4  
  22    0    0    0    9    0    0    0   12   15    3    0   19    0    0    8    8   14    0    7   13    5   21    0    0    0    0    9    0   18    0    7    0    0    0    0   20   17    0    1   11    0   10   16    0    2    0    0    4    6  
   5    4    0    0   20   10   19    3    0   14   22    2   13   16   12    0    8    0    0    7   18   10   11    1    0    0   19    0    0    0    0   15    0    0    0    9   17    0    0    0    6    0   21    0    0    0    0    0   13    0  
   0   15   21    3    8   12    9   13    0    0   20    0    0    0    0    6    0    5   11    0   18   22    0    0   22   20    0   19   10    0   16   21   17    4    0    0    2   14    0    0    0    1    0    0    0    0    0    7    0    0  
   0   21    0    2    0    0    0    0   11    7   11    8   11    0   16    0    5    9   20   18    0    0    0    0    3    0   14    0    0    0   13   22    0    4    0    0   15    4    0   12   10    1    0   17    0    0   19    0    0    6  
  18    0   22    1    9    0    0    0    0   20    0   11    0    0    2   15    6    0    7    8    0    0   13    2   16    0    5    0    0    3    0    0    0    4    0   21   19   19    0    0    0   12    0   14    0   20    0    0   10   17  
   0    2    0    0    6    0   22    0    7   16    9    0    0   11    0   22   17    0    0    0   15   21   18    0    0    0    0    0    5    0    0   10    0    0    4   17    0    0   20    3    8    0   13   19    0   19    1    0   12   14  
   0   17    0    0   20    0    0    0    3   10   17    0    8    0   13    0    0    1   10    0   18    4    6    0   14   22    0    0    0    0    0    0    2    0   21    7    0    9   16   12    0    5   15   11    0    0   19    0    0   11  
   0    4    0    6    7   16    1   20    0   15    0   21    0   12    0    8   22    3   18    0    0    0    0    0    5    0    1    0    0   10   14    0   16    2    0   17    0    0   11   19    0    0    0    0    9    0    0   16   13    0  ] 
BUDGETS : [    1    5   11   12   14   15   17   18   24   24   25   26   27   31   32   32   33   39   40   40   44   44   46   47   52   54   55   56   56   61   62   63   65   65   68   71   72   74   74   74   83   84   86   86   88   91   92   93   96   96  ] 
