K : 100
I : 100
PREFERENCES : [    0   18    0    0    0   13    0    6    0   28   21    0    0    9   10   25    0    0    0    0   23    0    0    0    0    0   21   29    8   39    4   14    0    0    3   12    0    0    0    0    0    0    0    0    0    0    0   12   27   35    0   20    5    0    5   37    0    0   11   19   22    0   22    2    0    1   33    0   15    0    0   38    0    5   16    0    0    0   34    0   26    0   30    7   36   30    0   24   40    0   32    0   24   31    0    6   10   22   17    0  
   0   24    0   15    5    1   35    6    0   22    0   28    0    0    0    0   36    0    0    0   34    2    0    8   37   18   19    0    0   20    0    0    0    0    0    0    0    0   26    0   23   25   30   21   34    0    0    0   11    0    0    0   27   16   29    0    0    4   38    0   19    0    0    0   22   19    0   17   38    0    0    0    9   14    0   10   31   38    0   26    0    0   33    0   33    0   12   13    0   32    0    7   40   13    3   22   39    0    0    0  
   0   15    0    3   32   25    0    0   15   33    0    0   26   28    0   36   13   20   11   24    3    0    0    0   27    2    0   12    0    0   26   30    0   10   34    0    0    0    0   40    0   39   23    1    5   23    0   29    0   30   18   30    0    0    0   31    0    0   16   22   17   35   38    0   19    0    0    1    6   18    0    9    0    4    0    0    0    0   19    0    8    7   14    0    0   21    0    0    0    0    0    0    0    0    0    0   37    0    0   16  
   0    0    0    0   16    0   30    0    0   35   40    0    0   11    0   27    9   30   39    0   20    0   14   19    0   38   34    0    5    0    2   13   26    0   12   21    0    0    0   16    0    0   22    0   32    0    0    4    7    0    0   28    0    0    3   15    1    0    0    0    0    0   29    6   25   36    0    0    0   37   37   31   25    0   18    0   24    0   17   20    8    0    0   12    0    0    0    0   29    0    0    0    0   36   17   23   16   10    0   33  
   0   31    0    0    0    0   15   18    0   30    4    0    5    7    9    0    0   33   19    0    0   33   35    0   12    4    1    0    0    0   36    0    8    0    0   32    0   20    0   13    3   15    0   37   27    0   28   14    0   23   21    0    0   10    0    0   34   38    0    0   31    0    0    0    0    0   39    0   11   28    0    0    0   16   24    6    1   29    0    0    0    0   13   19    0    0   40    0    2   29    0    0   25   26   17    0    0   22   24    0  
   0    0    0   15   34    0    0   24    0   11    0   37   31    7    0   20   33   29   16   30   21    0    0    0    0   38    0   27   38   26    0    0    0    0    0    0    0   38    5   28    0    0   34   15    6    0    3    0    0    0    0   10    0    0   15   17   13    1    0   39    0    0   14   40   32    0    0    0    0   19    4    0   15    2   12   23   15    0   18    0    0   40    0    9   18   36   22   35    0   34    0    0    0    0    0    0    8    0    0   25  
   0    0   28   23   22    0    8    0    0    0    0    0   10    0    0    0    1   21    0    5   34   19   16    7   12    0    0    6    0    0   36    0   27   11    9    0   26   23   31   16   40    0   17    0    4    0    0    0    0    0   34    6    0   39   30    0    0    0    0   13    0    0    0    0    2   24   25    0   29    0   35   38   26    7    0   37   20    0   26   32    3    0    8    0    0    1    0    0   15    0   23   18    0   33    0    0    0   14    0    0  
  16   11   27   37    0   31   25    0   24   32    0   20   27   33    0    7    0    4   13    0    0    0   35   32   25    0    0   15    0    0   39    0    0    0    0    0   30    2    6   12   40    0    0    0    0   21    1    0    0    0    0    5    0    0    0   37   10    0    0   29    5    3    0   27    0    0    0    0    0    0   29   28   18    0   34   39   14   22    0    0    9   26    0    0    0   17   19    0    0    8   37    0   14   23    0    0    0   36    0   38  
   0    0   11    0    0    0    7    0   21    0   12   26   32   25   16   24    0    0    0   22    0   40    0    6   38   21    0    1    0   35   22    9    0   23    0   37    2   28   32   15   30    0    0   20    0    0   39   10    0   32    0    0   31    0   27   13   31    0   29    0    0    0    0    0    0    0   33    0   24   31   36    0    0    5    0    0    8    0    0   16    3    0    0   14    4    0   18    0   12    0    0   17    0    0   34    0    0    0   25   19  
  28    0    0   32   23   17    0    0    0    0    0    9    0   39    0    0   37    0    0    0   26    0   35    8    1    0    6   31    0    6    0    0    0   30    0    5   13   30   15   12    0    0   16   35   27   21   10    7    2    0   32   19    0   34    0    4    0   23   38    0    0    0    0    0    3    0    0   13    0    0    0    0   25    6    0    0   33   18   23    0   20    0   40   30   14    0   36   38    0    0    0   22   24    0    0    0   29    0   11    0  
  30    2   17   11    0    0   24   40    4   32    9    0   13    0   10    0    0    0    0   33    0   39   38    0    0   26    0    0    0   11    8   12    0    0   14    0    3    0   16   11   29    0    0    0    0    0   23    0   34   36    0   27    1   15   21   37   26    0    0    7    0   35    6    0   22   35    0    0    0    0    0    0    6   28    0    0   18    0    0   31    0   20   19    5   39    2    0    0    0   25    5    0    0    0    0   26   25    0    0    0  
   0    0    0    0    0    0   12    0   25    0    0    0    0    0   27    0    0    0   38   11    0    0    0   16   10   19    0    0    0    0   19    0    0   19    0   34    0    0    0    0    1   19   32    0   35    3   39   38    0   14   28    2    0    0    0   23   19   30    0    0   39   37   13   31   26   23   19    7    3    4    0   24    0    8   21    0    0    6   18    0    0    0   17    0    0   22   20   36   15   40   29    9    0    0    0   32    0   33    0    5  
   7   16    0    0    0    0   18    9   40   20    0    2   28    0    0    0    0   32    0   22   22    0    0    0    0    9    0    5   21    0   13    1   35   30   19   34   10   27    0   37    0    0    0    0   23    0    0   15   36    0    0    6    0    0   31   26   32   35    0   24    0    0   14   29   10    0    0    0   25    0   34    0   38   39   17    0   12   14    8    0   31    4    0    0    0    0    0    0   18    0    0   33    0   11    0    0   30    0    0    3  
   6    0   14   21    0    0    0    0    0    0   39   38    0   40   14    0    4    0    0    0    0    0    5    0   26    3   19    0   34    0    0    0    0    0    0   23   18    0   22   10    0    6    0   24   27    0    0   11    0    0    0    0   39   20    0   25    8    2   35    0    0    0    0   15    0   29   31   17   33   37    0    0   12    0   36    9   32    0    0   20    0    1    0    0   16   28    0    0    8    0   39   19   30    0   39    7    0   36   34   13  
  26   35    0    0   38   21    0    0    8    0    0   28   11   16   25    0    0   22    2    0    0    0    0   27    0    0    9    0    0    0    0    0   24   29   18    0    0    0    6   29    7    0   37    0    0   11    0   15    0    0    0    0   13    0    0   37    0    0   18    0   32   13    3    0    0    0    0    0   23    0    0   21   34   19    0   10    0   39   12   29    4    0    1   20   38   31   30    8   40    5   36    0   17    0   33   14    0    0    0   29  
   0    0   16   33    0   22    0    0    0    4    0    0    0    0    0    0   31    0    0    0    3   23    0    0    0   17    0    0   10    0   17   20   19    7   17   26    1   10    0    0   39    0   37    0   14    0    0   13    0   40    0    6   30    0   27   36    8    0   11    0   35   28    0    0    2   15   35    0    0   36    0   12   24   33   29   31    0    0    0   18    9    0    0    5   21    0    0   32    0   21   34    0    0    0    0   40    0   25   38   17  
  19   29    0   31   22    0    3    0    6    0    0    1   40    0   22    0    0   39    0    0    0   37   21    0    3    7    0   14    0    0    0    0    0   11    0    0    0    0    0    0    0    9    0   15    0    0    0   32   27   25   30    0    7   23   19   33   18    0    0   31   36   36    0    2    0   12    0    8   28   22   31   24    0   38   26    0   16    2    0   35    0    0   20   13    0    0    4    0    0   34    0    0    5    0   22    0   10    0    0   17  
   0    0    0   11    0   34   35    0   14   33    0    0    0    0    0   19   38    0    9   26    0    0   20    0    0   18    0    0   25    0    0   10    0    8    1   15    0    0   38   16    0    0    2    0   34    0    0    0    0    5   26   40    0   12    0   36   21    0   37    0   36    0    0    4   30   13    0    0    0    3   28    0    0   15   35   24   39    0   22    7   27   39    0   23    0    0   31    0    9    0   32   12    0   17    0    0   29    0    4    6  
  14    0    0    0    7   29    0   26   22    0   17    0    0   12   13   16    0    0   21   30    0   25    0    0   35    0    0    0    0   37   30    0   33    0    0   35    0    0   15    0    0    2    0   11   23   19    0    0   26    8   24    0    0    0    0    0   13   40   39   23    9    0   10   30    0    1   20    6   31   18   28   13    0   27    0   34    0    7   13    0    0    0    3    0   32    0    0    0    0   38    0    4   36   28    0    0    0    0    5    0  
   0    4   36    0   15    0    0   10    0    8    5    0    1   34    0    0    0    0    0    0    0    0   13    0    0   25   12    0    0    6    0   18    7   40   21    1    0    4    0    3    0    0   20   16    0   28   31    0   22    0    0    0   10    8    0    0    0    0    0    9    0   38   11   35   37    5   29   17   16    0    0    0    0    0    0   19    0   27    0    0   18   13   26   32    0    2   39    0    0   33    0    0    0   23   34    0   18   14   30   24  
   0    0    0    8   18   34    6   21    0    3    0    0    0   26    8    0    0    0    0    0   13    0   19   10    0   25   28    0    0   39   15    0   29    0    9   32    0   30    0   35    0   16   29   37   31    5   36    0    4    2   12    0    7    0    0    0    0   14   12    0    0    0   39    0   33   14    1    0    0   27    0    0    0    0    0    0    0   40   16   16    0    0   38    0   17    0   23    0   24    0    0    0    0    1   20    0   11   22    3   31  
   0    0    5   37   10    0   24   11    6    6   30    0    0    0   15   19    0    0   13   34    0   12    0   29   13    1   27   38    0    0   26    0   18    0    0    0   23    0    0   13    0    0    8    0    0    0    0   19   20    0    0    0    3   21    9    0   28    0   14    0   40   39    0   33   17    0    0    2   21    0    0   17    0    7    4    1   36   16    0    0   31    0    0    0    0   32    0    0   22   35    0    6   10    0    0    0    0   25   17    0  
   0   24    0    0    0   17   15    0    0    0    0    0    0    0    0    0   31    0   20    0    0    0   17   13    0   30   40    0    0   37   34    0   32    0   36    0    0   31    5    0   39   12   33   16   29    0    0    0    9   35    0    0   38    6    0    2    0    0    4    0    1   28    0    7    0   31    0    0    3    0   29    7   21   35    0   27    8   29    0    0    0   19   18   25    3   23   10   22    0   14    0    0    0   11    5    0    0    0   13   26  
   0    0    0   27   22   25    1    0    0    0   31   24    1    0    0    0    0    0    0    0   14    0   36    0   40    0    0    0    0    0   32   12   38    0    0   11   20   23    0    5    0    0   28   13   18   13    9    0    0    0   16    0   34   10    0    0   26    0    8   25   38    6    0   29    0   35    0    4   21    0    0    0   17    0    0    7    1    0   39    2   38   15   22    0    0   29   37    0   19    0   30    0    0    0    0   22   40   33    3    0  
   0    0   39    0   32    0    0    0    0    0    3    0    3    0   26   29   22    0    0    0    0    0    0   16    0    9    0   15   18   28   31    0    4   26    0    0   27   12    0   20    6   36    0    0   23    0    0   35    0   34    0    5   37   10    0   24    0   38   40    8   19    0    0   33   14    0    0    1    0    1    0   11   33    0    0    0   17    0   15   10    0   25    2    0   31    0   36    7   30    0   21   17    0    0    0   38   13    0    0    0  
  38    3   21    0    0   36    0    0    0   23    0   39   13   35    0    0    0   22    0    0   33    7    0   30    0    0    0    0   18   40   30    0    0    0    0   24    1   25    0    0    0   21   21   34    0   19   31    0    2    0   20   32    0    0   10   26    0    0   37   27    8    0   11    0    0    0   28    0    0    0    0    0    0    0    8    0    1   14   35    4    0    5    0   32    0    9    6   16    6   29   37    0    0   22    0    0   17    0   12   15  
   0    0    5    0    0    0   15    0   32    0    4    0    0   36    0   12    0   38   35    6    9    0   19   23    4   37   33    0    0    0    0    0    3    7    0    1    0   20    0   25    0   30    0   39    0    3    0   16   27    0    0    0    0   11   33    0   31    3    0    0   29   18   28    0    0    0    0    0   17    0   24    0    0    1    0   40    0   10    3   24    0   28    0    0    0    0    8    6    0    2   21    0    0   34   22   14   13    0    2   26  
  38    0    0    0    5   14   15    0    0    0   13   28    0   37    0    0   10    0    0    0    3    0    0    0   32    0    0   16    0   19    0   38    0   29    0    0    0    0   29    0   26   27   35   24   23   39   34    0    0    8   19    0    6    0    0   20    0   25   38   36    0   26   33    0    0    0    0    2    0   17    0    7   30   11    4    0    0    0    0    0    9   22    0   18    1   30    7    0   21   18    0    0   40    0   30    0   31    0   12   18  
   3    4    0    9    0    1    0   35    0   18   34   25    0   32   29   22    0   28    0   14    0    0    0    0    2   19   23   21    0    0    0    0    0   23   25    0    0    0   16    8   27    0   37    0   15   11    0    0    0    0    0    0    0   13    0    0    0    0    7    0    5    0    0   40    0    0    0    8   30   24   12    0   22   25    8    0   33   20   25    0    0    0   31   39    0    6    0   10   26   31   24    0   26    0   17   38   36    0    0    0  
   8   40   23    0    0   19    0   14    0    8    0    0    0    0   35    0    0    0    9    0    0   24    0   16    0    0   18    0   31   10   30    0    0    8   11   25   13    0    0   14   20   15   11    0   29   39    0    0    5    1    0    0    8   33    0   22    0    0   21   28    0    0    2   38    0    4    0   34    0    0    0    0   12    0    0    0    0   27   13    6    0    0    0   26    7    0    0   36   31    0    8   32    0    3   11   37    0   14   17    0  
   0    0   33   32   16   37    0    0    0   36    5   12    0    2    5    0   20    0   22   34   21    6    0   10   25   18    0    0    0    0    0    0    0   13   14    0   28    0    0    0    0    0    0    0    4    0   24   18    0    0    8   29    0   33   17    0    0   33    0    0   39   26   11    4    0   31    0    0   15   30    0    9   19   40    0   19   21   27   35   38    0    0   23   30    0    1    0    0    0    0   24    7    0   29    0    3    0    0    0    0  
  29   39   34    0   28   17    0    5    1   19    0   35   35    0    0    0    0    0    0   37   38    0   16   14   25   14   32    0   13   20    6    3   22    0   35   31    0    0    0   27   23    2    0    0    0   21   29   26   22    0    8    7    0    0   36    0   35   24   33    0   30    0    0    0    0    0    0   24    0    0    0   27    0    0    0    0   27   10    4    0   11    0    0   12    0   40    0    9    0   18    0    0    0    0   15    0   14    0    0    0  
   5   13    0    0    0    0    0    0    0   12    0   25    0   33    0    0    0    3    0    6    0   38   28    0    0    0   32   27    0    0    0    0    0   11   18    2   14   20    0    8    0   39    0   33   39    0    0    7    0    0   11    0   34    0    0    0   31    1    0    0    0   24   22   15    0    0    0    0   16    0    0   19    0    4    0   17   15   26    0    0    0   36   30    1   40   35   23   21   29    0   33    0    9   38   21   37    0    9   24   10  
   0    0    0    0    1    0    0    0   36   14   21    0    0    0    4    0   18    0    0    0    0    5    0   18    0   18    0    0    7    2   31    0    0   11   35    0    0    0   12   40   10    0    0   29   34    0    0   28    0   38   16    0   39    0   20    0    0    8    0   26   13    0    0    0    6    0   37   15    0   25   40   24    0    0    0    0    0    0    9    9   22    0   29   14   19   32    0   17   30   27    0    0   33    3    0   34   12   23   31   34  
   0    5    0    0    0    0   22    0   16    0   32   30    0    0   33   20   26   11   35   40    4   36    0    0    0    9   17   29    0    7   18   39   25    0    2   15    0    0   28   23    0   24    0   35    0    8    0    0    0    0   38    0    0    0   15    0    1    0    0   14    0    0    0   16    0   13   13    3    1   27   10    0   27   34    0    6   21   12   37    0    4    0    0    0    0   19   28    0    0    0    0   28    0    0    0   15    0    0    0   31  
  29    0   14    0    0   21    0    0   12    5   24   17    9   17   39   35    0    0    0    8   31    0    0    4   32   11    2    0    0    0    0   23   10    0    0    0    7    0   26   27    0    0    0   11    0    0    8    0    0    0    0    0   30    0    0   13    0   34   15   36    0   40   33    0    0    0    7    0    0   28   37    0    3    0    0    8   19    0    1    0   11   21   37   25    0   38    0   16    6    0    0    0    9    0   38    0   22    0   18   20  
   0    0   21   26   37   34    0   29   10    0   33   21    0    6    9   20    0   30   36   29    0    0    0   26   21   27    0    0    0   35   16    1    0    0   38   13    0   15    0    0    0   31   32    0   33    8   40    0    0   22    0    2    0   12   14    0    0    7    0   23   24   11    0    0   19    0   33    0    0    0   25   21   17   39    0    0   18    0    0    0    0   15    9    0   35   28    0    0    0    0    5    0    0    0    0    0    4    0    0    3  
  11    8   10   13   36    7    0    0    0    5   28    0    0   23   32    0    8   16   24    2    0   34   14    6    0    0    0    4    1    0   25    0    0    0   19   22    0    0   35    0    3   37   40   30   34    0    0    3   38   12    0    0   14    0    0    0    5    9    0    5    0   15    1    0    0    0    0   26    0    0    0    0    0    8   18    0    0   17    0    0    0    0    0    0    0    0    3   39    0    5   31   29    0   33    0    0   21    0   27   20  
  15    3    0   30   38    0   19    0    2   14   27   24    0    4    8   17   40    0    0    0   38   20    0   36   15   13   31   27   16    0   34    0    0   35    0    0   21   28    0   11    0    0   15    0    9    0   39    0    0    0    0    0    0    0   33   14    0    0    0    0    0    0   25   18    0    0   38    0   10   21   22   29    0   22    5    0   10   32    0   12    0    0    0    0    0    0    0    0    9    0   26    0   23    7    0    0   37    6    0    1  
  21    0    0    0    0    0    0    0   36    0    0   35   13   24    7   11   18    0    1    9    0   25    2    0    0    2    0   37    9   14    0    0    0    0   27    3    0    0    0   16    0   35   34    0   38   12    2   29   31   32    0   23    0    0    6    0   22   28    0    0   20   26   15   14    2   34    0    0   30    0    0    0   26    4    0    0    6    0    0    0    0   10   40    8   17    0    0    0    0   10    0   33    0   19    0    0    0    0   39    5  
   0    0   26    0    0   18    0   10    0   14    0    0    0    9    0   37    7    0    0   33   15   12   40   35    0    0   30    0    0    0    0    0    0    0    0    0    0    1    0    0    0    0   28   31   18    9   34    0    2   18    0    0    0    0    0    0    8   26    0    0   11   32   24    0   39   12   22   17    4   34    0    0   27    0   18    5   16   36   29   38    0   13    6    0   17   19    0    0    0    0   25   21   23    0   30    3    0    0    9   20  
  29    0    0    0    0   26   31    0   38    3    0   36    0    0    0    0    0   39    0    7    0    0   20    0    4    0    6    0   32   18    0    0    0    5    0    0    0   23   27   34   13    5   37   35    5   15    0    3   21    0   24    0   28    0    0    9   33   25    0    0    0    0    0    2    0    0   17    0    0    8   32    0    0    0    2    1   16    0    0   10    7    0   11    0    0    0    8   14   30   19    0   40    0   20   12   20   22    7    0    0  
   0   21    0    0    0    0    0    0    0   38   32    0    1    0    0    0    0   20   12   19    0    0    0   22    0    0    0   31   13    0    0   23    0   29    0    0    0    6    0   29   11    0   16   18    0    0    0    5    0    0   39   36   34    0    2   35    0    0   25   33   26    0   25   34    4   33   27    7   28    0    0    3   33   13   14    0    9   10   40    0    0    0    0   27    0    0    8   17   16    0    0   30   34   37    0   24   14    0    0   15  
   0   16    0    0   40   26    0   36   24   32    0   14   38    0    0   28   22    0    0    0    0    0   15    0    7   13   18    0   10   25    0   35    4    0    0    0   29    9    0    0   38   39    0    2   40    1    0    0   19    0   33    0    0    0    8    0    5    0   37   12    0    0    0   12    0   29   11    0   17    0   21    0   23    0    0    0   30    0   22    3    0    6   20   31    0    0    0   19    0    4   28    0   34    5    0    0    0    0   35   27  
  28    0   40   38   29    0   20    1    0   17    0   39   16    3    4    0   26   14   27    0    0    0   36    0    0   31    7    0   34   39   16   37    0    0   21    0    5    8    9   15   32   24   19    0    0    0    0    6   13   11    0    0   35    2    0    0    0    0    0    0    0   21    0   22    0    0   12    8    0    0    8   23    0    0    0    0   18    0    0   36    0   36   10    0    0    0    0    7    0    0    0    0   30   32   25   27    0   33    0    0  
   0    0    0    0    0   13   38    7    0    0   13   34    0    0    6    0    0    0    0    0    0   11    9    0   36   15    0   13   34    0    0   17    0    0    0   20   11   12   23   28   22    0   37    0    0    0   25    0    0   26   33   10    2   27    0    0    8   39   11    0    0    0    0    0    5   18    0    3    0   16   25   24    8    0    0    0   28   40    4    0    0    0   35    0    0    1    0   21    0    0   19   31   29   13    7   32    0   14    0   30  
   0   35    4    0    9   32    0    0    0    0   21    0    0   19   25    0    0    7    0   24    0   20    0   37   13    0    0    6   10   28   17    0    0   18    0    0   29    8    0   38    0    0    2   34    0    6    0   16    0    0   39    0    0    0    0   26    0   33    5   30    3    0    0   22   38   23    3    0   14    0   36    1    0    0    0    0   27    0    0   28   16   31    7    0    0    0   11    0    0   15   20   40    0    7   12    0    0   15   28    0  
   0   16    0   19   40   34    0    0    0   18    0    0    0    0    0    0    0    0   24   27    0   32   40   37    0    2    4   38    0    0   33    0    0   29    0   31    0    0   14   15    3    0   24   11   16    0   26    0    0   20    0   15    6    0   39    0    0   28    9   14    0    0   12   40   11   22   23    0   29   17    0    1    0    0    0    0   30    0    0    0    0    7   35   21    0   10    0    0   13   25    5    0    8    0    0   36   24    0    7    0  
   0    9    0    0   24    3    5    0    0   27   32    0    0    0   33   17    0   23   35    0    0   17    0   22   26   22    0    0    0    0    0    1    0   11    0    0   37    0   12    6   14    4   19    0    0   16    0   40    0   28    0    0    0    0   23    0    8    0    0    0    0    0    9    0   13   30    0   39   15    0    0    4   36   34    0   29   28   21    4    2   32   18    0   39   20   25    0    0    0    0   38    0    7   10   31    0    0    0   18    0  
  28   33    0    0    0    0   30    5   31    0    3    0   23    0    0    8   12   27   21    0    0    0   19   15   32    2    0   40    0    0   18    0    0   22   20    0    0   17   26    0    0   11   37    0    0    0    0    0    0    0   16   38    0   25    0    0   35   24    7   34   11    0    0   13   25   30    0   34    0   15    0   36    1   23    0   29   39    0    9    0   33    0    0   10    0    0    0    0    0    0    4    0   14   37    0    6    0   24    9    0  
   0    0    0   27    0   25   12   34    0    0    0   35    0    0   20    0   19    0    0    7    0    0   24   22   16   36   15    0    0    0   33   21   39   17   15   32    0    3    2    0    0   28    1    0   25    0    0    0    3    0    0    6   10    0   13    0    0   11   29   38   37    9    8    0    0    0    0   26   26    0   40   18    0    0    0    0    0    0    0   39    0   30    5    0    4    0   31    0   23    0   14   25    0   32   15    0   29    0    4    0  
  33    0    0    8    0    0    0    0   24    0    0    3   34    0   22   23    0    0    6   39    0    0    0    0   22   19   30    6   10    0    0   20    0   23    0    0    0    0   29   26    0    0   35   11    0    0    9   15   36   14    0   17    0    0    0   27   12   18   34    1    0    0    0    0   33    3    5    0   21   25    0    0   22   32    0    4   38    0    0    0    7    0   28   37    0    0   13   10   30    0    0    0    0    0   40   31   16    2   34    0  
   0    0    0    0   19   14   25    0    6    0    0   35    0   10    0    0   21   29    0   39    5    0   18    0   26    0    0   30    8   22    0    0   13   20   17    0   40    0   36    0   24    0   16    5   38   14    0    0    0    0   37    0    0   37   38    0   32    0   33    0    0    0   14   12    0   31   11    4    0   15    0   34    8    0    3    0    9    0   21    1    2    0    0   23    0   15    0    0    0    0    0   37   28    7    0    0   27   11    0    0  
  24   32   10    0    0    0   37   30    6   10    0   11   19    0    0    0   21   36   18   20    8   31    0   15    0    0    2    4    0    0   22    0    0    0   40    0    0   12    0    0    0    0   27   13    0    0   28    1    0    0    0   39   33    0    0    0    0    3    0    0   35    7    9   38    0    0   29   23    0    0    0   16    0    9   14    0    5   26    6    0    0   24    0   21    0    9    0    0    7    0   13   34    0   25    0   10    9    0    0   17  
  20   22   40    0    0    0    0   19   37   36    0   18   19    0    0    0   23    0   25    5    0   35    0   29   34    0    0    0    0    0    3    0   23   32   25    8    0    0   36   39    0   37    0    0   38   21   11    0    0    0    0    2   17   25   26    0   14   16    7   13    0   33   27    1    0    0    0    4    0   31    0    9   15    0    0    0    2    0    0    0    0    0    0   28    0   25    6    0    0   12    0   31    0    0    0   10   24   30   15    0  
  27   25    0    0    0    0    1   36    0    0    0    0   38    6   19    0   34    0   26    8    0   10   14   37    0    0   13    0    0   24    3   31    0   14    0    4    0   20   16   36    0   39   16    0    0    0    0    2    0    0    0    0    0    0    1    0   12    9    2   17    0    0   15    0    0    5   28   23    0   40   29    0   35   11    0   30    0   18    0    0    0    0   39   32    0    1    0   33   30    7    0    0   21    0    0   21   22    0    1    0  
   0    0   25    0   32    0   39   19    0   34    0    0    0    0    0    8    0   16   27   11    0   33   36   22   35    0    4    0    0   24    0    0   40    0   36    0    0    3    0   14    6   10    9    0    0    0    0    0   38    0    0    0    5    0   27    0    0   23    0    0    0    0   20    7   13   28    9   30    0   28    1    6   15    0    0    2    0   37   18    0    0    0   31   10    0    0    0   27    7    0    0    0   29   12   21   39    0   18   26   17  
   0   20   31   40    0   30    0   35   32   20    0    0    0   38    0   24    0    3    0    1    0   12    8   27    2    0    0    0   23    0    0    0    0   37   18    0    0   10    0    0    0    0    0    7    0   36   16    5    0   15   24   21    4    0   40   29   11   17   22    0   10    0    0    0    0    0    0   19    0    0   33    0    0   28    0    0    0    0   34    0    0    0   17    0   31   27   39    0    6    0    9   26   38   38   25   13    0    0   14   19  
   0    0    0    5    0    0    0   30    0   39    0    0   16    0    0    0   20    0    0    0    3    0   21   18   25    5    0    9    0    1    0   33    0    0    8    2   38    0   12    0   14   36    0    4   35    0   23   39    0    0   21    0    0   35   31    0    0    0   10    0   15   13   28   31    6   26    0    0   40    0    0    0   34    0   27   17   32    0    0    0    0    0   24   37   28    0    0    0   22   29   11    0    0    6    5    0    7   19    3   16  
  34    0   33    2   18    4    0   28    5   21   25   27    0    0   40    0    0    8   35    0   27   11    0    0    0    0   22    0   32   10    0   19    0    0    0   35   30    0    0    0   32   12   29    6    0    0   15    0    0   38   23   20    3   16   13    1    0    0   37   36    0    0   35    0   26    0    0   27    0    0    0    0    0    0    3    0    0    0   21    9   39    0   24    0    0    0   31   13    0   14    0   28    7   17    0    0    0   30    0    0  
  14    0    0    0    0    0    0    1   19    0    5    0   29    0    0   14   17    0    0    0   18    0    0    0   28   35   12    0    0    0    0    0   32    0   10   21   23    0   39    0    0    0    0   18   24    2   16   34   30    0   37    0   13    0    9    3   26    0    7    0    0    0   34   24    0    0    0    0   33    0    0   20   40    1    0    0    0    0    0    0   37   11   31    0   11   38    0   17   27   36    8    4   15    9    0    0    8    6   25   22  
   0   33    5    0   38    0    0    0   22    0   39    7   16   29    0    0   24   17    0   19    0   18    0    0    8    0    0   14   15    0    0   14   36   18    0   32    0   20    0    0    0    9   30    0   11   31   35    0    0    0   39    0    3    0   12    4    0    0    0   34    0   27    0    0    0    3   26    0   39    0    0   23    7    0    0   13   23    0    0    0    0   21    6    0    0   25   40   10   39    1    0    0    0    0    2   37   37   28   37    0  
   0   27   10   31    0   40    0   19   22    3    0    0    0   11   31    0    0    0    0    0    0    0    2   36    7   30   37    0   35    0    8   24    0    0   18    0    9    0   38    0   26   25   35    0    0   21    0   16   14    0   39    0    0   15    0    0    0   17    0   34   29    6   32    0    0   30    0   26    0   39   18    0    1    0   12   37   28    0   30   10    0    4    0    0    0    0   23    0   21   20    0    0    0    5    0   33    0   13    0    0  
   0    0    0   39    0    0    0    0   38   13   31    2   39   20   24    0   28    0   16    0    0    0    0   14    1   29   16   19   23    6   11    0   34   12    0    0   38    0    0   27    0   27   20   13    0    0    4   24    0   36    0    0    7    0   30   26   17   37    0   22    0    0    3    0    0   14    0    0   25    8    0   40   15   33   18    0    0   10    0    0    0   37    9    0    0    0   21    0    5    0    0    0    0    0   32   12   35    0    0    0  
   0   27    0   24   34    0   26    1    0    0   40    9    0   22    0   30   29   33   16    0    0    0   35   20   17   19    0    6   15    0    5    0    0    5    0    0    0   18    0    0    0   11    0    0    0    0   31    0    0   29   32    0    0    0   21   39    2   25    0    0    3    4   10    0    0    0    0    0    0   14    0    0   12   37   15   28   32   29    5    8    0   17    0   13    0    0   38   36    7   23    0    0   38    0   20    0   24    0    0    0  
  18   10    0   17    0   28   37   27   36    0    0    0    0    8   38    0    0   23   16    0    0    0    0    0    0   39    5   19    0    0    0    0    0   32    0   23    0   24   12    0    0    3    0   26   35    1   27    2    6   40   11   13    0    0    0   31   27   22    0    0    0    4   25    0    0   33    0    0    0    7    0    9    0   14    0   37   38    0    0    4    0   20    0   15    0    0    0    0   24    0   30    0   27    0    0    9   38   21   29   34  
  17    0    0    0   25   18    0    0   30    0    9   23    0    0    0    0    0    5    0    8   31    6    0    0   29    0    0    0    0    0    0    0   38    0   11   37    3   33    0   16   32   17   15    0    0    9    0    0    0   38    0   28    0    0   33    0   11   26    0   19    0    0   35    0   24    7    0    0    6    0   39   13   12    0    0   10    0    0    1   31    2    4   36   34   22    0    0    0    0   20   27   13    0   14    0   21   37   40    0    3  
   0    0    0    1    8    0    5    0    0   38    0    0   20    0    0    0   20   37    0   14    7    0   31   33    0   22    0    0    0   28   13    0    0    0    0   38    0   40    0   32    0   10    0    0    0    0    0   25    0    6   19    0    4   15    0    0   20   21   30    1    0   24   17    0    0   11    0   23   24   24   16   17   26   13   29    0    0   33    0    0    0    9    0   39   27    0   11    3   34    0   36   12    0    0   18   35    0    0    0    2  
   0    0    0    9    0   30   29   13    0   27    0    0   38    0    1    2    0    0    0   34   23   18    3    0    0    0   11    0    0   14    0    0    0   17    0    0    6   37   34    0   28   13    0    0    0   25    0    0   24    0    0   32    0    0   36   15    1   37   39    0    0    0   20   10   12    0    0   20    8    0    9   34   35   35    4   22   16    0   33   19    0   31    0    5    0   26    0   40    0    0   21    0    3   29    7    0    0    0    0    0  
  32    0    0    3    0    5   30    0    0    0    0    0   22    0   30    0    1    0   18   13    0    0   35    0   35   10    0   12   39    9    0   13    0    2    0    0   15   19    0    0    0    0   26   29   34    0   38    0   28   40    0   25    0   27    0    0    8   11   21    0   20    0    0   31   17   23    0    7    0    0    6    0    0    0   23    0   39   29    0    0    0    4   16   37    0   36   14    0   24    0    0   22    4    0    0   33   32    0   11    0  
   0    0   19    0    2   21    0   24    0    0    9    0   22    0    0    0    0    0    0    8    0   33   40   11    0    0    0   15   17   15    0   38    0   35    0   25    7    0   22    0    2   16    5   39    0   15    0    1   30    0   34    0   31   12   32    0    0   17   10    0    0   14    0    0    4    0    0   33   22    3    0    3    0    0    0   32   29   26   13    0   37   28    0    6    0   23   19    0    0    0   36    0   27    0    0    0   20    0    0   18  
   0   11   13    0   31    0   30    0   35    6    0    0   28   27    0   29    8   36   23    0    1    0    0    0    0    0    0    0    0   34    0    0    3   35    0   31    1   38    0   25    0   37    0   26    5    0    0    0   14   19    0   39    0   38    0    0    0   16   23    0   18   10    0    0   22    4    0   24    0    0   16   17    0   12    0    0   21    9    0    0   34    0    0    0   20   15   24    0    0    0    0   32   33    7    0   40   18   20    0    2  
  19    0    0    0    0    7    0    0   36    0   29   22   23    0    0   27    0    0   15    0    0   20    0    0   26    0    1   32    2   17    0    6    0    0   38    3   10    9    5   33   16   18   25    0   21    4    7   32   40    0    0    0   21   11   31    0    0    0    0    0    0    0   30    0   39    6   26    0    0    0    0   28   26   37   13    0    0   15   12    0    0   35    0    0    0    0    0    0    0    8   22    0   20    0    0    6   34   24    0   14  
  35    4    6   28    0   13    0   16    6   15   26   25    0    0    0    0    0   39    0    0    0   34    0    0    0   21    0   37   23    0    0    2    0   18   17   10   38    0    0    0    0    5    0   14    8    0   40    0   31   33    0    0    0    0   26    0   35   14    0    0   11    0    0    7    0    0    1   24   21   20   27    0    9   29   20    0   30   12    8    3    8    0   19    0   32    0   36    0   22    0    0    0    0    0   22    0    9    0    0    0  
   0    0    0    2   13    0   26    0    0   10    0    6   17    0   15   12   11    0    0   40    0    0   31   18   30    0    8    0   29    0    0    0   19   39   25    0    0    0    0    1    0    0    0   15   34   35   40   37    0    0    0    0    0    0    0   38    0   24    0    0   25   16    0    5    0    0    0    0   27    0   33   36   40   16   22   21   12   20    7    0    0    0    0    4   21   35    0    3    9   27   32    0   22    0    0    0   14    0   23   28  
   0    0    7    6   20    0    0    0    0    0   36   33    0    0   14    9    0    8    0   28    0    0    0    1    0    0    0    0    0   14   23    0   35    2   34   12   21    0   18    0   24   32   18    0    0    0    3   29   19    0    0   14    0    4    0   29    0   13    0   23   39    0   29   40    0   32   25    0    0   16    0   31    0   26    0   22   38    0    5   11   37   24    0    0   27   10    0    0    0    0   24   15    0    0    0   30    0    0   17   29  
  36    0    0    5   13    0    0    0    0    3    0   20    0    8    0    0    0    0    0    0    0   37    0   38   15    0   24    0    4    0   37    0    0   16   26    0    6   19    1    0    0    7   23   34    1    0   14   25    0    2    0    0    0    9   17    0   13    0   28    0    0    0   24   11    0   31   13   18    0   21    0   27    7    0    0    7    0    0    0   33    0   18    0   12    0    0   32   40    0   39    0   30   10    0   29    0   35   22   27   10  
   0    0    0    0    0   38   23   15   36    0   21   19    4   14    1   24    0    0    0    0    0    0   39    0    0    0    0   10   29   28   24    0   11    0    6    8    0    0   16    0   19    0    0    0    7   13    0    5    0    0    0    0   34   35    0    0   38   18    0    0   15    0   40   17    2    0   33   22    0   25   12   30    0    0    0    0   16    0   30   20    0    0    0   36    0    9    0   30   16    0   32   37    3    0   26    0    0   31   27   19  
  38    0    4    0    0    7   39    3   18    0    0    0    0   30    0   21    0   28    0   12   35   16   32   25   33   25   16   22    0    0    0    0   36   14    0    0    0   37   26   27    5    0   20    0    0    9    0    0    0    0    0    0    0    0    0    0   24    2    0   22    8    0    0    0   11    0    0    0    0   24    0    0    1   31   17   14   15   36   28   23   10    0    7   19    0   34    0    6   13   29    0    0    0    0   40   12    0   10    0    0  
  39   15    0    0   20    0   11    0   37    0    0   32    0    0   29    8    2   28    0    0    0   34    0   17    0    0    0    4    7    0    0    0   22    0   30    8    0   25    0   13    0   36    0    0    0   15   18    0    9   34   31    0    0   27    0   37    0   38   10    0    0   40   38    0   23   24   12   33    3    0    0   16   14    9    0   21    6    0   26    0   28    0   17    0    5    9    0   31    0    0    0    0    0   19    0    0    0    0   35    1  
   6    0    0    0    2    0   17    5   27   20    1   19    0   35   31    0   27   39    0   35    0   12    0    0   11    0   36    0    0   14    0    0    0   38   13   30    3    0    0    0   26   40    4    0    0   18   37    0    0   10    9   21   29   33    0    0    4    0   28   40    0   22    0    0    0   35    0    0    0   12    0   33   21    0   23    0    0    0   16    0    0   18    0    0    7   25    0    0    0   24    8    0    0    0   32    0    0   37   34   15  
   0    0    7    0    0    0    0   24    0   25    6   20   32   40   18   36    0    0   21    0    9    0    8    0    0    0    0    4    0    0   14    0    0   18   33    5   32   12    2   34   27   36    0    0   19   31   13   14    0   26   39    0    0    0   28   17    0    3   23    0    0    0    0   12   20    0    0   30    0    0   16   29   37    0    0    0   22    0    0   32   38    0    0    0    0   35   12    0   18    0   11    0   10    0    0   21    0    1    0   15  
   2    7   31    7   33    4    0    0   32    0    8    0    0    0    0    0    0    0   24    0    6   38    0   34    0   28    0    0   40   26    0   36   24   37    6    0   19   13    0    1   10    0   38   11    0    0   20    0    3   36    0   40   21   30   15    0    0   18    5    0    0    0    0   22   39    0   23    0    0   32    0    9   32    0   17    0   29    0    0    0    0    0   16   12    0    0   35   15    0    0    0    0    8    0   14    0    0    0   27   25  
  33   29    0   13   30    0   17    0    0   10   32    0    0   27   39    9    0    0    0   31   28    0    0   21    0   37   10    8    0    0    3    0    0    0    0   15    0   21    7   11    8    1    0    0    0    6    0    0    0    0   38    5    1   25   16   38   20    0    0    0    1   24    0   26   19   22    0   35    0    0    0    0   23    0    0   22   14    0    0    0    0    0    0   34    0    0    0    0   12    0    0   29   36    4   31    0   18    9    2   40  
   2    0    0    0   40    0   12    0    0   10    0    0    0    6    0   21    0    0    0   17    0    0   25    5   22    0   27   19    0    8   32    0   40   16    1    0   12   18   24   18    0    0    9    0   14    0   31    0   28   16   26   15    0   37    0   20    0    0   35    0    0    0   13    7    0   29    0    0    0    0    3    0    4    0    5    0    0    0    0    0    0   21   30    0   34   11    0   33   39   36   28    0    0   12   15   23   14   38    0    0  
  40    0    0    0    0   36    8   32    0    0    2    0   35    8    5    0    0    0    9    0    0    9    0   38   38   20   22    0    0    0    0    0    0   26   27    0    0    0    0    0   12    0   10    0   39    0   17    0   30    4    0    0   23    0   19    0   24   15   34   28   33    0   13    6   14    0    0   34    0    1    0   22    0    0    0   32    8    0   20    0   16   19    3    0   37    0    0   29    0   31    0    7   11    0   18   32    0    0   21   25  
  26   28    0    0   25   22    0    2    0    0   23    0   36    0    9    8    0   31    0   30    3    4    2    0   24    0    0    0    0    0   11   33   35    0    0   12   32   22   34    0   39    9    0    0   27   13    1    0   20    0   34    6   37    0    0   40   34   15    0   17    0   10    0    0    0    0   16    5    0    0    0    0   21    0    0    0   23   19    0    0   40    0   36    0    0    5   22    0    0    0   14   29    0   38   18    0    0    0    7    0  
   0    0    0    7    0   19    0    0    0    0    0   30    0    9    0    0    0   39   31   26    0   10   22   15    0    0    0   14    0   29   35    0   36    0    0   37   40    0    0   23    0   38    1    0    0   11    0    8    0    0   16    0    0    0    6    0   33    4   28   21   16    0   27   25    0   15    0   12    0    0    0    0    0    0    0   18   32    0    0   15   16   15    0   24    3    5   13    2    0    8    1   20   17    0    0   16    6   34   16    0  
  20    0    0    0   23    0    0    0    0   35    0    0    0   37    0    0    0    0    0    0   21   29    0    0   39    0    0   38    0   11    2    0   16    7    0   32    0    0    0   27   28    1   26   23    5   31   38    0    0   15    0   33    8   30   39   24   17   14    0    0   40    0   38    0    0    0   12   18    0    0    0    0   23    0   13   34    0    5    8    4   23    0   10    9   36    6    0   32    3    0    0   22    0   19    0    0   14    0   25    0  
   0    0   40    4   19    7    0    8    0    0    0    0    0   11    0   19    0    0   32   18   33    0   31    0    0    0    0   23   20   40   13    0    0   36   35   28    7    0    0   12    0    0    0   26    5    0    0   30    0    0   13    0    0    4   21   38   30   37    0    0    0   18    0   16   10    4    1    6    0   25    2    0    0    0    0    0   29   15   24   14   34    0   27    0    0    0    0   17   21    0    0    0    0    0    9   39    3    0    7   22  
  30    9    0   17    0   35   25   24   30   21   20    0    0    0    0    0    0    0    0   17    0    0    0    0   37    0   34    7    0   16   27   32   29    0   11    0   10    0    0   20   38    0    0   19   14   25    0    0    0    0    0    0   40   12   36   38    5    0    0    0    0    0    0    0    1    0    2    0    0   27   15    3   25   27   39    0    0   23    0   31   18    8   28   13    6    0   20    0    4   25    0    0   26   33    0    0    0   22    0    0  
   0    0   34    0    0   36    0    0    5    0   14   16   16   16    0    0    0    9    0    3   19    0    0    0    0   20    0    0    0    8   28    1   35    0   31    0    0   26   37    0   26   30    2    0    0   24    0   27    0    0   15    0   25    0    0   40    0    0   31   23    0   36    7    0   29    0   38   13   12    0    0    0    0   18    0    0    0   22   27    0   33   10   21    6   39    0   17   11   20   27    0   17    0   27    0    0    4   32    0    0  
  30   28   30   35   29    0    0   33   21   39   25   32    0    2    0    0    0   23    0    0    0   24    4   26   38    3   38   18   31    0    0    0   15   21    0    6    0    1    0    0    0    0    0    0   21    0    0    6    0    0    0    0    0   13   33   14    0   11   17    0   27   12    0   31    0   26   18   19    8    0    0   18    0    0    0   36    0    0    0   22    0    0    0    5    0   34    0   16    0    0   37    7    0    9    0   20   40    0    0   10  
   0    0   32    0   35    0   40   19    0   29   36    0    4   28    0    0    0   26    0    0    0    0    9    0    0   31    0   11    0    0    0   37   33    0    5    9   23    8    3   36    0    0    0    7    1    7    0   10   21    0    2   16    0    0    0    0   11    0   39   15    0   12    0    0    0   10    0   25    0    7    0   13   18    0    5   20    0   31   34   22    6    0   30   38    0    0    0    0   17    0   27   24    0    0    0    0    0   12   14   18  
  38    0    0   22    0    0    3   27   31    0    0   11   28    4   21    0    0    0   33   14    0    0    0   17    0    0    0    0    0    0    8    6    0   25    0    0   22   31   35    0   32    0    5    0   20    0    0   13    0    0    0    0    0    0   12    0    0    9   36   15   30    0    2   10    0    1   18    0    0    0    0   37    0    0   29   16    9    0   26    0   39    0   32   34   21    7   36    0    0   24   29    1   40   19    0    7    0   23   28    0  
  21    0    0   40    0    0   30    0   24   29    9    8   37    0    2    3    0   10    0   26   39    7    0   29   34   20   18    0    6    0   14   23    0   26    0    0   36    0    0   27   26    0   24    0   19   14    0    0    0   32    0   15    0    0    0   33    0    0   11   35    5   31    0    0    7    0   16    0    0    0    0   17    0    0    1    9    0    0    0    0   12    0    0   28    0    0    0   38    4    0   25    0   32   25   12   13    0   22    0    0  
  30   27   20   26   24    0   33    0   29    3    0    1    0    0   22   39    4    0   24    0   26   25   37    0   27   16    0    0    0   15   38    0    0   23    0   19    5    0    7   21   11    0    9    7    0    0    0   12    0    0    0    2   24    0    0   14    0    0    0    0    0    5   31    6    7    0   18    0    0    0    0   17    0    0    8    0    1   32   28   10   19   13    0    0    0    0   34    0    0    0   36    0    0    0    0   35   40    0    0   10  
  33    6   36    0   40    0    3    0   28   37    0    1    0   13    0    0    0    0    0    0    4    0    0    5   25    0    2    0   23   18    0    0   16   21   33    0   10    0   39   27   29    4    7   38   11   34    0   12    0   24    1   19   20   31   22    0    0    0    0   35    0    0    0    0    0    0    0    9    0    0    0    8    0    0    9   21    0    0   30    0    0   25    0   21    2    0   17    0    0    0    0    0   31   26   14    8    0   32    0   15  
  29    0   25    7    0    0   21    0    0   19    0   39   27    0    0    0   29    5    0    0   36   24   33   29    0   28    0    1    0    0   32   34    0   19    0    0   40    0   11    0   34    6    0    0   35    0   23   15    0    0   37    0   16    2    0    0   38    0    0    9    0   39    0   12    3   26    0   29   25   30    0   31    0   10    0    0    0   17    0    0    0   18    0    0   13    0    4   20    0    0    0   36    0   14   15    0    8    0   22   19  
  15   21    8    0   27   20    0    0    3    0   21    0   31   20   18    0   26    0   16    4    0    0   24    0    1    0    0    0    0    0   38   35    0   34   33   39    0   38   39   37    2    0    7    0   23    0    0   22   30   12    0    0    0    0    0    0   32    0    0    0   10    0    0    0   19   29   14    0   29    0   36    0   28   25   17    0   13    4   11   40    0    0    0    0    0    0    0    9    0   24   38    0    0    5    0    0    6   18    0    4  ] 
BUDGETS : [    1    2    4    7    9   11   13   13   16   20   22   24   27   33   34   34   35   40   41   42   42   43   45   47   47   48   50   51   55   57   59   63   63   64   67   69   69   71   74   76   79   79   80   80   81   85   86   88   96  100  100  102  103  103  103  103  108  109  109  109  110  110  114  118  122  122  124  124  125  127  128  128  129  130  131  133  134  136  139  142  150  151  157  159  165  169  175  180  181  181  186  187  187  188  193  193  195  195  197  197  ] 
