K : 100
I : 10
PREFERENCES : [    0    0    0    0   10    0    0    0    0   10  
   0    0    0    0   10    0   10    0    0    0  
   0    0    0   10    0    0    0    0    0   10  
   0    0    0   10    0    0    0    0   10    0  
   0    0   10    0    0   10    0    0    0    0  
   0   10    0    0   10    0    0    0    0    0  
  10    0    0    0    0   10    0    0    0    0  
   0    0    0    0   10    0    0   10    0    0  
   0    0    0    0    0    0   10    0    0   10  
  10    0    0    0    0    0    0    0   10    0  
   0    0    0   10    0    0    0   10    0    0  
   0    0    0   10    0    0    0    0   10    0  
   0    0   10    0    0   10    0    0    0    0  
   0    0    0    0   10    0    0    0   10    0  
   0    0   10   10    0    0    0    0    0    0  
  10   10    0    0    0    0    0    0    0    0  
  10    0    0    0    0   10    0    0    0    0  
   0    0   10    0    0    0    0    0    0   10  
   0    0    0    0   10    0    0   10    0    0  
   0   10    0    0    0    0   10    0    0    0  
   0   10    0    0    0    0    0    0   10    0  
  10    0   10    0    0    0    0    0    0    0  
   0    0    0   10    0    0    0    0    0   10  
  10    0    0    0    0    0    0   10    0    0  
   0    0    0    0    0    0    0   10   10    0  
   0    0    0    0    0    0   10    0   10    0  
   0    0    0    0    0    0   10    0   10    0  
   0   10    0    0   10    0    0    0    0    0  
   0    0   10    0    0    0    0    0    0   10  
   0    0    0    0   10   10    0    0    0    0  
  10    0    0    0    0   10    0    0    0    0  
   0    0    0   10    0    0    0    0   10    0  
   0    0    0    0   10    0    0    0   10    0  
   0    0    0   10    0    0    0   10    0    0  
   0    0   10   10    0    0    0    0    0    0  
   0    0    0   10    0   10    0    0    0    0  
   0    0    0    0    0   10    0   10    0    0  
   0    0    0    0    0   10   10    0    0    0  
   0    0    0    0    0   10    0    0    0   10  
   0   10    0    0    0    0    0    0    0   10  
   0    0   10    0    0   10    0    0    0    0  
   0    0    0   10   10    0    0    0    0    0  
   0    0   10    0    0    0    0    0    0   10  
   0    0   10    0    0    0    0    0    0   10  
  10    0   10    0    0    0    0    0    0    0  
   0    0   10    0    0    0   10    0    0    0  
   0    0   10    0    0    0    0   10    0    0  
  10    0    0    0    0    0    0    0    0   10  
   0    0    0   10    0   10    0    0    0    0  
   0   10    0    0    0    0    0   10    0    0  
   0    0    0    0    0   10    0    0   10    0  
   0    0    0   10    0   10    0    0    0    0  
   0    0    0    0    0   10    0   10    0    0  
   0    0   10    0    0   10    0    0    0    0  
  10    0    0    0    0    0    0    0    0   10  
   0    0   10    0   10    0    0    0    0    0  
   0    0    0    0   10    0    0   10    0    0  
   0    0    0    0    0    0    0   10    0   10  
   0    0    0   10   10    0    0    0    0    0  
   0    0    0    0    0   10    0   10    0    0  
   0    0    0   10    0    0    0    0    0   10  
   0   10    0    0    0   10    0    0    0    0  
   0    0    0    0    0    0   10    0    0   10  
   0    0   10    0    0    0    0    0    0   10  
   0    0    0    0    0   10    0    0    0   10  
   0    0    0    0    0    0    0    0   10   10  
   0    0    0    0   10    0    0    0   10    0  
  10   10    0    0    0    0    0    0    0    0  
   0    0    0   10    0    0    0    0   10    0  
   0    0    0    0   10    0    0    0    0   10  
   0    0    0    0    0    0   10   10    0    0  
   0    0   10   10    0    0    0    0    0    0  
   0    0    0    0   10    0    0    0   10    0  
   0    0    0    0    0   10    0    0   10    0  
   0   10    0    0    0    0    0    0   10    0  
   0    0    0   10    0    0   10    0    0    0  
  10    0    0    0    0    0   10    0    0    0  
  10   10    0    0    0    0    0    0    0    0  
   0    0    0    0    0    0   10    0   10    0  
  10    0    0    0    0    0   10    0    0    0  
   0    0   10    0    0    0    0    0    0   10  
   0   10   10    0    0    0    0    0    0    0  
   0   10   10    0    0    0    0    0    0    0  
  10    0    0    0    0    0    0    0    0   10  
  10   10    0    0    0    0    0    0    0    0  
   0   10    0    0    0    0   10    0    0    0  
   0    0   10    0    0    0    0   10    0    0  
   0    0    0    0    0    0   10    0    0   10  
   0    0    0    0    0   10   10    0    0    0  
  10    0    0   10    0    0    0    0    0    0  
   0    0    0    0   10    0    0   10    0    0  
   0   10    0    0    0    0   10    0    0    0  
   0    0    0    0    0   10    0    0    0   10  
   0    0    0    0   10    0    0    0    0   10  
   0    0    0    0   10   10    0    0    0    0  
   0    0    0   10    0   10    0    0    0    0  
   0    0    0    0    0   10    0    0    0   10  
  10    0    0    0   10    0    0    0    0    0  
   0    0    0   10    0   10    0    0    0    0  
   0    0    0   10    0    0    0    0    0   10  ] 
BUDGETS : [    2    5    6    6    8    8    9   10   12   16   19   20   22   22   28   29   30   30   32   39   42   43   46   46   49   50   51   53   55   56   57   59   60   61   62   64   67   68   70   70   71   73   74   77   78   78   80   86   90   90   91   94   99  100  106  106  108  108  108  109  111  114  114  115  118  120  123  126  126  126  128  133  135  136  137  139  140  141  142  143  143  148  153  154  154  155  157  162  164  168  171  178  179  180  184  189  189  191  197  197  ] 
