K : 100
I : 50
PREFERENCES : [    0    0   11    0    0   18   14    0    0    0    4   12    0    8   15    0   12   14    0    0    0    6   20   16   10    0    2   13    0    3    2    0    0    9    0    3    1    0    0    7    0    5    0    0    0   17   19    0    0   18  
   0   17    0    0    7    2    0    0   18   15    0   13    0   11    9    4    0    0    0    3   20    0   20    0    5   14    8    4    0    0    4    0   12    0    0   19    0    6    0    0    5   16    0    0   15    0    0    0    1   10  
   0   11   18    8    0    0    0    0   17    7    2    9   13    0    8   12   14    0    0    2   19    5    0   15    0   10    6    0    0    0    1    0    0    0    0    0   16   14    0    0    0    0    0   20    4    0   14    0    3   14  
   5    0    7    0    0    6   15    4    6    5    0    0    0    0    9    0    0   15   16    0   17    0   13    3   14    0    0   10   19    0   11    0    0    0   20    0   12    1    0    9    0    0    0    0   18    2    2    0    0    8  
  14   13    0    0    0    0    0   18   15    6   17    0    0   10   19    0    0    0   18    8    2    8    0   20    0    4    5    0    0    0    0    2    0    1    3    0    0   11    9    0   16    0    8    0    0    0   12    0   17    7  
  12    3    0   10    5    0    3    0    0    0    0    0    0    0    1   19    0    7    0    0    0    0    0   13    0    0    0    6   20    0   12    3    9    0    0    0   10   17   14   15    2    4   16    8    0   11   19    0   18    0  
  17    0    0    0    0   14    0    0   17    0    1   17    0    0    0   12    0    0    0   19    0    6    0   13   11    2    0   18    0    0    8    0   15    5    3    1   17   16   20    7    0    4    6    9   10    0    0    0    0    0  
   8    0   11   17    0   10   13    0    0    0   12    5   20   15   14    0    0   19    0    9    0    0    0    0    0    0   16    3    0    0    0    4   19    0    0    0    7    0   14    7    0    1   19    2    0    0   18    6    7    0  
  18   15   11    3    0    0   14   13    2   10    4    0    6    0    0    9    0    7    0    1   18    0    0    0    0   14   19    0    0    0    0    8   16    4   16    0    0    0    0   20    0   17   20    0    5    0   12    0    0    0  
   0    0    0    0   13    0    3    6    0    4    5    0    0    0    0   19   19    0    0    0   20   14    0    0   17   12   10    0    0   16    9   11   15    0    7    0    0   15    2   11    8    0    0    1    0   20    0   18   18    0  
   0    2   13    0    8    0    0    0    8   12   17    0   16    0    0    0    3    0    8    0   14    0   15    4    0    0   20    0    0    1    0    6    0    0   10   19    9    1    8    5    0   11    0    0    0    0    7    4    0   18  
   0    0    0    0    0    0   13   10    0    9   11   14    0   11    0   20    0   12   17    0    1   11    4    1    6    0    8    0    2    0    7    3    0    0    0    0    0    0    0   19    0   11   16    0   18   15    0    0   10    5  
  20    0    0    7   13    2   10    0    0    0    0    0    0    0    0   19    0    6   15    4    8   12    3    2    0    0    8   17   15   14    0    0    0    0   15    0   18    0    0    0   11    0    0   16    0    9   18    5    1    0  
   0    0    0    0    0    0   13    0   18    0    0    8    0    0   20   15    9   19   11   10   15   16    0    4    0    0    0    5    0    0    3    0    0   10   19    0    0   14    0    0    0    6    0   12    9    7    2    1   18   17  
   9    0    0   13    0   10    2    4    0    1    3    5    0   16    0    0   15    1    0    0   18   20    0    6   17    0   12    0   11    0   14    0    0    0    7    0    0    6   11    0    7    0   19    0    0    0   19    8    0    0  
   0    0   16    0    0    3    6   18   11   15    0    0    0    0    8   19    0    0   10    1    7    2   20   17    0    4    0    9    4    0    0    0    5    0    2    0   13    0   17   14   20    0   16    0    0    0   12    0    0    0  
   0    0    0   16    0   11    5    4   20   10    0    0    0    9    6   12    0    0    0    0   14    0    0   13    0    7    0    0    0   19   15    0    0    9    3   10    0    0    0    4    0    0    1    4    2   18    0   17   20    8  
   0    0    2   20    0    3    8    0    0   13   19    4    0   16   10   18   15    0    1    0    6    0    0   20    0   17    0    0    0    0    0   20    0   12   19    0    1    0    0    0    0   11    0   14    0    5    0    7    9    1  
  17    0    0    0    0    0   15    0    0   20    0    0    5   10    0   18    6   17    0    0    0    0    8   15   14   19    0    0    0    4   12   11    0    3   13    0    6    0    9   15    0    0    2    1    0    0    7   16   11    0  
   0    0    6    0    5    6    3    0    0   10   10   18    4    7    0    0   11    0   16    0    0    0   19    0    9    0    0    6    0    0   17    6   15    8    0    0    2    0   12   19   13   20   14    0    0    1    0    0    0    0  
   0    0    3    5    0    0    1    0   17    0    0   19    0    0   18    8    0   14    2    8    6    0    0   16    7    0   11    6   20   10    0   15    0    0    0    4   11   12    0    2    9    0    0   19   13    0    0    0    0    0  
   0    0    4   20    5    5    0   17    6    0    6    9   14    3    0    0    0   18   12    0   15   16    0    0   10    0   20    9    0    0    0    0    0    0    0    2    0    0    0    0    7   13    1    0   19    1   11    0    8    0  
   0    0    0    9    0   16    0    8   18    0   17    4    0   14   19    2    0   10   14    0    0    0   20    0    6    3    0    0    0   11    0   13    0   12    1    0    0   19    7    0    0    0   15    0    0    0    8    7    5   11  
  17    8    6    0    0    6    3    0    0    0    0    0    0    0    0    5    0    0   20    2   14    1    9    4    0   18    0    0    7    0   19   10    0   12    8   16    0   13    0    0    0    0    0   14   15    4    0    4   11    0  
   0    1    6    0    0    0    0    0   16    0   10    0   16    0    7    5    0    0   13    8    0    0    0   12    2    0    0    9    0   20   17    8    0    0    0    0   13   14    4   20    0   18    8   11   15   19    0    0    0    3  
   0   18    6    0    1    9    4    7   19   10    0   14    0   17   18    0    0    0    0    5    0    0    0    8    0    0   12   13    9   20    0   16    2   20   11    0    0    0    3    0    0   19    0    0    4    0    0    0   15    0  
   0    0    8   12    0    4    7   16    1   15    0   12   18    5    0    0    0    0    0   17   11    0   13   19    6    4    0    9    0    6    0    0   17    0    0    0    0    0   20    0   10    0    0   14    3    2   11    0    0    0  
  19   16    0    0   11    9   15    0   10    0    0    0   14    7    0    1    0    0    0    0    9    5   20    0    0    0    0    0    4   18    0   17    0    3    8    0   18    0   19    0    6    2    7   13   12    0    0    0   11    0  
   0    0    3    0    9   15    0   13    0    2    0   14   16    0    0   16    0    0   18    8   17    0    0    5    0    0    0   11    4   16    6   10    0    0   15   16    0    0    0    0    0   16    7    0    1    0   12    0   20   19  
   5    0    0    0    0    0    0    0    0   13   10    6    0    0    0    0    0    2   20    0    0    5   19    1   17    8   18   19    0   17    7   14   19    0    0    0    0    3    4   16   11    0    8    0    0   12    9   15    0    0  
   0    8    0    0    6   12    0   14    1   19    5    0    0    0   13   20    0   16   18    0    4    8    0   10    0    0    0    9    2    0    6    6   13   12    0    0    3    0    0    0    0   15    0   17    0    0   11    0    0    7  
   0    0    0   10   12    0    5    0    0    0   16    2   11    8    0    0    0    0    0    0   18   14    1   15    0    0    7   18   17    9   20   18    4   11    0   20    0    0    0    0    0    0   19   13    2    3    0    0    0    6  
   0    0    0    0    7    0    0    0   20    2    0   19    0    0    6   17   16    0    0    3   16    0   11    0   12    5    0   20    0    7    1    0    0    9    0    0   13   12    0    0    0    0    8    7   15    4   18    0   10   14  
   6   11    1    0    0    0    0    0    0   16   15   18    9    8    0   14   13    0   17   11    0   15    0    0    0   10   19    0   12    0    0    0    0    2    7    0   11    0    0    0   20    3    4    0    0    0    5    0   11   17  
   0    0    0    0    0    0   20    9    6    6    0    6    0    0    0   11    0    7   15   15    0    0    0    0   17   18    0    1   13    3    7    0    5    0    8    0    0    4   16   19    0   12   14    2    0    1   10    0    0    0  
   0    0    0   19    0   11    0   10   14    0    0   12   13    0    0    0    0    0   20   17    7   20    0   14    0    9    0    0    5   15    0    0    1    0    0    0    0    4    0    8   16    3    0   14   19    0    2   14   18    6  
   7    0   14    0   11    6    4    2    3    2    0    1    0   20    0    9    0    0    0    0    5    0    0   12    8   15   20    0    0    7    0   10   10   16    0   18   13    0    0    0    0    0   20   17    0    0   19    0    0    0  
   4    1    0    0    0    0    0    0   14    7    9    0   13    2    0   18    7    3    0    0    0    0    0    4   11    0    0    0    0    0    0    0   10   19    4   17    3   15    6   16   16   12    8   20    0    5    0    0    0    0  
   0    0    0    6    0   10    9    0    0    8    0    0    0    0   20    0    0   12    2    0    6    4    3    0   17    7    1   13    0    0    0    2    3    5   19   16    0    0    0    0    0   18   14    0   11   15    0    2    0   15  
   6    0    0    5    8    0   11    0   15    0    0    0    0    0    2   17   13    9    0    0    0    9   15    0    0    7   20   19    0    4    0   18   16    0    0    6    0    0    0    3    0    0    7    0   13   10    0    1   14   12  
   2    0    0    5    0    0    0    1   10    0   19    0   16    0    6   17    0   13    3    3    0    0    0    0   12    0    4    7    0    7    8   15    0    0    0    0   14    0    0    0   18   14   20    0    3    9    0   11    0    3  
   8   13    5    0    0   16   20    0    0    0   10    0    0    4    0   17    1    0   18    0    0    6   15    2    0    0   10    4    0    7    0   15   19    0   13   12    3    0    0    0    0    0    9    0    0    0    0    7   14   11  
   0   17    0    0    7    0    0    6   10   16    7   11   14    0    4    0    3    1    0   15    0   13    0    8   18    2    0    0    9   12   12    0    9    0   20    0   12    0    0    0    0   19    0    0    0    0   12    5    0    0  
  10    7   17    0    0   11    0    0    0    0    0   11   19    0   13    0    0   20    0    0    0    0    1    8    5    2    0   20    0   18    3    0    0    0   15    0   16    0    0    9    1    6    0    0   11   14   12    3    4    0  
   8    0   15    0    0    0    0    3    0    0   11    0    7    4    0    0    9    0    0   12   19   10    0   14    0    0   16    0   17   15    1    0    0    0   18    5    0    6   20    7    0    0    0   20   12    3    0   13    0    2  
  16    0    0    0   14   13   17   19    4    3    0    0    0    0    0    7    0   13    0    0    0    8    0   13    0   20    0    0   20   13    0    0    0    9    0   11   18    0    0   12    5    0   10    1    2    5   15    0    0    6  
   0   17    0   14   18    3    0    0   17   19    0    0   13    5   17    0    4   10    0    2    7    0    0    0    1    0    0   15    8    6   16    0    0   20    0    0    0    9    0    0   11   14    0    0   12    0    0    4    0    2  
   0   12   15   10    0    9    0    9    0    0   16   19    1    0    0    0    3    5    0    0    0    0    0   14    8   11    5    0    7    0    0   10    0    0    6    0   18    0    2   20    2    0   15   17    4    0    0   13    0    0  
   4   19    0    0    0    9   11    0   12    0   15    8    0    0    0    0    0   18    0    0    3    7    0   16   19    0   18    5   17   16    0   11    6    0    2   14    0    1    0    0   10    0    0   20    0    0    0   16    0   13  
   0    0   16    5    0    7    0    0   12    0    0    0   11    0    3    8    9   13   12   12    0   10   20   10   14    0    0    0    2    0    1    0    0    6    0    0   15    0    2    1   18    4    0    0    0    0   19   17    0    0  
   8    4    0    0   13    0    1    4    7    0    0   14    8    0   10    0    6    0    0    9   16    0    0    7   17   20    0   12   13    0    0    0    0    0    0    0   14   19    0   15    0   18    2    5    0   11    3    0    0    0  
   0    0   18   13    0   19    0    0    0   13   17    0    0    0    0    4   11    0    0    0    8   15    7    0    8   12    0    0    0    1    2    6    0    0    9   10    0   16    0   13    5    0    0   20    0    3    8    0   14    8  
   4    0   10    0    0   18    6    7    5    1    2   12   18    0   13    0   18    0    0    0   11    0    0    6   16   19    0   14    0   15    0    0    0    3    0    0    0    0    0    0   17    0    0    8   20    0    0    4    9   20  
  20   11   19    9   12    3   20    0    0    0    0    0    0    2    0   14    1    7   10    0    5    0   17    0    8   15    0    0    0   18    0    0    0    0    0    9   13    0    0    0   13    1    0   16    0    4   13    0    0    6  
  12    3   15    0   13    0   10    0    0   11    0    0    7    1    0   18   16    0   19    5    9    0    0    4    0    0    0    0    0   11    0    8    9    0    6    2    0    0    0    0    4    0   19   17    0   20   14    9    0    0  
  18    6    2   13    0   15    8   10    0    0    0    0   12    0    0   11    7    0   19    4    6    0    0    0    0    0   11    0    0   20    0   14    3   12    0   17    0    0    1    5    0    0   16    0   13    0    0    0   15    9  
   0   16   16    0   15    0    0   16    0    0   17   16    0    0    0    0   14    0    0    0    8    0    0    6    9    3    0    0    0   20    4   19    1    5    0    7   10   13    0   15    0   18   12    0    0    5   11    2    0    0  
   0   12    0   11    7    7    0    0    4   10    1    0    0    0    0    0   18    0   10    0    0   19    0    0    3   17    0   18   14   16    2    0    9    8    0    0   15    0    0   17    5    0    0   20    0   13    0    1    0    6  
  20    1    1   10    6    0    0    0   16    0   14    8    0    0    0    2    0    0    0    4   18    0   15    0   20    0    9    9    0    0   11    0   13    0    3    5    0   19    0    0    0    3    0    0    5    0    0   17    7   12  
   0    0    0    0    0    0    0   12   20   16    0   14    1    0    0    0    3    0    0   10    0    0   11    0    5    2    7   15    0    2    4    0    0    8    0    0    0    0    0   13   18   10   19    6    9    0   10   17    5    1  
   4    0   13    8   11    0    0    0    0    0    4   10    9   19    0    1    0   11    0    0    0    5    0   17   20    2    0   16    6    3    0    0   15    0    0    4    0    0    0   12    7    0   18    0    3   14    0    0   17    0  
   0    0    0   20    0   11    0    1    4    0    0    0   11    0    8    0    9   18    0    0   13   17   12   15    0    6    2    0    7   16    0    0   11    0    0    0    0    0   19    4   11    5    0   11   14   10    3    0    0    0  
  14    0    0    0   20   10   16    0    0   17    0    0    0    8    6   19   18    0   12    0   14    0    0   18    0   13    0    0    0    9    4    0    0   11    0    3   17   15    1    2   19    0    0    5    7    0    0    0    9    0  
  10   17   13    0    0    4    0   19   11    0    0    0    0    7    0    0    0    2    0   17    0   19    0   14   19   11    0    0    0    5    9    8   20   15    0    0    0   18    0    0    0    6   12    0   16    3    0    1    0   19  
   6   19   12    0   16    0   15    3    0    0   13   10    2   17   20    0    0    0    0   11    0    0    0    0    4   18    6    9    0    8   14    7    0   20    0    4    0    0    0    0    0    0    5   20    6    0    0    0    0    1  
   0    9    0    0   11    0    0    0   20    3    0    0    0    0    0   12    1   18    0    6    5    0   16    0    1    0    4    5   17    0   19   10   15   14    8   14    0   12    0    3    0    0    0    0    0    0    7    0   13    2  
   0    6    5    0    0   11    1    0    0   14    0    0    0    0    8    0   12   17    0    3    4    0    2    0    0   20   13    0   15    8   17    0   10    9   16    0    0    0    0    0    0   19    7   18    0   18    0    1    0   15  
   0    0   13    0    9    3   18    0   13    6   15   18    0    8   11    0    7   14   12    0    0    0   16   17    0    0    0    2   19    0    0    0    0    5    4   10   14    0    0   20    0    0    1    0    0    0    0   15    0    4  
  14    0   17   10    3    5    0   13    0    0    0   19    0    0    0    4    0    0    0    3    0    0    0   15    0    1    7    0    9   16    0    0   20    0    1    0    0    2    0    0    9    8   18    0    6   11   12   20   19    0  
  17    0    0    0    0    6    5    0    9    2    1    0    0   14   16    0    0    0    0   12   20    0    3    0    7    3   11    0    0    0   13    0    8    0    0    0    0   12    0    8    5    0    0    0   15   15    4   18   10   19  
   8    0   16   19    0    0   17    0    0    4    0   15    0    9    7    0    0    0   11   18   17    0    0    0    5   13    9    0    2    0   12    0    3    6    0    0    0   20    0    0   14    0    0   16    0   17    1   12    0   10  
   5   11   16   12    0    2    0   15    5    0    3   13   20    0    0    0    0   18    9    0    0    0   17    0    6   14   18    0    0    4   19   10    0    8    0    7    1    0    0   20    0    0    0   10    0    2    0    0    0    0  
   7    7    0    0   10    0   20    0    0    0    2    0    8    0   19    0    0   20   17   16    9   15    0    0    3    8    0   14    0    0    0    0    0    4   10    0    0   18    1    6   11   13    0    0    5    0    0    0   11   12  
  17    6    5    0    8    4    0    0    0    0    0   15   16   13   19   12    0    0   11    0    0    0    4    0    5    3    7    5    9    0   10    0    0    1   14    0    0    2    0   18    0    0   17   20    0    0    5    0    0    0  
  10    0    3    0    0    6    2    0    0    0   11    0    0    0    4    0    0    3   14    0    0    0    1   13   19   16   15   20   16    0    3    0    5    9    7    8   17   18    0    3    0    0    0    0   12    0    0    0    0    6  
   3   13    0    0   20    0   13    0    8   10    0   15    0    9   18    0    0    0   13    0    0    0    7   17    0   11    4    0    6   15    0    7    0    0    0   16    0   19    0    0   12   13    2    0   14    0    5    0    0    1  
   0   13    0   20    9    0   18   19   14    6   12   17   19    2    0    0    0    0   16    3   11    3    0    0    7    0    0    0    5    4    0    0    0    0    0    0    0    2    0    0    0   15    0    1   13    0    0    8    6   10  
   7    0    0   18    5    1   17   14    1    0    8    0    0    0    0    0    0   19   12    0    0    3    6    0    0    3    0   11    0   16   15   15   19   10    9    0    0    0    0    4    0    0    2    0   20   14   13    0    0    0  
   2    0    5    0    0    6    0    2    0    0    0   19   12   17    7    0    0    0    7    0    8    0    9   12    0    0    0    0   14    0   11   13   16   15    3    0    0   10    4    1    0    0   16    1    0   18    0    0    0   20  
  10   18    0   14    0    0    3    7   17    5   18    6    0    0    0    9    0    0   20    2    0    4    0   11    4   15   18    0   13    0   19    0    0    0    1    0    0    9    0   16    0    0    0    8    0   12   18    0    0    0  
   0    0   17    0    0    0    7   11   16    8    5   14   17    1    0    0    1   10    0    0   13    0    6    0    0   12    0    4    0    0    5    3    0   18    0    0    0    0    0    0   20    9   10    0   15    0    2    1   19    0  
   0    4    0   10   18   15    0    0   15   15    2    0    0   19    0    0    0    1   16   13   13    9    3    0    0    0    0    0    1   16    0    0    0    0    7    0   14   17    0   11   20    0   12    5    8    0    6    0    0    0  
  15    9    0    0    0   17    0   11    6   12    3    0    0    7    0    0    0   10    8    5   13    0    2    0    0    0   20   15    4    0    0    0    0   19   14    0    0    0    0   14   11   18    1   16    0   16    0    0    0    2  
  15   15   14    6   12   13   19    0    0    0    0    0    0    0   15   15    0    8    7    0    2    5    0   16   10    0   11    0    0    6    0    0    1    9    0    0    0    0    3    0    4    0   20    0   17    8    0   18    0    0  
  13    8    0    0    2    9   15   13    4    0   12    0   18   10   14    0    3    6    0    5    0   20   16    0    0    0    1    7    5    0    0    0   17    0   19    0    0    0   17   19    0   11    0    1    0    0    0    0    0    0  
  12    0    0   18    0    0    9    0    0   17    1    0    0    0    8    2    4    0   20    0    6    0    0    0    1    0    0    0   13   16   19    4    0    0    0   10    0   11   14    0    0    7   17    3   15    5    0    0   17    2  
  19    6    0    0   20    0    1    0    0    2    2    0   11    0    9    4   15    0    0    0    0    0   14    0    5   13   11    0    9   12    8    0    1    3    0    0    0    0    0   16    0    0    5    0   18   17    0    0    7   10  
   3    1    0    9   12   15    0   14    0    9    0    0    5    0   15   17    0   10   13   18    0    3    0    2    0    0    0   11    7    4   13    0    0    0    0   13    8   19    0    0    0    0    6    0   20    0   16    0    0    0  
  20    9    8    0   20   10   15    2    0   12    0    6   17    0    0   16    0    4    0    0    0   11    0    0    7    0    0    0    9    0    0    5   18   19   14    0   19    1    0    0    0    3    0   13    0   20    0    3    0    0  
   0    4    0    0    0    8    0    0    1    0    0    0    0    6   10    4   12   16   17    0   12    5    0    9   19   13   18    0   14    0    0    0    0   18    0   11    0    0    3    0    0    0    0   15    8   20    7    0    2    7  
   8    0   10    0    0    1    9   13    0   10    4    0   14    0    0   18    0    0    0    0    7    0    0   16   15   11   11    0    6    9    3    0   11    0    0    0   17    0    5    0    2   19    0   18   20    0    0    0    0   12  
  20   15    0    2    6    0   10   17    3    8    0   12   15    0    0    0    0    0   14    0   13    0   16    0    1   16    0    0    0   17    0    4    0    9    0    0    5    0   13    0    9   18    0    0   11    0    0   19    0    7  
   7   20    0    0   19    0    0    1    5   15   12    0   10    0   17    0    0    0    0    0   13    0    0    0    0    0    0    7    4    0   16    2    5    1    0   14    0    3    0   17   11    9    8    0    0    0    3    6    0   18  
  10    0    0    6    0    0    0    0    0    0    7    0    0    0   11    0    2    8   17    0    0    0    3    0    3    5   12    0    0   13   15   19    0    1   18    0    1   14    0    5   16    9   17    4    0    0    0   20   10    0  
   0    1   17    0    0    0    0    2    0    0    0    0    0    9    7    4   11    0    6   20   14   14    0    0    0   10   18    0    0   16    0    0   13    3    0    0    0    6    0    0   19    0   19    8   18   15    0   16   12    5  
  11    0    7    5    0   18   18    0   13    1    0    3   19    9    0    7    0    0    0    0    4    0    0    4    0    0   14    0    0    0    0    0    0   10    2    0    0   17   16    4    0    2    8   15   12   20    6    0    0    0  
   0    4    9   11    0    0    0    0   19   16   14   11    5    0    0    0    0    0    7    0   15   13    0    0    0    0    9    0    2    0    0    0   17    6   20    0    1   12   10    0    0    0    7    8    3    0    0    8   18    8  
   0   18    0    0    0   15   15    0    6    0    0   11   17    3    3    0   13    5   19    0    7   16    8   20    2    0    0    0    4    9    0    0    0    0    0    0    5   12   14    1    0   10    0    0    0   11    3    0    0    0  
   0    0    0    0   16    0   15    0    7    0    0   17    0    0    3   19    5    5   10    0    2    0   15   19   11    0    6    0   20    0   18   12    0    0   13    0   14    4    0    9    0   20   14    1    0    0    0    0    0    8  
   0    6   16   14    5    2    0    0    0    0    1    0    0    0    8    0    0   20    0    6   13    0   14    0   20    4   17   18    0   12   19   15    0    3    7   11   20    1    0    0    9    0    0    0    0   10    0    0    0    0  ] 
BUDGETS : [    4    5    6    8   11   13   15   17   21   22   25   26   28   31   31   35   37   38   39   41   42   46   46   47   50   51   53   55   56   57   58   60   65   68   70   70   75   76   79   85   87   92   93   95   95  101  104  106  106  107  115  115  116  117  117  118  122  125  127  127  127  128  128  132  135  136  136  136  139  139  139  139  143  144  147  150  150  151  151  151  155  155  157  163  165  165  171  172  174  177  180  181  183  184  186  189  190  194  199  199  ] 
