K : 100
I : 50
PREFERENCES : [    0    0    0    0    0    0    0    0    0    0    0    0    0    0    4    0    0    0    4    0    0    0    0    1    4    1    0    0    0    0    0    0    0    0    5    4    0    0    0    0    0    0    0    0    0    3    5    2    0    0  
   0    0    0    0    0    0    0    0    0    5    1    0    0    0    3    0    0    0    0    0    0    0    4    0    4    0    1    0    0    0    2    0    0    0    0    0    0    0    3    0    0    0    5    0    0    0    2    0    0    0  
   0    0    0    0    0    0    0    0    2    0    3    0    0    0    0    0    4    0    4    0    0    4    0    0    0    4    4    0    0    5    0    0    3    0    0    0    0    0    0    0    0    0    0    0    0    0    1    0    0    0  
   0    0    5    3    0    0    0    0    0    0    0    3    0    0    0    0    0    0    0    0    0    0    0    3    4    0    3    0    0    0    0    2    4    0    4    0    0    0    0    0    0    0    0    0    0    0    0    0    0    1  
   5    0    1    0    0    0    0    3    0    0    0    3    0    3    0    0    0    3    0    0    0    0    3    0    0    2    0    0    0    0    0    0    0    0    0    0    0    0    4    0    0    0    3    0    0    0    0    0    0    0  
   0    0    0    0    1    0    0    5    0    0    0    0    0    0    0    5    4    1    0    0    0    0    0    0    0    0    0    0    0    5    0    0    0    0    0    5    0    0    0    0    3    0    1    2    0    0    0    0    0    0  
   0    0    5    0    0    0    0    0    0    3    5    4    0    0    0    0    0    5    0    0    5    0    0    0    0    0    0    0    2    0    0    0    1    0    0    0    4    0    0    0    0    0    2    0    0    0    0    0    0    0  
   0    0    0    0    0    0    3    5    0    0    0    0    2    1    0    0    0    0    0    0    0    0    2    0    2    0    2    0    2    2    0    0    4    0    0    0    0    0    0    0    0    0    0    0    0    0    0    0    0    0  
   0    0    0    2    0    1    0    0    5    0    0    0    0    0    4    0    0    0    0    0    0    0    0    0    0    0    0    1    0    0    5    2    0    0    0    0    3    0    0    4    0    0    0    0    0    0    0    0    3    0  
   0    0    1    5    0    0    0    0    0    0    0    0    0    0    0    3    0    5    0    0    0    0    2    0    0    0    5    0    3    0    0    0    0    0    0    0    0    0    0    0    0    4    0    0    5    0    0    0    5    0  
   4    0    0    1    0    0    0    0    0    2    0    0    0    0    2    0    0    1    3    0    0    4    0    0    0    4    1    0    0    0    0    0    0    0    0    0    0    0    0    0    0    0    0    0    0    0    0    5    0    0  
   0    0    0    0    0    3    0    4    0    0    2    1    0    0    0    0    0    0    5    0    0    0    0    0    0    5    0    0    0    0    0    0    1    1    0    0    1    0    0    0    0    0    0    0    3    0    0    0    0    0  
   0    0    0    5    0    0    0    3    0    2    0    0    1    3    0    0    0    0    0    5    5    0    0    0    0    0    0    0    0    0    0    0    3    0    0    0    5    0    0    4    0    0    0    0    0    0    0    0    0    0  
   0    0    0    0    0    0    0    0    0    0    4    0    0    0    0    0    2    0    3    0    0    0    0    0    0    0    0    0    2    0    0    0    0    0    5    0    0    2    0    0    5    5    0    0    0    0    0    3    1    0  
   0    0    0    0    4    0    0    4    0    0    0    3    0    1    4    0    0    4    0    0    0    0    0    0    0    0    0    0    0    0    0    0    0    0    0    3    0    5    0    0    0    0    2    0    0    0    0    3    0    0  
   5    4    0    0    0    0    0    0    0    0    0    0    5    5    4    0    0    0    2    0    0    0    0    0    4    0    0    0    0    0    0    0    0    0    0    0    0    1    4    0    0    0    0    3    0    0    0    0    0    0  
   0    2    3    0    1    0    0    0    1    5    0    1    0    0    0    0    0    5    0    0    0    0    0    0    0    0    0    0    0    0    0    0    3    0    0    0    0    0    4    0    2    0    0    0    0    0    0    0    0    0  
   0    0    0    0    0    0    0    1    5    0    0    1    0    0    0    0    0    2    0    1    0    1    5    0    0    0    0    4    0    0    0    0    0    0    3    0    0    2    0    0    0    0    0    0    0    0    0    0    0    0  
   5    0    0    0    0    0    0    0    1    0    0    0    0    5    0    1    0    0    0    0    0    0    0    0    0    0    0    0    0    1    0    0    1    0    0    0    1    0    0    3    0    0    0    0    0    2    0    0    0    4  
   0    0    0    0    0    0    1    0    0    0    0    0    3    0    0    0    5    0    4    0    0    4    3    0    0    0    0    3    0    0    0    0    0    0    3    5    0    0    0    0    0    0    0    2    0    0    0    0    0    0  
   0    0    0    0    0    0    0    0    4    0    3    0    1    0    0    0    5    0    0    0    0    0    0    0    0    4    0    2    4    0    0    0    0    0    0    0    0    0    0    0    0    0    4    3    0    0    0    0    4    0  
   0    0    0    5    0    0    0    0    0    0    0    0    0    0    0    4    0    0    0    0    2    1    0    0    0    0    0    0    4    3    4    2    2    0    0    0    0    0    0    0    0    0    0    0    0    0    0    2    0    0  
   0    0    0    0    0    0    0    4    0    0    4    0    1    0    0    0    0    0    0    0    3    0    0    4    4    0    0    0    0    5    0    0    0    0    0    0    0    0    0    0    2    0    0    0    3    0    0    3    0    0  
   0    0    3    0    3    0    0    0    0    0    0    0    0    0    0    0    0    0    0    0    0    5    0    0    5    2    0    0    0    0    0    0    0    0    0    0    0    0    0    2    0    4    1    0    0    0    0    3    0    3  
   0    0    2    1    2    0    0    0    0    0    0    0    0    0    0    0    0    0    3    0    0    0    0    0    4    0    0    1    0    0    0    0    0    0    0    0    0    0    0    0    0    1    0    0    0    5    5    3    0    0  
   0    0    0    0    1    0    0    0    0    0    0    0    0    0    0    0    5    0    0    5    1    0    0    0    0    0    0    0    0    0    0    0    3    0    2    5    0    0    0    0    0    0    0    3    0    0    0    4    0    5  
   0    0    0    0    0    0    0    0    0    3    0    2    0    4    0    0    1    0    0    0    0    0    0    0    0    0    0    0    0    0    0    0    2    5    0    1    0    0    0    0    5    0    0    0    0    5    0    0    0    2  
   0    0    5    0    0    0    0    0    0    0    3    0    0    0    3    1    3    0    3    0    0    0    0    0    0    0    0    0    0    0    2    0    0    0    0    0    0    0    0    0    1    0    0    4    0    0    0    2    0    0  
   0    0    0    0    0    0    5    0    0    0    0    2    0    0    0    0    4    0    0    0    0    0    2    0    0    1    0    0    0    2    1    0    0    0    0    0    0    0    5    0    0    0    0    4    0    0    3    0    0    0  
   0    0    4    0    0    5    0    0    0    0    0    0    3    0    0    0    0    4    0    1    0    0    0    0    0    0    0    5    0    0    0    0    0    0    0    1    2    0    0    0    0    0    0    0    0    0    2    0    0    5  
   0    0    0    0    0    0    0    0    0    0    5    1    0    0    0    0    0    0    1    0    0    1    5    0    0    0    4    0    0    3    0    0    0    0    0    0    0    0    0    0    0    2    0    0    0    2    2    0    0    0  
   0    0    0    0    0    0    0    2    5    0    0    0    0    0    0    3    5    0    0    0    4    0    0    0    1    2    1    0    0    0    0    0    0    0    2    0    0    2    0    0    0    0    0    0    0    0    0    0    0    0  
   0    1    0    0    0    0    0    0    0    0    0    0    5    0    0    2    0    0    1    0    0    3    0    0    0    0    0    0    0    0    0    0    2    0    0    1    0    0    3    0    3    0    0    0    0    0    0    0    0    4  
   0    4    4    0    0    0    0    0    0    0    0    0    0    4    0    0    0    2    4    0    5    0    0    4    0    0    0    0    0    0    0    0    0    0    0    0    1    0    0    0    0    0    0    3    0    0    4    0    0    0  
   0    0    0    5    0    1    0    4    0    0    0    0    0    0    5    0    0    2    0    0    0    0    0    0    0    4    3    0    0    0    4    0    0    0    0    0    0    0    0    0    0    0    5    0    0    0    0    0    4    0  
   0    0    0    0    0    4    0    3    0    0    0    0    0    0    0    0    0    0    0    0    0    0    1    0    0    0    0    2    5    0    0    0    2    3    0    0    0    0    4    0    0    0    0    4    0    0    0    1    0    0  
   0    0    0    1    0    5    0    0    0    0    0    0    0    0    0    0    5    0    0    0    2    0    5    4    0    5    0    0    0    0    0    0    0    0    0    0    0    0    0    0    0    3    0    0    0    5    5    0    0    0  
   0    1    2    0    0    3    1    0    4    0    0    0    0    0    0    0    0    0    0    0    0    0    0    0    3    0    0    0    0    0    0    0    0    0    2    0    0    0    0    0    4    2    0    0    0    0    0    0    5    0  
   0    0    0    0    4    0    2    0    0    0    4    5    0    0    0    0    0    0    3    0    0    0    0    0    0    0    2    0    0    0    0    0    0    0    1    0    0    2    0    0    0    2    0    0    2    0    0    0    0    0  
   2    0    0    0    0    0    2    0    0    0    0    0    0    0    0    0    0    0    0    0    5    0    0    5    0    0    0    3    0    0    1    2    0    0    0    0    3    0    0    0    0    1    0    0    0    0    0    0    4    0  
   0    0    0    0    0    0    0    2    0    4    0    0    0    3    0    2    1    5    0    0    0    0    0    0    0    3    0    0    2    0    0    0    0    0    0    4    0    5    0    0    0    0    0    0    0    0    0    0    0    0  
   0    0    0    5    0    0    0    0    0    0    5    0    0    1    0    0    0    5    0    0    0    0    0    4    0    0    0    4    0    0    0    0    0    0    0    0    0    0    0    5    0    0    0    0    0    2    0    3    0    5  
   0    2    2    0    0    0    3    0    0    0    0    0    0    0    3    4    0    0    0    0    0    0    0    3    0    0    0    0    0    0    0    0    0    5    0    0    3    0    0    0    0    3    0    0    1    0    0    0    0    0  
   0    0    0    5    0    0    0    0    0    0    4    0    2    0    2    0    0    0    3    0    0    0    5    0    5    0    0    0    0    0    1    0    0    5    0    0    0    0    0    0    0    0    0    2    0    0    0    0    0    0  
   0    2    0    0    0    0    5    0    0    0    0    0    4    0    0    0    0    0    0    3    4    0    0    0    3    3    0    0    0    0    0    1    3    3    0    0    0    0    0    0    0    0    0    0    0    0    0    0    0    0  
   0    0    0    0    0    0    0    0    0    0    0    0    0    0    0    0    0    0    0    0    1    1    0    3    0    0    4    1    0    0    0    0    0    0    0    0    0    0    0    5    4    0    1    0    0    4    2    0    0    0  
   0    0    0    0    0    0    0    0    0    0    0    0    0    0    0    0    0    0    1    0    0    0    5    0    0    0    0    0    0    1    0    2    0    4    0    0    0    0    4    0    3    1    0    0    0    0    0    0    2    2  
   0    0    5    1    4    2    0    0    1    0    5    0    0    0    0    0    1    0    0    0    3    0    0    0    0    0    0    0    0    0    0    0    0    0    2    0    0    0    0    0    0    0    0    0    0    0    5    0    0    0  
   0    0    0    0    0    0    0    0    2    2    4    0    0    0    0    5    0    0    0    0    0    0    0    0    0    0    3    0    0    0    0    0    0    0    0    1    1    0    0    0    0    0    4    0    3    0    0    4    0    0  
   0    0    0    0    0    3    0    2    0    5    0    0    0    0    0    1    0    0    0    5    0    0    0    2    2    2    0    0    0    0    5    0    0    0    0    0    0    0    0    0    0    4    0    0    0    0    0    0    0    0  
   0    0    0    0    1    0    0    0    0    0    0    0    0    4    0    0    2    0    5    0    0    0    1    0    0    5    4    0    0    3    0    0    0    0    1    0    0    0    0    0    0    0    0    0    0    0    0    0    1    0  
   0    0    0    0    5    2    0    0    0    0    0    0    0    0    0    0    4    0    0    0    0    3    0    4    0    0    0    0    0    4    0    0    0    0    0    0    0    0    1    4    0    0    0    0    5    0    0    0    0    1  
   0    0    0    1    0    0    2    0    0    0    0    0    0    0    0    0    0    0    0    0    0    0    0    4    0    0    0    0    5    3    3    0    0    0    0    0    0    0    0    2    0    0    0    0    0    0    0    2    3    2  
   0    0    0    0    0    0    0    0    0    0    1    0    0    0    0    0    0    3    1    5    0    0    0    0    0    0    2    0    0    0    0    0    0    2    3    0    0    4    0    1    0    0    0    0    0    0    0    0    0    1  
   0    0    0    0    0    0    0    0    0    0    0    0    0    0    0    2    4    0    0    0    3    3    0    0    4    4    0    0    0    0    0    0    1    5    0    0    0    4    0    0    0    0    0    0    0    0    3    0    0    0  
   2    0    0    0    0    0    0    0    2    0    0    3    0    0    2    1    0    1    0    0    0    0    0    0    0    0    0    0    0    0    3    4    0    0    0    0    0    0    0    0    0    0    0    0    0    0    5    0    5    0  
   1    3    0    0    0    1    0    2    0    0    0    1    0    0    3    0    0    0    0    0    0    0    3    0    0    0    0    0    0    3    4    0    0    0    0    5    0    0    0    0    0    0    0    0    0    0    0    0    0    0  
   0    0    0    5    0    0    0    1    1    0    0    0    0    0    4    0    0    0    0    4    4    0    0    0    0    0    0    0    0    4    0    3    0    0    2    0    0    0    0    0    0    0    0    0    0    0    3    0    0    0  
   1    0    0    0    0    2    0    0    0    0    0    0    0    0    2    0    0    0    0    0    0    0    0    2    0    3    0    3    0    0    0    0    0    2    0    0    0    0    0    1    0    0    5    0    0    0    0    4    0    0  
   0    0    0    0    3    0    0    0    4    0    2    0    0    0    5    0    0    0    2    0    0    0    0    0    1    0    0    0    0    0    2    2    0    0    5    0    0    0    1    0    0    0    0    0    0    0    0    0    0    0  
   0    0    0    4    0    0    0    0    0    0    0    0    0    0    0    0    0    0    5    2    0    0    0    0    0    0    0    0    0    5    0    0    2    0    0    0    3    1    0    2    0    5    0    0    0    3    0    0    0    0  
   0    0    0    0    1    0    1    0    0    3    4    0    0    0    0    0    0    0    0    0    4    0    0    0    0    0    0    2    0    4    0    5    0    5    0    0    0    0    0    0    0    0    0    0    4    0    0    0    0    0  
   0    0    0    1    0    0    3    0    4    0    1    1    0    0    0    0    0    5    0    0    0    0    0    0    0    4    0    0    3    0    0    0    2    0    0    0    0    0    0    0    0    0    0    0    0    0    0    0    3    0  
   1    5    0    3    0    0    2    0    0    0    1    0    0    0    0    0    0    0    5    0    0    0    0    0    0    0    5    5    0    0    0    0    0    0    0    0    0    0    0    4    0    0    0    0    1    0    0    0    0    0  
   1    1    0    0    0    5    0    0    0    0    0    0    0    0    0    0    0    0    0    2    0    0    3    0    0    0    0    0    0    0    0    5    0    0    0    4    0    0    1    0    1    0    0    0    0    0    0    0    0    1  
   0    0    0    1    0    0    0    0    1    0    0    2    0    0    2    0    0    0    4    0    0    0    0    0    0    0    0    0    0    0    0    2    0    5    0    4    0    0    0    0    0    0    0    0    0    0    2    3    0    0  
   0    0    0    0    0    0    0    0    0    0    0    0    2    0    3    0    2    0    0    0    0    0    0    0    4    5    2    0    0    0    0    0    0    0    0    0    0    0    1    0    3    3    0    0    0    0    0    0    0    1  
   0    0    0    0    0    1    0    0    0    0    0    0    3    3    0    0    4    0    0    0    0    2    0    2    0    0    0    0    0    1    0    5    0    0    0    0    0    5    0    0    4    0    0    0    0    0    0    0    0    0  
   0    0    0    0    0    0    0    0    0    0    0    0    0    1    0    0    0    0    0    0    4    0    2    0    0    5    0    4    3    0    0    0    0    0    2    0    0    0    0    0    0    1    0    0    3    0    0    3    0    0  
   0    4    0    0    0    0    0    0    0    0    0    0    0    3    0    4    0    0    0    5    0    0    0    0    0    0    0    0    0    0    0    0    3    0    0    0    2    3    0    0    0    0    0    0    4    4    0    1    0    0  
   0    0    0    0    4    0    0    0    3    0    0    0    3    0    5    0    0    0    0    2    4    0    0    0    0    3    0    0    3    0    0    1    0    0    0    0    0    0    0    0    0    0    0    0    0    0    0    0    0    4  
   0    0    0    0    0    3    1    0    0    0    0    0    0    0    0    0    0    5    0    4    0    0    0    3    0    2    4    0    0    0    0    0    0    0    0    5    0    0    0    3    0    0    0    0    0    0    0    5    0    0  
   1    0    0    0    3    4    0    4    0    0    0    0    0    0    0    0    0    0    0    0    0    0    5    0    0    0    5    0    0    4    0    0    0    0    0    0    2    0    0    0    0    0    4    1    0    0    0    0    0    0  
   0    0    0    5    0    0    2    0    0    2    3    1    0    0    0    3    3    0    0    0    0    0    0    4    4    0    0    0    0    3    0    0    0    0    0    0    0    0    0    0    0    0    0    0    0    0    0    0    0    0  
   0    0    0    0    2    0    0    0    0    0    2    0    0    0    0    4    0    0    0    3    0    0    0    1    0    0    0    0    0    0    0    5    0    0    0    0    0    0    0    0    0    0    2    0    0    0    0    1    5    4  
   0    0    0    0    0    0    0    0    0    0    3    3    0    0    0    0    0    0    0    0    0    0    0    0    0    1    0    0    4    0    2    4    0    0    0    2    0    0    0    0    0    0    4    5    0    0    0    0    0    5  
   1    0    0    0    0    0    0    0    0    0    0    4    0    1    0    0    5    1    0    5    0    0    0    3    0    0    0    0    0    1    2    0    0    0    0    0    0    0    0    3    0    0    0    0    0    0    0    0    0    0  
   0    0    0    0    4    0    0    0    0    2    0    0    0    0    0    0    0    0    5    0    0    0    0    0    1    0    0    0    0    0    0    2    3    0    0    4    0    0    3    0    3    0    0    0    2    0    0    0    0    0  
   4    0    0    0    2    0    0    5    2    0    0    0    0    2    0    0    0    0    0    0    0    0    0    0    0    0    0    0    3    0    0    0    0    0    2    0    0    4    0    0    0    0    0    0    0    0    0    3    1    0  
   0    3    0    0    0    0    0    0    0    1    3    0    0    0    0    0    2    0    0    0    0    0    4    0    5    0    1    0    0    0    0    0    0    0    0    5    0    0    0    0    0    1    0    0    0    0    0    0    0    2  
   0    0    0    0    0    0    1    0    2    0    0    0    0    5    0    0    0    0    0    0    5    0    3    0    0    3    0    0    0    0    0    0    0    0    0    5    0    0    0    0    4    3    0    0    0    0    4    0    0    0  
   0    0    0    0    0    0    0    0    0    0    0    0    0    3    0    0    0    0    0    0    0    0    0    3    0    0    0    0    0    0    2    4    0    0    0    0    4    0    0    5    0    0    3    4    3    0    0    1    0    0  
   0    0    0    0    0    0    0    1    0    0    0    0    0    0    0    0    3    0    0    0    0    1    0    0    3    0    2    0    1    0    0    0    0    0    0    1    0    0    0    4    0    0    0    0    0    5    0    0    5    0  
   0    0    0    0    1    2    0    3    4    0    0    2    0    2    0    2    0    0    0    2    0    0    0    0    5    0    0    0    0    0    0    0    0    0    0    0    0    0    0    0    0    0    0    0    0    2    0    0    0    0  
   0    1    0    0    0    0    3    0    0    5    5    0    0    2    0    0    0    4    0    0    0    0    0    0    0    0    0    0    0    0    0    0    0    0    5    4    0    0    5    0    0    0    0    0    0    0    5    0    0    0  
   2    0    0    0    0    0    0    0    0    0    0    0    0    0    4    4    0    0    0    2    0    0    0    5    0    0    0    0    0    0    0    0    3    0    4    4    0    0    0    0    0    0    1    0    0    0    0    2    0    0  
   0    0    2    2    0    0    0    0    1    0    5    0    0    3    0    0    0    0    0    0    1    0    0    0    0    0    0    0    1    0    0    4    0    0    0    0    0    1    0    0    0    0    0    0    0    0    0    0    0    1  
   0    1    0    0    1    0    0    0    0    0    0    1    0    4    1    0    0    0    0    0    0    1    3    0    0    0    0    0    0    0    0    0    2    5    0    0    0    0    0    0    0    0    4    0    0    0    0    0    0    0  
   0    0    0    4    0    0    0    0    0    1    0    0    5    0    1    0    0    2    3    0    0    0    0    3    0    0    0    3    0    0    0    0    0    0    0    0    0    0    0    0    0    0    3    0    0    0    3    0    0    0  
   0    0    0    0    0    0    0    0    3    4    0    0    0    0    0    0    2    0    4    0    0    0    0    0    0    4    0    0    0    2    0    0    0    0    0    0    0    0    0    4    0    1    0    5    0    3    0    0    0    0  
   0    3    0    0    0    0    0    0    0    0    0    0    5    0    2    0    0    0    0    0    0    0    0    0    1    0    0    0    0    0    0    0    0    1    0    0    3    0    3    0    0    4    4    0    4    0    0    0    0    0  
   0    0    1    0    2    4    0    0    0    0    0    0    0    0    2    0    0    0    4    0    0    0    0    0    0    0    0    0    0    0    0    3    5    0    0    0    0    0    0    5    0    0    2    0    0    0    4    0    0    0  
   5    0    0    0    0    0    0    0    2    0    3    0    0    5    0    0    1    0    0    0    0    0    0    0    0    0    5    0    0    0    0    0    4    0    0    0    0    0    0    1    0    0    1    0    0    1    0    0    0    0  
   0    0    1    4    0    0    0    5    1    0    0    0    0    0    0    0    0    2    0    0    0    0    3    0    0    0    2    0    0    0    0    0    2    0    0    0    0    3    1    0    0    0    0    0    0    0    0    0    0    0  
   0    5    0    1    0    0    0    0    0    0    0    0    0    1    0    2    0    3    0    0    4    4    0    0    0    0    0    0    0    0    0    0    3    0    3    0    0    0    0    0    0    0    0    0    0    0    4    0    0    0  
   0    1    0    5    0    0    0    0    0    3    0    0    2    0    0    0    0    0    0    2    0    0    4    0    0    0    0    0    0    0    0    2    0    0    0    5    0    0    0    0    0    0    0    5    0    0    0    0    3    0  
   3    0    0    0    0    1    1    0    0    0    0    0    0    0    0    0    0    4    0    0    0    0    0    0    0    1    0    0    5    0    0    0    0    4    0    0    0    0    0    0    0    0    0    2    0    4    0    5    0    0  
   0    2    0    4    0    0    0    0    0    0    3    4    0    0    0    0    0    5    0    0    0    0    0    4    0    0    0    0    0    0    0    0    0    0    1    0    0    0    0    0    1    0    0    3    0    0    0    0    2    0  
   0    0    0    0    0    0    0    0    2    0    0    0    0    0    0    0    0    2    0    0    0    1    0    0    4    0    0    0    3    0    2    0    0    3    0    0    2    0    5    0    0    0    0    0    0    0    3    0    0    0  
   0    4    1    0    0    0    0    0    0    0    5    0    0    0    4    0    0    0    0    0    0    0    0    0    0    0    0    2    2    0    0    0    1    0    4    4    0    0    0    0    0    0    0    0    0    3    0    0    0    0  ] 
BUDGETS : [    2    4    7   10   11   12   13   15   15   17   17   18   19   24   27   28   28   29   33   39   43   45   45   48   50   50   59   60   60   65   67   70   71   72   73   74   76   78   79   80   81   84   86   86   94   95   96   96  100  100  102  105  109  111  112  116  122  123  124  129  132  135  137  138  142  143  145  146  147  147  148  152  152  152  154  155  155  156  158  159  161  163  166  170  176  181  183  184  186  187  189  190  191  194  194  196  199  199  199  200  ] 
