K : 50
I : 5
PREFERENCES : [    4    3    5    4    3  
   5    3    4    5    3  
   3    5    5    4    5  
   4    3    3    5    3  
   5    3    4    5    3  
   5    5    4    3    4  
   3    5    4    5    5  
   3    4    3    5    5  
   3    3    3    4    5  
   5    4    5    5    3  
   4    3    3    4    5  
   5    4    5    3    5  
   3    5    4    4    5  
   5    3    4    4    3  
   4    4    4    3    5  
   5    4    5    5    3  
   5    3    5    4    4  
   3    5    5    5    4  
   4    5    3    4    5  
   3    4    5    4    3  
   4    4    3    5    3  
   5    4    5    5    3  
   3    5    5    4    4  
   5    5    5    3    4  
   5    5    5    4    3  
   4    3    5    5    5  
   4    3    5    5    4  
   3    5    5    5    4  
   4    4    3    5    3  
   3    5    4    4    4  
   5    3    5    3    4  
   3    4    5    5    5  
   3    3    5    4    3  
   5    4    3    5    3  
   5    5    3    4    5  
   5    5    4    3    4  
   5    3    4    5    4  
   5    5    4    4    3  
   5    3    4    5    3  
   3    4    4    4    5  
   3    4    5    4    4  
   5    3    4    5    4  
   5    3    4    4    4  
   5    4    3    4    4  
   5    3    5    4    5  
   3    4    3    5    3  
   4    4    4    3    5  
   3    5    4    3    3  
   4    4    5    3    4  
   4    5    4    3    4  ] 
BUDGETS : [    1    1    1    7    9    9   18   22   22   23   24   25   29   34   39   39   43   44   45   46   46   47   48   49   49   50   54   54   54   55   55   57   59   62   66   68   68   72   73   74   78   79   81   84   94   95   96   96   97   99  ] 
