K : 150
I : 75
PREFERENCES : [    0   71    0    0    0   64    0    0    0    0    0   68   75    0   62    0    0    0    0    0    0    0    0    0    0    0    0   73    0    0    0    0    0    0   63    0    0    0    0    0    0    0   70    0    0    0    0    0    0   68    0    0    0    0   67    0    0    0    0    0    0   72    0   65    0    0    0    0    0   74   66    0    0    0   69  
  74    0    0   71    0   72    0    0    0    0    0    0    0    0    0    0    0    0    0    0    0   70    0    0    0    0    0    0    0    0    0    0    0    0   63    0    0    0   73   62    0    0    0   69    0    0    0    0    0   75    0    0    0    0   68   72    0    0    0    0    0   67   65    0    0    0    0   64    0    0    0    0   66    0    0  
   0   75    0    0    0    0   73    0    0    0    0    0   64    0    0    0    0    0    0    0    0   72    0    0    0    0   65    0    0    0    0    0    0   66    0    0    0    0    0    0    0   68    0    0    0    0    0    0    0   63   71    0    0    0    0    0    0   69    0    0    0    0    0    0    0   74   70    0   62    0    0   67    0   75    0  
   0    0    0    0    0    0    0    0    0    0    0    0    0    0    0    0    0    0    0    0    0    0   69    0    0    0    0   64   72    0    0    0    0    0    0   75    0   68    0    0    0   65    0    0    0    0    0    0   68    0   63    0   73   66   70    0    0   67   62    0    0    0    0    0    0   71    0    0   74    0    0    0    0    0    0  
  73   62    0   71    0    0    0    0    0    0    0    0    0    0    0    0    0    0    0    0    0   63    0   72    0    0    0    0   64    0    0    0    0   66    0    0   75    0    0    0    0    0    0    0   74    0    0   68   67   65    0    0   70    0    0    0    0    0    0    0    0   69    0    0    0    0    0    0    0   65    0    0    0    0    0  
  64    0   66    0    0   73   71    0    0    0    0    0   68    0    0    0   65    0    0    0    0    0    0    0    0    0    0    0    0    0    0    0   69    0    0    0    0    0    0    0    0    0   67    0   72    0    0    0    0    0    0   70    0    0   63    0    0    0    0    0    0    0   74    0   70   62    0    0    0    0    0    0   75    0    0  
  72    0    0    0    0   69    0    0    0    0   63    0    0    0    0    0   74    0   65   66    0    0    0    0    0    0   71    0    0    0    0    0    0    0   62    0    0   70    0    0   69    0    0    0    0    0    0    0   75    0    0    0    0    0    0   67    0    0    0    0    0    0    0    0   64    0    0    0    0   73    0   68    0    0    0  
   0   65    0    0   70    0   68   67   74    0    0    0    0   75    0    0    0    0    0    0    0    0    0    0    0   66    0    0    0    0   63    0    0    0    0    0    0   75    0    0   71    0   62    0    0    0    0    0    0    0    0    0    0    0    0   73    0    0    0   64    0   69    0    0    0    0    0   72    0    0    0    0    0    0    0  
   0    0   69    0    0    0    0    0    0   74    0    0    0    0    0    0    0    0    0    0    0    0   70    0    0    0   75   66   71    0    0   68    0    0    0   62    0   73    0   65    0    0   63   64    0    0    0    0    0    0   63    0    0    0    0    0    0    0   72   67    0    0    0    0    0    0    0    0    0    0    0    0    0    0    0  
   0    0    0    0   68    0    0    0    0    0   69   62   73    0    0    0    0    0   71    0   64    0    0    0    0   72    0   63    0    0    0   65    0    0    0   74    0    0    0    0    0    0    0    0    0    0    0    0    0    0    0    0    0   67    0    0    0   70    0    0    0    0   74    0    0    0    0    0   66    0    0   75    0    0    0  
   0   71    0    0    0    0    0    0    0    0    0    0    0    0   67    0    0    0    0    0    0    0    0    0    0    0    0    0   65    0   64   73    0    0    0    0    0    0    0    0    0   63    0    0    0    0    0   72    0   70    0   69    0    0    0    0    0    0    0    0    0   75    0    0    0   62   73   68    0   66    0    0    0   74    0  
  69    0    0    0    0    0    0    0    0    0    0    0    0    0    0    0    0    0    0    0    0   63    0   75    0    0    0    0    0    0    0    0    0    0    0    0    0    0    0    0    0   68   74   70   71   62    0   73    0    0    0    0   66    0    0    0    0   64    0    0   65    0   66   72    0    0    0    0    0    0    0    0    0    0   67  
   0    0    0    0    0   67    0   72    0    0    0    0   73    0    0    0    0    0    0    0    0    0   68    0    0   64    0   74   75    0   65    0    0    0    0   70    0    0   63    0    0    0   66    0    0    0    0    0    0    0    0    0    0    0    0    0    0    0   71   75    0   69    0    0   62    0    0    0    0    0    0    0    0    0    0  
   0    0   71    0    0   73    0    0    0    0    0    0   67    0    0   68    0    0    0    0   66    0    0    0    0    0    0    0    0    0    0    0   74    0    0    0    0    0    0    0    0    0    0    0    0    0    0    0   72    0    0   68   62    0    0    0    0   75    0   64    0   65    0    0    0   63    0   70    0    0   69    0    0    0    0  
   0    0    0   62    0    0    0   68    0    0    0    0    0    0    0   73    0   67    0    0    0    0    0    0    0    0    0    0    0    0    0    0    0    0    0    0    0    0    0    0    0    0    0   75    0    0    0    0    0    0    0    0   63    0   64    0    0   71    0    0   74   70    0   65   66    0   66   69    0    0   72    0    0    0    0  
   0    0    0    0    0    0    0    0    0   63    0    0   74    0    0   70    0    0    0   71    0    0   73    0    0    0    0    0    0   62    0    0    0    0   69    0    0    0    0   66    0    0    0   75    0    0    0    0    0    0    0    0   64    0    0    0    0    0    0    0   69    0    0    0   72    0    0    0    0   65    0    0   67    0   68  
   0    0    0    0    0    0    0    0    0    0    0    0    0    0    0   65    0    0    0    0    0    0    0    0    0   75    0   73    0    0    0    0    0   71    0    0   74    0   72    0   66    0   70    0   69    0    0    0    0    0    0    0   63    0    0    0    0    0    0    0   66   62   68    0    0    0    0   64    0    0    0    0    0   67    0  
   0    0    0    0    0    0   73    0    0    0    0   70    0   64    0   68    0    0    0    0    0    0    0    0    0    0    0    0    0    0    0    0    0    0    0    0   74   67    0    0   75    0   62    0    0    0    0    0    0   71   69    0   63    0    0   72    0    0    0    0    0    0    0    0    0   66    0    0    0    0    0   66    0    0   65  
   0    0   67    0    0    0    0    0    0    0   63    0    0    0    0    0    0    0    0    0    0   64    0   73    0    0    0   71    0    0    0    0   67   75    0    0   69    0   70    0   74    0    0    0    0    0   62   72    0   68    0    0   65    0    0    0    0    0    0    0    0    0   66    0    0    0    0    0    0    0    0    0    0    0    0  
   0    0    0    0    0    0    0    0    0    0    0    0    0    0    0    0    0    0    0    0    0   68    0    0    0   72    0    0    0    0   75   75    0    0    0    0    0   67   74    0    0   64    0    0   63    0   65   66   70    0    0    0    0    0    0   73    0    0    0    0    0    0    0   62   69    0    0    0    0    0   71    0    0    0    0  
   0    0    0   70    0   71    0   74    0    0   66    0    0    0    0    0    0    0    0    0    0    0    0    0   68   73    0    0    0    0   62    0    0   64    0    0   75    0    0    0    0    0    0    0    0   69    0    0    0   75    0    0    0    0    0    0   67    0    0    0    0    0    0    0   63    0    0    0    0    0   72   65    0    0    0  
   0   62    0    0    0    0    0    0    0    0    0    0   66    0    0    0    0    0    0    0    0    0   75    0    0    0    0    0    0    0   72    0    0    0    0    0    0   64   65   73    0    0   69    0    0    0    0    0   68    0   67    0   69    0    0    0    0    0    0    0    0   70    0    0   63    0    0    0    0    0    0    0    0   74   71  
   0   67   63    0    0   62    0    0    0    0    0    0    0    0    0    0    0    0    0    0    0    0    0    0   73    0    0    0   75    0    0    0    0   66    0    0    0    0   69   64    0    0    0    0    0    0    0    0    0    0   72   74    0    0    0    0    0   74    0    0   65    0    0    0    0    0   71    0    0    0    0   70    0    0   68  
   0    0   69    0    0   74    0    0    0    0    0    0   71    0    0    0   75    0    0    0   73   63    0    0    0    0    0    0    0    0    0    0   70   67    0    0    0    0    0   65    0   66    0    0    0    0    0   68    0   72    0    0    0    0    0    0    0   71   62    0    0    0    0    0    0    0   64    0    0    0    0    0    0    0    0  
   0   72    0    0    0    0   70    0    0    0    0    0    0    0   75    0    0    0    0    0    0    0   67    0   63    0    0   64    0    0    0    0    0    0    0    0    0    0   68    0    0   62   65   62   73    0   69    0    0   71    0    0    0    0    0    0    0    0    0    0    0    0    0   66    0   74    0    0    0    0    0    0    0    0    0  
   0    0    0    0   72   64    0    0    0    0    0    0    0   62    0   66    0    0    0    0    0    0    0    0    0    0    0   70   68    0    0    0    0    0    0    0   69    0    0    0   75    0    0   73   67    0    0    0    0    0    0    0    0    0    0    0    0    0    0   64    0   71    0    0    0    0    0   63   65    0    0    0   74    0    0  
   0    0    0   67    0    0    0    0   72   75    0    0    0    0    0    0    0    0    0    0    0    0    0    0    0    0    0    0    0    0    0   73    0    0    0    0    0    0   65    0    0    0   74    0   64    0    0   69   66   62    0   71    0    0    0   70    0    0    0    0    0    0    0   68    0    0    0   63    0    0    0    0    0   63    0  
   0   64    0    0    0    0   63    0    0    0    0   62    0    0   66    0    0    0    0    0    0   73   71    0    0    0    0    0   65   75    0    0    0    0    0    0    0    0    0    0    0   67    0    0    0   70    0    0    0    0    0    0    0   69   72    0    0    0    0    0    0    0    0   68    0    0    0    0    0    0    0   74    0   68    0  
   0   73    0    0    0   68    0    0    0    0    0    0    0    0    0   70    0    0    0   65    0   69   63   74   66   67    0    0    0    0   75    0   71    0   65    0    0    0    0    0    0    0    0    0    0    0   62    0    0    0    0    0    0    0    0    0    0    0    0    0    0    0    0    0   64    0    0    0    0    0    0    0   72    0    0  
   0   71    0    0    0    0    0    0    0    0   72   67    0    0   73    0   68   65    0    0    0    0    0    0    0    0    0    0    0    0    0   70    0   69    0    0   62    0    0    0    0    0    0    0    0   74    0    0   64    0    0   63    0    0    0   75    0    0   70    0    0    0    0    0   66    0    0    0    0    0    0    0    0    0    0  
   0    0   62    0    0    0    0    0    0    0    0    0    0   64    0    0    0    0   68    0    0   74    0   65    0    0    0    0    0    0    0   71    0    0    0    0    0   73    0    0    0   72   67    0    0   69   63    0    0    0   75   66    0    0    0    0    0   68    0    0    0    0    0    0    0    0    0   70    0    0    0    0    0    0    0  
   0   74    0   66   64    0   63   70    0    0   68    0    0    0    0    0    0    0   71    0    0    0    0    0    0    0    0    0    0    0    0    0   62    0    0    0    0   67    0    0    0    0    0    0    0    0    0    0   69    0   75   73    0    0    0    0    0    0    0    0    0    0   69    0    0    0    0    0   72    0    0   65    0    0    0  
   0    0   70    0   63    0    0   65    0    0    0    0    0    0    0    0    0    0   72    0    0    0    0    0   64    0    0    0    0    0    0    0    0    0   75   69    0    0    0   66    0    0    0    0    0    0    0    0    0    0    0    0    0    0   67    0    0   62   71    0    0   68    0   74   69    0    0    0    0    0   73    0    0    0    0  
  71   72    0    0   64    0   74    0    0    0    0    0    0    0    0   66    0    0    0   65    0    0    0    0   70   75    0   63    0    0    0    0    0    0    0    0    0    0    0    0    0    0    0    0    0    0    0    0    0    0    0    0    0   63    0    0   68    0    0    0    0    0    0    0    0   62    0   73    0    0   69    0    0    0   67  
   0    0    0    0   75    0    0    0   67   62    0    0    0    0    0    0    0   71    0    0    0    0    0   63   70    0    0    0    0    0    0    0    0   68    0    0    0    0    0   70   74    0    0    0    0    0    0   73    0    0    0    0    0   66    0    0    0    0   65    0    0    0   64    0    0    0   69    0   72    0    0    0    0    0    0  
  74   70    0    0    0   67   69    0   64   62   67    0   75    0    0    0    0    0    0    0    0    0    0    0    0   71   63    0    0    0    0    0    0   65    0    0    0    0    0    0    0    0    0    0    0    0    0    0   73    0    0   72    0    0    0    0    0    0    0    0    0    0    0    0    0    0    0    0   68    0    0    0    0    0   66  
   0   66    0   65    0    0    0   70    0    0    0    0    0    0    0    0    0    0    0    0    0    0    0   72   69    0    0    0    0   63    0    0   67    0    0    0    0    0    0    0    0    0   66    0    0    0    0    0    0   62    0   75    0    0    0    0    0    0    0    0    0    0   71    0    0   74   68    0    0    0    0    0    0   64   73  
   0   72    0    0    0    0   73    0    0    0    0    0   63   71    0    0    0    0    0    0    0    0    0    0    0    0    0    0    0    0   62   69    0   64    0    0    0    0   68    0    0    0    0   74    0    0    0    0    0    0    0    0    0    0    0    0    0    0   67    0    0    0    0   71    0    0    0   66    0    0    0   65   70   75    0  
  72    0    0    0    0    0    0    0    0    0    0   64    0    0   72   65    0   74    0   75    0    0    0    0    0    0    0   73    0    0    0    0    0    0    0    0    0    0   70    0    0    0    0   69    0   62   71    0    0    0    0    0    0    0    0    0   67    0    0    0    0    0    0    0    0   66    0    0    0    0    0   63   68    0    0  
   0    0   74    0    0    0    0   72    0    0    0    0    0    0    0   65    0    0    0    0    0    0    0    0    0    0    0    0    0    0    0    0   63   64    0   73    0    0    0    0   67    0    0    0    0   66    0    0    0    0    0   75    0   70    0    0    0    0    0   62    0    0   68   74    0    0   71    0    0    0    0    0    0   69    0  
   0   63    0   62    0    0   68    0    0    0    0    0   69    0    0    0    0    0   66    0    0    0    0    0    0    0    0    0    0   73    0    0    0    0    0    0    0    0   73   70    0    0   65    0    0    0    0   64   67    0   72    0    0   71    0    0    0   75    0   74    0    0    0    0    0    0    0    0    0    0    0    0    0    0    0  
   0    0    0    0    0   75    0    0   62    0    0    0    0    0    0   71    0    0    0    0    0    0    0    0    0   65    0    0    0    0   64    0    0    0   66    0   73    0   70    0    0   72    0    0    0    0    0    0   72   74    0   69    0    0   67    0    0    0    0    0    0    0    0    0    0    0   68    0    0   63    0    0    0    0    0  
   0    0    0    0    0    0    0    0    0    0    0   71    0    0    0    0   74    0    0    0    0    0   69    0    0    0    0   64   66   62    0    0    0    0    0    0    0   67    0   70    0    0    0    0   75   72    0    0    0    0   63   68    0    0    0    0    0    0    0    0    0    0    0    0    0   65   66   73    0    0    0    0    0    0    0  
   0   74    0    0    0    0    0   63    0    0    0    0   75    0    0    0    0    0    0    0    0   64    0    0    0   71    0   73   64    0    0    0   65    0    0    0    0    0    0    0   72    0    0    0    0   69   68    0    0   62    0    0   70    0    0   66    0    0    0    0    0    0   67    0    0    0    0    0    0    0    0    0    0    0    0  
   0   73    0    0   66    0    0    0   68    0    0    0    0    0   74    0    0    0   71   75    0    0    0    0   65    0    0    0    0    0    0    0    0    0    0    0   72    0   69    0    0   63    0    0   62    0    0    0    0    0    0   70    0    0    0    0   64    0    0    0    0   67    0    0    0    0    0    0    0    0    0    0   67    0    0  
   0    0    0    0    0   69    0    0    0   75    0    0    0   64    0    0    0    0    0    0   74   63   70    0    0    0    0    0   66   68    0    0   67   62    0    0    0    0    0   65    0    0   71    0    0    0    0   68    0    0    0    0    0    0   72    0    0    0    0    0    0    0   73    0    0    0    0    0    0    0    0    0    0    0    0  
   0    0    0   66    0    0   73    0    0    0    0    0    0   72   69    0    0    0    0    0   75    0    0    0    0    0   62   65    0    0   70    0    0    0    0    0    0   73    0    0    0   67    0    0   74    0    0    0   64    0    0    0   63    0    0   71    0    0    0    0    0    0    0    0    0    0    0   68    0    0    0    0    0    0    0  
  68    0    0    0    0    0    0   72    0    0    0   62    0    0    0    0    0   70    0    0    0    0    0    0   66    0   73    0    0    0   65    0    0    0    0   74   62   75    0   67    0    0    0    0    0    0   63    0    0    0    0    0    0    0    0    0    0    0   64    0    0    0    0    0    0    0    0    0   71    0    0    0    0    0   69  
   0   64    0   75   68    0   69    0    0    0    0    0    0    0    0    0   62    0   63    0    0    0    0    0    0    0    0   73    0    0    0    0    0    0    0    0    0    0   67    0   74    0   65   71    0    0    0    0    0    0    0   74   66    0    0    0    0    0    0    0    0    0   70    0    0    0    0    0    0    0    0    0    0   72    0  
  66    0    0    0    0    0   75    0    0    0   64    0    0    0   74    0    0   62    0   67    0    0    0    0    0    0    0    0    0    0    0    0    0   63    0    0    0    0   69    0    0    0   71    0    0    0    0    0    0   65    0   73    0    0    0    0    0    0   74    0    0    0    0   72    0    0    0    0   70    0    0   68    0    0    0  
  72    0    0    0    0    0   67    0    0    0    0    0    0    0    0    0   69    0    0   65    0    0    0   70    0    0    0    0    0    0    0   71    0    0    0   73    0    0    0   62    0   75    0    0    0    0   63    0    0    0    0    0    0   68    0    0    0    0   70    0   74    0    0    0    0    0    0    0    0    0    0   66    0   64    0  
   0   73    0    0    0   71    0    0    0    0    0    0    0    0    0   72   68    0    0   74   65    0    0    0   70   69   63    0    0    0    0    0    0    0    0    0    0   64   75    0   67    0    0    0    0    0   66    0    0    0    0    0    0    0    0    0    0    0    0    0    0   72    0    0    0    0    0    0    0   62    0    0    0    0    0  
   0    0    0    0    0    0    0    0    0    0    0    0    0    0    0    0    0    0   71   74    0    0   72    0    0   68   73    0   66    0    0    0    0   65    0   70   63    0   64   67    0    0   69    0    0    0    0    0    0    0    0    0    0    0    0    0   74    0    0    0   75    0    0    0    0    0   62    0    0    0    0    0    0    0    0  
   0    0    0    0    0    0    0    0    0    0    0    0    0    0    0    0   62    0    0    0    0   75   71   67    0    0   63    0   70    0   64    0   68    0    0    0    0    0   69    0    0    0   74    0    0    0    0   73    0    0   72    0    0    0    0    0    0    0    0    0    0    0    0    0    0    0   62    0    0    0    0   65    0   66    0  
   0    0   62    0    0    0    0    0    0    0    0    0    0    0    0    0    0    0    0    0    0   75    0    0    0    0   67    0    0    0    0   65    0    0    0    0    0    0    0    0   66    0   64    0    0    0   74   73    0    0    0   68   71    0    0   69    0    0    0   63    0    0    0    0    0    0    0    0   70    0   72    0   71    0    0  
  72    0    0    0    0   74   68    0    0    0   67    0    0    0    0    0    0   71    0   73   66    0   69    0    0    0    0    0    0    0    0   63    0    0    0    0    0    0   64    0   67    0    0    0    0   70   62    0    0    0    0   75    0    0    0    0    0    0    0    0    0    0    0    0   65    0    0    0    0    0    0    0    0    0    0  
   0    0    0    0    0    0    0    0    0    0   64   71    0    0    0    0    0    0    0    0    0    0    0    0   75    0    0    0    0    0    0    0   70    0    0    0    0   74   66   65    0   63    0    0   66    0    0    0    0    0    0    0    0    0    0   62    0    0    0    0    0    0   73    0    0    0   68   69    0    0   67    0    0    0   72  
   0   66    0    0    0    0    0    0    0    0    0    0    0   68    0   71    0    0    0    0    0    0    0    0   69    0    0   63    0    0    0    0    0    0    0   67    0    0   72   71    0   74   75    0    0    0    0    0    0    0   70    0   62   65    0    0    0    0    0    0    0    0    0    0    0   64    0    0    0    0    0    0    0   73    0  
   0    0    0    0   75    0   64   74    0    0    0    0    0    0    0   68    0   65    0   72    0    0    0   66   69    0    0    0    0   70   71    0    0    0    0    0    0    0    0    0    0    0    0    0    0    0    0    0   62    0   73    0    0    0   74    0    0    0    0    0    0    0    0   63    0    0   67    0    0    0    0    0    0    0    0  
  72    0    0    0    0    0    0    0   70    0    0    0    0    0    0    0    0   73    0    0   71    0    0    0    0    0    0    0    0   75    0    0    0    0    0    0   64    0   72   69   68    0    0    0   74    0   65    0    0    0    0    0    0   63    0   62    0    0    0   66    0    0    0    0    0    0   67    0    0    0    0    0    0    0    0  
   0    0   65   70    0    0    0    0    0    0    0    0   67    0    0    0    0    0    0    0    0    0   69    0    0    0    0    0    0    0    0   64    0   73    0    0   64    0    0   74    0    0    0    0   75    0   68    0    0    0    0    0    0    0    0    0   62    0    0    0    0    0    0    0   63    0   71    0   72    0    0    0    0    0   66  
   0    0    0    0    0    0   69    0    0    0   64   70   62    0    0    0    0    0    0    0    0    0   68    0    0    0    0    0    0    0    0    0    0   67   71    0   70    0    0    0   72    0   73    0    0    0    0    0   65    0    0    0   75    0    0    0    0   74    0   63    0    0    0    0    0    0    0    0    0    0    0    0    0   66    0  
   0    0    0    0    0    0    0   64    0   70   71    0    0    0    0    0    0    0    0    0    0   75   68   74    0    0    0    0    0    0   66    0   65   69    0    0    0    0    0    0    0    0    0    0    0    0    0   63   68    0    0    0    0    0    0    0    0    0   62    0    0    0    0   72   67    0    0    0    0    0   73    0    0    0    0  
   0    0    0    0    0    0   70   67    0    0    0    0    0    0    0    0    0    0    0    0    0    0    0    0    0    0    0    0   75   67    0    0    0    0    0    0    0    0    0    0    0    0    0    0    0    0    0   69    0    0   72   63    0   65   73    0   74   62   66    0   68    0    0    0    0   64    0    0    0    0    0    0    0    0   71  
  73    0   72    0   69    0   68    0   70    0    0    0   62    0    0    0    0    0    0    0    0   75    0    0    0    0    0    0   67    0   71   66    0    0    0    0    0    0    0    0    0    0    0    0   74    0    0    0    0   63    0    0    0    0    0    0    0    0   64   65   63    0    0    0    0    0    0    0    0    0    0    0    0    0    0  
   0    0    0    0    0    0    0    0    0   65    0   75    0    0   72    0   67    0    0    0    0   64    0    0   63    0    0    0    0    0    0    0   71    0    0   74   69   74    0   73    0    0    0    0    0    0    0    0    0   66   62    0    0   70    0    0    0   68    0    0    0    0    0    0    0    0    0    0    0    0    0    0    0    0    0  
   0    0   63    0    0    0   72    0    0    0   70    0    0   68    0    0    0   71   74    0    0    0    0    0    0   65   73    0    0    0    0    0    0    0    0    0   62    0    0    0    0    0   67    0    0    0   69    0   64    0    0    0    0    0    0    0    0   65    0    0    0    0    0    0    0    0    0    0    0   75    0    0   66    0    0  
   0    0    0    0    0    0    0    0    0    0   64   63    0    0    0    0    0    0    0    0   75    0    0    0   71   67    0    0    0    0    0    0    0    0    0    0    0   68   66    0    0   70   62    0   69    0    0    0    0    0    0    0   64    0   73   72    0    0   65    0    0    0   74    0    0    0    0    0    0    0    0    0    0    0    0  
   0   66    0    0    0    0    0    0    0   63    0    0    0    0   75   75   74    0    0    0    0   67    0    0    0    0    0    0   71    0   69    0    0   72    0    0   70    0    0    0    0    0   73    0    0    0   65    0    0    0    0    0    0    0    0    0    0    0    0    0    0   64    0    0    0    0   68   62    0    0    0    0    0    0    0  
   0    0    0   67    0    0    0    0    0   64    0    0    0    0   73    0    0    0    0    0    0    0   69    0    0    0    0    0   75    0   75    0   68    0    0    0   65    0    0    0    0    0    0    0    0    0    0    0    0    0    0   70    0    0   74   66    0    0   72    0   63    0    0    0    0    0    0   71    0    0    0    0    0    0   62  
   0    0    0    0    0    0    0    0    0   71    0    0    0    0    0    0    0    0    0    0    0   72    0    0    0    0    0   67    0    0    0   68   66    0   67    0    0    0    0    0    0    0    0    0    0    0   73    0    0    0    0    0    0   70    0    0    0    0    0   75    0    0   63    0   65    0    0   69   74   62    0    0    0    0   64  
   0    0    0    0    0    0    0    0    0    0    0    0    0    0   73    0    0   70    0    0    0    0    0   69    0    0    0    0    0   74    0    0    0   62    0    0   67    0    0    0   65    0   75    0    0    0    0    0    0   63   71    0    0    0   64    0    0   68    0    0    0   74    0    0    0    0    0    0   66    0    0   72    0    0    0  
   0    0    0    0    0    0   72   66    0    0    0    0    0   67    0   62    0    0   68    0   64    0    0   74    0    0    0    0    0    0    0    0    0    0   68    0    0    0    0    0    0   75   70    0    0    0    0    0    0    0    0   73    0    0    0   63    0   69    0    0    0    0    0    0   71    0    0    0    0    0   65    0    0    0    0  
   0    0    0    0    0    0    0    0    0   72    0    0    0    0   68    0    0   66    0    0    0   69    0    0    0    0    0    0    0    0    0    0   63    0    0   65    0    0   73   70   64    0    0   62   74    0    0    0   67    0    0    0   71    0    0    0    0    0    0   69    0    0    0    0    0   75    0    0    0    0    0    0    0    0    0  
   0    0    0    0    0   67    0    0   70    0    0    0   73    0    0    0    0    0    0    0    0    0    0    0   63    0    0    0    0    0    0   73   64    0   71   68   62    0    0    0    0    0    0    0    0   66    0    0    0   75   69   65    0    0    0    0    0    0    0    0    0    0    0    0    0    0    0    0    0    0    0   72    0   74    0  
   0    0    0   70    0   67    0    0    0   67    0    0    0   72    0    0    0    0    0    0    0    0   68    0    0    0    0   75    0   69    0   66    0    0    0    0    0    0   73    0    0    0    0    0    0    0    0    0   63    0    0   74    0    0    0    0    0    0    0    0    0    0   71    0    0   65    0    0    0   64    0    0   62    0    0  
   0    0   65    0   69    0    0   68    0    0    0    0    0    0    0    0    0    0    0    0   68    0    0    0    0    0    0    0    0    0   70    0   71    0    0    0    0   62    0   67    0   72    0    0    0    0   66    0    0   74    0    0    0    0   75    0    0    0    0    0    0    0    0    0    0    0    0   64    0   63    0    0    0    0   73  
   0    0    0    0   66   67    0    0   64    0    0    0    0    0    0    0   74    0    0    0    0    0    0    0    0    0    0    0   75   75   72    0    0   62    0    0    0    0    0    0    0    0    0    0    0   70    0   65    0    0    0    0    0   69    0    0    0    0    0    0    0    0    0    0   63    0   68    0    0   73    0    0   71    0    0  
   0    0    0    0    0    0    0    0    0    0    0    0   75    0    0    0    0    0    0   72    0    0    0    0    0    0   69    0    0    0    0   73    0    0    0   68    0    0   63    0    0    0    0    0    0    0    0    0    0    0   74    0   62    0    0    0   66    0   67   70    0    0    0   71   65   70    0    0    0    0   64    0    0    0    0  
   0    0   68    0    0    0    0    0   75    0   74    0    0    0    0    0    0   67    0    0   65    0    0    0    0    0    0    0    0    0    0    0    0    0    0    0    0   69   66   62    0   64    0    0    0   63    0    0    0   70   73   72    0    0    0    0    0    0    0    0    0    0    0    0    0    0    0    0    0    0   71    0   70    0    0  
   0   62   66    0    0    0    0   65    0    0   69    0    0    0    0    0    0    0    0    0    0    0    0   75    0    0    0    0    0   68    0   63    0   74   73    0    0    0   72    0   67    0    0    0    0    0    0    0   69    0   70    0   71    0    0    0    0    0    0    0    0    0    0    0    0   64    0    0    0    0    0    0    0    0    0  
   0   71    0    0    0   68    0    0   72    0   64    0    0    0   75   73    0   69    0    0    0    0   65    0    0   66    0    0   63    0   74    0    0    0    0   70    0    0    0    0    0    0    0   67    0    0    0    0    0    0    0    0    0    0    0    0    0    0    0    0    0    0    0    0    0    0   64    0    0    0    0    0   62    0    0  
   0   74    0    0    0    0    0    0   65   72    0    0    0    0   70    0    0    0    0    0   64    0    0    0    0    0    0    0    0    0    0    0    0    0    0    0    0    0    0    0   67    0    0    0    0   66    0    0    0    0    0    0    0    0    0    0   62   71    0   63   69    0    0   74    0    0    0    0    0    0    0   68   75   73    0  
   0    0    0   69    0    0    0    0    0    0    0    0    0    0   70   75    0    0    0    0    0    0    0    0    0    0    0    0    0    0   62    0   71    0   74   68    0   66    0    0    0    0    0    0    0    0    0    0    0   67    0    0    0    0   64    0    0   63    0    0    0    0    0   65    0    0    0    0    0    0    0    0   73   74   72  
   0   70    0    0    0    0    0    0    0   67   68    0    0   69    0   75    0    0    0    0   62    0    0    0   71    0    0    0   66    0    0    0   72    0    0    0    0    0    0    0    0    0    0   64    0    0    0    0    0    0    0    0    0    0    0    0    0   63    0    0    0    0    0    0    0    0   74    0    0   71    0    0   73   65    0  
   0    0    0    0   68   66    0    0   62    0    0    0   73    0   69    0    0   74    0    0    0    0    0    0   65    0    0    0   62    0    0    0    0    0    0    0    0    0    0    0    0    0    0    0    0   75    0    0    0   67   63    0    0    0   64   72    0    0   71   70    0    0    0    0    0    0    0    0    0    0    0    0    0    0    0  
   0    0    0    0    0    0   71    0    0   70   63    0    0    0    0    0    0    0    0    0   73    0    0    0    0    0    0    0   64    0    0   68    0    0    0   72   66    0   62    0    0    0   74    0    0   65    0   67    0   75    0    0    0    0    0    0    0    0    0    0   69    0    0    0    0    0    0   62    0    0    0    0    0    0    0  
   0    0    0   66    0    0    0    0    0    0    0   65    0    0    0    0    0    0    0    0   67   73    0    0   71    0    0    0   70    0    0    0    0    0    0    0    0    0   62    0    0    0   69   72    0    0   68    0    0   63    0   64    0    0   66    0    0    0    0    0    0    0    0   74    0    0    0    0    0    0   75    0    0    0    0  
   0    0    0    0   69    0    0   68    0    0   70    0    0   73    0    0    0   64    0    0    0    0    0    0    0    0   66    0    0    0    0    0    0   63    0    0    0    0    0    0    0   72    0    0    0   67    0    0    0    0    0    0    0   74    0   65    0    0    0    0   71    0    0   66    0    0   75    0    0   62    0    0    0    0    0  
  64    0    0    0    0   66    0    0    0   62   67    0    0    0    0   70   69    0    0   72    0    0    0    0   75    0    0    0    0    0    0    0   63    0    0    0    0    0    0   65    0    0    0   71   74    0    0    0    0    0    0    0    0   73    0    0    0    0   68   71    0    0    0    0    0    0    0    0    0    0    0    0    0    0    0  
   0    0    0    0    0    0   70    0   66    0    0   75    0   63    0    0    0    0    0    0   74    0    0   71    0    0    0   64    0   68    0   62    0    0    0    0    0    0    0    0    0   69    0    0    0   67    0    0    0    0    0    0    0   72   65    0    0    0    0    0    0    0    0    0    0    0    0   70    0    0   73    0    0    0    0  
   0    0    0    0    0    0   65   69    0    0    0    0    0   74    0   68    0    0   72    0    0    0   66    0   71    0    0    0   75    0    0    0    0   64    0    0    0   67    0    0    0    0    0    0    0    0   73    0    0    0    0   69    0    0    0    0    0    0    0    0    0   63   62    0    0    0    0   70    0    0    0    0    0    0    0  
   0    0    0    0   63    0    0   71    0   69    0    0    0    0    0    0    0    0   67   65    0    0    0    0    0    0    0   63   70    0    0    0    0    0    0    0    0    0    0    0    0   72    0    0    0    0    0   68    0    0   62   64    0    0    0    0    0    0   73    0   74   75    0    0    0    0    0    0    0    0   66    0    0    0    0  
   0    0    0    0    0    0    0    0    0   75   73   64   70    0    0    0    0    0    0   67    0    0    0    0   74   68    0    0    0    0    0    0    0    0    0    0    0    0    0    0    0    0    0    0    0   62    0    0    0    0    0    0    0    0    0   65    0    0    0    0    0    0    0    0   75   71   63    0   72    0    0    0   66    0   69  
  65    0    0    0    0    0    0    0    0   64    0    0    0    0    0    0    0    0   68    0    0    0    0    0    0    0   67    0    0    0    0   65    0    0   63    0    0    0   73    0    0    0    0    0    0    0    0    0   72    0    0   74   62    0    0    0   69    0    0    0   70    0    0   71    0    0    0   75    0    0    0    0    0   66    0  
   0    0   68    0    0    0    0    0    0    0    0    0    0    0    0    0    0    0    0    0   72   64   67    0    0    0    0    0    0    0   73    0    0    0    0    0   62    0    0   63    0    0   69    0   75    0    0    0    0    0   71    0   70   65    0    0    0    0    0    0    0    0    0    0   66   63    0    0   74    0    0    0    0    0    0  
   0    0    0    0    0    0    0    0    0   64    0   75    0    0    0   74   73   72    0   70    0    0    0    0    0   62    0    0   74    0    0   69    0    0    0    0    0   65    0    0   66    0    0    0    0   63   68    0    0    0    0    0    0    0    0    0    0    0    0    0    0    0    0   71    0    0    0    0    0    0    0   67    0    0    0  
   0    0   73    0    0    0    0    0    0    0    0    0    0    0    0    0   67    0    0    0    0    0    0    0    0    0   70    0    0    0    0   64    0   65   62    0    0   72    0   71   63    0    0   69    0    0    0    0    0    0   68    0    0   74    0    0    0    0   75   62    0    0    0    0    0    0    0    0   66    0    0    0    0    0    0  
   0   63    0    0   69    0    0    0    0    0    0    0    0   71    0    0    0    0   71    0    0    0    0    0   62    0    0   68    0   72    0    0    0    0    0    0    0   65    0    0    0    0    0   70    0    0   73    0    0    0    0    0    0   67   64    0    0    0    0    0    0    0    0    0   74    0    0    0    0    0   75    0   66    0    0  
   0    0    0    0   63    0   72    0    0    0   69    0    0    0   70    0   74   68    0    0    0    0    0    0    0    0   62   67   75    0    0    0    0    0    0    0    0    0    0    0    0    0   64    0    0    0    0   73    0   71   69    0    0    0    0    0    0    0   66    0    0    0    0    0    0    0    0    0    0    0    0    0    0    0   65  
   0    0   75    0    0   65    0    0    0    0   70   73   71   69    0    0    0   74    0    0    0    0    0    0    0   64    0   63    0    0    0    0    0    0    0    0    0    0    0    0    0   62    0    0   66    0   67   72    0    0    0    0    0    0    0    0    0    0   62    0    0    0    0    0    0    0    0    0    0    0    0    0    0   68    0  
   0    0    0   62    0    0    0    0    0    0    0    0   70    0    0    0    0    0   67   68    0   73    0   75    0    0    0    0    0   66    0    0   65    0    0    0    0   71    0    0    0    0    0    0    0    0    0    0   64    0    0    0   74    0    0    0    0    0    0    0    0    0    0    0    0    0   69    0   63    0    0   72    0    0   67  
   0    0   68    0    0    0    0    0    0    0    0    0    0   69    0    0    0    0   65    0   67    0   63    0   71    0    0    0    0   75   67    0    0    0    0    0    0    0    0    0   73   62    0    0    0    0    0    0    0    0    0    0    0    0    0    0    0    0    0    0   64    0    0    0    0   72    0    0   74    0   70   66    0    0    0  
   0    0    0    0   68    0    0   72    0   62    0   75    0    0    0    0    0    0    0   69    0    0    0    0   74    0    0    0    0    0    0    0    0   66    0   71    0    0    0   65    0    0    0   64    0    0    0    0    0    0    0    0   73    0    0    0   63    0    0    0   63    0    0    0    0    0    0    0    0   70    0    0    0    0   67  
   0    0    0    0    0    0    0   75    0    0    0    0    0    0   63    0    0    0   68    0    0    0    0    0    0   69    0   66   73   62   66    0    0    0    0    0    0    0    0    0    0    0    0    0    0    0    0    0   70   65   64    0   72    0    0    0    0    0   71    0    0    0    0    0    0    0   74    0    0    0    0    0    0   67    0  
   0    0    0    0   67   74    0    0    0    0   68    0    0    0    0    0    0    0    0    0    0    0   63    0   64    0    0   75    0    0   65   66    0    0   71    0    0    0    0    0    0    0    0    0    0    0    0    0    0    0    0    0    0    0    0    0    0   62   74    0   69    0    0    0    0    0    0   72    0    0    0   70   73    0    0  
   0    0    0   71    0    0    0   64    0   63    0    0    0   73    0    0    0    0    0    0    0   65   75    0    0   70   68    0    0    0   74    0    0    0    0    0    0    0    0    0    0    0   62    0    0    0    0    0    0    0   69    0   66    0    0   72    0    0    0    0    0    0    0    0    0    0    0   66    0    0    0    0    0   67    0  
  65    0    0    0    0    0    0    0    0    0    0    0   63    0    0    0   70    0    0   73   72    0    0   64    0   66    0    0    0    0    0    0    0   74   69    0    0    0   75    0    0    0    0    0    0    0    0    0    0    0    0   74    0    0   71    0    0    0    0    0    0    0    0    0   67    0   62    0   68    0    0    0    0    0    0  
   0    0    0   68    0    0    0    0    0    0    0    0    0    0   62    0    0    0    0    0   69    0    0    0    0    0    0    0    0   75   64   65    0    0    0   74   67    0    0    0    0    0   64    0   73    0    0    0    0   72    0   71    0    0    0    0    0    0   70    0   63   66    0    0    0    0    0    0    0    0    0    0    0    0    0  
   0    0    0    0    0    0    0    0    0    0    0   64    0    0    0    0    0    0    0    0    0    0   71   62    0   66    0    0    0    0    0    0   68    0    0    0    0    0    0    0    0    0    0    0    0    0   63    0    0    0   67   65    0    0   75    0    0   70   71   73    0    0    0    0   69    0   74    0    0    0    0   72    0    0    0  
   0    0    0   75    0    0    0    0   66    0    0    0    0    0   66   69    0    0    0    0    0    0   68    0   67   62    0    0    0    0    0    0    0   63    0   72    0    0    0    0    0    0   70    0    0    0    0    0    0    0   71    0    0    0   73    0   74    0    0    0    0    0    0   65   64    0    0    0    0    0    0    0    0    0    0  
   0    0   66    0   73    0    0    0    0   65   63    0    0    0    0    0    0    0    0    0    0   69    0   62    0   62    0    0    0   74   70   71    0    0    0   64    0    0    0    0    0    0   72    0    0    0    0    0    0    0    0   75    0    0    0   68    0    0    0    0    0    0    0    0    0    0    0    0    0    0    0    0    0   67    0  
   0    0    0   75    0    0    0    0    0    0    0   62    0   75    0    0    0    0    0   71   74    0    0    0   64    0    0   66    0    0    0   72    0    0    0    0   68    0    0    0    0    0    0    0    0    0    0    0    0    0    0   69    0    0    0   63    0   73    0    0   65    0    0    0   70    0    0    0    0   67    0    0    0    0    0  
   0    0    0    0    0    0   65   74    0   69    0    0   73    0    0    0    0    0    0    0    0   62    0    0    0    0   66    0    0    0    0    0    0   63    0   71    0    0    0    0    0    0   64    0    0    0    0    0    0   70    0    0    0   72    0    0    0    0    0    0   68    0    0   75   67    0    0    0    0    0    0   67    0    0    0  
   0    0    0   75    0    0    0    0    0    0    0    0   67   73   66    0    0    0    0    0    0    0    0    0   71    0    0    0    0    0    0    0    0    0   69    0    0    0   74   64   65   68    0   63    0    0    0    0    0   72    0    0    0    0    0    0    0    0    0    0    0    0   70    0    0    0    0    0    0    0   65    0    0    0   62  
  75    0   70   72    0    0    0    0    0    0    0    0    0    0    0    0    0   71   74    0    0    0    0    0    0    0    0    0    0    0    0    0    0    0    0    0    0    0    0    0   69    0   66    0    0    0    0    0    0    0   63    0   62    0    0    0    0    0    0   64    0   67   68   68    0   65    0    0    0    0    0    0    0   73    0  
   0    0    0    0    0    0    0    0    0    0    0    0    0    0    0    0    0    0    0    0    0   70    0   71    0    0    0    0    0    0    0    0   72    0    0    0    0    0   65    0   66    0   74    0    0    0    0    0    0    0   68    0    0    0    0   69    0    0    0    0   67    0   63   64    0    0    0    0   75   62   73    0   72    0    0  
   0    0    0    0    0   71    0    0    0   72    0   62    0    0    0   64    0    0    0    0    0   67    0    0    0   74    0    0    0    0    0    0    0    0    0    0    0    0    0    0    0    0    0   68    0   73    0   70   69   65    0    0    0   75    0    0    0   63    0    0    0   74    0   66    0    0    0    0    0    0    0    0    0    0    0  
  65    0    0    0    0    0    0    0    0    0    0    0    0    0    0    0    0    0    0    0    0    0    0    0    0   67    0    0   66   70   72    0    0    0   74    0    0    0    0    0    0   64    0    0   65   68   75    0   71    0    0    0   69   62    0    0    0    0    0    0    0    0    0    0   63    0    0    0    0    0    0   73    0    0    0  
   0    0    0    0    0    0    0    0    0   74    0   66   71   72    0    0    0    0    0    0    0    0   73    0    0    0    0    0   75   65    0    0    0    0    0    0    0    0   63    0    0    0    0    0    0    0   69   70    0   67   62    0    0    0    0    0    0    0   68   64    0    0    0    0    0   63    0    0    0    0    0    0    0    0    0  
  66    0    0    0    0    0    0    0    0    0   75    0    0    0    0    0   71    0    0   65    0    0    0    0   71    0    0    0    0   68   63    0    0    0    0    0    0    0    0   74    0   69    0    0   73    0    0    0    0    0    0    0    0   72    0    0    0    0    0    0   64    0    0    0   62    0    0    0   70    0    0    0    0   67    0  
   0   68    0    0    0    0   65    0    0    0    0    0   74    0    0    0    0    0   69   73    0   64    0    0    0    0    0   66    0    0    0    0    0    0   70    0    0    0    0   67    0    0    0    0    0    0   65    0    0   62    0    0    0    0    0   71    0    0    0    0    0    0    0    0    0    0   75    0    0   72    0    0    0   63    0  
   0    0    0    0   62    0   68    0    0    0    0    0    0   72    0    0    0    0   71   75    0    0    0    0    0    0    0    0   66   65   74   73    0    0    0    0    0    0    0    0    0   67    0    0    0    0    0    0    0    0   70    0    0    0    0   74   63   64    0    0    0    0   69    0    0    0    0    0    0    0    0    0    0    0    0  
   0    0    0    0    0    0   63    0   62   68    0    0    0    0    0    0    0    0    0    0    0    0    0    0    0    0   65    0    0    0    0    0    0    0    0   75    0    0    0    0    0   66    0    0    0    0    0    0    0    0    0    0    0   69    0   70    0    0    0    0   72   74    0    0   73   71    0    0    0   63    0   64   67    0    0  
   0    0    0    0    0    0    0    0    0    0    0    0    0    0    0    0    0   70    0    0    0    0   72    0   71    0    0    0    0   65   66    0    0    0   74    0    0    0    0    0   62    0    0    0   73    0    0    0    0    0    0   74    0   67    0   63    0   69    0   64    0   68    0    0    0    0   75    0    0    0    0    0    0    0    0  
   0    0    0    0    0   73    0    0    0    0    0    0    0    0    0    0    0    0    0    0    0    0    0    0    0    0    0    0    0   71    0    0    0    0   65    0    0    0   75    0   69    0    0    0    0    0    0   75    0    0   64    0    0   67    0    0    0   68    0    0    0   63    0    0    0    0   70   72    0   66   74    0    0   62    0  
   0    0    0    0    0   72    0    0   69    0    0    0   75    0    0    0    0    0    0   66    0    0    0    0   69    0    0   67    0    0   73    0    0    0    0    0    0    0    0    0    0    0   70    0   71    0    0    0    0    0    0    0    0    0   68    0    0    0    0    0    0    0    0   64    0    0   62    0   65    0    0   63    0    0   74  
   0    0   71    0    0    0    0    0    0   68    0    0   64    0    0   62    0    0    0    0    0    0    0    0    0    0    0    0   63    0    0   70   74    0   73   75    0    0    0   72    0    0    0    0    0    0    0    0   65    0   69    0    0    0    0    0   67    0    0    0    0    0    0    0    0    0    0    0    0    0   72   66    0    0    0  
   0    0    0    0    0    0    0    0   66   68    0    0    0   70    0    0    0    0    0    0    0    0   74    0    0   69   62    0   73    0    0    0    0    0    0    0   75    0   63    0    0   74    0    0    0    0    0    0   72    0    0   71   67    0    0    0    0    0    0    0    0    0    0    0    0   65    0    0   64    0    0    0    0    0    0  
   0    0   67   65    0    0    0    0    0    0    0   63    0    0    0   68   75    0    0    0    0   68    0    0    0    0    0    0    0    0    0   64    0    0    0    0    0   71   62    0    0   69    0    0   74    0    0    0   73    0    0    0    0    0   70    0    0   72    0    0    0    0    0    0    0    0    0   66    0    0    0    0    0    0    0  
   0   71    0    0    0    0    0    0   67    0    0   70    0   64    0    0    0    0   65    0    0   66    0    0    0    0    0   72    0    0    0    0    0    0    0    0    0    0    0    0   63    0   74    0   69   73    0    0   62    0    0    0    0    0    0    0    0    0    0    0    0    0    0    0    0   75    0    0    0    0    0    0   68   68    0  
   0   66    0    0    0    0    0    0    0   69    0    0   74    0    0    0    0    0   68    0    0   64    0    0    0    0    0    0    0    0    0    0    0   63    0    0    0    0    0    0   71   75    0    0    0    0    0    0    0   65    0    0    0    0   72    0   73    0    0    0    0    0    0    0    0    0   64    0    0    0   67   70   62    0    0  
   0    0    0    0    0    0   73    0    0    0   62    0    0    0   65    0    0    0    0    0    0   72    0    0   71    0    0    0   66   75    0    0    0    0   64    0    0    0   63   67    0    0    0   70    0    0    0    0    0    0    0    0    0    0   74    0    0    0    0    0    0    0   68    0    0   72    0    0    0    0    0    0   69    0    0  
   0   68    0    0   73   64    0    0    0    0    0    0   65    0    0    0    0    0    0   74   69    0    0    0    0    0    0    0    0   72    0    0    0    0   63    0    0   70    0    0    0    0    0    0    0    0    0    0    0    0    0    0    0    0   75    0    0   66    0   75   67    0    0    0    0    0    0    0   62    0    0    0   71    0    0  
  67    0    0    0    0    0    0    0    0    0    0    0    0    0    0    0   71   64    0   65    0    0    0    0    0    0    0    0   62   74    0    0   69    0    0    0    0    0    0   67   66    0    0    0    0    0    0    0    0    0    0   70    0    0    0    0   68    0    0    0    0    0    0   75    0    0    0    0   63   72    0    0    0    0   73  
   0   75    0    0    0    0    0    0    0    0   71    0   74   72    0    0   75    0    0    0    0    0   64    0    0   63   65    0    0    0    0    0    0    0    0   67    0    0    0    0    0    0   66    0    0    0    0    0    0   68    0    0    0   62    0   69    0    0    0    0    0    0    0   70   73    0    0    0    0    0    0    0    0    0    0  
   0    0    0   64    0    0    0   70    0    0    0    0    0   67   75    0    0    0    0    0    0    0    0   72   65    0    0    0    0    0    0   62    0    0   63    0    0    0    0   73    0   68    0    0    0    0    0   74    0   69    0    0    0    0    0    0    0    0    0    0    0    0    0    0    0   65    0    0    0    0    0   71    0    0   66  
   0   70    0   64   73   67   65    0    0   75    0    0    0    0    0    0    0    0    0    0    0    0    0    0    0    0    0   71    0   66    0   74   68    0    0    0    0    0    0    0    0    0    0    0    0   72    0    0   67    0    0    0    0    0    0    0    0    0    0    0    0    0    0    0    0    0    0   63    0    0    0    0   69   62    0  
   0    0    0    0   70    0    0    0    0    0    0    0   75    0    0   74    0    0    0    0    0   73   66    0    0    0    0   62    0    0   68    0    0    0    0   68    0    0    0    0    0    0    0    0    0    0   71    0    0    0    0    0    0    0    0    0   63    0   69    0    0    0    0    0   64    0    0   67    0   65    0    0   72    0    0  
  70    0    0    0    0    0    0    0    0    0   69   73    0    0    0   65    0    0    0   62    0   75    0   66    0    0    0    0   71    0   74    0    0    0    0    0    0    0    0    0    0    0    0    0    0   67    0    0    0    0    0    0    0   72    0    0    0    0    0   63    0    0    0    0   64    0    0   68    0    0    0    0    0   65    0  
   0    0    0    0    0    0   68    0    0    0    0    0   65    0    0   62    0    0    0    0    0    0    0    0    0    0   72    0   69   67    0    0    0    0    0   73    0    0   63    0    0    0   71   75    0    0    0    0    0    0    0    0    0    0    0    0    0   66    0    0    0    0   65    0    0   70    0    0    0    0   74    0   64    0    0  
  64    0   71    0    0    0    0    0    0   67    0   68    0    0    0    0    0   72    0    0    0    0   74   62    0    0   73    0    0    0   70    0    0   72    0    0    0    0    0   63    0    0    0    0    0    0    0    0    0   75    0   65    0   66    0    0   69    0    0    0    0    0    0    0    0    0    0    0    0    0    0    0    0    0    0  
   0   70   65    0    0    0   72    0    0    0    0    0    0    0    0    0    0   66    0    0    0   64   75    0    0    0    0    0    0    0    0   62    0    0    0    0    0    0    0    0    0    0    0   74    0    0    0   67    0    0    0    0   74   63   69    0    0    0    0    0    0   71    0   68   73    0    0    0    0    0    0    0    0    0    0  
   0    0    0    0    0    0    0    0    0    0    0    0    0    0    0    0    0    0   69   74    0    0    0    0    0    0    0    0    0   64    0   63    0    0    0    0   67    0    0    0   72    0    0   66    0    0    0   75    0    0   68    0   71    0    0   73    0    0   70    0    0    0   65    0    0    0    0    0   62    0    0    0   75    0    0  
   0    0    0    0    0   72    0    0    0    0    0    0   64    0    0    0    0    0    0    0    0    0   67    0    0    0    0    0    0    0    0   74   63    0    0    0   71   66    0    0    0    0    0    0    0    0   70    0    0    0    0    0    0   65    0    0   69    0    0    0    0    0    0   75    0   68    0    0    0    0   72   62   73    0    0  
   0   74   73    0    0    0    0    0    0    0   72    0    0    0    0    0    0    0    0    0    0    0    0   69    0   68    0    0    0    0    0    0    0    0   64    0   70    0    0   71    0    0    0    0   62    0    0    0    0    0    0    0    0   67    0    0    0    0   65    0    0    0   66    0   63    0   66    0    0    0    0    0    0   75    0  
   0    0    0   69   70    0    0    0    0   72   69    0    0    0    0    0    0   73    0   74    0    0    0    0    0    0   67    0    0    0    0    0    0    0    0    0    0    0    0    0    0   64    0   71    0    0    0    0    0    0    0    0   63    0    0   68   62    0    0    0    0    0    0    0    0    0   65   75    0   66    0    0    0    0    0  
   0    0    0    0    0    0    0    0    0    0    0    0   67    0    0   64   74    0    0    0    0    0    0    0    0   73   63   72    0    0    0    0    0    0    0   68    0    0    0   62    0    0   65    0    0    0    0    0    0   71   66    0    0    0    0    0    0    0   70    0    0    0    0    0   75    0    0    0    0    0   66    0    0   69    0  
   0    0    0    0    0   70    0    0   62    0    0    0    0    0    0   74    0   71    0    0    0    0    0    0    0    0    0    0    0    0    0    0   69    0    0    0    0    0   63    0   68    0    0    0    0   65    0    0    0    0    0   73    0    0    0   75    0    0    0    0    0   72    0    0    0    0   67    0   74    0    0   66    0    0   64  
  69    0    0    0    0    0    0    0    0    0    0    0   67    0    0    0    0    0    0    0    0    0    0    0    0    0   72    0    0    0    0    0    0   73    0   63    0    0    0   75   74    0    0    0    0    0   70    0    0    0    0    0    0    0    0    0   66    0    0   65   74    0   68    0    0   64    0    0    0   62    0    0   71    0    0  ] 
BUDGETS : [    1    1    4    6    6    6    7    8    9   11   17   18   27   30   30   31   35   40   40   43   44   44   47   47   49   54   55   56   58   62   64   67   67   70   71   71   71   76   79   83   86   86   87   88   93   94   95   98   99  102  103  107  107  107  109  109  109  110  110  112  113  113  114  121  122  123  125  125  127  132  133  136  137  137  145  146  149  153  155  159  160  164  165  170  170  171  176  177  181  183  186  186  187  195  198  199  201  205  210  211  213  215  216  220  221  221  221  225  228  229  229  230  231  235  239  239  239  240  240  243  244  244  245  246  246  253  253  256  261  264  266  266  267  267  269  270  271  271  274  277  278  279  280  282  285  286  291  292  296  299  ] 
