K : 150
I : 75
PREFERENCES : [    0    0    0   10    5   21    8    0   22    0    0    0    0    1   13   22    9    7    0    0    0    0    0   20   17    6    0   15   14   11    0    0    0   10    0   28   24    0   13    3    0   31    0    0   29    0   12    0   15   26    0    0    0    0    0   25   16   19   27   23   32    0    0    5   33   30   18    4    2    0    0    0    0    0    0  
   0   32    0   23   14    0   24    0    0   22    0    0   25    5   29   16    0   31   20    0    0   26    0    1    0   10    0    0    0   18    0    0    3    0    0   33    0   12    0    6   13    0    0    0   30    0    0   15    0    0    0    0    3   24    0    0   11    7    9   17    0   21    0    0    0   14    4   11   27   23   28    8    2    0   19  
   0    0    0    1   31   13   10    0    9    0    5    3   14    0   33   25    0   10   27    0    0    5    0    6    0    8   28    0    0   30    7   18    0   11   23    0    0    4   20    0    0    0    0    0    0    0    0   10    0   16    0   32    0    0    0    0    0   10   29   21   22    0    0    0    6    0   19   12    2    0   26   15   17    0   24  
   0    0    0    0    8    3   15   30   20   26   10   22    0    7    0    0   31   27    0    0    0   24    9   28   14    0    0   13   19    0    0    0    0    0   19    0    0   17    0    0    0   20   32   16   19    0    1    0    0    0    0   29   12    0    0    0   23    0    6   11    0    0   21    0    5    0   25    0    0   33   12    2    1   18    4  
  21   23   15   14   26    0    0    0    9   31   24    0    0    6    0    0   30    0   20   10    0    0    1    6   32    0   33    7    4    1    0    5   19   29    0   12    0   27   13    0   23    0   25   22    0    0    8    0    0    0    0   28    0    0   11    0    0    0   18    0    0   15    0    0    0    3    2    0    0   16    0    0    0   10   17  
  25   18    0    0    2    0    6    9   21    0    0    0   32   12    8    0   11   15    0    0   28   13   23    0   27   19    6   30    0    0    0   27   22    0   24    3    0    0    0    0   16    0    7    0   24   13    0    0    0    0   29    0    0   17   33   31    0   20    0    0    0    0    0    0    1    0   26   14   10    4   14    0    0    5    0  
   0   10    0    0   24    2    0    0   28    3   10   15    0    0    0   16    0    0    0    0   25   14    0    0   31   13    0   24   30   33    8    0   26    0   18   22    5    0    0    9    0   12    4    1    7    0    0   12    0    6   32   17    0    0    0   23    0    0   29    0   19    0    0    0   23   20    0    0   28    0   21    0   27    0   11  
   0   18    8   31   31    0   33    0    0    8   10    1   30    0    0   12   23   14    0   28    9    0    5    0   17    0   31    0    0    0    0    0    0   16   26    0    3    0   15    0    0    6    2   32   19    7   20    0    0    0   24   22    0   13    0   22    0    0    0   29   11   27   13    4    0    0    0   25    0    0    0    0   21    0    0  
  22    0    0    0    0    0    0    8   18    0    0    0    9   30   10   12    5    0   26   13   33    0   19    0   14   16    0   20    4    0    0    0    0    0    2   29    0    0    0   31    0    0   24   21    6   17    0    0    0   32    0   13    0   25    1    0   27    0   25    0    0   22    0    0   23   11    0    0    1    3    7   28   24   15    0  
   0    0   27   30    9    0    0   16    0    0    0   11    0   10    8    0    0   18   22    7    0    0    0    0    4   12    0    0   20   14    0   29   26    0   15    0    0    0    0    5    2    0   32    0   23    0   30   15    1    6   24   13    0   33   19    0    0    0    0    0    0    0   17    3    0    0    1   21    0   31   25   18   23    0   28  
  13    0    0    0    0   19    0   22    0    3    4    7    0   15   15    8    0    0    0   26   16   18    0    0   10    0    0    0    9    0    1    0   27   15   23    0   24   33   25    0    0   24    0   13   32    0    0   12   20    0    0   28    0    0    0   30   29   17    0    0    0    5    0   31    0    0    0   21    0   32    2    6   11    0   14  
  27    4    1   23    0    0   28   13    8    0   19   33    0    0    0    0    0   30    9   24    0   14    0   20    0   22    7    5   17    6    0    0   11    0    0    0    0   10   15   32    0    0    0    9   12    0   26    9   16    2    0   29    0    0    0    0    0   21    0    0   18   25   22   28    0    0    0    0    0    0    0   27    3    0   31  
   0    0    0   11   28    0    0   19    0    7   17   10    0   25   11    0    1    0    0    0    0    5    6    0   11    0    0    0   24   30    0   29   18   27    0   22    0    0    8   21   13    0    0    4    1    0   18    0   15    0    0   26    0   32   31    0    3    2    0   14    0    8    0    0    0    0   12    0    9   33   20   23    0    0   16  
   0    0   16   23    0   17   29    0    8    0    0    0    0    0    7   14    0   11   32    0   26   13    0    0    0    0   19   33    0    2   15    0    0    0    0   21   28    0    4    3    2   12    0   18    9    0   24   25    0    0    0   27    0    0    0   10    0    0    1    0    0    0    5   31    0   15   22   28    0    0   30   18    6   20   31  
  19    0   32   33    5    0    5    0    0    0    8   30   25    1    0    0    0    0   26    0   14   17    0   33    0    4   30   11    0    0    0   23   26    0   20   21   27   29    0    0    3    0    0    0   22   24    0   12   10    4    0   16   13    0    6   28    0    0    0    0   31    9    2    0    0    0    0    7   15    0    0    0   18    0    0  
   9    0   17    0    0    0   23    0    0   18   20    0    0   27    0    0   32   26   12   22    0    0   19   21   12    0    0    0    0    0    0   29    0   13    0    0    0   19   31    0    4    0    0    2    1    2    0    0   31    8   10   25    6   16   24    0    3   33    0    0    0    0    0   28   15    0    5    0   11    7   30   14    0    0    1  
   2   27   32    9   13   17    0    8    0   20   22    0   15    7    0   19    0    0   31    0   25    0   18    0   11    0   28    2   16    1    0   10    4   26    0    5    0    0    0    0    0    0    0   23    0   25   28    0   28    0    0   33   21    0    0    0    0   27    6   14    0    0    0    0    0    0   30   12    0    0    0    3   29   24    0  
   0    9    0   25    0    0    4   29   32    5    3   23   10    0   16    0   26    0   12    0    0   33   11    0    2    8   24    7    0    0    1    0    0    0   21    0    0   21   31    0    0    0   27   17    0    0    0    7    0    0    0   33    0   20    0   13    0    0    0   18    0   22   19    0    6   15   32    0   28    7    0   14    0    0   30  
  15    2   20    0   16    0    0    0    0   22    0    0    0    0    0   33    0    8    0    0    0    0    0    0    7   29    1    0   13   21    0   11    0    0   10    6    0   11    5    0    0   30   31    0    0    0    0   16   27    0   19   32    4   19   23    0   17   12   28    3    9    0   18   17    0    0    0   14    0   26    0   25   17    0   24  
  30    0    0    2    0   31   30    9   16    0    1   19    0    0    0    0   20   24   26    0    0    0   29    0    0   21   13    0    0   27    3    0    0   22    9    0   25    0   18    0    0   28   33   20    0    0    0    2    0    0    0    0   15   20   32   14    0   12    0    0    8   11    0    6    7    0    0    4   10   17    0   23    0    5    0  
  12    5    0   22    0   17    0    0    6    0    0   26    0    0   30    0    0    0    0    0    4    8    1    0   21    0    0    0   32    0    0    0   10   14   22    7    0   11    9    1    3   18   28    0   16    0   13   19    0    0    8    0   23    0   25   27    0    0   29   33    0    0    0    0    2    1   31    0   33    0   24    0    0   20   15  
   7    0    0   19   32    0   20    4   23    0    0    0    1   25   12    0   29    0   11   26    0   33    0    0   24   27    0   21    0    5    2    0    0   24    0    0   16    0   10   17   30    7    0    5    0   33    3    0    0    0    0   13    0    8    0    9    0    0    0    6   28    0    0    0    0    0   15    0    0   22    0   14    6   18   31  
   0    0    0    0    0    6    7    0    0    0    8    0   30   11   17   24    0    0    0    1   21    0    0   18   33   25    0    0    5    0    0    0    0    0    0    0   28    4   23   30    6    9   16   13   19    0    3   10   29   22    0   20   31   15    0    2    0   16    0    0    0    0   12   26   14   32    8    0    0    0    0    0    0   27    8  
  12    0   22    0    0   33   18   11    2    0   10   32    0    0    0   20   29    9    6    0    0   17   21    0   31    0   26    0    0    0    0    0    0   15    7    0    0    0    3   14    0   28   16   27    8    3   29    0    0    0   23    0    0    1   25    0    0   19    5    0   23    0   30    0   24    8    4    0    0   13    0   27    0    0    0  
  12    0   11    0    6    0   26    0   19   31    9    0   20    0    0   27    0   23    0    0    0    0    0    1    0    5    0   28   25    0   33    7    4    0   31    0    0   18   21    8    2    0   16    0    0   28   24    0   30    0    3   32   10    0   29   13    0    0    0    0    0   22    0    2    0    0   17    0    0   14    0   15    4   24    0  
  12    0    0    0    0    0   14    0    0    0   28    0   27   32    4    1    0   22    0    0    0    0    0   26    0    0   23    0    0   24   31    0   33    0    0   27    0    0    1   25   18    0    5    2    0   13    0    9   11   29   19    0    7   28   25   10    0   21    6   15    0   13    0    0   30    8   16    3    0    0    0   17    0   20    0  
   0    6   16   25    0   21    0    0   13   11    0   31   12   29   26    0   18    0    0    5   30    7   20    0    0    0    3    0    0    0    0   31    0   24   33    4   14   15    3    0    0   28    0    5    0    0    2    0   19    0    1    0    0    4    0    0    0    0    8   10    0    0   22   32   27    0    0   14   17    9    0    0    0    0   23  
   0    9    0    0    0    0    0   28    0    0    0    1    0   22    8   32    0    0   31    0   26   27   11    3    0   10   29    0   16    0    0   17    0    0    0    0   15   14    2    0    0    5   19   23    4   24   22   25   15    0    0    3    0    0    0    0   20    2    6   18   12    0   30   32    0    0    0    7   33   21    0    0   13    0    0  
   0    0    0   18   19   11   13    0   26    0    0    0    0    0    5    0    0    0   19   29   30    9    0   28    0    1    6    0    0    0    4   27    0    0    0    0    0   24   17    0    0   23   31    0    0   16   23    8    0   21   33    2   18    0    0   29   32    0   15   22    0    0   12    7    0   20   25   14    4   10    0    0    0    0    3  
  31    0    5    2    0   20   10    9    0    0    9    4    1    0    0    0   16    3    0    0   23    0    0    0   24   26   14    0    0   17   31   10   22    0    0    0   30    0    0   19    8    0    0    0    8   29   21    0    0   22    0   33    0   27    0    0    0   15   25    0    0   32   28   12   13    0   18    7    0    6    0    0    0    0   11  
   2    0    0    0    0    4   16    0    1   27    8    4   20   26    9   29    0    0    0    0    0   33   12    0   19    0    0    0    0    0   14   11    9    6   30   33    0    0    0   24   28    0    0    0    0   14   10    0   18    0    7   31   13    0    0    0    0   22   28   23    0    0   17    0   15   25    0    0   21    0    5    0   32    0    3  
  32    0    6    0    4    0    0    0   30    0    8    0    0   11    0   13   21    0    0    3    0   11   21   25    0    0   33    9    0    1    0   20    0   18   27    7   18   14    0    0    0   33    0    5   26    0   29    0    0    0   31    0   12    0    2   16    0    0   22   17   19   10    0    1    0    0   24    0    0   15   28    0    0   23    0  
   0   33    0   22    1   13   16   30    0   12    0   23   15   21    0    0    9    5    8    0    0   27   32    0    0    0    0    7    3   25   31    0    0   18   28    0    0    0    0    0    0    6    3    0    1    0    0    0    0   30    0    0    2    0   26   20    2   19   24   14    0   17    0   10    0    0    0    4    0    0   11    0   30    0   29  
  24   21   13    0   28    7    0    8    0    4   31   15    0    0    0    2    0   16    0    0    0    0    0    0    0   18    0   21    0   22   17   23    0    1   16   21   12    0   26   32   27    0    0    0    0    0    3    9    6   19   20    0    0    0   12    0   29   25    0   14    0    0    0   30    0    0   10    0   30   33    0    0   11    5    0  
  27    0   17    9    0   21   22    1   14   18    0    0   23    0    0   32    0    6    6    0    0    0    7   30    0    0   20    0    0    5    0    0   12   29    0   10    3   15    0   31    0    0   11   26    0   16    8    2    0   13    0    0   26    0    0    0    0   18   25   21    0    0    0   33    0   19    0    0   24   28    4    0    0   15    0  
  12   14   16    0    0    0    4    0   32    0   32    0   12    0   23    0    0   20   11   21    0    0    0    0   29    0    0    1    0    0    0    6    0    0    0   28   18    0   30    0   22    0   27   32   26    5   14    3    0    0    0   31    8    0   25   13   24    0   31   17    0   19    0    0    2    0   33   10    0    0    7    0    0    9   15  
  23    0   14    0   16    0    0    0    4    0   13   17   30    0   30    7    1    2   32    8    0    6   24    0    3    0    0   20    0    8    0   11   15    0   30   10   19    0   25    5    0    0    0   21    0    0   30    0   27    0    0    0   28    0    0   26    0    0   29   22   18   12    9    0    0   29   31    0    0    0    0    0    0    0   33  
   0    0   12   22   19    9    3    0    0   28    0   14    0    0   13   33    0    8    1   32   11    0    0    0   23    0    0    5   16   18    0    0    4    0    0   25    7   10    0    6   21    0    0   26   10   29    0    0    2   30    0    0    0    0    0    0   23    0    0   24   14   15    0   24   27    0   20    0    0   31    0    0    3   17    0  
   0    0    0    0    0   11   31   16    3   17   27    0   22   13   26   28    0   14   33    0    0    0    0    0   29    0   20    0   24    0    8    2    0   27    0   12    1    0   25    0    0    6    0    4   21    9    0   19   24    0    5   23    0    3    0    0    7    3   10    0    6   15    0    0    0    0    0    0    0   32   18    0    0    0   30  
   0    0    6    1    4    0   23    0    0    0    0   31   14    0    2    0   29    0    7    0   31   22   28   24   33    0    0    9    0    0   14    0    0   25    0    0    0    0    0    0   12   32   19   27   28    0   11   20    5    0    0    1    4    0    0    0    0   17   16   10    0    0    8   26    0   15   21    0    0   30   13    0    0    3   18  
  15    0   22    0    0   28    0    0   25    0    0    0    0    0   29    0    0   31    0    5    0   24   32    0    1   14    0    0    0    0   21   27   20    9    6   13    0    7    6    0   10   11    0    0   32   19   23    8   33    0    0    3    0    7    0   12    0    2   15   16    0    0    0    0    0    0    4    0    0    0   18   26   28   30   17  
   0    0   29    8    0    2    0   16   17    0   23   14   24    9    0   15    0    0    0    0    0   31    0    0   28    7    0   30    0    0    1   29   10   12    3    0    0    0    0   19    0   21    6    4   25    0    5    0   18    0    0    0   20    0   33    0    0   32   14   26    0    0    0   27    0   13   12   11    0   20   31    0    0    0   22  
  22   12    0    0    0    0   23   30   13    0    0    5   29    7   27    0    0    0   18   17   13   20    0   21   16   10    0   16   30    0    0    0   19    3   25    0    1    0    2   33    0   26    0    2    0    0    0    0   15    9    0    0    0    4    0    0   14    0   32    0    0   24   11    0    0    0    0    0    8    0   31   28    7    6    0  
  12    0    0   25   32    9    0    0    0    0    0    0    0   13    0    0    0   30    0    0    0    0    0   14    0    0    5   10   13    1   33    0    6    3    2    0    0   22    0    0   11   17    0   23   29   33   28    0    5   16    0   21    7    0    0   29    8   26    0   18   15    0   24    0   31    0   20   12   27    0    0   19    4    0    0  
   0   30    0    0    0    0   24   16    4   32   19    0   29    9   17    2    0    6    0    0   31    8    0   15    0    0   25    7   18    0    0   20   28   11    0   14    0    0    0   10   23    0    0    0   28    0    0   33   13    0    1    0    0    5   26   21    0    0    0   24    0    0    0    0    0    6    0   14    3   22   30   27    0   12    0  
  24    0    0    0   30    0    0   19   32    0    6   10    0    0    0    8    0   25   31    0    0    0    0    6    0   20   12   21   29   23   27    0   17    0   27    0    5   16    0    1   30    0   28    0    0   14   22    0   13    0    0    0    0   18   30    0    2    0    0    3   26    0   15    9    0    0   30   11   33    0    0    0    7    4    0  
   6   31    0    4    0    0    0    0   20    0    0    0    2    0   23   28    0   29    0   24    0    1   22   33    0    0    0   30   27    0    0   10   32    0    0    0   16   21   26    0   29   17    0   18    0   19    0   17    0    0   15    8    7    0    3    0   12   25    0   19    0    9   13    0    5    3   11    0    0    0    0    0   14   31    0  
  23    0    2    1   31    0    0    0    0    0   29    0    0   33   25    0    0    6   24    0   31    0    9    0    0   12    5   30    0    0    0   14    3   12    6   19   17    8    0   21    0    0    0    0    0   15   22    4    0   27   26    0   16    0    0    0   13    0   20    0    0   32    0   29   28   11    0    0    0   18   33    7    0   10    0  
   1   17   12    0    0    0   25    0    0    0    0    0    0    0   14   11    9    0   18    0   32   27   33   16    0    0    0   25    0    0    0    2    0    0   10    3    0   26    0    8    0    0    0    0    0    0   29    0    5    4    6   17   22    0   24    0    0    0    0   15   28   28   19    0    0   31    0   20    7   13   30   23   28    4   21  
  10    0    0   24    0   25    9    0   18   32    1    0    0    0    0    0    0    0   23   26    0    0   15    3   25    0    0   16    5    0   20   24    0   31   29   27   12    0   17   33   18    0   13    0   22    6    0    0   14   19    0    0    0    7    0    0    0   16    8    0    0   29   28   30    0    0    2   21    4    0    0    0    0    0   11  
   8    0    0    0    0    0    0    0    2    1   28   24    0   19   17    0    0    0   22   31   16    0   29    0    0   13    0   19   11   23    3    0   27   25   16    0   19    0    0   20   21   18    0   10   19    0    0   32    0    0    0    0    0    6    0   29    0   33    4    0   26   30    7    0    0    5    0    9   12   15    0    0    0   14    0  
   0   25   22    0    0    0    0    0   21   24   18    0   10    1    0   29    0    0    0   32    0    0   11   30    0   17   33    0    0   27    0    0   20    6   24    3    0    0    0    0   26    9    0   32   23   13   27    0   12    0   11    0    7    0   32    0   14    0    0   19    0   15   31   16    0    2    0    0   28    0    8    0    0    5    4  
   0   14    0   10    0   22    7    3    0    2   24   27    0    0   28    0    0    0    0    0    0   15    5   18   23    0    2    0    0    0    0    8    6   12    0    0   26    0    0    0   19   31   20    1    4    0    0   29   17    0    0    0    0    9    0    0   25    0    0    0   32   21   16    8    0   26   30    0   11    0   30   33    8    0   13  
  30   28   22    5    4    0    0    0    0   12    0   26    0    7    0   19    0    3   17   13    0    0    0   23    0   21   33   11    0    0   25    1    0    0    8   15    0   31    0    0    2   24    0    6    0    0   28   27    0    0    9   21    0   18    0   29    0   30    0    0    1   32    0    0   14    0    0    0    0   16    0    8   20   10    0  
   0   23   21    0    0    0    0    0    0    0   17   10    0   31   22    0   14    3   24    0   12    6    0   25    0    0   27    0    0    0   19    0    9   18    2    0    4   32    0   13    0    0    0   16    0   33   14    7    0    0    8    0    0   20   20   29   16    5    0    0    0   15    0    0   17   26   28   30    0   19    0    0   11    0    1  
  21    3    0   26    0   23    0   30    0    2   31    0    0    0    0    8   22    0   20    5   33    0    6    0   10    9   10   31   19    0    0    0   15   25   16    0    0    0   27    0    4   11   17    0    0    1    0    0    7    0   29    0   13    0   14    0    0    0   24    0   12    0    0   20   32    0   28    0   14    0    0    0    0   18    1  
   0    0    0    0    5   33   14    4   12   27    0    0    0    0   24    0   19   22   25   15    0   29    0    9    0    0    0   10    0   32   26   20   16    0   21    0   17    8   23    2    0    5    6    0   24    0   11    0    0    0    0   31    0    0   28   30    0    7    3    0   23    0    6   18    0    0   16    1   13    0    0    0    0    0    0  
   0    0    0   23    0    0    0    0   33    7    0    0   28   18    0   32    0   27   10    0    0   30    0    0   21    0   19    6   22   24   15   16    0    0    0    3   32    0    0    9    0    0    0   14    4    0    1    0    0    0   16    0    0   29    0    0    0   25   20   31    8   13   18    5    0   26    0   12    0   11    0   17    2   25   25  
   2    0    0    0    0    0    0   26    6   22    0    0    0   25   10    0    0   23    0    7    8    0   16    0    0    0   30   12   20    0   32   15    0   13    0   14    0   31   15    0    0    3    0    3   21    0   13    0   17    4   29   33   12    0   24    0   28    9   27    5    0   18   11    0    0    0    0    0    0    0    0   26   19    0    1  
   8    0    0    0   17   22    6    0   30    3    0    0    0   16   10    0   14    0   11    0   13    1    0    0   33    0    0    7    0    0    0   17    0   19   28    0   27    0    0   21   24    0    0    0    0    8   18    0    9   23    0    4   31    0   32    0    0   29    0   20   25    0   15    0    5    0   26    0   28    2    0   12   22    4    0  
  17    0    0    0    3    5    0    0    0   33    0    0   18   20    0    0   16   31   28    7    0    0    0    0    3    0    0   22   30    0    0   19    0    0   26   25   12    0    4    0   23   29   10   14    9    0    0    2    0    0   24   20   15    0   11    0   32    0    0   25    0    0    6   12    8   21    0    1    0    0    0    5   27   13    0  
   0   12   21    0   22    0    0    0   10   16    0   17   25    0    3    0    0   29    8    1    0   31    0   28    0    0    0    0    2    0   32    0   19   30    5   13    0    0    0   28    4   27    0   33   28   11    0   18    0    0    0    7   32    0    0   23    6   20    0   24    0    0    0    0   15    0    9   25   26   31    0    0    0   14    0  
  18    0   25   33    3    0    0    7    0   29    0    5   23    2   30   33   32    0    0    0    0   21    0    0    0    0   16    0    0   18    0    0    0    0   31    0   10   11   32   14    0    0    0    0    0   15    0   27   19    4   12    1    0   26   28    0    0   18   20   13   24    0    0    0    0    0    0   22    0    9    0    8   19    6   17  
   0    0   32   25   10    0    0    0   32   15    0   21   14    0   23   29    2    0    5    0    0    0   26    0   16   12    1    0    0   15    7   28    0    0    0    4   31   18   18    6    0    0    0    0   13   24   23    0    0   22   27    0    0    0    0    0   15    0    0   20    3    9    0   33   17   11    0    0   30   19    0    0    0    0    8  
   0    0    7    2    0   18    0    0    3   10   30   19   14   10    4   32    0    0    0   26    0    0   12   27    1    0    0   15    0    0   11    0   10   20    0    8   23   33    0    0    1   13    0   28    0    0    6   23    0    0   24    0    0    9    0    0   25   29    0    0    5   21   16    0    0   17   25   22    0    0    0    0    0    0   31  
   0    0    0    0   23    0    0    1    0    0    0    3    0   16    9    4    0   13    0   20    6    0    0   27    0    0    0    0    2    0   33    0    7    0    2   22    0    0    0    5    0    0   19   30    0   31   25    0    0    8   27   29    0    0   14   18    0    5   15    0   18   17   28   24   32    0   21    0   26   12   11    0   31    0   10  
   0   13    0    0   18    0   21    0    4    2   17    0    0    0    0   12    0   26    0   28    6    0    0   24   19    0   18   20    0    0    0   10   31    0    1    0    0   14    0    3    0    5   32    0    0    0   33    0   30    0   27    0   25    0    0    8   23   16   15    0    0    0    2    0   10    0   29   11    0    9   28    0    7    9   22  
   8    0   19   14    0    2    0    0   17    0    0   12    6    0    0   33   31    0    0    0    0    9    0   22   25   13    0   15    0    0    0    0   14   26    3    0    0    0    0   29    0    0   18   11   12   23    0    7   10   28   30   16    0   24    0    0    0    0    0    0    0    0    0    5    1    0   28    0   33   20   21   32   27   33    4  
  26    0    0   14    0   19    0    0    0    0    5    9   23    7    2    0    0   30    0   25    0    0    0    0   29    0   13    1   32    0    0   33    0    4    0    0    0    0    9   23   11    0   15   18    0   22   10   27    0    3    0   20   31   12   28    0    0   16    6   17    0    0    0    8    0   18    9    0   11    0   21    0    0   24    0  
  26    0   11   20    9    0   12   14    0   16    0    0   15    0   10   20   29   28   27   13    1    8    0   11    0    0    0   23    0    0    0    0    0    0    0    0    2    0    0    4    0    0    4   18    0   31   25   30   21    8   17    0    0    0    0    0    0   32    3   33   19    6    0    0   24    0    0    5    0    7    0   22   33    0    0  
  30    6   26   12    0   15   10   21    0    0   29   17    1    2   19    1    0    0   11   23    0    0    7    0    0   10    0   32    0    0    0    0    5   27   33    0    0    3    0   20    0    0    9   28    0    0   10    8   16    0    0    0    0    0   25   22    0    0   31    0    0   15    0    0   14   18    0   24    4   13    0   28    0    0    0  
   1   15   21   20    0    0    0   12    0    0    9   14    0    3   29    0    8    0    0    0   12   16    0    7    5    6    0   25   32   18    0    0    0   27   14   13    0   28    0    0    0   23    0   26    0   31   11    0    0    0   17   24    0   22   10   19   30    0   33   15    4    2    0    0    0    0    0    0    0   27    0    0   10    0    0  
  19    0    0   14    0   25    0    0   13    8   21    0   11    0   15    0   23   22    0    0    0   20    0   29    0   10    0    7   33   16    0   30   20    0    0   18    0    0   26    0    3    0    0    0    0   23   32    0   19    0    6    0   27    0   28   31    4    0    3    0    0    1   24    9    0    0   12    0    0    2   31   17    0    0    5  
  30   15    0    0   11   31   10    0   21    3    0    5   24    0    8   25    0    1   32    0   33    0    0   12    0   20    0    9    0    0    0    0   15   22    0    0   18    0    4    0    0    0    9    0   20    0    0    2   23   28    0   17   19    0   20    0   13   14    0    0    0    0   19    0    0   29   27    0   16    7    0    0   26    0    6  
   0    0    7    0    1    0    0    7   32    0    0    0   16    0   18    0    0    0   28   20   23    0   31    8    9    0    0    0   15    0   21    0    0   12   11   19    0   33    0   27    0   29   25   22   30    4   14   26    3    3    0   13    0    0   10    6    0    0    5    0    0   17    2   24    0    2    0    0    0    0    0    0   17    0   12  
  23   33   10    5    7   25   16    0    2    0    0   11    5    0    0   24    0    0    0   15   28    8    0    9    0   27    0   26    0   33    0   20   29   30   14    0    0    0    0    0    6    1   12    0    0    4    0    0    0    0    0   12   20   32    0    0   19    0    0    0   31   21    3    0   13   22    0    0    0   18   17    2    0    0    0  
  25    0    5    6    4    0    0   33   28    0    6    0    9    3    8   29    0    0    0    0    0    0    0   15   18    0   13    0    0    0   14    7    2   10    0   21    0   29   13    0   20   31    0   26    0    0    0   25    0    0   11    0    0    1   12    0   30    0    0    0   17    0   24   22   23   32   27   19    0    0    0    0   30    0   16  
  14    0   33   30   20   25    0    0    0    8   10    0   13    0    0    1    0    0    0    0    0    0   31    3    0   15    0   22    0    0    0    2    0    7    0   23   20    0    9   17    5    0    5    0    6    0   24   29    4    0   21    8   27   12   18   26    0    9    0    0    0   11    0   16    0    0    0    0    0    0   28   32   19    0    8  
  16   32    0   19    0    0   13    0    9   33   23   32   29    0    5   18   26   12    0    0    1    0   16   25    0   27   11    0   31    0    0    0   28    4    0    0    0    6    0    0    0    0    0    0   24   20    8   22    7   25    0   17    6    0   21    0   10    0    0   15    0    0   28    0   30    0    0    0    0    0    0    2    0   14    3  
   0    0    4   10   12    0   30   28    0    0   11    8    9    1    0   31    2    0   24    0    0    0   13    0    0    0    0   21   32    0    7   29    0    0   19   26    0    0   33    0   22    0    0    0    0    0   18    0    1   23    0    0   15   20    0    3    0   16   28    6    0    0   15   17   10    0    0    0    0    5   14    4    0   25   27  
  28    0   24   30    0    0   29   25    0    3   26    0   27    0    0    0   23   16    0    2   19    1    0    0   25   15    4    0    0   22    0    0    8    0   13    0    0   14    0    0   31    0    0    0    9   12    0    3    0    6    0   25   32   18    0    0    0   11   26    5    0    7    0    0   10    0   21    0   31   20    0   33    0    0   17  
   0    0    0    0   12    0   16    0   12    0   25    5    6    0    1    7   33    0   31    0    0   24    2   20    3   19    0    0    0    5    0    0    0    0   10    4   26   23   27    0   22    0    0    0   13   12   15   29   11    0    0   30    0    0   32    0    0    0    3   21   28    6   18    9    0    0   17    0    0    0   14    0    0    8    0  
  11   21    3   31    0    0    2    4    0    0   22    0    9    0    0   23   16   15    0   27    0   16    0    0    0    0    0    0   30    0   19    5   26    0   20   17    7    0    0   28   12    0   32    0    0   13    0   33    0   14   14    0    0   29   14    6    0    0    0   18    1    0   28    0   25    0    0    0    0   27    8    0   10   24    0  
  27   26    0   17   21    0    0    0    0    0    0    0   16    0   27    0    0    1    0   10    2   23    0   20    0    3   29    0   10   13    8    0    0    0   32   24   33    0    0    0    0   14   11   27    0    6    0    0    0    0   30    7   23    9    0    0    5    0   19    0    1    0   25    0   12    0   22    0   28    0   31   18    4   15    0  
   7    0    0   24   26    0    0    0    0   10    0    0   32    1   28    0   22   13    0    0    0    3   27   16   11   20    0   16    0    0    0    0   14    0   31   14    0   29   17   23    0   21    0    0    0    0    0    6    0   22    0   15    6   30   18   33    0    0    0    0   19    2    0    5    0   12    8    0    9    0    5    0    0    4   25  
   3   28    0   13    0   14    0    5   21    0   29   10   11    0   12   16    0   30   25    0   29    0    0   13    0    0    0    7   17    0   20    0   24   19    6    0    0   22   33    0    0    0    0    0    1    0    0    0    8   15    0   25   18   13    0   26    0   15    2    0    0    0   27    0    0    4    9   23    0   32    0    0   31    0    0  
  15    0   11    0    6   22    0   12    0    0    0    0   12    2   28   31   31    0    0    0    0    0    3   25    0    1   23    0    0   29    5    0    0   20   14   13   33    0    0   27    0    0    2   16    0   19    0    0    0   14    0    0   24    0    0    0   22   32    0   18    4    0    9   21    0    0   17    0    8   30    0   26    7   10    0  
   0   25   13    0    0    3   17    0    0    0    0    6    1   11    0    0    0   10    0    0    0    0   26   15    0    0   25   12    4   14   21    0   29    0    0    9    0   28    7   30   22    0    0   27    0    0   19   24    0   33    0    0   32   16    0    0    0   28    5    0    0    0    4   25    8   20    0    0   23    0   31    0    2   18   22  
   0   24    0    0   15    0    0    0    0   21    0   23   19    0    2    0   26    0    0   12    0    0    0    0   17   31    0   16   27    0    0   30    0   28    1    0    4    9   17    0    0    0   20   32    3    7   11   10    0   11    0   15    0    0   29    0   11    0    0    0    6   18    5    8    0    0    0   13   25   14    0   11   33    0   22  
   6    0    8   13   22   19    3    9   27   11   26    0    0    0    0    0   20    0    0    0   16   12   21    0    0    0   31   10   22    0   17    0   23    0   18    7    0    0    0    0   28    0    0   14    0   32    0   22   25    0   33    0    0    4    0   11   30    0    3    0    0    0    0    0    0    0    5   24    2   10    0   29    1   15    0  
   2   17    0   18    4    0   24    0    0    0   13   33   11    0   15    8    0    0    0   25    0    0    0   21   30    0   16    7   12   27   23    0    0    0    0    0   24    0    0   31   32    9    0   20    0    0    0    1    0    0   29    0    9    0   30   28   26    0   22    5    0    0    8    0    3    6   10    0    0   14    0    0   10    0   19  
   0    0   11    0   26   30    0    0   15   20   11    0    0    9    0    2    0   28   31    0    0   33    0   27    0   23    0    0    3   25   24    0    0   21   21   18    0    0   12    0    0    8    0   32   29    0    7    0   10   15    0    0    0    0   21    0    0    0    0   19    0    6    0   16   17    0   13   14   22    8    1    0    0    5    4  
  26    0    0    0    0   15    0    0    2   15   26   11    5    6   22   14    3   25    0   15   10    4    0    0    0    0    0    0    0   31    0    1   20    0   18    0   33   24    7   13    0    0   31    0    0    0    8   19   28    0    0   21   16    0   30    0   27    0   29    9   12    0    9   32    0    0    0   23    0    0    0    0    0   17    0  
   0    0   20   27   33    2    0   12   18   15   24   29    3   28   14    0    0    0    0   24    0    0    0   26    0   17    8   10    0   27   19    0    0    0    0    0    4   11   25   16    7    6    1    0   17   10    0    0    0    0    9    0   31    0    0    0    0    9   32   13    0    5    0    0    0    0    0    0   30    0   21   23   22    0    0  
  24    0    0   23   21   28    0    3   15    0    8    0   21    0    0   11    0    0    0    0    0   14    0    6   32   10    0   12   33   13   20   27   29    0    0   16    0    0    6    0   26   17    0    0    0   31    2   18    5    1   30    0   25    0    0    0    0    7    4    0    0    0    0    0   19    0   28   22    9    0   24   17    0    0    0  
   0    0    0   23    0    0   15    0    0    2    0   10    0   24   15   32   28    0    0    0    0   19    0    0   25   16   29    0    7   27   13   21   20    0    4    2    0   22   11    0    5    0    0    1    9   20    0    0   18   14   33    8   20    0    0    0    0    0   12   11    0   31   26    0   17    3    6    0    0   30    0    0    0    0    0  
  13    0    2    0    0   30    0    6   26   18    0    0   23    8    0   22   17    0    0    7    0    0   20   21   16    9    0   31    0   19    0   29    0    1   10   25    0   27    0    0   16    3    0    5    0   18   12    4   33   24    0    0   14    0   11    0    0    0    0    0    0    0    0    0   28    0   21    0   15    0    0   25   25    0   32  
  31   20   26    0    0    0    0    6   29    0    0    0   21   26    4    0    0    0    2    0    0   15   11    0    0    8   17    0    1   13    3    6    0    0   16    0    7   30    0    8    0   20    0    0    0    0   13    9   28   18    0   22    0   19    5    0   12    0    0    0   14   25    0    0    0   24    0   33   23    0   32    0   27    0   10  
   0   24    0   31    0    2   29    0    0   33    0   25   13    0    0   26    0    0   26   16    0    7   26   22    0    5    0    2    0    0    0    0    0   12    0   12    0    0   20    0    0   23   14    0    1   11   32    0    0   30   27    0    0    0   19   21   31   15    9   10    6    0   18    0    4    0    0    8    0    0   17    0    0   28    3  
   0    0   31   29   29    1    0    0   28   20   27    0   26    0    0    7    0    0    4    0    0   21    0   15    0    5    0    0   14    0    0   26    0    8   32    0    0   25   24   13    2    6    0   22   10    0   29   20    9    0    0   18    0    0    0    0   12   23    0   29    0   19    0    0   16    0    0   30    0    0   11    3    0   17   33  
  11   14    0    0   23    0    0    0    0   10   13    0    0    0    0    0    9   31    3   22    0   20   24    0    5    0    0    0    4    0   18    6    8    0    0    2    0    0    7   27    0    1    0    0   25   29    0   12   32   26    0    0    0   17   28    0   19   16   30    0   33    0   19   21    7    0    0   32    0   28    0    0    0   15   19  
  31    9    0    0   24   30    0    0    0    0   13   12    0    0   23   26   20   33   11    0   25    0   14    6    0   16   21    0   29    0    3    6   29    0    0    0    0    0    0   10   18   28    0    0    1   19   32    5    8    0    0   13   15    0   22    7    0    0   17    0    2    0    0   33   27    0    0   15    4    0    0    0    0    0    0  
   0   28    6   33    0   30    9   16    0   24    0   13   11    1    4   13   14    8    0    0    0   10    0   19    0    0    5    0    0    0    0    0   23    0   15    0   32    0    0    0    3    0    0    0    7   18   12   19    2    0    0   20    1    0   22   28    0   31    0   25    0   24   21    0    0    0   17    0    0    0   26   27   29    0    0  
   4    0    0    0    0    3   19    0    0   32    0    0    0    0    0   31   30    2   29    0   12    0   18    0   27   22    0   10   16   14    0   26    0   10    0   22    5    9   33    0    7   13    0   23    0    0   25    0    6    0   15   25    0   17   20    0    0    0   28    0    0    0    0    0    0    7    1    8   24   27    0    0   11    0   21  
   7    0    0   21    0    0   26    0    0   30   29   32    0    9   24   10   33   17   28   15    0    0    6    0    3    0   32   13    0    0    8   28    0    4   22   14   18    0   16   25    0   20    0   31   19    5    0    0    0   11    0   27    0    0    2    0   14    0    1    0    0    0    0   23    0    0   29    0   30    0    0    0    0   12    0  
   6   14    0   12    9   31   25    0   11    0   21   27    5    0    0   18    0   24    0    0   30    0    0   13   28    0   17   15    0    7    4    0    0    0   15    0    0   20    0    0    2   29    3    0    0    0    0    1   33   23   16    0    9    0   23    0    0   19    9    0   22   32    0   26    0    0   10    0   23    0    0    0    0    0    8  
  11   16    0    0    2    0    8    0    0    0    0    0    0    1    0    7    0   17    6    0    0    7   11   21   24   14    0    0    0    0   33    0   26    0    0    0    0    0    0    0   13   27    0    0    0   23    0    0   22   15    0   26   28    3    0    0    0    5    0    4    0    9   25   31   12   27   29   12    0   10   18   32   19   30   20  
  19    2    0   25   25    9    0   13   31    0    0    0    0    0    0    0    0    5    0   28    0    3    7   33   29    0    7    0   11   22    0   23    0    0    0    0   14    0    0    0   10    0   30    0    0    1    0   16    0    4    0    0    0   14   15    0   21   20   32   17    0    8    0   29   18    0   27    0    0   12    6    0    4   26   24  
  29    0    0    0    0   12   25    0    1    4    0    9    0    0    5   20    0   16   32    0   10    8   19    6    0   18    3   33    0    0   31   11    0    0    0   10    0    0   23    0    0   26    7   22   30    0    0    3    0   24   13   27   28    9    0   17    9    0   31    0    0    0    0    0   21    0    0    0    0   14    0    0    2   15    0  
   0    0    5    0    1    0    0   10   21    0    0   12   33    0    0   28    0   32   13    9    0    0    0   22   14    0   19    0   20    0    0    0    0   13   30    0    0   18    0    6    0   25    3    0   21   16    0   24   27   18   15    0    2    0   23    0    0    0   21   31    0   17    0   22    0    8    4    0   26   11    0   29    0    7    0  
   0    9    2   32   14    0    6   13   19   25    0    0    0    9   15    0   22    8   10    0    7    0    0   28   18    0    0   24    4    0   33   29   11    7    0    0   12    0    0    4    0    0    0   23    5    0    0    1    0   17    0    0    0   30   21   27    0    0    0   16    3    0   32   31    0   20    0    0    0    0   26    0    0    0    5  
   3    7    0    0   15   11    0    0   25    0    0   24    6    0   32   12   32    5    0    2   21   27   26    0    0   22   18   31   20   12    0    0    9    0    0   30   19    0    0    0   33    0   27    0    0    8    6    0    0   10    0    0    0    0    4   14   17    0    0    0   28    1   13   29    0    0    0   16    0    0    0    0   23   23    0  
   0    1    0   15    0    0   12    0   19    0   26    0    0    3   29    0   16    0    7    0   11    0    0    0    1   28   10   18    0    5   33   30    0    9   32    0   25    0   23    0   31   14    8   17   27    0    6    0    0   10   21    0    0   24    2    0   20    0    0    0   33   29    4    0   13   31    0    0   22    0    0    0    0    0    0  
   8    0    0    0    6    0    0    0    0   20    0   17    0   11    0    0   25    0    0   32    0    0   21   16   22   15    0    0   14    0    0    0    0   30    0   31   19   13    0    0   12    0    0    5   18    1   25    0    7   27    3    2    0   29    0    0    0    0   15   31   24   24    0    0   28   32   10    4    0    0   23   33    9   26    0  
   0   10   14    0   23    0   24    0    0    4    0    0    0   13    0    1    6    0    0    2    0   19    5   20   31    0    7   17    0    5    0    9   27    0    0    0   33   11    0   26    0   30    0   21    0   12   32    0    3    0   15    2   18   21    0    3   29    8    0    0   28    0    0   22   16    8    0    0    0    0    0    0   25    0    0  
   0    0    0    0    0    0   27    0   30    0    3   16    0    0    0   28    0    0    0   19   25    0    0   10    4    0    6   23    9   16    1    0    0   20   26    0   29    0   17   24   22    8   14    0   32   33   27   10   28    5    2    0    0    0   18    0   21    0    0   15   13    0    7   12    0    0   11    0   20    0    0    0    0   31    0  
  32    0   28   23    0    8   31    0   14    0    0    0    5    0   22   21   18    4   21   11    0    0    3   19   12    0    0    0    0    0    0    6    0   16    7   16   27   25    0   24    1    8    0    0    0    0    2   29   30    0    0   20    9    0    0   26    0   33    0    0    0   20   10   17    0    0    5    0    0   13    0   15    0    0    0  
  19    0    0    0   29    3    0   22   30    7    0   14   28    0   20    0    0   16    0   32   11    0   20    0   33   25   31   16    0    0    0   18    0   24    1    0    0   23    0    0    0    6   26    0    0    0    0    0    0    0   26    0    8    4    5   21   12   10   20    0    0    0    6   17   27    0    9    0   13    0   15    2    0    0    0  
   0   33    1    0    0   18    5    0    0    0    0   13   21   14    0    0   28   29    7    0    0    0    0   12   30    9    3    0   16    0    0    0    0    0    0    2   25    6   24   11   15    0    0   19    4   27    0    8    0   20    0    6    0   29    0    0   12   22    0   10    0    5   31   26    0   32    0   17    0    0    0   17    0   23    0  
   0   27   23    0    0    0    0    1    0   10    0   14    2   21    0   19   12    0    0    8    0    5    0    0   16   25    0   17    0    0    0   15    0   28    0   32    0    0    0    0   16   11    7    0   29   20    9    4   22    0   13   25   26   33    0   17    3   19    0    0   30    0    0    0   26   31    0    0    0   24    0    0   18    6    0  
   0   16    0    0    0    0    0    0    0   32    3   26    0    0    0    0    0    2    0    0    0   24   23   27    5    0    1   33   31    0   30   18    9   25   19    0    0    6    0   15    0    0   28    0    6    0    8    0   19   29    0    4    0   14    0   20   22    0   30   24    2   13    0    0   12   17    0    0    0    0   11    7   21   10    0  
  15    0   23    7   25   22    0    0    2    0    0    0    0   29   24    0   15    8   28   25    0   12   14    9    0   13   18   23    0   26    0    0   19    0    0    0   32    0   22    3   27    0    5   16    0   30    0    0    0   20   31    0    0    1   33    0    6    0    0    0    0   21    0    0    0    4    0   17   11    0    0    0   10   23    0  
   0    0    0   21    0   20   25    0    0    0    0    0    0    0    0   33    8    0    0    0    4   26    0    0    6    0    0    0   31    0    8    0   27   10   24   23    1    0    0   18    2    0   11   30   14    0    0    0    0   12    7   15   16    0    9   13    0   10    0    0   19    0   32   29   28   20    0    0   31    5    3   15   22   17    0  
  17   27   19   28    0    1    4    0   33   13   22   19   11    0    0    0    0   30   25   23    0   14    0   15    0    0    0   28    0    0    5    0    7   16    0    0    6    0    0    0   10   16    3    0    0    1    0    0   26    0    0    0   26    0    0    8   32   24   31   18   29    9    0    0    0    0   12   21    0    0    0    0   20    2    0  
  26    7   19   20    6    9    0    0   13    0   30    0    0    1    0    0   31    0    5    0   20    0    0    2    0    0    0    4    0   14    0    0    0   31    0   21   17    0    0   24   29    0    0   15   22    0    0    8    0   26   27    3    0   16   28   16    0   18    0    0   33   10    0   11    0    0   25    0    0   12    0   16   23   32    0  
   9   18    0   19    0    0    7    0   23   28   15    0    0    0    0    0   29   30    0    0   22    0   11   14    0    3    0    0   20    0   11   18    8    0   31    6   25    0   33   10    4    0   20   26    0    5   27    0   17   16    0   21    0    0    0    0    0   24    0   13    0   12    0   16    0    1    0   32    0    2    0    4    0    0    0  
   0    0    0    0    0   26    0   32    3   16    0   27   20    0   33    2    0   28    0   14    0    7   29   18    0    8    0   30    0    4    0    0    0    0    0    9    0   19   18    0   11   24    0    0   13    0   17   20   22   15    0   10    5    0    0   21   20    0    0    0    0    0    0    0    0   21   12    0   23   31    1    0    6    2   25  
  16    0    0    0   19    9    5    0   26    0    0   17    6    0    0    0    0    2    8    0   32   12   27    0   21    3   29    0   13    0   31    0   18    0   31    0   10   26    0   20   15    0    0    0    0    0   11    0   16    0    0    0    1    0    0    0   33    0    0   15    4   25    0    7   14   30    0   28    0   30    0   22   24    0   23  
   9    0    0    0   25   32    3    0   17    0    0   31    0   11    0    0   30   23   19    0    0   29    5   21    0    0    4    0   10    0    1   18    8   20    0    0    0    0   24    7    6    0    0   12   12   22    0   28    0    0    0   27    0    0   16    2    0   30    0   13   26   31    0    0   15    0   14    0    0    0   17   33    0   10    0  
   2   23   28    0   14    0    3    0    0   10    0    0    0    5    0   20   21    0    9   14   11   12   29    1    0   27    0    0    0    0   17    0    0   32    0    0    7    6    0    0    0   22   30    0   16    0   33   31    4   23    0    3    0    0   26    0   10    0    0    0   18   24   19    8    9   15    0    0   13    0   25    0    0    0    0  
   0    0    0   19   17    0    0    0    0   22    4    0    0    5    0   14    0    0    0   20    0    5    0   32   10   14    0   29   31   28   12    9   21   11    0    0   18    0    0    9   24    0    0    0    8    0   33    0    0    2    7   23   25   13    1   23    0    3    0   16    0    6    9    0    0    0    0   26    0   27    0    0   30   15    0  
   0    0   14    4    0    0    0    0   22    0   25   15   26    0    0   11    0    0   13   28   19    0   21   27    0   12    8    0    0    0    0   16    0    0   29    0    5    0   18    0    0    0   20    0    0   24   10    0   33   30    0   30    0    3   23   28    0    2   17    0    0   18    0    0   32    7   16    9   31    6    0    1    0   10    0  
  30   19   26    0    0    0    0   20   28   17    0    0    6    0   14   28    0    0    0    0   24    0    0    5   12    0    4    0    3    0    0    0    0    0    0   23    0   21    0   31    0   15    0   33    0    8   23    0   32    7    0    9   22    0    0   13    0   18   27   29   11    0   28   23    3    0    0   25   10    0    0   16    1    0    2  
   0   26    0   32    0    0    0   20    0    0    0   16    5    2    0   30   15   19    0    0   14    9   13   14   27    1    0   21    0   33   11   28    2    0    0    0    0    4    0    0    8   22    0    0    0   23   17   23    1   31   24   12    0    0    0    3    6    0    0    0    0   10   18    0    0   29    0   25    0    0    0    0    1    0    7  
  12    0   19    0    1    0    6    0   21    0    8   16    0   13    0    0   24   22   32    0    0    0    0    5    0    0    0   15    0   14    0   25    0    0   10    0    1   12    0    0    0   28    0    0   18    0   29   33    0    0    0    7    0   28   20   27    4   30    3    0    9    0   17   26    2   13    0    0   30    0    0    0   11   31   23  
   0    0    0    0    3    0   23    8   20   24   28    0    0    0   32    0    0    0    7    0    0   26    0    0   18    4    9    0    0    0    0    0   19    0   33   12    1   17    6   15    0   16   30    0   10    0    8    0    0   33    0   21    0   11    0    0   28   28    0   29   25    0    0   14   22    5    0   27   13    9   31    0    0    0    2  
   0    9    5   19   20   28    0   12    0    0   18   23    0   21    0   29    0    0   15   10    3   21   13   33   16    0    0    7   19   11    0    4    0    0    1   22   26    0   27   24    0    0   32    0   30    0   27    0    0    0    0    0   27    0    0    0   18    0    0    0   25    6    0    2    0    0    0   31   17    0   14    0    8    0    0  
  16    0   22   11    0   29    0    0    0    0    0    0   14    0    0   18   27   30    9   16    5    0    0   33    0    8    0   31    0   23    0    0    0    0    0   25    0    2    0    0    0    0   27    4    3    0   24    0   29   32    0   15    0    0    0    0    0   13    0   26    0   10    6   23   20    7    0   12   17    0   28   26   19    1   21  
   0   33    0    0   18   19    0    0    0    0   12    0   14    0    0   31   11    8   23    4    0    0    0    0   16    0   32   10   26    0    0    0   26    0   15    0    0   20    0   27    0    0    0    0    0   12   13    0    0    0    5   22   17    0   28    7    3   29   33    0    0    0    0   24    2   25    0    0   30    3   29   21    1    6    9  
   0   12    0    0    8   26    2   23   17    0    0   31    0    0    0    0    9    5    0    0   15    0    0   25   13    0   22   28    0    0    0    0    0   18    0    6    0    0    5   20    0    0   26    0    0    4    0    0    0   14    0    0    7   33   29    1   27   16    0    0   18   10   24   10   19   11    0    3   21    0   30   18   32    0    0  
   0    0    0   14    0    0    9   10    0   28   19    0    0    0    0   29   33    0   28    7    0    0   12   33   10    0    0    8   20    2    0    0    0   25   27   15    5    0   26   24    0    0    0   29    0   11    0    0    0    7    6    0   16    0   18   32    0   21    0   22    3    4   31   13   30    0    0    0    0    0    0    0    1   17   23  
   6    8    0    0    0   30    0    7   32   22    0    9    0    0   15    0   10    0   12    0   12    1    0   17   14    0    0    0    2    0   27   17    7   21    3   24    0   23    4    0    0   11    0   18    0    0   13   20    0    0   31   19    0   26   11    0    0    0    0   33    0   28    0    0    5    0   29    0    0   33    0    0   16    0   25  
   2   21    0    7    0    5   11   29    1    0    4    0   14   28    0    0   20   23    9   27    0    0    2    0   21    1    0    0    0    0    0   17   31    0    0   22    0    6   26   30    0   33    0   25   18    0    0    0    0    0    0    0    0    8   19    0    0   16   12   32    0   15    0    0    0    0    0    0    0   13   24    3   10    4   26  
   9   33    0    0    0    0   16   27   14    0   11    0   25   12    3   19   21   13    0    0   32    1    9   24    4   18   23   26   22   24    0    0    0    0   30    0    0    0   16    0    0    2    8    0    0    0    0    0    0    6   20    0   17    0    0    0    0    0   10   28   15    0   31    0   19    5    0    7   29    0    0   23    0    0    0  
   1    0    0   11   23    0    0   26    0   29    0    3    0   14    0    0    0    0    0    0    0    0   27   25   32    8    0    9   10    0    0    0    0    0   26   31    5    8    0   30   12    0    4    6    0    0   16   22    7   15    3   17    0   20   19    0   33    0    0    0    0    0    0   24   29   13    4    0   28   18   21    0    0    0    2  
  31   15   10   29    0   28    2   20    0    0    0   24    6    0    9   16    0   22    6    0    0    0    0    0    0   19    0   11    0    0   27   11   27    4    0   12    0    0    8    0    0   14    0    0   20    0   30   23    0    1    0   27    0   13    0    0   33    0    5    0    0    3    7   21   18    0   26    0    0   25   17    0    0   32    0  
   0    0   15    0    0    3    0   20    0   29    8    0   14    5   16   13   23   14    6   17   24    0   13   32   30    0    0    0    0    0    0    0    0    0   33   22    0   15   21    0   25   32   10    2    0    0    0   18   31    7   28    0    0    0    0    0    0    0   12   26    2    1    0    0    0    9    4   19    0    0    0   27   11    0    0  
  22    0    0    0    0   20    0   22    4    0   31   12    0    0    0   16    0   19    0   18    9    5   27    7   23    0   17    0   26    6    0    0    0   16    0    0    1    0    2   21    0    0    0   13    0   13    0   33    0   29   15    0    0   33    3   29    0   11   24   25    0    0   28   32    0    0    0   30    8    0   14    0    0   10    0  
  16   29   21    0    0    0   24    0    0    0   10   27   20    7    0    2    0    0    0   14    0    4   25    0   33   32    0    0    0    0   28    0    0    0    0   19   23   13   20    0    0    1    0   29   30    0    8    5    9    0    3   17    0    0   31    0    0   15   16    0    0   26   18    0    0    0   11   12    6   29   22    0    0    0    5  
   4    0   30   20    0    0    4    0    0    0    0    0    0    0    0    7    0    0    1    0    0    0   22    0    0   33    0   27   21    3    0   32   29   24   15    0    5    0    7   14   12   19   18    0    0    0    0   31   11   21    0    9   17    0    0   10    0    2    8   19    0    0    0    0    6    0   22   26   28   13   25    0   23   16    0  ] 
BUDGETS : [    1    1    1    2   12   13   14   16   17   20   23   24   26   32   40   43   45   47   48   52   52   55   61   62   63   64   65   65   67   75   77   80   81   82   82   84   87   91   91   93   93   93   96   98   99  101  104  106  109  118  118  119  120  120  121  121  122  123  125  125  126  127  130  141  141  141  144  147  148  152  154  160  160  162  167  168  170  173  173  173  175  180  182  182  182  183  186  186  188  190  192  194  194  198  200  203  203  207  209  210  210  211  214  216  217  219  222  225  225  229  230  231  237  239  241  241  242  245  245  248  249  249  253  259  260  261  261  262  263  264  264  265  265  266  267  270  275  275  276  277  279  288  288  289  291  293  295  296  297  298  ] 
