K : 50
I : 50
PREFERENCES : [   46   35   34   38   36   43   30   26    1   40    8   17    5   44   22   37   26   13    3   14   47   27   20   31   19   23   39    7   25   41   21    4    2   28   42   45   29   29   11   15    6   22   10   18   24   12   33   16    9   32  
   6   14    9   15   26   29   40   33   44    6   23   27   21   31   16   18   32    2   10   17   36   38   45   19   46   42   24   12    7    1   35   22   30   18   41    4   25   11   28    5   34   13   39   20    3   47   17   43   37    8  
   1   14   44   12   26   28   18   29   46   16   25   43   47   31   20    9   19   15   41    9   13    5   27   35   33   10    8    1   45   42    6   38   30   17   36    2   22    7   34   37   38    4   23   40   11    3   21   39   24   32  
  28   19   18   23   21   46   26   36   45   33   45    7   13    8   34   35   22   43   41    5   15   27   47    2    9   40   44   37   30   25   31   42   39   11   29   20    3   16   38    4    6   24   37   35    1   17   14   12   10   32  
  13   20   24   22    1   34   41   12   11   37   25   33   38   43   46   32   16   36    4    6   42   35   15   31   29   15   19   45   40    9   39    5    8   28   47   23   44   17   26    3   30   14   18    2   40   10   21   27   42    7  
   9   40   11   27   37   38    7   42   46   33   43   36   35   40    5   20   45   26   10   18   12   17   41    1   24   28   23   25   34   21   14   31   32   16    3    6   15   13   10   44   19   30    2    8   47    4   22   29   39   24  
   5   36   42   15   45   39   27   35   28    6   22   30   17   38    4   41    7   37   23   26   24   20   40   43   25   38   21    8   34    3   32   31   35   14   33   44   10   14   46   11    1   47   19   13   16   18    9   29    2   12  
   7   17   43   31   27   29   25    6   45   33   38   39   21   13    1   14   41   35   47   32   44    5   11   22    8   26   19   24   34   42   40   23   46   10    4    7   12    2   41   37   11    3   20   36   28   30   15   16   18    9  
  45   40    5   29   39   26   27   41   32   19   21   14   42   11   46   17   43   44   15   10    9   24   22   33   47   18   41   37   35    4   23    3   31   16    7    6   20   42   36   38    1   30   13   25    2   28   12   34    8   46  
  37   47   40   38    2   17   36   30   46    2   23    6   39   21   43   27   19   14    8    3   18   12   28   16   45    5   32   41    9   22   44   35   29   33   10   24   26   15   42   34   25    2   11   47   20   31    4    1    7   13  
  20   47   27   15   40   22   14   13   45   26    6   16   12   31   11    2    7   34    5   42   39    1    8   36   17   28   32   16   43    4   19   21   41   15   29    3   35   25   18   47   33   46   10   38   37   24   23   30    9   44  
  25   18   40    2   37    7   27   28   11   31   34   37   46   14   24   26   17    8   32   13    1   22   36   47   41    3    9   44   16   12   45   10    4   38   30   35    6   42   45   19   23   33    5   15   43   23   29   39   20   21  
  18   11   16   13   12    1    7   15   17   18    2   30   41   25   19   27   38   33    5   14   34    4    3   39   35    6   24   37   43   26   23   29   20    8   42   45   46   39   31    9    5   47   44   21   40   10   32   36   22   28  
  15   40    3   21    2   28   18   22   21   46   12   14   26   31   30   47   13   34   41   44   35   23   20   36   42   39   19   10    7   43   16    6    8   33   38    1   42   27   17    4   29   25   32    5   37   45   11    9   25   24  
   9   37   45   41   33   14   25    1   47   20   15   46   13   19   40   32   28    8   31   10   42   24   23   26    6    2    4   21   12   18   39   29   22   16   34   21   17   43    3   27   44    5   11   38   14    4    7   30   36   35  
  10   26   45   32   20   36   47   34    8   24   28    9   29   30   43   14   33    6   17   37   42   31   40    4    4   16   38   12   21    4    3   46   13   25   27   44   35   15   23   46   39    5   22   18   19    1    2   11   41    7  
  35   21   11    7   39   19   20   26   10   31   42   14   23    3   17    9   47    2   24   33   46   22    6   36    5   12   40    8   29   15    4   18   45   34   43   30   24   13   27   32    1   25   44   41   25   38   37   16   28   20  
  29   12    7   32   24   32   43    1    8   44   38   31   30    5    9   23   31   37   35    3   34   39   14   40    4   24   46   10   36    6   41   47   27   16   33   20   42   26    2   21   25   28   11   22   13   19   15   17   18   45  
  14    9   40   17    5   22   29   23   25   32   12   11   34   10   26    8   38   37   44   35   45   43   24   47    6   36   39   28   42   46    6   16    4   30   15   20    1    2   18    7   19    3   41   12   31   27   21   33    1   13  
  30   29   11    9   15   27   13    1   24   42   21   35   43   26   28   16   41   39   23    3   20    2   33    7   12   38   17   34   31    5   19    6   18   24   10   23   22   47   40   32   25   44    4   14   37   46   36   45   43    8  
  43    2   14   47   24   33   42   46   32   28   10   31    3   45   25   26   15   35   38   27   12   18    3   11   13    9   37   44   23   36    7   38    4    6   16   19   41   30   40   10   39   29   34   20    5   21    1   22    8   17  
  30   24   25   10    2   36   46    8    1   21   38   43   12   47   31   11   44   42   16   13    6   15   18    5   20   28    7   33   22    4   27   29   19   27   35   14   37   29   40   32   45   17    3    9   26   23   39   41   34   27  
   3   25   27    4   32   30   47   10    5    5   33   43   34   12   40   44   38   19   39   46   41   11   18   20    9   23   15   26   24   16    6    2   13    7   28   45   31   17   14   29   42   36    8    1   22   23   29   37   21   35  
  45   26    8   22   31    6   17   28   47   16    9   44   10   19    1   30    2   14   41   18   33   23   37   12    7   25   20   11   15   46   24   42   35   19   40    5   44   36   27   32   21    3   38   43   31   29    4   39   34   13  
  42   24   30   38    3    2    6   22   32   18    4   27   36   41   43    6   37   21   25    8   44   16   26   35   45   33   31   40   39   18   34   28    5    3   20   11   15    9   23   29   12   17   13   46   47   10    1   14    7   19  
  30    2   17   12   37   46   26   44    9   11    1   43   28   36   18   43   35   38   39   16   21    7   31    5   24   29   41   13   14   22    4   25   19   45   40   24   34   23   36   42   20    3    6   27   32   15   47   10   33    8  
  45   16   28   17   40   27   23    6   47    1   37   25   46   42   41   26   14   19   43   30    2   18   39   20    8   26   10   38   22   44   24   36   21   29    9   34   12    5   15   35   14   31    7   37    4    3   13   33   11   32  
  45   40   29    8   19   46   24    7   12   37    4    3   42   39   13   22    3   10    9   38    5   41   11   32   47   28   15   30   11    2   21   14   25   16   20   36   26   31   43   13   17    1   23   44   27   34   18    6   33   35  
   5    4   46   39   13   11    8   35   26   17   19   27   15    2    9   12    3   25    7   31    1   10   21    6   16   32   35   38   36   23   41   14   42   43   30   47   28   22   34   44   37   20   33    3    8   29   45   40   18   24  
  30   37   40    3   17   22    9   33   16    6   25   36   44   42   20    4   45   34   11   39   44   12   14   10   15   46   13   26    2   32   18    7   23   24   29   31    8   27   21    1   38   28   46   47   41   35   43    5   42   19  
  13   29   14   16   42   24   20   17   25    5   43   35   36   47    4   18   11   12   10   44   22   15    1    7   45   28   31   23   34   30   16   37   40   32    3   14   41   21   27    9   33   38    8   46   19    6    2   40   39   26  
  29    8    2    1   14    5   39   46   38   18   35   41   38   40    7   17    6   13    9    4   44   28   32   37   22   45   25   34   36   14   30   19   16   20   12   26   47   10   15   21   11   30    3   33   24   42   31   23   43   27  
   4   30   28   19   43   26   34   32   23   27   41   22   17   25   15   18   37   29    3   21    8    7   14   30   24   46   45   39   20    1   28    6   13    2   42    9   12   44   33   35   47   38   11    5   40   31   36   25   10   16  
   5   29   35   18   19   42    3   42    9   32   40    8    6   44   24    1   46   36   33   21   30   13   38    2   34   14   10   10   23   11   20   17   15   41   45    4   12   43   37   27   26   47   22    2   16   31   25    7   39   28  
  34    4    3   10   29   39   44    8    6   11   12   45   25   17   25   27   30   20   19   40   35   28   26   21   41   43   13   33   32   30    7   37    2   16   42    1   24   29   18   23   22   47   36   38   15    5   46   31   14    9  
  20   39    9   30   12   36    2   23   44   11    5   41   46   45    6   14    4   13   28   24   19   37   10   33   15   21   47   20   35   29   42   26   22    8   35    1    7   32   17   34   31   16   43   40   27   25   18   38    3   20  
  17   12   33   26   31   20   35    8   30    1   20   32   34   44    6    4   19    7   37    3   11   16   13   46   40    9   39   23   18   22   45   42   29   38   10    5   25   21   31   15   41   14   28    2   24   27   43   47   36   12  
  45   44   33   14   24   46   43   10   41    8   28   27    2   20    3   47   19   40    9   23   12    6   15   39   31   16   36   25    1   11   26   35   43   30    6   29    5    4   17   38   32   34   21   37   18   13   10    7   22   42  
  30    4    8   13   45   38   46   17   44   42    5   36   32   42   14   31   24   35   29   28    7   11   26   34   16    3   37   19   25   18   33   47   15   43   40   39   20    6   33   19   10    2    1   12   27    9   22   23   41   21  
  12   47   20   11   37    4   17   14   33    3   29    9   29    1   41   35    2   25   44   36   21   30   22   27   45    5    6   32   18   39   40   42    4   24   13   46   28   19   38   16   23   31   26   43   40   34   15    7    8   10  
   6    2   22   27   19    6   36   44   21   30   42   13    7   15   37   25   47    4   12   46   21   34    3    7   41   29   40   35   31   38   18    9   16   20    8   11   32   45   23   43    5   17   33   24    1   26   28   10   14   39  
  30   40   44   23   41   37   44    7   16    6   29   21   11   39    9    1   35   26   18   28   46   38   25   10    5   17    2    2   27    8   13   31   19   20   14   15   22   12   43   36   47   21   32   45   33   42   34    4   24    3  
  22   34   27   30   11   47   35   25   13   16    3   42   19   31   39    9    8   15   43    8   14    5   21   46   26   44   28   10   40   18   36    7   32   29   33   37   20   17   24    1   13   38   12   16   23    2   41   45    4    6  
   5    4   39   44   23   11   21    3   32   16   25    2   14   18   13   35    8   36   46    7   20   10   12    1   37   31   22   29   28   38   43   17   36   45   33    9   19   34   47   41    6   27   24   26   40   35   43   42   15   30  
  42   14   22    2    7   11    8   12   30   33   20   36   44   26   40    5   27    4   10   45   17   24   38   34   23   19   35   18    9   28   15   21   16    3   31   44    1   13   47   46   41    1   32   34   37   25   29    6   43   39  
  40   22   25    2   31   27   41   41   12    7   10    8   11   26   17   28    5    9   21   19   34   33   47   29    3   37   15   24   43   36   14   23   42    4   38   35   16    3   39   13    9    1   32   18   30   46   20   44   45    6  
  17   24   23    1   10   27   47   32   39   21   34   11   36   31    2   14    7   41    8    9   35   33   12    3   15   42    6   40   25    4   45   41   46    5   43   22   19   18   37   26   44   11   28   13   30   20   29   38   11   16  
  34    2   27   30    5   47   22   42    6   15    8   37   24   10   33   23   17   32   46   45   14   21   17   29   43   36   28   31    4   40   35    9   26   41    3   16   39   29   20    3    7   25   12   19   38   18    1   44   11   13  
  46   20   43   29   23   40   39   36    3   10   19   35    8   25   15   42   44    1   11   45   21    4    6   29   16   25   27   28   47   37   31   41    2   38   24    7   34    9   18   14   34    5   17   12   32   30   22   26   33   13  
  42    5   44    7    8   19    2   23   32   16   43   24   27   13   36    9   25    4   21   47   41   45   31   29    6   33    1   41   38   11   15   26   18    3   34   20   46   37   12   22   28   34   35   40   10   44   39   17   14   30  ] 
BUDGETS : [    1    5   11   12   14   15   17   18   24   24   25   26   27   31   32   32   33   39   40   40   44   44   46   47   52   54   55   56   56   61   62   63   65   65   68   71   72   74   74   74   83   84   86   86   88   91   92   93   96   96  ] 
