K : 150
I : 75
PREFERENCES : [   42   17   44   75   55   14   36   40   64   68   30   41   16   67    5   39   24   28   21   61   66   63   66   56   49   65   22   29   71   45   53   50   73   43    8   57    6   12   10   31   11    7   46   26   27    9   40   19   37   18   34   25   13   47   35   48   72   60   38   15   58   23   69   59   54   20   74   62   37    4   32   70   52   51   33  
  49    6    7    9   32   14   45    4   35   27   25   71   47   52   11    8   50   58    6   64   72   42   74   12   22   15   20   24   43   23   44   21   62   10   55   59   51   61   18   29   48   67   73   34   46   41   60   35   68   26   63   66   16   70   19   28   39   53   31   65   38   40   37   33   36   30   57   17    5   69   75   13   56   54   65  
  25   46   28   75   30   68   22   21   27   60   53   39   47   57   40   26   24   48   13   35   17    5   62   44   11   65   10    4   73   36   16   14   19   61   18   64   71   34    7   23   37   54   70   69   51   63   41   29   55   67   20   38   74   52   72    8   28   66   56   22   43   31   15   12   33    6   42   45   32   50   49   59   58   38    9  
  12   10   56   15   34   63   33    4   22   70   61   27   29   66    8   57   31   52   13   49   51   19   23   71   40   23   14   37   32   21   68    9   20   64   24   47   11   30   72   69   39   62   60   67   46   74   44   25    7   58   36   43    5    6   75   26   65   45   54   35   28   18   48   41   50   59   55   17   42   45   37   53   38   73   16  
  18   21   53   39    5   31   10   68   73   44   20   71   37   36   17   26   35   11   13   57   46    8   49   40   34   73   59   47   55   72    4   74   12   23   32   30   24   63   58   56   75   72   64   66   65   67   25   52   33   54   42   45   19   29   60   38   69   62   43    7   70    6   48   27   16   14   28   50   41    9   22   51   15   31   61  
  71   47   36   61   75   22   11   21   63   66   52   16   29   67   56   62   72   50   25   43   14   46   54   23   65   19   28   49    5   68   40   64   34    4   38   47   51   20   60   48   17   10    8   69    6   31   35   73   27   42   13   53   12   30   57   45   18   26   32   59   55   58    7   33   39   15   74   44   41   73   49   37    9   70   24  
   9   45   53   18   62   51   40   64   61   19   49   48   29   34   46   32   23    4    5   39   74   50   15   58   54   55   43   59   21   71   65   72   38    8    7   33   63   68   44   38   36   12   16   59   66   69   75    6   42   11   17   70   47   56   37   30   28   73   13   10   67   57   24   27   25   60   20   41   68   14   35   26   31   52   22  
  69   53   22   62   67   14   13   31   26   19   30   21   24    6   20   51   74   66   38   19   37   72   21   63    9   33   46   39   29   28   15   40   61   65   32   59   12   36   60   42   75   10   25   45   44   50   34   68   18   35   70   58   23   55   49   47    5    8   57   27   41   48    7   56   64   69   17   11   52   43   54   73   71   16    4  
  74   16   49   68   14   21   61   26   29   30   46   45   54   69   44   51   58   39   18   32    5   33   16   62   41   60   42   10   25   48   17   71   38    7    4   28   63   31    6   50   19    8   22   34   75   11   57   53   72   64   36   59   65   70   52   42   24   13   37   12   27   40   47   56   20   55   73   66    9   43   35   57   23   67   15  
   9   11   49   66   29   28   61   16   17   54   41   13   55   14   74   21   25   47   43    5    8   15   12   42   51   56   46   63   30   58   69   20   75   31   71   27   45   70   18   19   38   59   57    7   60   64    9   52   23   68   34   72    4   39   53   57   40   10   36   65   44   24   22    6   35   60   67   48   26   73   33   37   62   32   50  
  74   63   62   32   66   10   34   61   51   14   52   30   58   41   31   33    5   59   56   49   20   72   36   21   23   69   50   67   55   51   68   54   25   19   28   64    9   75   26   48   40   57   47   70   29   13   37   64    4   65   53   16   12   60   24   15   39   42   45    6   44   38   43    6   27   46   11   22   71   35   17   18   73    7    8  
  38   41   22   10   74   47   66   20   28    9   70   25    6   72   24   12   68   18   11   73   67   58   14   31   19   62   69   43   21   32   52   34   53   29   48   71   46    8   35    5   61   36   16   42   64   51   23   37   50   59   17    7   75   15   60   65   39   27   30   53    4   54   45   39   13   63   33   40   57   56   55   26   44   16   49  
  22   23   43   54   32   24   15   41   39   58   66   29   57    4    7   49   67   70    8   45   21   33   35   52   59   72    6   11   68   44   64   48    5   30    9   16   73   34   10   42   48   26   47   56   46   69   50   74   65   12   13   62   61   53   38   40   43   37   14   36   51   31   28   55   19   27   75   63   71   17   18   25   40   60   20  
  26   12   75   43    7   27   67   39   55   15   49   60   56   11   65   31    8   18   23   53   68   19   74   35   24   44   57   59   69   37    4   19   22   50   62   64   33   38   61   66   42   41   48   70   29   45    9   10   16    6   73   51    5   17   20   34   72   52   25   40   28   54   30   63   21   47   31   46   23   14   58   13   36   71   32  
  28   70    6   31   36   72    5   16   42   19   14    9   46   55   43   44   32   41   51   27   22   18   39   62   66   47   29   10   64   13   34   46    4   15   68   57   69   67   74   38   50    7   45   20   11   59   52   17   73   61   56   12   58   49   23    8   54   26   37   28   35   75   60   53   65   24   30   59   33   21   40   48   71   25   63  
  35   45   41   17   34   57   43   25   74   71   28   26   49    8   24   69   60    6   44    5   18   70   61   68   46   29   50   21   27   30    4   53   37   58   65   22   40   42   31   72   10   28   23   75   66   10   62   14   19   52   56   67   33   11    7    9   59   48   73   47   16   12   32   63   38   54   15   20   55   13   36   51   70   64   39  
  61   41   24   17   15   63   16   36   67   29   45   48   31   32   51   49   35   21   70   39   42    6   18   52   20   50   43   68    7   55   10   57   48   46    8   74   74   38   13   62   33   40   66   72   25   19   27   44   73   54   53   51   22   69   75   59   12   58    5   30   71   11   47    4   60   23   14   28   26   34    9   37   65   56   64  
  27    5   13   66   57   10   68   11   75   36   44   62   28   53   51   54   49   59    6   18   16   33   56   70   74   32   32   48   34   31   72   22   24   26   28   64   73   69   65   58   17   30   29   43   60   14   71   52   46   23   21   45    4   15   47   61   63   38    8   12   20    7   25   35   41   67   39   50   42    9   37   51   55   40   19  
  37   66   31   53   13   32   46   69   47   23   62   38   25   67    5   51   39   55   22   58   34   21   18    8   43   33   74   65   41   29   30   57   49   50   37   15   40   12   10   60   64   68    7   11   52   32   26   42   16   54   26   36    6   19   24   27   45   71   75   72   56   70   28    9   73   14    4   59   20   44   61   35   48   17   63  
  51   12   69   26   47   39   60   44   73   41   33   45   22    4   36   13   19   61   32   58   38   53   65   27   50   16    5   23   57    6   30   72   22   59   71   43    7   15   62   18   74   64   68   34   42   29   49   66   35   67   24   37   40   11   75    8   10   31   25    9   70   54   20   15   17   52   28   21   48   63   56   46   71   14   55  
  24   15   21   13   41   55   38   10   64   18   65   38   19   22   17    6   27   11   54   62   30   34   37    9   69   70   33   48   66   74   73   20   57    4   68   35   50    8   16   51   45   49   58   25   61   47   29   12   75   63    7   23   50   59   53   67   31   32   43   39   56   72   36   28   34   71   42    5   26   40   46   14   60   44   52  
  18   28   29   54   68   16   21   60    5   51    4   19   36   59   47   30   52   45   15   11   71   46   39   31   58   41   32   17   44   43   22   67   73    9   53   61   12   38   27   55   57    6   25   35   10    7   24   40   66   33   48   72   69   26   63   14   37   50   70   65   13   17   52   64   20   74    8   49   56   34   21   23   62   75   42  
  22   35   71   32   39   57   50   31   26   55   13    5   17   74   30   67   45   12   49   68   19   37   11   60   70   18   63   33   10   15   64   21   61   40   29   41   27   72   34   56    8   28   38   24   47   36   73    6   16   66   46   75   25   20   68    9    4   42   55   54   59   43   31   53   58   23   52   65   44    7   51   14   69   48   62  
  72   75    8   49    9   22   56   30   23   74   20   45   73   21   20   46   57   38   13   11   66   16   61   14   43   50   59    5   54   35   31   28   27   48   24   54   12   29   18   52   42   10   63   17   25   55    6   40   39   70   47   37    7   51   32   58   65   26   33   64    4   10   71   69   19   53   67   60   62   34   15   68   36   41   44  
  12    9   35   13   49    8   69   27   70   75   19   54   48   65   62   20   26   73   19   52   67   60   74   23   15   14   53   72   38   16   47   17   40   24   30   50   52   42   28    4   66   56   71   68   39   45   33   46   31   55    5   18   59   58   64   34   57   11   51   21   27   61   44   22   36   63   29   25   43   32   37    6    7   10   41  
  31   46   38   53   15    6   70   20   65   61   30   17   12   25   54   28   74   37   39   43   27   31   35   29   51   41    4   69   52   32   60   56   24    5   33   62   12    9   63   68   18   34   42   23   21   36   45   13   59    7   16   49   58   47   40   48   67   55   19   64   14   66   44   22   72   75   26   11   58   73   71   50   57   10    8  
  12   70   56   31   49   25   62   35   26   52   60    6    5   36   72   10   11    9   43   23   40   50   15   16   54   37   51   22   44   64   33   45   61   48   27   59   14   41   34   58   68   49   20   19   55   63   29    7   71   24    8   28   67   69   39   75    4   47   38   21   65   30   13   47   73   32   46   66   57   17   53   42   74   11   18  
   6    5   59   14   41   16   45   51   46   36    7   71   35   39   10   58   19   29   21   38   24   21   50    8   73   33   34   75   27   56   40   48   69   25   12   32   53   31   72   57   20   61   15   28   11   68   66   67   64   54   37   47   18   42   55   13   52   63   30   49   65   74   22   44   12   23   43   17   62   35    9    4   26   60   70  
  28   45   72   68   20   27   63   55   22   44    8   12   61   50   74    5    5   23   49   46   40   21   37   25   35   13   33   53   51   34   17   69   64   29   62   58    9   16   39   26   65   19   66   24   42   15    7   52   67   32   48   56   73   75   49   43   60   70   47   31   36   41   38    4   11   71   14   18   10   51   30    6   57   54   59  
  17   53    6   56   15   32    5   30   30   75   74   38   52   11   24   70   10   14   61   73   26   66   43   50   42   41   49   62   27   40   35   65   36   68   46   33   31   72   46   54    4   51   71   37   22   13   60   23   16   58   57   63   48   20   44   18   55   64   21   34   28   12   45    9   47   29    8   43   25   67   69    7   19   59   39  
  10   23   13   26   44    8   41   11   62   27   28   38   43   12   31   35   14   18   49    5    4   16   48   64   52   41   21   25   37   59   39   33   29    7   15   24   60   72   32   30   71   46    6   57   61   66   34   45   42   36   74   65   19   20   53   11   50   17   51   56   67   22   75   69   73   61    9   70   55   54   47   68   63   40   58  
  14   40   63   66   15   45   12   27   65   16   44   32   48   41   33   21   74   18   31   56   46   63   29   69   38   62   24   55   43   58   36   64   67   37    5   75   28   19   60   47   13   22   53   17    7   49   26   20   71   73   54   25   70   59   63   51   30   72   23   50   34   25   57   61   42    4   35   52    6    8   68    9   10   11   39  
  61   69    6   42   57   75   51   23   72   55   73   30   48   70   37   26    5   71   16   50   73   29   68   49   59   21   30   36   53    4   66   34   64    7   14   33   24   17   43    8   35   52   12   27   46   45   65   58   25   44   13   18    9   28   41   74   20   22   39   54   19   38   62   47   11   32   40   67   63   15   60   10   56   31    9  
  60   22   63   47   48   26   61   33   21   51   44   28   13   15   63   25   37    4   68   64   36   24    9   42   30   32   53   62   54   11   14   65    6   43   49   19   45   52   16   50   56   34   29    7   58    5   23   46   18   39   70   74   66   72   12   20   69   35   59   27   75   41   55   73   16   40   38   31   71    8   17   67   57   67   10  
  22   68   61   56   21   28   62   25    9   75   43   24   65   53   50   20   54   44   51   66   72   55   10   27   14   34   60   67    7   17   29   36   58   42   59   18   48   69   13   35   39   57   52   51   47   16   12   56   73   29   45   30   26   32   33   71    4   11   31   49   38   41    6   63   37   70   40   15   74    5   64   19   23   46    8  
  21   17   53   37   38   52   11   15   45   60   51   44   20   75   42   34    8   13   64   71   33   46   41   72   65   70   40   18   61   35   43   67   67   55   24   27   64   63   47   22   30   10    7   36   48   29   57   62   66   23   39    5   54   59   14    4   31   26   74   25   49   19   32   28   56    6   58   50   73   69   12    9   16   68   61  
  67   62   48   56   46   70   52   36   10   11   41   28   55   18   61   60    5   14   27   75   43   37   49   44   12   54   72   30   63   59   20   17   65   22   23   24   13   66   69   33   34   15    5   42   40   51    9   21   47   38   45   13   73   74   26   32   53   25   64   50   16    6   71   35    4   68   61    8   58   19   29   39   57    7   31  
  55   26   15   64   41   59   37   17   25   10   39   44   21   34   36   72   35   28   20   27   70   61   59   38   47   46   12   29   74   62   51    5   63   66    4    6   57   23   58   68   18   75   48   50   54   22   49   52   31   19   53   71   13   67    8   16   42   45   56   11   43    7   33   69   40   72   73   65   24   30    8   14    9   32   60  
  14   43    4   19   65   28   44   25    8   74   15   49   72   35   38   65   54   18   70   30   39   57   10   55   41   48   62    9   34   69   29   64   32   24   36   68   52   73   60   67   46   47   31   26   52   33   23   75   68   71   20   17   61    7   42   40   21   13    5   50   66   27   22   45   59   58   16   51   37    6   53   56   12   63   11  
   5   19    9   42    7   75   70   20   64   11   10   68   52   54   46   61   38   59   48   66   35   21   63   22   71   57   53   34   55   58   49   17   14   25   72    4   33   37   10   50   13   31   65   56   40   41   60   61   23   60   47   16   45   26   32   74   39   18   29   43   36    6   27   62   28   67   69   15   12   24   73    8   51   44   30  
  74   63   43   55   23    6   19   58   12   54   41   40   11   75   26   47   39   33   52   72   57   51   64   45   43   34   36   20    5   26   13   66   29    8   73   59   25    7   21   27   15   22   44   46   61   65   37   62   71   28   16   32   53   35   67   18   70   31   30   24   14   17   38    9    4   50   64   42   49   48   10   69   56   60   68  
  35   53   61   42    9   68   24   33   32   59   40   70   16   72   66   11   31   20   50    6   67   23   60   43   54   62   64   27   73   71   17    5   41   51   57   52   22   38   50   29   19   26   56   10   37   44   49   21   13    4   45   47   64   36   46   34    7   14   48   65   12   34   58   39   69   15   63    8   18   25   55   74   75   30   28  
  56   55   10   16   53   29   51   28   18   50   19   17   23   62   66    8   12   57   38   54   75   52   21    6   11   41   40   31   33   24   26   74   32   39   49   27   63   36   15   30   46   68   47    7   44   58   29   59   69   72   22   48   37    5   65   34   34   13   25   45   35   73   42   22   43    4   67   20   70   71   60    9   14   61   64  
  36    8   71   18   50   60   62   20   72   33   14   44   35   19   11    6   26   49   21   43   46   34    4   73   75   22   32   55   16   47   29   63   27   65   57   31   67   70   42   58   16   66   30   48   68   38   41   40   12   17    9   13    7   25   10   38   59   64   51   74   39   56   15   45   52   53   69    5   54   24   37   28   57   61   23  
  24   36    8   51   30   20   69   23   46   12   42   15   28   26   40   53   50   55   56   45   68   61   41   48   18   62   72   25   34   66   29   31   74   65   70   32   54   67   39    4   10   63   52   10   35   60   49   75   47   11   29   21   64   59   43    6   38   17   58   27   13   37    7   22   19   29   33   16   14    9   44   57   71    5   73  
  42   36   12   24    6   27   58   49   16   45   68   52   20   31   11   56   64   75   15   46   62   71   57   41   32   22   40   50   38   65   69   60   13   58   25   73    9   66   42   51   74   54   44   35   43   30   23   59   74    5   33   72   48   17   19   10    8   55   37   21   61   28   26   34   70    7   14   47    4   53   29   67   63   39   18  
   4   41   10   39   16   68    8   25    9   31   29   44   55   45   36   11   30   66   72   46   22   17   63    7   51   60   70   27   47   59   65   31   34   23   16   71   26   57   67   40   20   61   62   33   28   72   48   49   15   13   54   74   21   42   52   19   18   37   50   14   38   43    6   53   69   35    5   73   75   58   56   12   32   24   64  
  50   72   19   33   28    7   30   17   13   58   18   57   75   24   71   65   74   47    6   20   38   40   25   37   14   53   61    9    4   66   12   11   45   26   42    8   19   55   22   41   29   63   36   44   27   12   46   70   16   31   54   62   43   56   68   15   59   10   21   32   48   67   64   73   52   38   39   69   35   60   23    5   49   34   51  
  43   37   41   38   33   72   50   20   27    7   58   21   15   16   71   35   70   75   34   17   39   11   48   63   35   23   55   51   52   45   30   24   46    6    5   31   62   12   18   14   74   54   59   68   64   10   19   44   32   25   67   57   42    8   53   66   49   13   58    4   47   60    9   28   26   40   75   65   69   22   73   56   61   29   36  
  20   22   36   18   73   31    9   14   29   67   10   64   48   69   32   66   37   50   71   46   19   75   65   25   15   52   63   59    6   43   12   58   68   74   56   62   45   72   47   60    8   57   17   54   61   16   41   50   27   57   70    4   42   38   34    5   39   28   23    7   55   21   13   44   51   40   49   24   26    9   35   30   33   11   53  
  14   18   59   54   71   42   61   31   25   58   53   74   73   38   34   70   17   39   68   11    4   29   27   26   47   35   22   75   30   13   63   24   46   44   12   23   62    9   65   49   57   28   30   55   10   15   41   32   21   36   20   16   50   45   48   33   62   43   72   69    5   52   65   40   51   56   67    8   66    7   19   37   60    6   64  
  31   37   16   23   13   71   18   70   17   53   10   46   56   33   69   51   57   11   55    7   49   44   24    4   72   14   63   73   65   30   59   58   27   38   48   27   40    4   12   67   61   32   25   60   75   34    8   43   41   35   52   60   36   21    6   15   20    5   68   22   47   64   54   74   50   42   39   45   62   26   66   29   28   19    9  
  28   54   73   23   56   36   50   58   72   52   45   14   39    7   67   46   24   68   62   32   51   35   27   44   33   10   31   37   63    9   40   22   57   25   74    8   49   59   16   11   17   69   53   37   30   26   71   75   20   55   70   12   38   15    6   19   21   13   65   18   11   66   48   43   41   60   29   64   21   42    4   34    5   47   61  
  42   47   53   25   35    6   11   54   39   68   66   62   72   26   22   43   58   48   73   36   59    9   14   33   19    7   18   27   28   51   63   24   32   75   52   15   23   59   73   55   57   44   45    8   37   70   56   40   50   13   21   41   60   17   16   67   29   12   34   65   20   64   71   74   38    4    5   22   30   10   49   61   31   69   46  
  53   19   73   21   36   17   66   49   61   41   64   64   67   34    7   62   42   23   56   26   25   31   70   57   68   59   47    5   63   74   24   13   53   27    9   71   58   30   65   43   69   37   16   55   33   48   46   44   18   29    4   35   45   22   14   38   52   60   20   28   29   11   15   72    6   32   12   50   54    8   75   39   51   10   40  
  63   37   62   21   24   71   11   65   74   47   34   58   70   56   15   45   66   27   19   53   38   35   26   39   75   72   41   55   44   23   49   36   25   48   12    7   54   31   51   44    6   29    4   69   32   40   13   16   28   33   46   59   43   52   10   73   64   18   31   30   22    5    8   60    9   57   68   67   40   20   17   14   42   61   50  
  18   65   34   16   26   58   47   72   30    7   17   53   31   75   54   61   28   70    6   63   35    9   40   38   62   36   23   41   73   43   37   74   69   60    5   32   48   52   59   68    8   55   49   19   24   72    4   71   67   21   50   45   27   13   33   11   29   12   15   57   42   22   20   10   56   14   44   25   66   51   64   39   46   55   16  
  26   62   58   42   54   69   44   37   27   30   59   11   74   63   61   64    9   33   71    7   68   72   51   29   39   22   66   10   14   50   15   18   49   35   31   10   70   40   60   45   57   41    5   38   28   32   36   23   75   43   53   12   46   65   73   69   16   47   48   13    4   56   20   34   52   25   24   17   55   33    8    6   21   67   19  
  51   70   32   75   17   13   31   58   52   66   61   37   59   67   49    5   22   16   41    9   40   64   69   34   71   26   39   25    6   74   48   11   28   19   15   63   38   36   55   29   11   27   53   65   50   45   42   68   43   18   73   33   30   24   20   46   12    7   10    4   56    7   14   35   72   29   54    8   62   21   23   47   60   44   57  
  70   74   38   21   61   62   25    5   12   67   39   38   30   10   64   16   23   66   33   48   29   11   59   17   53   28    6   24   47   14    7   44    8   37   13   20   46   58   68   75   41   54   56    4   34   51    8   32   45   26   65   42   50   57   55   36   69   72   49   31   15   18   71   60   43   52   73    9   19   40   34   63   22   35   27  
  28   13   59   70   22   56   18    4   36   11   45   72    5   35   63   69    9    8   30   71   37   34   31   54   23   25   14   47   50   29   39   41   74   33   58   26   10   17   20   48    6   66   12   27   73   44   68   42   53    7   63   61   52   61   65   62   67   51   38   40   64   46   55   32   21   49   16   57   15   43   24   60   75   37   19  
  15   13   71   72   66    9   19   22   33   46   68   17   21   65   54    4   20   67   73   39   37   55   34   28   26   49   11   10   47    8   24   44   50   16   32   38   75   56   31   53   36   63   53   58   70   14   52   64   51    5    6   27   66   74   42   45   57   69   12   43   29   48   62   60   18   26   35   25   23   59   30   41   61   40    7  
  20   48   63   26    7   35   47   46   21   71   36   22   30   61   32   53   55   66   63   37   69   58   50   43   52   33   25   44   67   39   62    4   14   18   34   49   28    8   10   75   19   64   72   42   41   29   68   11   74   38    9   56   59   65   16   40   15   57   13   12   17   27   31    6   69   73   54   45   50   70   60    5   23   51   24  
   7   27   23   62   44   72   15   53   36   26   61    6   46   73   48   66   22   63   16   53   75   30   69    5   11   52    8   67   57   34    4   55   12   10   43   37   14   32   28   60   24   18   67   47   74   39   38   25   51   31   58   42   70   13   59   50   40   71   29   33    4   56   65   21   20   41   68   54    9   17   35   19   64   49   45  
  23   28   47   33   46   64   29    6   53   38   34   36   32   19   19   60   39   68   73   26   61   40   35   56   66   57   37   18   14   42   12    9   31   54   46   48   65   69   41   58   63   59   55   27   44   74   17   71   51   11   72   49    5   25   62   67   10   65    7   20   30   13   24   15    8   21   75   70   50    4   45   43   52   16   22  
  71   30   29   12   25   28   22   69   60   47   21   52   54   57   46   41   50   14   43   75   55   69   42   64   53   37   20   59   63    5   35   13   24   56   18   70   58   33    7   32   44   40   16   73   62   65   61   66    9    8   23   67   34   10   15   31    4   49   26   19   27   68   48   36   45   39   17   72   74   51   38   25   37    6   11  
  74   29   36   44   12   61   37   41   42   48    4   27   21   40   32    7    6   11   31   62   39   65   18   63   20   34    8   68   33   73   17   30   49   22   72   46   29    9   66   26   45   56   51   53   28   13   59   60   55   10   14   38    8   70   50   25   19   52    5   54   71   15   35   24   64   69   23   16   37   57   75   47   67   43   58  
  64   16   45   34   43   57   14   25   29    4   67   40   66   58   14   36   56   48   51   30   22   65   28   71   44   39   38   69    8   12   47   15   46   26   37   11   55   42   53   19   75    9   10   20   24   62   31    7   33   41   50   17    6   72   13   49   44   52   27   18   61   21   23    5   73   68   59   37   74   63   60   35   32   70   54  
  48   55   39   65    7   19   16   40   26   25   33   18   49   14   12   50    5   24   29   32   64   69   20   27   23   53   70   21   34   37   63   71   30   67    6   28   26   56    8   31   60    4   68   75   41   38    4   35   74   73   62   22   17   51   59   61   15   44   46   66   43   13   54   45   36   57    9   72   52   11   10   42   47   58   20  
  51    6   20   53   15   13    9    5   47   52   32   26   48   11   58   12   16   64   44   45   10   34   39   28   18   54   63   66   36   22   41   31   21   73   55   27   46   60    7   57   67   49   35   68   38   62   30   69   75   40   19   71   59    8   56   65   43   50   14   17   42   72   49   23   56   25   24   37   74    7   61    4   29   33   70  
  66   54   68   25   10   11   67   38   40   20   18   13    8   60   23    5   73   37    9   36   75   56   16   45   49   41   30   65   12   71   29   26   28   72   22   31   59    7   46   17   52   33   64   15   35   74   42   51   61   55   32   48    6   39   50   62   27   44   47   67   14   43   63   34   24   53   69   70   58   19   59   69   21   57    4  
  61   44   36   62   31   46   66    9   41    5   16   40   49   24   63   43   73   71   25   23   17   54   30   11   51   19   74   75   64   65   34    4   29   13   32   70   58   53   67   45    6   68   18   28   26   12   33   37   22   47   55    6   38   69   50    7   39   42   52   60   10   11   59   25   21   72   35   20   14   27   56   48    8   57   15  
  14   40   55   62   70   54   20   34   19   35   65   29   47   12   21   51   56   44   22   73    6   59   48    5    9   23   58   17   69   66   49   28   39   15   74   13   64   61   33   11   42   43   52   16   37   25   50   63   27   71   57    8    7   10   16   24   60   75   23   36   72   46    4   30   68   41   53   45   26   67   18   25   38   32   31  
  72   31   57   37   67   15   46   35   45   32   13   51   30    8   41   64   33   75   20   50   32   19   60    6   69   63   29   70   58   25   53   64   38   16    9   55   11   17   47   54   59    5   42   49   21   43   65   34   27   12   23   36   73    8   61   10   66   26   62   48   74   44   52   14   28   22   40   24   71   39   18   56    7   68    4  
  40   33   29   15   57   73   62   26   51   52   43    5   27    9   64   39   69   31   68   17   35   12   48   23   25   24   13   32   66   42   53   65   70   64   10    4   28   37   50   71    8   67   30   55    6   34    7   60   61   16   74   20   38   18   45   14   54   41   21   44   36   58   11   46   27   22   59   19   72   47   75   49   28   63   56  
  53   73   21   75   12   28   40   10   45   71   52   42   54   69   22    8   19   16    4   35    5   18   64   57   47   44   59   58   30   13   43   39   15   69   60   29   55   55   17   37   31   48   56   66   27   33   72    9   67   34   65   41   74   63   14   11    6   62   68   36   25    7   61   70   32   38   51   23   26   24   49   46    6   50   20  
  68   34   39    7   64   31   23   19   55   67   73   47   60   74   57   70   29   30   12   40   17    8   28   75   61   18   58    5   53    7   32   26   33   52   15   49   46    4    6   69   14   54   71   68   44   66   41   27   20   36   50   62   43   63   35   22   28   38   24   72   42   21   48   65   25   11   45   16    9   56   59   10   37   13   51  
  72   59   18   45   56   31   43   64   55   26    7   49   51   74   11   54   71   33   46   22   73   14   39    9   37   19   68   40    8   20   48   61   70   30   69   25   42   23   58   29   66   38   21   50   36    5   52   41   75    6   25   44   24   10   12   28   16   52   32   13   35   62   17   65   60   27   67    4   63   34   57   15   53   71   47  
  47   75   29   14   72   46   66   65   42   56   73    7    8    5   24   33   26   40   70   44   49   53   67   23    9   57   25   15   68   62   41   17   32   51   35   55   37   19   13   71   52   63   37   64   61   28   58   50   38   74   22   69   36   48   11   10    6   31   18   20   54   34   60   63   45   59   43   27   30   21   16   12   39   72    4  
  44    9   18   51   44   11   29   49   75   13   10   17   63   50   45   66   72   25   43   32   61   70   31   34   60   48   24   39   74    8   59    7    5   52   62   15   21   20   33   26    7   40   65   14   23   69   38   67    4   53   37   55   56   64   57   16    6   73   27   22   28   68   29   41   12   46   35   54   19   47   58   36   42   30   71  
   6    9   25   16   49   34   37   54   19   73   42   31   58   72   39   30   23   50   41   10   24    5    4   15   33   56   65   51    5   14   13   35   68   48   64   52   69   27   45   55   73   70   44   47   29   63   46   75   62   36   11   43   40   38   21   71   16   32   53    8   26   17   61   74   60   67   18   20   22    7   66   12   59   28   57  
   5   15   32   21   17   33    6   53   28   72   57   48   40   22    4   11   31   62   10   48   39   13   67   49   35   54   25   44   75   58   59   37   41   61   63   60    8   45   27   18   75   64   16   43    7   70   58   42   65   34   69   29   66   55   30   20   19   73   14   68   23   52   50   51   12   26   24   74   36   71   38   47   56    9   46  
   8   59   46    5   62   45   14   34   75   26   37   50   60   36   74   68   17   12    7   28   29   69   55   38   19   39   73   70   58   32   11    4   30   22   56   66   20   66   25   31   27   64   16   13   71   15    6   18   54   43   48   63   10   23   47   33   57   65   24    9   51   15   41   72   67   53   49   35   52   21   41   44   61   40   42  
  54    4   52   38   24   32   43   72   18   14   41   71   45   24   55   31   56   48   50   13   75   17   67   22   62   65   37    8   20   44   49    7   28   42   66   16   51   36   10   35   59   24   47   21   61   42   57    6   68   26   39   25   60   12   58   19   11    5   30    9   63   53   33   34   74   23   40   46   70   69   15   27   73   64   29  
  46   53   48   24   39   21   25   59   60   47   42   66   49   17   32   16   72    4   27   52   33   45   22   14   44    5   26   13   69   11   68    6   30   31   18   61   43   66   28   37   70   29   15    7   10   67   75   19   65   73   54   57   66   40   36   50   12    8   56   58   35   74   15    9   38   41   51   55   71   23   62   34   64   20   63  
  64   21   34   43   28   23   57   62   33   74   53   48   18   31   73   12   75   29   54   63   11   14   63   55   56    6   45   52   13   24   19    7    8   50   37   32   71   51   65   70   60   17   40   38   27   39    4    5   10   69   68   59   61   30   67   15   46   49   41   35   16   44   72   66    9   42   23   26   47   20   32   36   58   22   25  
  55   10   32   49   43   70   53   67   45   31   65   26    4   28   13   61   26   56   40   47   19   51   11   12   25   66   59   62   37   36   73   58   68   69    6   17   72   48   30   39   54   18   21    9   35   15   57   72   63    5   23   50   64   14    8   74   29   52   24   46   42   44   71   34   16   75   33   41    7   20   60   27   38   22   66  
  39   52   72   17   40   69   62    6   12   16   68   51   41   19   36   15   38   61   27   29   37    8   42   50   44    4   13   55   20   21   23   14   53   45    7   57   30   10   60   74   26   46    5   11   33   44   31   67   34   56   65   48   47   75   66   71   58   24   22   43   35   59   64    9   73   25   54   33   28   70   56   18   32   49   63  
  65    5   59   36   31    4   69   25   37   73   35   18   39   54   72   70   21   29   68   34   62   12   58   57   50   19   74   22   49   44   41   38   71   13    6   47   14   20   52   63   67   16   55   46    7   75   11   30   69   10   48   33   27   26   40    9   66   15   17   42   63   19    8   56   24   64   51   53   45   28   32   60   23   43   61  
  39   54   42    6   13   36   29   18   21   32   56   31   50    9   23   10   51   11   52   63   34   33   27    4   43   48   64   15   45    8   16   12   25   41   20   60   72   57   61    7   17   69   74   61   19   59   49   55   40   47   22   30   26   69   44   28   14   53   67   46   38   73   75   37   66   70   58    5   71   34   68   62   35   24   65  
   5   75    6   52   29   55   24   52   44   67   40    7   59   65   26   23   35   30   66   48   32   70   37   50   15   28   10   58   73   41   47   21   12   70   33   16   71   38   18    8   27   42   31    9   34   46   69   19   64   13   25   45   60   17   68   63   53   22   39   61   72   56   20   57   74   62   49    8   11   43   14   54    4   36   51  
  53   72   22   39   65   57   60   52   11   40   18   42    6   28   56   25   19   45   73   51   36   49   21   17    9   16   46   54   33   41   69   63   13   34   44   35   43   34   47   62   66   23   59   67   17   38   15    4   26   32   68    8   75   10   71   44   24   48   55    7   14   27   12   61   50   20   30   74   31   70   64   37   58    5   29  
  37   20   56   42   30   34    7   53   46    4   70   23   19   21   40   44   13   49   33   50   47   39   12   69    7   41   54   61   32    9   14   60   75   71   45   64   36    8   38   60   63   58   29   72   24   51   65   44   15   52   35   11   55   10   59   25   73    5   57   18   31   68   26   43   17   22   66   62   74   28   67    6   48   16   27  
  44   34   15   36   71    9    4   56   27   40   21   50   39    6   35   45   51   48   22   38   30    5   37   57   68   62   54   13   61   22   70   24   72   43   40   12   41   29   23   49   73   26   16   28   63   20   10   69   67   53   46   60   59   32   25   11   58    7   66   65   55   33   69   75    8   17   52   14   31   74   47   64   18   42   19  
   6   49   39   75   13   18   60   52   24   72   62   54   22   10    8   65   71   26   20    4   11   29   68   15   33   46   50   17   63   14   40   55   59   21   70   73    7   43    9   41   38   51   48   32   47   44   12   37   28   45   53   23   34   61   67    5   64   42   36   63   74   45   57   46   25   19   35   30   69   66   27   16   56   58   31  
  10   54   36   33   56   64   11   57   25   72   31   70   18   46   63   39   49   23   62   53   20   52   26    9   68   51   24   37   44    5   14   66   12   61   29   50   21   60   67   28   75    4   40   69   41    8   55   74   26   33   35   71   42   32   34   15   45   19   73   59   58   30   65   38   71   27   43   17    7   48    6   47   13   16   22  
  33   17   32   12   63   40   49   65   36   58   46   57    8   18   45   44   41   53   55    4   71   72   26   43   56    9   61   42   19   11   67   39    7   70   36   25   20   10   34   38   21   69   24    5   13   22    6   23   37   54   35   73   16   23   31   51   56   62   60   68   75   59   48   29   52   14   47   30   50   15   74   28   66   27   64  
  17   15   35   52   42    5   58   23   68   61    9   30   56    8   25   62   55   44   21   54   32   64   33   10   67   59   27   51   26   53   13   34   71   20   45   72   48   69   36   14   70   43    7   47   50   65   29   36   73   75   68   19   28   22   38   24   66   57   11   18   41   37   46   16    8   49   74   63   39    6    4   60   31   40   12  
  58   55   54   70   10   40   72   42    4   58   41   59    7   50   68   71   31   61   69   29   57   65   74   13   64    8   56   12   25   66   22   48   24   18    6   44   43   14   49   45   63   31   33   21   51   11   17   23   27   28    5   35   52   19    9   32   39   73   34   53   16   75   67   20   62   36   36   30   46   26   37   15   60   38   47  
  75   12   29   47   70   46   13   30   51   62   58   52   59   60   48   18   64   67   21   31   10   53   26    5   22   73   63   34   50   65   44   17   69   61    4   16    8   38   25   42   57   54   33   20   19   36   27   32   39   72    7   24   66   73   34   37    9   35   11   56   41   28   43   55    6   15   74   40   23   68   49   71   45   14   15  
  16   35   45   11   43   20   28   18   25   52   26    9   68   71   47   39   37   10   36   74   60   63   29   33   72    8   22   57   48   59    4   64   73   31    6   15   53   56   55   65   49   70   46   32   12   51   66   34   17   27    7   32   21   58   30   69   13   54   23   67   40    5   75   61   62   61   19   41   24   38   39   44   42   50   14  
  10   15   34   36   42    5   62   46   65   49   26   75   44   71   46    7   20   40   27    8   53   29   13   73   59    6   26   25   17   74   50   64   52   60   58   55   32   66   57   75   31   45   21   69   39   41   18   11   43   61   33   24    4   48   30   56   70   54   23   38   35   68   28   22   67   51   72   16   12    9   37   19   63   47   14  
  75   74   66   58   33   60   38   48    5   46   71   20   67   14   13   51   25   18   56   10   39    6   43   32    7   27   42   73   63   22   41   11   23   54   31   24   57   53   36   30   50   15   21   72   17    8   16   62   68   59   12   44   40   69   28    6   69   19   49   35   26    4   47   65   37   52   44   64   29   55   61   34    9   70   45  
  41   57   12   15   29   50   27   68   51   27   24   31   62   14   38   40   34   73   42    4   63   16   37   39   67   28   20   70   43   52   30   35    6   61   54   64    5   33   71   10   11   45   66   36   60   19    7   75   17   69    8   49   23   13   48   46   59   26   25   73   44   56   58   32   21   58   22   18   72   65   55   47    9   53   74  
  18   28   22   57   51   61   34    7   47   10   14   35   55   53   73   72   17   68   27   48   29   41   33   15    8   49   68   37   13   64   32   70   67   66   71   24   75   40   54   65   43   38   62   74   20   58   30   59   39   56    4   44   36   11   31   40   25   42   63   19   61   60   45    5   16   46    6   12   52   69    9   21   23   50   26  
  18    8   36   30   12   57   59    7   27   31   15   49   66   33   32   50   11   38   53   71   52    6   42   63   25   69   18   70   65   29    9    5   40   34   22   60   24    4   58   75   44   68   45   62   37   19   24   74   61   46   41   55   26   16   54   28   23   56   39   48   51   21   13   64   17   73   14   47   10   67   68   72   43   35   20  
  28    9   57   50   55   43   38   62   65   61   52   13   20   41   60   42   23   68   11   58   32   69   24   26   22   54   71   36   21    5    4   30   51   45   31   64   66   33   14   44   63   29   36   39   47   15   10   37   53   62   48   59   67   17   40   34   49   19    6   27   75    8   55   18   12   35    7   70   25   72   56   73   74   16   46  
  34   23   41   24   46   39   42   33   18    6   65   15   62   25   28   51   47    9   75   32   60   72   13   58   11   66   37   21   61   43   10   70    5   48   31   12   71   74   36   59   50   39   14   17   54   19   29   69   55   30   68   49   40   20   27   67   43   26    7   57   16    4   64   53   63   35   52   71   22   44    8   56   73   38   45  
  47   19   14   20   42   32   73   27   10    8   28   51   24   45   69   40   49   56   15   32   11   41    7   17   53   37   26   18   50    9   55   70   54   55   52   39   67   59   35   61   19   58    5   44   68   31   23   71   33   60   46   72   65   30   62   48   66   43   63   64   74   75   57   22   38   25   21   34   36    6    4   13   12   29   16  
  64   68   26   66   52   56    9   14   72   67   18   50   43    6   22   44   23   11   54   46   33   40    5   16   10   65   63   24   19   47   12   36   62   55   20   17    7   53    8   75   61   42   31   39   21   32   57   48   60   70   74   35   69   41   49   34   38   59   30   28    4   27   58   66   51   15   13   45   73   29   26   49   71   37   25  
  58   22   13   32   23   65   41   15   11   33   64   24   63   69   72   73   60   40   14   54   37   66   12   67   47   18   18   30   10   53   46   70   39   56   26   51    4    8   68    9   29   27   48   29   35   55   16   34   75   57   36   52   59   19   16    6   43   31   17    7   49   42   45   74   25   61   21   28   62   38   20   44   50    5   71  
  64   42    8   10   41   16   15   21   69   63   26    4   75   43   52   73   36   19   70   23    5   22   28   51   24    7   14   20   67   40   34   55   44   46   30   72    6   66    8   17   68   62   58   27   71   54   12   53   11   33   38   13   29   65   56   31   60   35    9   18   45   32   39   70   61   57   47   10   48   25   59   49   37   50   74  
   8   74   50   37   49   44   68   29   29    4   71   64   59   53   61   24   38   33   32   56   52   23   18   28    7   15   21   69   42   34   11   16   70   47   55   43   40   14   20   25    9   46   62   48   26   54   67   45   57   44   17   19   12   75   63   73   65   13   36    5   35   60   30   66   31   10   72   22   58   59   27   51   41    6   39  
  36   72    9   34   58   75    5   38   57   61   62   12   30   29   33   39   66   67   74   13   40   68   10   73   52   15   34   17   56    4   41   14   53   18   59   24   50   27   69   42   49   71   63   28   32    7   25   20   43   47   55   51   60   40   54    8   21   14   16   11   48   37   65   64   46   22   31   44   19   70    6   35   26   45   23  
  18   65   56    6   24   61   34   72   50   45   20   26    5   41   27   33   31   35   37    8   66   23   32   48   54   56   74   36   14   11   13   75   67   21   52   63   68   38   70   42   58    9   16   69   19   46   53   21   49   28   30   15   47    4   71   17   12   59   60   51   39   64   55   25   22   29   10   44    7   62   73   43   67   40   57  
  15   73   33    5   28   12   21   43   71   22   37   26    4   36   64   16   44   31   13   41   56   27   54   23   75    6   34   28   20   57   62   47   42   68   66   25   19   45   69   52   50   67   51   53   74   18   37   60   38    8   63   61   11   35   48    9   43   70   10   59   46   32   49   24   39   29   55   58   17   65   30   72   40   14    7  
  68   51   75   38   73   19   48   34   50   29   63   25   70    5   44   57   35   26   30   41   54   64    6   27   40   49   28   56   62   16   32   10   66   36   58   52   18   30   37   22   31   71   12   14   24    8   45    7   15   55   37   65   13   23    4   67   59   39   42   51   20   72    9   74   11   60   43   33   46   53   17   61   21   69   47  
  54   74   41   37   27   33   47   53    5   36    9   60   55    7   14   61   30   45   51   49   35   42   28   60   22   70   66   50   40   19   26   67   32   48   20   38   21   24   11   57    8   17   39   18   71   62    4   59   10   41   64   63   75   69   52   12   43    6   72   56   58   65   44   25   29   34   68   16   73   31   13   23   15   57   46  
  17   69   63   48   75   38   18   64   52   31    8   26   60    7   22   37    4   51   48   24   50   13   35   40   62   11   46   15   33   71   12   10   42   68   41   14   58   43   49   36   61   28   29   74   55   66   65   27    6   19   53   25   57   56   72   67    5   44   30   32   34   65   16   59   26   54   45   47   73   21   39    9   20   23   70  
  61   64   33   75   73   24   18   38   26   54   17   75   11    6   23   37    4   59   45   67   55   43    5   72   29   13   14   48   11   62   68   30   51   74   21   69   47   44   70    9   53   49   40   56   31   52   34   32   10   46   65   35    8   71   63   41   25   57    7   28   60   39   20   66   50   16   22   27   65   19   58   15   12   42   36  
  60   68   19   75   70   22   55   26   53   37   45   25   73   29   63   40   33   41   27   38   67   58   44   75   22   42   64   36   35   52   49    4   31    8   56   12   24   57    7   69   51   72   71   10    9   43   61    5   48   62   59   50   14   13   28   21   46   47   15   66   30   65   74   32   18   23   11   17   54   34   39   20    6    8   16  
  13   69   63   57   23   58   41    7   37   43   27   32   47   70   12   59   61   72   16   19    6   28   39   35    9   21   52   18   20   17   49   75   71   14   11   51    8   31   45   73   40   62   26   66   33   37   42   53   54   50   68   34   22    4   25   30   49   55   24   67   60   29   48    5   64    8   44   38   74   65   56   15   10   46   36  
  69   41   58   44   75   55   15   10    5   68   72   59   64    6   18   27   43   11   37   36   12   54   73   28   29   16   38   19   21   50   23   57   33   63   56   14   40   32   67   35   42   24   62   17   65   74   47   34   39   51   61   66   20   45   52   30   53   27    4   63   71   31   25   22   13   70   46    9   40   60   49   48    7    8   26  
  73    8   13    5   61   48   40   55   10    7   37    6   58   32   51   42   33   16   68   62   43   31   28    9   21   29   64   53   68   52   17   30    5   66   39   27   71   59   22   20   18   25   72   49   74   14   56   19   63   54   46   34   36   11   23    4   38   69   41   75   44   65   35   45   60   50   51   57   12   70   15   67   47   24   26  
  58   15   50   11   48   18   23    4   59   44   38   70   34   63   27   37   74    8   33   61   60   45   30   16   56    9   40   49   64   47   51   46   43   35   55   29   66   67   13   57    6   26   12   10   28   17   14   75   69   65   53   72    7   39    5   41   45   54   25   20   68   73   22   24   42   31   46   36   21   62   19   14   52   32   71  
   9   16   11    4   42   57   68   23   72   24   36   63   25   39   67   50   21   55   32   61   69   13   64   35    8   45   20   49   44   52   54   66   58   74   10   15    5   43   71   48   53   27   75   17   37   67   56   28   26   33   14   38   46   51    6   29    5   31   30   47   65   42   40   19    7   18   41   59   22   60   62   73   12   34   70  
   8   71   36   11   73   16   15   29   22   63   41    7   65   60   64   55   21   50   34   20   43   38    9   58   12   56    4   46   14   17   66   51   47   44   57   74   42   31   31   54   62   75   37    6   13   48   39   52   31   59   70   27   28   30   57   10   19   32   26   18    5   23   72   45   40   68   67   49   24   35   33   69   25   53   61  
  11   35   69   30   54   13   46   45   52   62   10   17   53    6   63   47    6   26   72   14    4   70   56   67    7   29   43   50   32   74   16   65   38   36   21   66   39   73   27   23   59   40   60   58    5   12   42   64   24   18   49   19   20   55   44    9   75   37   44   25   48   15   57   68   61   28   22   71   51   34   27   33   41    8   31  
  26   55   45   46   14    8   38   13   71   13   33   10   42   50   39   42   54   52   75   30   59   63   57   41    4   37   19   47   15   60   64   67   21   25   40   61   44   70   31   22    5   66   17   24   62   74   18   43   56   65   32   69   20   48   53   34   29    6   11   73   49   51   72   16   12   36   28   23   39    7   35   58    9   68   27  
  65   48   51   38   40   39    5   46    9   45    7   52    4   30   57   24   67   54   72   70   68   26   61   63   17   28    8   38   73   42   49   12   22   71   66    6   10   33   60   10   11   16   25   58   15   35   31   53   75   36   18   74   37   55   34   32   41   56   47   14   19   59   21   20   43   64   50   21   44   27   62   23   29   69   13  
  58   60   52   27   51   59   22   37   43   18   21   35   66   42   20   25    8   49   23   73   60   12   17   13   68   15    4   40   65   14    5   63   75    9   67   20   74   29   34   30   24   19   10   55   48   26   46   70   62   75   44   32   54   69   11   36    6    7   72   56   33   16   31   39   64   50   47   61   38   28   57   53   71   45   41  
  16    4   18   46   73   25   70   39   49   64   35   66   74   62   56   13   37   61   44   57   40   43   60   12   14   52   67   51   48   47   24   34   62   28    5   54   17   21   45    9    8   19   75   50   22   69   71    6   32   10   42   65   63   53   59    7   20   41   51   55   36   31   33   27   68   14   58   15   11   72   29   30   38   23   26  
   6   13   39   26   57   47   35   11   74   52   38   37   43   30   22   59   15   18   13   55   49   28   19   53   65   19   20   33   64   10   32    4   44   42   21   73   51   50   12   69    7   34   72   48   36   41   71   29   45   46   62   14   23   31   27   16   63   61   54   62   60   66    9   75   25   40   56   24   58   17    5   68   67   70    8  
  70   24   61   40   32   11   28   17   73   37   63   13    4   41   54   26   20   16   51   50   10   34   66   12   14    9   21   74    6   47   59   71   22    7   72   25   30   56   64   49   44   55   39    8   29   18    5   42   36   57   75   69   23   68   67   62   15   27   52   35   63   19   61   33   65   60   31   75   45   46   43   58   53   48   38  
  13   30   22    7   29   44   69   70    5   67   19   14   36   39   32   59   62   72   15   53   43   48   66   50   75   42   45   25   21   65   63   64   27   46   33   38   31   57   54   16   60   51    8   74    9    6   61   34   17   11   49   18   26   58   40   35   28   52   55   51   68   37   71   24    4   47   20   10   12   43   31   56   23   41   73  
  21   63   15   45   42   52    4   71   14   73   26   47   49   53   75   17   43   27   33   44   35   50    8   67    7   58   48   57   24   63   56   69    5   70   16   40   68   61   74   30   32   64   19   60   18   13   11   41    6   25   66   51   55   39   57   20   37   36    9   59   72   10   65   12   29   22   62   46   38   23   54   34   28   31    5  
  27   57   40   41   20   22   50   47    7   21   46   36   67   70    6   68   12   52   43   61   54   23   51   28    9   73   17   71   18   56   34   44   29   38   48   35   62   30   16   53   55   72   26   10    4   58   65   19   13   69    5   14   65   15   25   64   75   24   32   74   37   63   60   45   40    8   39   66   59   49   55   42   11   31   33  
  41    9   72   62   58    6   20   14   69   59   38   23   25   60   45   71   39   30   46   43   29   50   31   35   56   70   73   64   42   49   47   15   13   61   18    4   26   16   65   17    5   74   75   12   66   25   44   48   24    8   52   68   32   36    7   27   33   34   54   40   55   53   37   11   21   19   57   22   10   28   63   51   60   15   67  
  61   51   72   55   27   24   16   34   64   74   15   17   14   39   65   31    4   71   68   42   50   58   47   60   20   33   66   25   62   10   70   46   69   26   75   12   49   44    6   19   44   30   32   40    6   29   22   48   38    9   23   53   45   35   13   63    5   37   28   59   41   43   11   56    7   67   52   18   36   17   57    8   21   54   73  
  19   66   58   32   31   26   41    8   14   39   20   40   57   30   38   50   59   23   36   49   47   52    5   28   53   16   18    9   69   37    6   15   10   71   63   67   68   70   12   21   73   51   33   22   74   29   24   65   45   17   72   54   62   75   46   60   42   11   22   48   44   25   42    7   35   43   13   34   27   55    4   64   56   61   70  
  31   18   21   20   51   74   10    8   27   49   19   75   57   39   71   22   48    6   40   15   72   73   54   45   24   46   56   52   58   11   26    8   69    5   61   28   63    7   55   29   42    4   37   60   13   64   38   12   65   50   14   44   59   38   62   33   70   25   32   17   68   47   58   53   43   36   66   30   23   67   41   34    9   35   16  
  12   31   61   34   68    7   36   25   10   46   58   16   50   47   42   51   39   63   53   45    5   72   59   26   25   65   55    8   43   74   19   52   30   15   41   20   21   28   13   37   17   66   18   37   56   69   33   32   62    4   49   60   27   14   35   71   11   23   75   48   44   54   73   64   24   70    6    9   67   40   38   57   16   29   22  
  74   38   26   45   48   21   18    8   65    7   75   49   64   23   32   73   36   22   31   20   55   52   25   24   19   41   58   12   20    5   70   35   34   62   42   43    9   63   57   61   13   32   10   71   30   16   51   33   56   50   29   66   47   60   27   28   37   17   59   72    4   11   53    6   40   15   39   68   67   69   14   44   54   46   23  
  65   21   38   34   18   58   63   24   39   51   23   25   68    4   15   43   33   42   48   25   17   45   52   44   66    5   69   13   71   62   19    8   12   49   10   29   20   60   28   32   68    6   61   55   50   35   64    9   37   36   38   72   70   46   47   27   30   41   73   75    7   74   59   11   53   56   26   14   16   54   31   67   22   40   57  
  60    4   70   46   17   47   72   37   57    8   66   21   41   71   69   35   38    7   29   42   31   55   16   75   32   53   15   50   39   74   54   67   73   63   28   52   20   27   65    5   51    8   26   30   34    9   23   14   33   48   24   72   59   56   61   44   13   18   58   64   62   25   22   35   12    6   43   40   45   36   19   49   10   68   11  
  26    6   30    4   17   16   49   51   44   57   63   56   45   60   34   17   74    5   38   10   12    7   27    9   15   59   75   35   43   42    8   14   37   39   52   53   67   72   40   48   45   22   24   28   32   18   50   29   70   33   71   68   13   66   36   62   20   73   19   41   23   69   58   54   47   21   46   31   64   25   55   11   61   65   65  
  28   37   29   74   19   62   36   12   72   42   55    7   11    9   30   68   65   70   14   63   26   34   58   50   15   75   18   24   49    5   40   71   51   38    6   39   46   21    4   47   56   60   22   59   25   23   32   73    8   57   61   48   31   10   52   55   53   45   43   20   54   67   16   35   17   44   66   33   69   64   13   27   14   41   24  
  56   10   52   32   41   49   73   23   29   75   51    7   35    6   69   15   16   45   40   70   62   64   59   20   58   68   72   18   54   50   28   34   60   39   33   17   36   21   22   42   65    4   13   66   72   46   44   30   55   12    5   25   19   27   26   61   37   11   71   48   74   43   14   32   63   53   24   67   31   38   47    9   57    8   23  
  65   38   33    4   25   56   11   58   45   59   13   54   17   69   47   68   63   36   16   73   52   28   40   55   49   21    7   29   19   67   16   50   32    6   12   26   27   51   70   53   60   71   57   39   31   64   58   10   72   37   41   14    5   62   75    8   42   34   35   33   43   23   20   22   24   30   66   74   48   61   46   18    9   44   15  
  36   23   48    6   41   63   50    4   27   62   52   18   17   40   29   42   24   31   39   59   35   68   30   46   67   34   73   56   55   20   71   13   53   49   10    8   75   57   12   28   33   54   37   44   37   66   47   74   43   51   61   21   16   70    7   58   65   45   38   72   64   19   60    5   26   32   74   63   25   11    9   69   15   22   14  ] 
BUDGETS : [    1    4    7    8   16   16   32   32   39   40   45   46   46   47   49   51   52   54   55   57   57   57   59   59   61   65   68   68   68   68   69   71   73   75   77   82   84   88   89   89   91   92   92   94   96   96   97  100  100  112  112  114  114  115  116  116  119  124  125  125  126  139  142  144  145  149  149  150  153  158  159  163  163  163  164  165  167  167  167  170  172  173  174  176  178  178  182  182  184  185  185  186  187  188  189  189  192  192  194  194  199  200  200  201  204  207  209  216  219  222  223  230  230  232  233  234  235  238  238  239  246  251  251  252  255  259  259  260  263  263  264  267  268  272  275  275  277  278  278  278  279  283  286  289  291  294  296  299  300  300  ] 
