K : 100
I : 100
PREFERENCES : [   98   93    7   49   69   44   78   94   25   45   63   64   36   39   27   87   21   53  100   89   35   30   46   28   14   95   42   41   76   71   85   88   47   74   66   97   32   91   70   68   84   80   10   96   72   26   23   51    9   86   83   77   11   58   72   33   54   31   59   15   52   22   38   16   75   20   37   55   79   40   56   65    6   80   67   92   81   30   73   24   99   29   62   67   18   61   90   19   50   12   60  100   13    8   82   48   57   43   17   34  
  30   98   69   99   49   41   62   72   52   80   15   17   65   74   47   91    6   52   71   25   96    8   66   82   77   61  100   48   20   75   84   14   44   53   78   24   85   77   38   43   68   37   35   59   63   58   95   83   50   64   92   70   87   90   55   74   79   22   29   94   89   31   18   76   28   54   36   73   81   45   57   33   46   16   51   56   41   10   57   23   27   11   32   19   39    7    9   86   12   42   93   26   88   60   40   67   34   13   97   21  
  18   68   80   36   48   91   27    8   25   38   72   37   25   20   12   29   89    6   21   78   98   58   33   40   41   94   28   47   55    9   35   54   32   19   67   14   94   60   57   24   23   59    7   31   77   45   97   15   82   95   17   51   53   69   61   87   50   71   90   99   39   16   76   43   64   84   96   66   22  100   63   93   26   11   42   79   56   83   49   77   10   34   88   62   46   81   17   13   52   44   65   75   85   92   86   73   74   30   70   75  
  23   13   33   76   46   52   92   63   39   72   44   42   69   38   57   80   60    6   51   87   84   62   82   41  100   24   43   36    9   83   71   67    8   77   11   70   77   53   75   78   29   42   79   45   85   19   91   65   68   64   81   20   93   40   16   61   14   27   99    9   34   22   17   50   88   89   74   32   86   96   18   21   54   73   30   90   97   77   35   28   49   47   66   48   98   31   94   58    7   59   12   55   26   56   25   16   37   15   10   95  
   8   28   60   29   95   26   13   44   32   78   61   43   58   54   91   37   19   75   27   17   53   10   96    7   22   87   31   82   42   46   16   51   18   72   77   27   21   79   83   50   67   71   30   24   40   56   36   75   38   76   80   11   25   39   81   84   63   59   33   68   23   97   14   73   18   26   66   34   98   48   86   62   90   45   88   12   57   20   47   89   41   22    6   93   69   92   55   65   15   35   49   99   52   94   64   74    9   85  100   70  
  11   50    8   66    8   91   69   32   87   35   72   10   14   17   88   45   99    9   12   46   24   70   54   62   39   76   21   85   93   52   59   41   29   18   34   38   67   27   96   53   68   95   44   19   73   74   28   71   15   86   30   82   78    7   21   13   89   92   23   84   56   49   33   97   26   42   28   16   98   90   80   20   61   81   64   63   22   40   55   35   43   36    6   94   75   72   57   37   58   79   60   65   48   51   25   83  100   47   77   31  
  67   18   34   68   43   30   84   91   35   99   17   12    8   16   66  100   32   56   89   14   10   60   65   45   57   51   78    9   11   39   73   54   87   29   93   76   37   58   21   85   98   40   77   72   48   36   62   15   41   55   86   25   82   33   31   24   53   96   47   38   88   13   61   37   28   71   42   83   64   23   39   50   96   69   22   59   19   27   81   70   95   52   76   94   90   63   75   46   29   79   26    6   74   92    7   97   80   20   49   44  
  91   28   29   74   54   65   17    7   41   80   16   99   25   19   92   37   48   21    8   20   42   15   17   27   37    9   63   33   72   77   82   61   68   78   75   51   67   71   35   93   52   96   55   76   95   66   11   73   31   23    6   84   12   18   36   27   24   50   45   89   87   86   69   44   56   10   57  100   81   83   98   30   14   70   58   64   22   94   47   43   62   34   83   97   32   49   88   38   79   13   60   46   26   90   59   53   85   68   39   40  
  46   34   57   98   60   45   82   56   76   15   44   58   64   83   92   88   84   17   81   59   77   41   63   36   95   18   81   65   47   24   52   12   49   37   16   85    8   20   55   48   94   33   86   21   25   97   38   53   71   70   13   22   75   74   96   14   50   40   69   19   93    9   69   32   32   27    6   61   66   23   53   91   35   39   51   10   67    7   78   99   89   26  100   42   62   26   54   79   72   11   43   30   80   90   73   29   28   87   68   31  
  59   57   24   25   88   36   13   43   89   47   70   59   82   71  100   38   37   15   62   66   33   67   61   80   48   79   22   32   50   76   96   42   99   16   20   77   86   35   58    9   28   75   91   34   98   54   19   26   90   30   45   41   64   72   34   30   31   65   82   94    8   49   84   21   81   11   14   40   97   92   52   27   87   74   12   46   73   10   83   23   63   78   56    6   53   44   93   60   17    7   55   69   39    7   68   85   51   29   18   95  
  27   22   57   84   50   52   85   41   14   34   67   69   62   54    8   10   48   49   89   86   21   51   26   39   60   81    6   43   56   75   92   97   65   59   29   71   80   72   53   20   99   98  100   10   30   83   55   91   35   18   70   93   82   11   94   17   58   42   63   61   88   23   64   22    7   44   79   13   45   15   36   68   73   31   37   66   24   47   90   15   33   32    8    9   78   87   66   16   12   74   96   40   19   46   77   95   38   25   28   76  
  33   86   82   27   12   55   28    7   62   67   44   83   59   85  100    9   17   25   30   98   52   70   75   12   90   11   31   37   34   36   96   93   79   26   60   80   94   61   18   68   21   99   81   35   49   16   72   97   72   65   87   40   22   51   89   53   76    8   27   47   77   73   58   19   41    6   15   56   95   57   91   48   64   14   54   63   29   38   92   32   20   46   10   13   71   45   69   14   24   23   88   50   66   78   39   42   84   74   11   43  
  22   64   97   99   56   54   82   18   70   23   27   89   50   65   59   77   56   92   19   98   84   51   78   81   66   80   13   29   53   72   71   35   41   87   19   90    7   17   45   11   10   94   38   96   73   34   52   83   39  100   67   16   77   74   14   44   69   28   20   31   43   85   42   30    9   75   36   86   28   21   60   57   68   76   93   37   15   25   58   46    6   25   32   63   79   40   91   95   88   49   61    8   33   26   12   47   62   55   24   48  
  28   30   96   74   33   39   99   16   20    9   14   76   66   43   50    8   22   53   25   35   19   90   64   26   17   68    6   73   67   57   13   62   37   94   97   58   86   23   91   56   47   88   63   36   55   54   72   89   88   92   12   51   49   59   48   71   87   44   84   42   27   45   80   41   51   21  100   11   34   40   50   77   15   78    7   29   81   69   93   46   32   95   65   70   18   75   59   87   24   79   85   10   98   61   82   60   38   83   52   31  
  71   39   11   21   18   47   95    6   35   36   93   47   52   46   75   57   68   26   59   89   29   49   37   34   90   91   16    8   82   24   51   12   72   17   78   10   73   96   63   64   31   43   60   76   87   20   70   25    7   81   33   92   54   85   63   97   77   94   42   58   56    9   38   14   65   32   88   30   41   45   28   80   50   27   84   61   66   98   53   13   62   55   40   48   74   44   59   67   23  100   99   19   83   22   35   69   86   15   79   62  
  52   67   68   16    7   15   84   18   47   67   66   73    8   63   83   93   36   49   17   60   11   27   81   42   99   55   56   65   77    6   41   31   22   30   25   88   38   40   44   26  100   18   62   54   14   45   43   85   71   98   80   89   95   32   59   90   28   34    9   91   46   70   23   38   58   69   57   51   90   39   94   74   23   21   20   96   87   97   61   12   19   48   64   33   76   24   86   92   82   10   78   37   75   35   72   79   50   29   13   53  
  26   80   19   46   20   98   45   13   57   25   72  100   95   24   35   90   71   63   73   58   60   28    6   68   92   80   89   64   39   27    8   25   77   96   91   86   76   14   54   40   36   75   44   43   70   37   85   62   48   79   38   97   50   84   55   33   17   69   18   56   81   24   23   82   12   66   29   32   87   74   41   31   99   94   61   53   10   22   78   51   49   86   47   86   83   93   21   16   52   11   30   65   67   42    7   34   88    9   15   59  
  19   58   35   55   91   28   85   32   25   45   39   68   90   64   80   23    8   22   56   40   18   10   72   78   41   26   97   87    9   65   49   61   93   67   99   21   36   59   37   79   24   47   76   73   51   34   22   77   12   53   42    6   74   54   96   74   31   62   98   25   88   63   20   46   86   11   75   52   43   81   17   83    7  100   92   70   69   33   48   38   71   22   15   82   14   84   94   13   68   16   89   27   57   30   44   50   66   95   29   60  
  14   59    9   37   63   55   81   55   16   86   31    7   12   72   23   69   53   10   22   46   51   78   48   88   95   56   13   45   73   84   74   76   66   88   98   77   89    8   42   21   79   80   26    6   68   30   38   28   60   83   71   48   50   62   65   20   36   36   35   34   87   97   24   49   17   27   90   82   15   33   99   43   40   47   57   64   18   29   94   85   67   92   44   32  100   54   52   93   41   25   11   85   91   96   39   19   75   70   61   58  
  91    6   58   34   99   31   47   69  100   52   42   72   81   16   79   50    9    8   91   43   77   95   30   94   88   63   67   26   46   29   25   23   75   84   15   60   76   43   40   98   97   17   38   82   13   10   55   22    7   39   90   11   51   36   66   37   64   62   68   61   48   45   86   18   57   54   70   92   35   65   93   41   27   32   74   73   21   12   96   24   33   28   78   59   71   49   80   19   53   56   44   18   87   35   14   20   89   70   85   83  
  44   58   75   30   42   96   13   25   57   92   45   89   66    7   20    8   96   10   62   37   90   19   24   15   38   93   59   91   48   17   81   97   23   33   88   94   49   67   53  100   72   87   50   63   27   54   86   88  100    6   28   22   34   61   61   31   46   43   65   36   71   68   79   52   73   80   39   69   47   98   84   85   12   56   64   41   76   55   82   70   65   78   51   32   21   26   74   29   83   77   99    9   11   40   35   60   14   95   18   16  
  33   28   67   56   41   38   95   88   66   52   64   56   91   40   77    6   61   42   82   72   71   55   79   11   69   31   73   58   97   48   49   90   87   62    7   44   65    9  100   47   16   50   99   14   21   84   46   34   74   27   37   59   94   57   43   83   18   98   88   36   86   54   22   12   75   89   20   32   85   15   68   70   96   29   35   17   80   81   12   25    8   10   39   26   92   30   45   93   13   24   19   51   72   53   92   78   63   60   76   23  
  88    6   13   43   58   72   56   39   35   51   83   31   97   29   78   99   12   66   90   11   11   28   10   59   60    7   81   63   30   69   75   40   68   67   89    9   73   62   94   54   45   96  100   64   61   44   71   80   17   46   47   95   49   93   27    8   21   74   19   50   14   98   34   37   18   76   65   16   26   55   92   91   20   23   42   41   79   82   53   32   25   31   70   85   86   22   94   38   13   33   52   13   24   87   15   84   48   57   36   77  
  87   93   65   51   89   73   41   29   83   38   31   22   18   19   75   11   97   34   95   55   52   12   15   84   99   70   69   33   58   23   88   13   30   49   82   42   54   25   37   48   81   14   50   18   57   36   65   78   61   71   28   96   46   16   47   63   68   39   24   78   62   44   80  100   76   32   66   67    6   64   59   22   72   91   85   26   27    9   53   79   56   35   21   74   17    7   43    8   94   86   98   92   60   45   77   40   20   41   90   10  
  79   32   38   11   72   88   99   26   37   55   47   15   63   10   83   42   76   71   25   17   41   46   95   56   99   91  100   68   82   69   18   52   16   45   30   97    9   59  100   96   21   67   61    7   64   73   86   53   49   80   85   60   90   75   77   81   43    8   94   89   34   20   50   35   65   93   29   36   24   48   39   40   44   84   31   19   54   74   23   22   14   58   33   12   27   66   87   92   13   51   57   78   70   98   61    6   69   53   62   28  
  56   27   93   72   60   57   26   85   94   78   92   35    7   95   36   55   61   62   63   23   87   79   43   71    6   74   73   49   37   90   11   18   96   86   38   66   58   65   29   59   70   21   91   64   32   88   98   40   19   50   25   68   93   16   17   12   34   24   53   89   47   61   46   23    8   52   51   80   30   45   13   67   82   54   77   44   43   41   15   83   22   39   14   97   31   84   10   48   42   99   76    9   28   61  100   81   33   75   69   20  
  25   60   41   68   31   49   78   45   74   34   57   12   43   19   71   65    8   33   27   88    9   35   55   36   56   95   46   94   98   26   32   10   87   21   50   17   61   28   78   69   73   51   76   88   62   18   22   37   83   90   92   86   38   24   97    7   13   75   96   20   47   30  100   11   42   30   84   77   72   36   40   82   23   48   15   64   81   79   99   67   89   75   29    6   52   54   85   44   80   93   59   53   14   58   91   66   70   16   39   63  
  95   84   34   91   29   14   25   16   61   38   10   78    6   31   13   99   50   67   70   73   22   98   26    8   71   53    7   63   18   82   55   93   86   45   62   49   24   44   37   84   42   91   28   11   80   32   76   52   75   90   81   19   97   85   23   66   35   56   39   36   68   57   33   72   58   89   40   43   30   65   73   20   77   59   48   87   15   41   88   12   92   59   96   17   63   51   47   94   46   21   64   60   79   54   69   74    9   83   27  100  
  37   64   89   44   11   15   26   85   59   78   95   28   98   53   50   27   21   66   69   92   40   80   97   34   62   84   16   74   29    9   60    7   22   23   27   43   96  100    9   30   25   71    6   38   20   48   65   19   49   55   88   51   87   63   90   57   56   13   68   24   32   54   47   35   93   73   41   61   82   46   12   75   70   72   42   67   45   31   99   14   39   62   86   33   91   79   36   94   17   76   55    8   52   88   18   83   10   77   58   81  
  12   54   28   42   67   34   98   85   95   14    9   74   37   93   68   40   45   23   47   44   70   15   88   25   76   36   86   38   19   60   56    6   33   75   53   55   51   29   61   22  100   50   72   42   30   24   97   48   71   73   66   46   10   45   89    8   84   20   21   52   43   92   65   13   39   18   82   94   27   87   59   80   81   35   79   59   49   41   17   96   77   32   83   62   99   31   57    7   41   90   16   78   69   11   58   26   45   63   64   91  
  68   94   91   25   65   64   15   50   14   29   38   18   75   45   44   68   13   33   86   21   43   99   24   58   49   71   76   16  100   10   42   19    7   30   77    9   83   66   87   82   73   36   22   48   20   80   47   39   72   74   78   79   54   97   96   28   69   53   41   90   32   12   63   84   85    6   59   55   37   70   60   89   98   11   95   35   92   23   62   93   56   40   25   31   34   52   57   67   26   46   31   81   27   51    8   55   88   17   61   51  
  51   89   68   11   85   73   34   26   74   50   79   86   76   78   54   12   72    9   94   70   14   32    6   47   36   13   52   92   49   53   65   59   80   17  100   16    7    8   58   77   10   63   60   45   28   73   35   24   43   48   82   71   88   96   87   19   25   97   91   20   99   30   40   93   16   31   75   98   46   27   66   55   38   18   61   81   98   69   29   39   67   90   62   57   83   68   41   37   15   42   22   21   84   33   95   55   64   56   44   23  
  23   47   12   45  100   43   18   97   39   12    9   62   66   88   55    6   49   60   90   70   73   48    7   89   64   82   46   29   86   34   94   17   80   92   24   96   93   54   81   51   63   65   44   22   75   41   16   50   37   10   56   85   72   11   57   76   59    8   38   31   36   25   84   13   68   52   95   30   58   98   83   19   42   33   99   61   93   21   71   26   15   69   28   78   32   87   35   40   32   14   77   67   20   53   74   79   17   91   35   27  
  57   89   79   92   51   11   98   96    6   23   71   75  100   58   22   97    6   74   73   33   59   70   34   14   28   78   61   86   93   55   12   30    7   41   74   16   50   56   46   43   54   24   17   20   18   36   62   42   53   91   49   81   94   90   52   88   32   83   25   47   15   77   60   20   76   26   19   27   39   67   84   40   65   63   85   69   64    8   87    8   10   29   37   82   13   66   80   38   35   72   68   48   45   48   21   99   95    9   44   31  
  75   61   65   68   42   73   74   14   46   69   28   87   18   30   44   29   94   25   66    6   22   17   99   39   27   64  100   35   23   15   52   80   81   10   49   84   41   85    7   50    9   95   11   63   76   86   79   26   21   93   48   83   74   78   99   47   65   12   70   60   36   54   37   19   43   59   51   96   45   90   31   77   88   13   98   34   33   56   53   38   55   72   20   57   97   28   32    8   58   71   40    9   16   82   91   62   24   67   89   92  
  78   92   72   38   31   52   46   20   83   39   80   41   91   33   15   92    6   47   37   94   22   67   50   75   15   38   43   60   82   29   97   14   93   96    7   77   79    8   17   62   59   49   84   65   71   35   86    9   68   99   23   76   98   11   53   25   81   12   18   88   58   58   54   45   28   85   55   34   36   90   56   32   87   51   21   13   24   27   69   44   40   16  100   63   61   73   66   64   19   43   42   26   30   95   70   57   10   74   89   48  
  42   15   75   52   62   71   14   13   28   70   50   30   35   60   89   76   86   18   57   91   17   87   38   97   10   26   88   76   45   73   96   48   77   94   22   37   41   78   51   43   65   24   80   83    6   46   59   23    9   16   79   84   33   56   54   53   49   31   20   25   15   93    7   34   32   47   72   90   27   80   12   61   69   58   67   11   95   36   76   81   40   64   98   74    8   66   68   44   39   23   55   29   63   82   21   92   99   19  100   85  
  61   98   86   13   65   21   11   36   60   70   22   54    7   80   34   93   19   31   39   48   94   52   57   24   29   35   45   95   44   26   69  100   56   78   25   13   80   90   59   84   19   79   13   30   17   89   53   14   99   41   83   15   96   68   85   33   88   77    6   23   38   46   72   55   91   76   18   82   43   42   58   12    9   40   73   64   63   74   65   49   32   75   37   66    8   62   92   28   10   50   47   87   16   20   71   51   81   27   97   67  
  30   77   23   11   70   61   53   26   69    7    7   83   13   59   10   41   76   90   37   68    6   80   92   31   52   48   95   66   17   19   85   71   63   96   49   60   20   21   78  100   12   89   57   16   76   25   43   39   84   47   62   54   97   56   73   69   93   34   87   27   94   91   64   81    6   42   67   74   38   82   88   58   86   32   72   18   46   51   44   45   40   35    8   28   22   33   65   98   79   55   75    9    6   29   14   24   99   36   15   50  
  94   27   40   19   96   72   67   91   76   41   48   93   92   89   13   49   18   98   17   81   31   25   75   56    6   58   57   30   51    7   29   59   77   16   69    8   71   83   63   99   78   23   47   24   39   68   90   43   53   61   34   42   51   14   28   37   51   86   79   12   66   36   85   79   21   22   82    9   10   55   84   20   38   45   11   97   60   65   69   74   87   80   33   15   52   26   44   64   46   95   28   88   50   35   62   70   73   54  100   32  
  18   20   83   64   53   25   62   84    8   24   46   49   29   73   66   57   78    9  100   22   33   17   58   65   74   36   98   99   10   50   75   19   94   35   40   82   44   16   91   41   44   32   90   37   13   79   76    7   71   72   96   27   81   56   31   21   88   92   14   86   45   85   39   59   89   70   57   60   54   93   87   95   70   28   47   43   51   68   97   42   48    6   80   15   26   63   55   30   51   67   23   34   38   52   11   77   61   69   12   78  
  39   80   33   55   19   88   35   49   71   53   44   13   20   91   56   48   42   30    7   28   86   61   38   41   94   36    8  100   66   72   69   87   29   21   14   47   51   37   63   70   22   81   31   18   26   93   16   99   31   10   57   92   99   15   73   43   12   74   17   82   45   62   23   58   65   46   68   24   75   98   64   89   27   78   25   40    9   85   60   48   54   96   76   63   11   52   79   67   59   32   50   83   90   34   97   77    6   84   59   95  
  72   78   28   36   86  100   18   85   77   42   83   14   33   12   15   27   62   48   89   61   44   41   17   82   98   70   16   91   99   59   45   11   95   57   56   54   87   29    7   34   20   73   35   67   54   93   71   51   73   58   32   97   30   88   42   69   90   21   17    9   96   31   76   68   25   75   50   84   79   92   49    8   40   80   39   87   60   23   22   13   81   19   38   65   52   46   47   37   43   74   24   53   64   26   10    6   55   63   94   66  
  92   64   33   17   18   72   19   50   15   70   32   20   10   44    6   14   99   68   65   41   37   84   66   24   46   96   51   74   67   55   48   31   81   86   38   94   70   56   68   54   85   57   12   91   76   97   30   63   88   52   61    7   43   33  100   66   89   60   39   34   58   42   36   22   83   80   21   98   35   40   75   90   53    9   16   45   28   27   71    8   87   13   95   23   77   78   11   49   26   25   82   69   73   62   79   47   29   93   90   59  
  99   75   47   43   74   64   79   39   41   78   55   45   16   90   27   29   11   56   98   46   58   40   22   59   26   91   65   57   20   87   73   12   51   53   80   33   28   69   38    9   42   89   48   74   70   52   11   96   97   44   21   17   93   56   71   86   82   37    6   54   85   10   50   36   68   77    9   19   92   84   13   95   81   24   30   60    7   66   14   63    8   32   34   88   83   18  100   49   67   31   76   72   25   94   23   35   62   40   15   61  
  33   72   93   97   63   47   79   40   60   31   73   92   54   18   46   83   51   45   49   41   10   68   42   21   59   90   20   82   77   56   55   85   35   75    8   88   78   48   91   61   74   39   19   84   14   30   50   87   86   58   96   24   13   65   67   25   43   22   37   39   98   57   32   47   29   11   95   70   66   53   52   15   10   28   38   64  100   12   76   99   36   87   89   71   80    9   34   16   69    7    6   62   26   94   44   27   23   17   32   81  
  77   40   99   78   81   80   61   94   58    7   96   14   57   91   39   19   47   21   35   71   67   56   36   89   29   32   68   46   22   38   88   98   11   44   66  100   20   79    8   59   30   42   69   74   10   27   45   83   63   12   92   60   65   41   76   37   16   43   15   62   85   90   12   34   18   50   25   26   54   48   93   84   68   75   72   70    9   87    9   51   52   64   28   73   97    6   31   13   95   86   55   82   23   49   46   24   60   53   17   33  
  95   54   61   34    7   46   29   12   32   52   49   60   66   51   44    8   67   10   36   30   17   14   98   31   57   39   70   79   42   25   13   45   92   15   63   97   73   53   41   50   58   16    9   93   86   91   24   62   99   20   38   96   66   19   80   27   89   23   47   75   69   71   83    6   28   90    7   22   64   87   84   33   18   55   77   78   56   94   65   26   68   61   43   73   88   74   35   82   81   11   72   37   48   59   40   76  100   51   85   21  
  97   47   46   57   22   72   56   30   29   23   74   62    6   93   60   18   94   49   85   52   24   76   16   45   70   89   86   44   73   28   32   96   41   67   15   55   65   69   35   63   83   19   79   95   82   91   10   31   98   75   86   32   12   20   44   17   81    9   26   50   39   29   34   25    7   11   14   48   53   61   84   80   71   99   54   78   92   64   42   27   58   40   43   90    8   33   59   13   36   51   68   37   88   77  100   87   50   38   66   21  
  29   10   83    7   13    9   66   48   25   28   85   31   77   94    8   21   41   88   73   30   16   72   95   53   15   23   44   98   81   92   39   89   84   79   42   22   64   54   43   87   74   65    6   48   70   61   91   68   55   90   86   38   17   37   93   46   32   18   40   75   34   58   51   76   67   99   50   80   82   69   96  100   20   60   63   27   92   98   36   52   97   35   57   14   71   56   78   52   49   19   47   45   11   59   24   62   33   12   26   71  
  52   35   70   11   62   78   61   37   33   19   97   79   34   72   71   13   61   45   46   94   24   12   31   92   67   25   29   87   65   55   32   41   74   66   95   82   16    8    6   68   42   50   27   73   83   48   86   96   81   93   44   57   99   26   43   15   89   66   18   84   53   63    7   58   56   10   28   85   22   51   21   23   91   98   54   20   17   76  100   47   14   38   49   30   21   88   75    9   70   60   59   80   90   36   64   40   77   69   89   39  
  20    7   67   35   97   21   43   63   32   23   84   48   12   56   64   69   31   55   45   95   16   25   88  100   34   33   51    8   54   11   27   26   47   19   46   91   77   78   50   17   14   90   15   62   89   57   92   85   80   76   20   42   24   36   73   60   83   65   79    9   81   94   99   57   76   41   30   13   93   38   82   10   62   49    6   98   61   18   71   72   66   75   44   58   68   74   22   37   70   53   28   29   39   96   59   86   87   15   52   40  
  79   94  100   53   83   89   60   62   65   95   87   61   93   91   42   88   70   39   55   82   41   31   71   67    7   86   11   33   77   16   76   15   35   72   19   56   71   54    8   98   73   68    6   34   96   52   13   27   47   25   49   12   39   23   26   75   59   93   69   74   99   66   30   28   80   51   10   22   29   78   92   48   84   64   38   50   20    9   40   21   18   32   24   77   37   46   57   58   36   17   44   41   45   14   85   97   81   90   43   63  
  94   81   62   61   44   11   83   31   30   53   78    7   96   80   24   90   77   67   25   97   84   52   18    8   71   13   85   55   28   20   29   51   67   75   59   46   98   91   38   60   10   15   14   17   64   26    9   95   23   50   88   27   93   56    8   19   72   12   39   41   82  100   48   40   34   68   76   35   32   21   37   87   89   36   44   58   16   49   42    6   79   45   57   73   33   43   63   47   70   66   65   54   69   77   22   16   99   92   86   74  
  40   18   94   25   86    7   64   21   56   67   28   41   42   59   85    9   66   16   34   50   63   93   23   82  100   95    8   80   38   87   43   14   72   45   10   36   39   83   54   44   87   83   75   81   49   19   91    6   57   24   89   20   48   52   90   53   13   51   29   22   35   32   74   27   79   33   17   12   55   76   46   98   29   88   91   97   78   15   71   60   70   26   77   92   61   62   68   84   73   99   30   37   65   11   47   96   69   41   31   58  
  73   39   30   52   36   62   19   65   24   67    7   70   47   79   26   80    7   94   83   35   82   45   31   10   71   33   53   72   63   25   92   12   11   16   88   64   69   61   48   84   44   75   50   93   27   18   98   51  100   20   18   76   21   57   17   43    8   89   46   95   29   78   22   81   42   96   90    9   56   97   13   85   34   60   32   74   87   14   55   17   91   41   15   68   37   49   54   23   99    6   59   38   86   28   40   97   77   66   77   58  
  89   77   92   26   95   91   16   65   86   21   62   90   70   74   47   15   88   13   73   31   82   23   49   33   67   27   22   61   37   84   85   34   25   18   11   66  100   24   99   48   46   42   58   25   55   36   71   12   19   39   14   63    6    8   79   56   52   64   10   32   57   54   17   59   38   97   40   73   41   68   87   93   97    9   50   69   83   75   43   72   20   60   53   76   29   45   81   94   96   80   78   98   51    7   30   28   35   44    8   64  
  54   26   58   10   17   49   31   63   54   93   82   97   24   64   74   29   83   87   14   75   45   46   52   53   30   48   27   80   76   57   39   34   38    6   90   65   92    7   44   61   95   35   72   41   20   66   12   77   22   32   11   67   33   69   68   88   78   94   18   81   47   79   16   86   40   90   50   13   73   36    8   98   42   37   15   19  100   21   91   96   85   60   51   28   62   84   18   25   89  100   56   43   55   99    9   70   71   53   59   23  
  63   30   37   59   50   76   77   95    6   47   18   88   60   87   66   93   27    8   92   96   98   32   99   22   35   45   36   38   82   19   33   57   43   42   26  100   23   53   31   98   28   83   68   78   40   82   61   69   97   16   13   64   21   12   81   14    9   24   51   62   56   58   52   39   46    7   49   86   85   17   91   69   15   89   80   72   75   73   67   65   57   48   71   70   55   74   34   41   79   90   25   94   10   11   29   44   34   84   54   20  
  93   23   36   61    8   94   13   79   82   10   35   67   60   34   72   91   39    6   42   78   12   17   74   38   37   26   45   97   85   56    9  100   53   33   96   11   27   64   65   29   62   77   80   87   97   43   21   50   90   92   22   24   52   70   68   44   25   59   86   81   20   69   48   54   58   18   99   55   53   49   31   47   45   57   76   67   88   75   32   71   66   89   19   79   16   46   30   40   15   51   41   83   84   14   98   73   63   95    7   28  
  40   27   75   44   56   17   98    9   81   54   46   63   89   69   13    8   37   72    6   99   58   34   79   33  100   53   24   97   73   95   10   60   55   29   18   93   51   86   16   59   94   46   14   42   36   50   26   96   67   31   19   81   57   85   32   88   90   25   41   43   11   83   52   64   70   12   84    7   22   28   78   68   35   38   80   96   87   81   71   49   82   48   15   92   30   62   39   23   91   61   47   76   21   65   41   74   45   20   77   66  
  47   76    7   86   72   34    9   87   73   11   46   44   77   10   25   94   40   13   67   74   38   19   49   83   59   19   66   56   58   79   84   22   74   60   21   53   27  100   96   42   99   61   18   55   52   77   24   68   23    8   81   78   17   49   54   65   31   12   91   35   89   37   15   48   33   75   26   56   51   43   14   88   20   82   93   45   62   97   36   71   30    6   92   69   50   98   63   39   85   95   90   80   70   28   41   29   16   64   32   57  
  25   28   74   36   64   51   16   30   20   42   27   63   50   44  100   32   23   33   97   66   49   68   95   38   24   65   17   90   67   62   87   38   29   60   56   35   14   26   81   50   93   13   77   59   88   45    9   86   37   46   40   85   89    7   54   84   21   39   22   10   19   47   88   52   58   43   73   82   59    6   31   18   94   69   34   12   76   98   83   41   55   71   61   78   15    8   57   70   72   92   80   79   48   91   11   78   53   99   75   96  
  24   90   67   15   56   14   64   42   70   22    8   44   23   58   95    9   30  100   81   19   10   55   66   33   88   60   49   80   11   77   40   37   76   18    7   93   26   91   39   78   29   62   73   52   36   57   45   86   74   16   79   98   20   97   84   66   99   43   54    6   41   53   94   46   47   92   13   51   34   68   50   75   46   28   89   27   82   32   65   69   61   12   17   38   31   25   59   85   35   14   87   21   83   87   63   71   46   48   96   72  
  43    9   11   75   17   86   33   20   36   22   26   28   54   53   79   60   71   78   61   24   47   44   38   27   85   55   90   98   41   36   66   63   34   81   10    6  100   48    8   76   93   13   80   25   16   74   46   39   64   73   30   12   42   49   95   94   32   51   97   21   67   83    7   89   69   44   50   96   92   37   72   42   45   56   91   19   23   35   82   15   18   62   65   88   31   58   57   70   84   14   76   65   29   87   40   77   99   59   68   52  
  84   70   29   11   89   31   56   25   22   88   46   62   70   12   51   47   58   60   48   93    9   21   54   99   52   67   64   90   82   76   63   91   68   81   94   79   23   96   87   45   57   78   15   26   37   65   85   61   97   94   16   72   10   33   34   28   82   75   53   59   42   32   66    8   35   86   24   69   30   45    6   19   92   74   50   40   17   80   13   83  100   71   43   38   36   18   73   55   20   95   27   44   14   66    7   41   77   49   98   39  
  84   41   78    7   55   47   90   86   74   98   36   54   12   38   25   61   76   56   71   87   66   23   64  100   81   22   85   28   46   45   51   40   96   29   97   79   67   92   34   19   31   49    8   35   44   48   13   32   69   70   57   82    6   27   16    9   72   15   99   89   11   17   22   58   21   26   39   60   59   37   20   83   50   33   53   49   75   94   93   77   53   43   63   62   11   14  100   73   91   30   42   68   18   65   24   52   95   80   10   88  
   7   81   23   43   27   61   38   98   65   56   58   12   46   45   26   64   85   90   94   77   73   74   69   93   99   86   68    6   25   13   18   85   31   14   41   48   79   33   95   64   77   97   35   49   96   66   71   22   87   52   47   78   51   29   21   39   10   19   84   40   74   24   82   16   20   88    9   44   53   50   15   63   55   70   59   34   14   11   92   67   91   30  100   89   32   80   37   42   75   76   17   28   36   72   62    8   60   57   83   54  
  26   88   42   78   27   92   56   47   98   30   31   72   23   24    8   50   20   76   80   31   15   48   19   60   65   40   10    6   94   18   39   28   33   11   97   70   57   25   71   74  100    7   43   69   85   96   35   63   99    9   81   79   54   84   59   17   44   21   61   29   75   68   36   14   82   71   86   66   53   55   16   38   22   52   32   95   64   90   87   51   49   62   93   73   46   58   67   37   89   34   77   10   91   83   41   12   13   46   45   92  
  55   42   15   36   64   14   21   44   78   49   97    8   26   70   94   88   33    9   32   68   80   71   93   35   61   77   30   19   41   89   67   11   47   13   68   90   95   60   17   38   62   51   79   53   17   37   18   23   27   98   84   34   69   63   75   10   85   74   57   20   58   76   12   25   28   46   43   54   73   22   81    6    7   96   56   91  100   39   29   16   87   72   50   92   40   65   52   48   39   60   83   82   24   45   86   66   50   31   59   99  
  51    9   27   77   62   58   87   89   95   30   11   21   46   35   17   39   16   99   25   83   81   41   71   60   23   43   15   85   70   68   12   54   31   20   47   13   44   88   28   76   96   45   69   49   61   76   32   22   98   26   94   52   56   31   48   55   58   10    8   73   53   65   84   90   78   33   36   74   29   42   64  100   38    6   82   72   18   50   92   67   59   93   19   97   40   91   86   24   75   63   66   62   94   34   80    7   37   57   79   14  
  91   68   54   12   66   67   71   77   63   80   78   64   92   18   33   82    6   28   70   51   87   58   55   69   93   27   38   75    9   52   85    7  100   97   27    6   10   37   36   41   47   15   82   72   39   94   81   74   45   16   95   86   99   13   76   40   90   30   73   46   23   31   32   49   61   28   25   34   84   22   26   24   34   14   48   60   44   65   89   11   53    8   83   35   88   17   56   43   62   29   21   79   42   98   57   19   20   96   50   59  
  11   92   26   37   75   80   20   14   18   22   60   43   27   74   69    8   71   30   82   35   94   33   96   31   25   13   90   55   40    9   87   66   21   17   91  100   23   88   72   47    7   85   45   50   79   34    6   24   98   94   58   84   95   44   78   15   38   62   97   32   61   56   19   73   57   42   49   93   97   48   54   52   46   41   89   86   28   59   67   63   77   65   51   76   29   38   10   17   68   16   36   81   53   64   12   39   83   95   99   70  
  86   99   53   65   51   40   11   60   27  100   50   87   94   24   36   45   42   85   17   61   78   44   42   37   75    9   41   57   28   84   23   21   11   95    8   49   69   64   38    7   92   59   33   55   66    6   63   43   73   48   68   71   67   77   35   14   19   31   26   62   58   83   12   15   56   29   70   91   54   30   18   96   98   16   89   79   13   90   23   82   76   39   74   58   46   31   34   72   93   52   32   22   97   81   88   47   80   10   25   20  
  64  100   21   85   95   13   77   19   41   63   22   48   88   39   52   35   16   69   34   94   87   23   49   93   66   82   20   72   65   60   17   92   81   98   53    8   33   37   12   43   74   59   96   80    6   45   54   83   30   25   36   17   28   49   56   15   51   29   91   47    7   61   76   31   75   54   14   70   40   93   44   79   78   71   27   38   18   97   62   99   26   57   58   73   68   42   86   57   55   24   67   10   84   50   32   90   11   89    9   46  
  83   30   45   99   27   97   34   78   37   76   91   61    6   67   82   23   16   38   26   59   94   67   56   55   24  100   92   14   63   66   98   12   31   28   46   40   87   47   41   88   58   15   18   32   65   35   44    7   90   49   62   80   42   67   57   81   93   77   20   17   79   64   89   54   22   10   75   51    8   95   29   60   50   43   84   71   69   33   78   52   70   53   36   48   96    9   11   19   74   86   25   39   85   13   68   21   72   55   73   66  
  86   99   75   78   52   74   38   64   14   79   59    9   44   10   62   21   17   97   94   60   45   91   33   67   83    7   54   46   15   65   51   11   30   73   70   55   41   28    8   93   57   84   52   58   77   49   36   95   63   25   85   72   37   71   66   42   23   87   41   22   61   27   80   37   32   34  100   43   82    6   39   56   89   26   53   29   18   76   13   48   50   92   69   16   20   31   96   98   50   40   81   24   90   18   68   12   88   47   19   35  
   7   59   97   85   73   60   59   65   42   15   51   17   99   50   56   61   67   47   30   41   43   62   80   69   63   11   45   37    9   78   89   70   33   26   87   52   24   93   76   27   68   74   88   48   19    8   86  100   40   81   77   36   96   53   79   92   44   32   14   49   38   21   28   12   71   39   31   58   20   18   10   64   75   55   94   27   20   90   72   15   13   29   95   82   57   34   16   22   46   35   66   25   84   23    6   91   88   98   83   54  
   8   69   88  100   67   31    6   57   89   84   16   39   83   18   17   33   19   76   41   58   90   63    7   44   55   74   15   20   53   42   51   62   28   73   86   22   94   54   25   11   13   95   72   79   43   52   40   12   64   24   80   50   36   48   68   56   82   99   87   60   92   98   14   21   96   75    9   34   32   66   46   37   38   29   45   27   23   58   77   91   82   74   81   70   78   17   93   47   65   26   35   10   30   61   97   49   85   71   59   99  
  88   47   79   54   61    6   84   73   90   20   74   90   27   69   85   86   89   98   99   16   32   24   60   25   87   81   19   10   29   26   13   41   21    9   40   49   70   96   48   30   39   18   99   72   22   15   27   97   23   65   80   93   82   44   77   52   33   62   14   57   56   43   31   95   34   11   35   51   67   46   32   38   83   45   78   58   55   53   71   54   94   76   50    8   59    7   75   63   42   37   17   64  100   36   28   68   66   92   12   91  
  39   29   90   52   71   51   89   82   23   80   59   21    6   98   93   83   78   60   73   24   19   13   67   75  100   74   18   81   69   65   49   33   44   66   36   84   46   14   77   42   25   31   48   50   72   60   53   97   99   85   43   99   94   63   93   99   96   86   34   37   17   16   87   38   56   92   57   30   47   22   55   11   95   61   27   26    9   76   10   62   54   12   40   45   58   20   28   32   15   68   85   79   91   41    8   70    7   88   35   64  
  55    7   10   98   59   67   84   29   28   11   81   19   96   82   91   57   48   42   35   63   66   16   70   31   97   13   93   21   17   12    9   30   44   93   65   22   80   24   68   26   78   27   46   61   94   90    6    8  100   47   45   83   32   23   76   71   77   88   99   15   97   79   92   18   33   40   75   20   67   49   54   39   69   89   41   50   43   87   58   51   95   36   37   72   12   40   74   60   38   86   85   25   73   14   62   52   53   34   64   56  
  68   61   63   99   77   94   96   69   49   51   86   37    6   62   74   87   47   80   72   54   75   19   32   85   53   12   27   84   52   81   34   15   70   16   97   28   25   82   88   38   33   13  100   45   40   76   16   17   92   26   14   50   46   60   11   36   14   58   91   73   31   66   78   23    7    8   30   48   67   93   59   39   44   35    9   64   79   18   30   83   56   21   29   90   41   71   42   20   89   57   43   60   95   55   24   22   43   10   65   98  
  94   89   87   97   21   88   58   18   70   72   27   71   57   16   13   20   79   63   92   34   69   68    7   43   47   38   99   36   91   28   93   74   17   73    9   83   51   54   40   23   33   14   26   66   46   44   86   75   35    8   56   25   77   73   31   80   61  100   41   11   82   85   30   81    6   37   50   39   12   52   67   19   96   48   10   64   22   98   78   62   45   95   20   15   59   93   90   60   65   84   74   53   32   42   55   76   29   97   24   49  
  12   52   98   23   63   44   27   48   37   50   55   45   41   31   56   64   36   43   73   24   85    6   66   69   30   77    7   80   74   97   57   21   16   88   17   94   68   34   82   78   32   20   56   14    8   69   28   15   29   84   92   89   75   94   51   79   93   19   25   39   87   86   38   54   96  100   95    9   62   49   10   13   58   65   40   35   83   60   18   22   26   91   71   47   81   33   72   70   42   46   90   81   76   61   11   59   67   53   48   99  
  23   78   51   66   25   79   48   17   18   37   98   53   30   56   84   43    6  100   69    9   59   88   55   81   86   22   85   33   92   89   56   49   16   71   20   73   32   74   77   29   97   47   44   50   36   54   90   42   97   11   21   82   12   34   63   57   26   45   10   61   67   38   95    7   14   76   65   99   94   60   70   32    8   13   41   35   15   91   39   93   72   10   58   40   68   24   19   28   31   64   84   80   96   75   27   52   62   83   87   46  
  84   15   11   86   79   57   65   88   31   44   61   78   60   72   90   70   65   12   32   53   18   40    8   97  100   69   49   55   13   43   36   75   94   23   17   95   47   83   62   92   64    6   45   59   21   24   40   82   28   73   35   37   77   16   63   85   80   74   56   66   27    7   41   38   19   67   46   87   76   33   58   25   48   51    9   52   42   54   39   89   11   71   22   29   76   93   68   96   98   94   91   99   50   20   26   10   14   30   81   34  
  36   74   73   61   12   29   11   79   68   21   70   82   77   45   80   13   40   95    8   47   59   60   89   86   96   57   23   83   33   42   52   76   91   69   44   16   72   92   48   34   94   71   90   54   76   67   88   37   26   78   17   49   93   56    9   18   38   58   25   93   62   55    6   51   22   99   98   64    7   53   65   87   75   84   30   81   24   50  100   37   10   20   85   43   18   97   27   66   28   27   41   31   15   46   63   14   39   35   32   19  
  31   77    8   30   66   79   98   47   56   85   97   34   82   42   37   86   64   40   62   15   28   65   35   25   41   21   57   67   20   53   80   36   39   22   75   50   87   91   11   17    6   83   13   68  100   51   58   16   96   45   24   93   81   90   14   59   43   92   44   95   18   46   74   88   70   78   63   29   65   52   12   99    7   89   10   71    9   63   38   51   26   73   54   76   94   19   55   23   60   32   72   84   48   33   69   27   93   61   26   49  
  37   56   79   58   48    9   14    6   69   75   31   18    7   41   36   72   77   81   80   21   11   59   60   78   40   73   30   92   54   62   47   42   66   22   43   10   86   83   50   20   93   87   51   49   82    8   88   35   14   67   65   53   13   17   89   57   84   61   97   63   19   90   74   99   32   64   95   23   25   71   28   85   76   31   33   98   46   15   16   52   81   34   68   27  100   45   70   26   31   29   55   24   94   96   12   44   38   91   39   83  
  25   26   92   20   82   87   12  100   91   71   15   23   10   65   35   70   46   95   17    9   29   21   98   18   19   52   78   48   78   56    7   58   13   22   61   89   66   86   57   49   81   40   39   54   75   90    6   38   55   36   63   88   45   60   16   50   27   94   32   92   85   31   41   59   83   97   43   42   47   80   53   73   84   28    8   14   99   77   37   24   33   44   62   29   72   30   74   64   93   69   11   79   47   67   96   51   76   68    7   34  
  98   79   28   57   95   39   26   42   78   69   36   72   46   76   44    7   22   71   49   60   27   55   56   65   74   21   59   87   59   97   25   52   45   47   51   15   81   88   38   70   37   23   14   20   82   16   90   68   85   77   43   62   80   84   91   48   75   35   66   99   58   13   21   41    9   34   18   17   10   63   16   29   33   10   40   73  100   67   32   24    8   61   31   11   50   12   54   19   93   64   86   53   14   83   92   94   30   96   89    6  
  35   68    9   90   39   92   49    7   67   75   57   47   27   61   46   65   80    6   48   17   10   36   82   55   86   54   31   42   14   38   87   43   95   51   60   12   45   59   98   11   56   18   84   83  100   81   71   62   40   23   72   30   99   15   97   85   88   37   73   86   78   47   77   87   21   58   34   66   74   16   79   89   19   20   99   96   94   25   28   64   13   53    8   69   93   44   52   32   29   26   41   24   70   60   50   22   63   33   91   76  
  73   19   56   13   97   38   69   61   83   57   78    7   43   16   91   74   11   37   58   30    9   59   95   17   87   98   53   77   48   45   94   28   27   52   35   92   46    8   67   31   81   84   24   29   96   64   79   44   90   10   42   52   36   39   72   70   80  100   33   40   49   21   71   82   88   89   34    6   44   25   69   15   54   41   23   20   76   12   50   85   18   32   47   55   60   79   99   22   75   63   68   51   62   38   93   86   66   14   65   26  
  45   94   98   55   88   96   82   79   67   12   39   84   58   86   95   11   97    8   20   41   91   93   68   65   62   68   22   10   64   46   59   85   61   73   57   92   36   40    6   47   70   78   99   44   30   38   90   69   24   76   42   89   28   66   27   23   16   14    9   71   17   75   99   56   52   74   53   43   60   80   81   50   18   25    7   51   54   45   77   48   21   26   49   63   31  100   33   19   13   29   15   37   34   32   35   87   72   78   83   34  
  53   96   57   33   25   65   17   13  100   36   26   86   98   14   81   82   97   30   73   11   50   15   77   70   29    8   39   14   76   41   64   60   34   22   54   94   18    6   72   71   32   21   62   20   92   44   66   84   47   67   63   40   16   28   45   87   88   27   19   91   42   14    7   79   49   89   43   52   51   95   35   69   55   59   56   10   12   78   15   46   23    9   61   99   80   68   83   27   38   90   24   75   58   37    7   74   85   31   48   93  
  16   64   56   29   40   77   48   29   60   57   16   36   34   96   83   53   11   61   66   18   68   99   19   29   70   35   63   44   84    7   45   92   87   71   73   91   37   14   26   78    6   86   46   17   65   15   49   39   85   67   13   82   23   10   76   62   93   97   95   59   21   31   52   94   98   79   88   47   58   43   90   75   32   27   20   81   30   33   89   38   72   50   41  100   51   12   22   33   24    8   28   74   69   80   55   54   25   42    9   11  
  44   94   22   75   67   72   65   61   12   21   15    7   37   96   79   48   98   85   56   52   29   64   49   91   78   74   84   13   81    9   97   17   18   69   35   18   41   88   64  100   71   47   53   66   23   32   19   25   92   28   93   60   38   46   68   34   84    6   50   87   11   10   43   16   57   73   74   40   42   82   24   90   83   58   14   63   89   77   86   45   70   62   77   55    8   27   95   99   31   76   36   30   33   54   26   20   59   51   39   80  
  63    8   96   72   14   76   46   77   60   69   53   35   75  100   92   28   24   34   51   13   18   70   68   19   39   56   94   71   97   54   81   65   86   21   84   43   28   17   10    7    9   79   42   29   41   30   38   59   12   64   87   52   15   46   60   48   22   61    6   32   16   23   74   73   25   44   58   40   99   57   48   21   66   89   82   98   50   62   26   31   80   78   33   93   95   88   36   20   85   90   91   27   55   67   49   11   83   45   37   47  
  46   51   28   53   42   18   34   31   63   77   65   43   68   35    6   10   15   58   17   72   94   26   37   95   36   57   16   44   55   73   36   11   41   90   39   20   88    9   89   64   59   63   87   50   76   64   74   33   49   82   24   91   52   83   92   54   40   60   29   98   84   27   61   93   25   99   81   21   69    8   67   14   13   38   48   66   80   86   23   19   12   70   62   75   27  100   79   78   71   56   30   47   45   97   96   27   32    7   85   22  ] 
BUDGETS : [    2    7   13   15   22   24   25   34   34   36   37   54   56   57   59   60   62   69   71   72   74   74   75   75   75   77   78   81   85   89   90   91   94   95   99  100  102  103  105  107  107  111  114  116  118  124  124  124  126  128  134  134  134  136  139  140  141  142  143  143  143  144  145  146  148  148  148  149  152  155  157  160  161  165  165  169  170  171  172  173  174  177  178  183  184  184  186  186  188  189  189  190  190  193  193  193  195  196  199  200  ] 
