K : 150
I : 75
PREFERENCES : [   18   47   66   42   14   38   69   54   75   19   37   59   31   17   44   70   64   27   12   39   47   51   40   20   52   73   19   27   58   48   35   56   32   34   53   54   22   45   23   21   15   26   16   50   63   36   24   72   43   49   61   74   51   41   33   71   66   68   60   62   28   30   57   13   65   25   11   67   29   31   26   55   69   46   63  
  39   49   56   68   14   42   61   20   46   15   69   45   12   48   56   54   33   67   21   65   30   31   25   70   47   67   22   72   19   23   28   18   37   55   50   16   41   17   74   44   19   38   57   56   57   71   60   36   52   53   29   66   63   62   13   39   40   59   37   24   57   53   27   43   11   26   35   73   64   58   51   51   75   34   32  
  49   21   23   15   69   75   41   38   29   42   28   61   71   16   31   35   59   11   16   20   49   52   43   64   74   73   14   42   17   12   72   47   51   55   70   25   50   54   37   46   22   67   65   13   66   60   19   58   62   30   20   36   24   56   34   44   32   47   33   45   27   68   53   26   72   40   48   39   63   47   33   18   62   16   57  
  64   19   61   34   31   59   23   71   67   35   37   72   68   63   21   67   40   28   62   58   53   69   44   54   14   70   18   48   13   27   53   56   66   65   47   74   51   44   39   29   30   47   33   39   36   25   41   35   75   60   20   43   48   49   50   11   46   32   61   15   73   55   57   17   52   24   38   26   42   22   16   12   72   45   69  
  56   61   46   60   11   71   36   14   33   29   39   46   73   65   69   18   45   31   28   23   13   74   61   45   69   66   34   55   12   53   27   64   54   32   37   69   59   63   75   32   38   35   47   42   16   40   68   67   41   70   17   49   53   69   53   13   15   72   30   25   20   44   48   24   51   50   43   52   21   62   19   22   58   26   57  
  72   36   57   59   61   14   73   25   75   12   46   60   68   49   30   75   11   18   54   67   56   46   40   62   52   41   58   58   39   64   21   44   20   48   56   28   29   69   61   42   19   45   66   17   65   28   37   34   33   60   35   71   15   31   74   47   73   53   55   27   25   51   30   32   50   70   38   22   26   16   24   43   63   13   23  
  73   47   42   61   26   25   21   72   32   19   56   15   68   28   62   44   70   48   13   45   17   33   59   49   46   38   56   37   14   36   68   71   63   22   56   39   74   16   28   64   51   60   50   12   11   48   41   55   24   27   53   23   35   57   13   58   30   66   34   29   22   67   69   40   31   65   53   75   52   49   20   18   54   22   43  
  74   32   56   54   64   22   15   68   28   18   58   37   31   26   41   74   72   29   11   30   57   70   71   52   62   21   13   73   33   59   23   24   42   48   53   62   32   19   27   60   12   39   43   35   57   40   49   44   16   36   63   15   38   17   25   46   61   67   69   55   50   75   47   20   14   17   66   29   45   34   60   47   65   58   51  
  43   55   39   47   28   58   12   37   47   32   34   60   66   36   53   46   70   45   61   57   50   22   74   21   51   42   30   47   63   11   65   48   40   44   19   67   15   49   41   26   64   41   24   54   41   64   14   29   23   31   69   52   16   68   72   38   13   25   20   17   71   56   47   55   75   73   33   19   62   18   27   20   59   35   43  
  16   48   57   19   22   66   75   40   43   73   39   17   68   11   14   41   62   37   47   20   17   68   46   51   33   70   13   23   12   29   63   34   75   28   67   23   60   50   30   53   74   38   36   21   44   38   27   58   18   31   52   32   24   59   65   71   45   26   49   64   69   61   55   42   25   67   15   72   20   28   54   56   35   65   23  
  14   15   11   27   19   75   44   26   42   70   64   13   38   28   47   20   32   12   34   61   25   51   33   29   37   72   41   11   74   67   11   21   50   21   53   66   36   52   56   65   24   57   58   44   22   70   63   71   55   30   74   62   21   43   23   17   40   31   40   60   21   39   73   54   48   35   67   16   59   49   46   69   68   45   18  
  45   39   58   68   45   74   55   70   72   42   55   52   37   65   64   54   32   14   43   25   75   46   17   28   56   53   27   18   73   66   71   26   49   69   46   19   61   29   35   33   11   21   64   57   31   24   20   50   63   62   36   30   47   23   51   62   41   48   59   34   11   38   53   67   44   60   16   12   70   13   40   22   57   15   36  
  62   45   21   18   49   32   23   33   41   69   65   73   11   28   19   67   16   75   34   40   63   55   12   58   58   35   43   75   39   71   22   34   38   54   36   25   47   46   30   44   61   12   37   40   31   72   59   50   24   15   29   52   74   42   33   17   57   12   64   26   68   13   27   14   56   20   53   54   51   53   70   42   66   48   60  
  12   60   42   49   69   47   37   43   44   53   41   67   63   66   75   58   26   52   72   65   59   16   39   61   38   33   47   68   30   35   64   21   22   27   59   14   48   56   17   62   45   63   46   11   25   34   19   31   13   50   70   15   65   36   32   40   23   51   55   24   59   28   13   54   73   26   39   20   57   29   18   71   74   51   14  
  64   55   51   51   38   56   67   12   55   75   69   42   47   51   41   28   29   46   49   33   57   62   70   54   72   32   48   39   27   13   59   52   63   30   43   65   17   23   62   50   34   48   18   30   44   73   53   22   61   66   60   35   33   16   21   20   26   74   19   70   41   71   31   23   25   11   37   36   24   14   40   15   45   58   68  
  71   30   48   73   42   25   47   38   56   39   69   35   69   43   22   53   74   68   51   57   16   41   26   64   18   62   19   17   12   23   11   27   33   61   71   29   15   13   21   54   49   37   38   14   40   24   58   37   32   75   52   55   70   67   44   43   20   43   60   50   37   28   34   36   65   35   46   37   72   66   42   31   59   63   45  
  67   75   25   59   50   20   13   13   24   46   18   38   23   58   19   32   72   40   64   42   29   48   57   62   44   73   22   31   48   35   43   57   49   66   30   41   65   36   68   55   33   63   58   26   15   54   17   71   34   61   28   18   50   17   52   21   60   27   51   56   14   69   45   53   16   47   70   67   12   50   37   39   48   11   74  
  62   16   18   72   45   69   73   12   69   47   54   56   32   46   40   71   65   72   22   61   30   41   44   67   43   28   27   30   53   37   51   15   14   58   48   42   52   11   75   68   31   21   26   59   55   33   34   46   36   70   73   29   49   64   57   38   66   60   11   50   19   39   23   11   25   63   30   24   20   44   23   13   35   74   17  
  69   14   48   37   36   49   20   75   18   68   55   16   63   52   25   57   45   42   54   30   35   31   52   38   21   18   66   72   11   46   65   28   73   34   70   24   17   45   61   44   47   75   41   73   60   67   59   75   22   32   64   12   27   11   71   43   71   19   50   39   15   56   13   23   53   51   58   40   29   68   26   33   74   40   62  
  11   51   49   40   44   68   68   67   61   56   25   26   38   43   22   41   28   62   73   45   45   13   48   57   12   55   47   37   54   23   29   42   68   28   36   65   17   63   53   24   28   74   35   16   14   31   52   50   66   30   18   71   59   20   72   57   18   33   75   60   46   32   58   39   34   65   69   64   19   27   38   70   15   18   21  
  31   33   43   65   67   47   64   24   69   27   75   36   34   24   53   35   42   42   23   31   52   63   20   56   60   61   41   40   37   39   64   28   38   66   51   30   15   54   59   48   24   62   43   44   18   42   58   29   17   13   25   72   14   67   49   19   26   73   68   71   11   29   45   50   70   13   46   21   22   55   57   74   12   32   16  
  25   20   39   61   55   16   43   58   30   26   60   15   42   21   56   62   34   52   63   72   31   13   49   27   33   68   51   69   35   50   39   17   44   32   59   22   28   40   18   55   64   66   63   41   73   61   71   61   75   19   46   47   15   67   23   38   57   14   45   70   12   50   74   48   26   46   36   65   37   24   11   53   54   36   29  
  66   69   62   17   30   68   22   21   52   72   26   48   55   71   15   21   35   24   54   38   32   66   75   43   33   57   74   41   63   45   46   19   37   28   59   51   31   61   39   47   64   29   49   58   38   11   74   60   21   50   56   42   65   20   30   23   36   16   67   13   53   73   18   58   25   14   70   53   27   68   34   44   68   40   12  
  15   73   55   25   68   58   14   45   12   16   26   65   38   32   17   64   36   33   66   30   71   23   42   51   18   63   25   70   57   39   69   27   70   43   75   34   18   28   44   59   46   56   74   19   62   36   24   11   35   53   64   31   49   54   21   40   37   48   31   72   41   50   36   47   13   20   52   39   29   22   72   67   61   60   73  
  24   69   29   70   41   63   57   69   74   44   68   11   37   37   28   54   67   64   47   23   26   34   26   38   13   22   53   51   35   57   19   50   49   21   17   16   43   39   52   28   60   65   48   33   30   46   58   45   61   75   31   20   39   15   25   73   27   30   12   30   66   42   59   32   55   43   71   18   14   36   72   62   40   58   56  
  25   62   70   21   57   27   44   19   48   58   28   63   24   20   39   42   12   60   74   30   34   68   47   38   59   71   54   75   52   15   29   47   16   67   12   69   68   32   26   50   49   61   23   65   13   37   37   53   18   73   11   31   41   56   26   14   29   64   63   20   22   41   35   72   55   36   40   66   17   33   64   43   46   45   51  
  65   46   36   38   33   57   74   20   40   24   35   18   37   68   48   66   44   13   39   15   62   73   45   63   11   72   60   27   71   33   42   14   26   47   18   54   69   34   21   43   50   56   61   55   16   75   53   22   14   52   12   26   71   32   19   49   17   26   52   58   28   51   54   20   25   64   29   70   41   30   31   23   67   54   59  
  35   38   46   16   23   30   33   59   11   56   55   72   62   31   21   18   51   52   34   54   67   40   32   14   41   22   63   29   57   28   44   13   73   45   53   27   26   74   28   12   75   46   49   20   65   72   50   64   43   67   58   66   61   42   41   47   72   15   70   71   25   48   43   61   36   39   69   60   68   19   17   12   51   37   24  
  13   62   16   11   20   65   17   44   58   59   47   57   54   64   33   15   40   28   21   51   43   27   68   19   39   35   40   34   44   29   71   48   14   12   46   22   73   36   18   37   20   56   38   46   50   69   32   41   23   31   49   66   60   61   33   64   63   67   24   25   55   52   42   34   75   26   19   72   30   70   44   39   45   53   74  
  42   71   55   49   15   69   18   44   59   46   68   54   28   44   39   33   25   62   47   60   41   58   20   51   65   52   16   29   43   50   13   17   21   74   61   19   67   64   48   53   35   11   24   22   66   45   28   51   37   75   38   23   52   32   38   34   23   63   75   25   12   27   56   35   73   14   72   40   31   36   26   45   70   30   57  
  41   75   53   14   47   34   56   51   67   63   57   69   20   66   64   29   63   25   20   37   52   25   42   23   12   59   45   24   65   73   46   49   28   19   24   51   44   36   22   68   50   30   61   17   54   58   33   31   11   48   51   35   39   21   66   70   15   16   72   32   54   13   62   41   55   66   18   71   74   43   38   26   60   27   40  
  30   36   61   42   44   14   46   60   73   35   56   42   40   75   63   25   69   21   17   23   74   22   32   28   24   13   31   22   66   49   57   45   51   34   27   33   67   26   70   11   43   27   21   71   41   50   20   62   48   53   12   38   52   65   28   47   59   72   18   39   58   20   62   15   62   64   54   64   55   68   16   19   37   29   36  
  46   32   54   36   40   38   69   64   19   59   40   65   25   17   12   73   21   75   23   31   14   39   20   17   43   56   66   37   72   70   18   71   27   68   47   29   63   42   60   11   56   14   24   12   51   48   33   45   34   66   44   52   57   67   62   49   16   74   61   15   22   35   41   19   26   13   50   72   55   61   28   30   58   53   62  
  42   19   43   29   64   38   57   44   68   56   65   51   20   66   33   61   14   74   39   64   48   36   53   24   63   40   62   18   32   67   11   25   52   35   69   13   27   28   72   55   47   16   12   24   44   37   28   46   46   26   49   59   54   41   12   58   70   31   20   17   34   71   70   15   49   75   60   30   50   21   22   45   73   27   23  
  14   47   73   69   44   31   20   67   27   23   37   30   72   26   26   70   56   15   64   32   63   33   53   36   50   68   71   39   55   42   62   65   28   58   65   15   54   24   18   75   12   40   23   32   29   38   13   23   32   34   27   48   49   25   43   17   35   52   16   21   61   19   51   45   41   48   66   60   57   46   17   59   74   22   11  
  60   38   55   16   15   75   53   59   44   44   26   74   58   30   25   29   64   24   26   12   63   61   17   13   24   41   56   14   75   67   51   36   52   30   71   37   66   47   57   20   11   59   58   68   19   21   72   35   54   22   39   69   73   28   40   23   31   31   33   36   48   50   18   46   32   34   27   49   45   31   70   62   65   42   43  
  44   11   63   19   52   27   33   31   60   58   57   13   50   26   16   34   23   72   17   68   69   49   47   43   26   13   38   74   32   15   12   17   21   14   71   65   35   59   22   64   42   41   51   38   56   16   31   28   62   67   75   29   46   20   69   30   40   25   37   60   53   70   45   48   39   33   36   31   61   73   55   18   24   66   54  
  66   53   43   18   37   15   55   65   22   63   57   61   58   69   67   28   20   44   13   52   46   51   74   19   23   16   68   56   11   58   61   43   60   26   46   47   48   12   41   25   17   35   41   62   23   59   73   40   40   31   17   72   14   45   32   71   62   24   39   49   29   75   28   21   54   33   30   70   27   42   50   36   38   34   64  
  18   47   21   39   46   49   37   20   26   35   11   17   24   43   56   41   60   38   66   50   13   57   61   66   44   55   32   36   34   33   42   42   62   30   46   29   53   74   22   65   68   19   69   12   32   11   67   49   64   52   47   15   63   28   58   51   14   15   59   32   71   72   31   40   75   45   70   25   43   73   48   27   16   54   23  
  46   65   73   15   48   18   47   36   47   16   59   60   29   53   37   14   52   41   24   50   44   45   31   48   71   43   17   66   30   24   42   63   47   64   55   61   13   28   69   70   68   75   67   19   35   49   70   22   11   72   74   56   43   20   39   27   72   38   74   58   21   25   45   23   32   33   34   54   47   57   26   51   40   12   62  
  12   43   35   50   24   68   28   29   41   52   20   45   17   31   42   61   37   20   60   16   22   36   39   69   33   25   62   51   14   21   72   58   14   32   34   11   55   70   38   58   47   59   65   48   40   74   49   54   63   39   73   27   32   53   26   46   71   13   15   26   19   67   64   32   63   18   66   44   23   39   75   30   56   33   57  
  32   22   72   64   39   24   60   63   68   37   56   15   73   59   65   36   40   70   61   13   65   16   21   69   54   37   53   57   19   67   23   61   11   58   17   45   42   28   52   50   12   46   51   38   74   27   18   66   73   15   41   31   34   43   71   30   60   25   49   14   35   33   29   44   34   12   38   20   47   62   26   55   33   75   48  
  56   59   15   60   72   75   28   46   51   72   58   32   27   24   45   21   41   16   11   26   20   61   69   68   63   52   14   38   57   67   48   54   49   71   29   42   73   22   35   13   68   34   37   26   65   73   33   40   35   39   47   74   43   23   50   18   57   55   64   31   12   62   25   48   64   19   69   53   66   30   70   37   36   44   17  
  36   67   72   71   64   28   61   58   62   29   37   27   39   32   44   19   74   34   15   30   67   12   75   53   47   51   35   56   13   27   66   37   74   31   14   55   60   11   17   26   68   22   54   52   57   45   43   18   73   48   65   53   33   64   21   69   25   70   35   36   38   20   41   24   59   12   49   39   40   63   46   50   16   23   42  
  56   50   65   22   41   50   45   16   25   52   14   74   54   63   70   42   58   58   35   33   28   37   15   27   32   44   21   53   49   62   60   71   48   55   11   68   73   72   67   17   62   13   26   57   51   43   72   30   18   36   32   39   23   34   66   46   40   69   73   20   12   38   29   59   64   47   63   31   75   60   19   24   58   61   63  
  16   35   72   29   59   31   71   23   70   29   49   46   65   28   43   24   57   40   11   20   45   13   51   66   36   15   33   25   12   64   24   14   62   44   39   23   37   22   26   30   56   48   32   52   60   66   61   57   60   38   27   50   73   74   42   55   17   47   58   72   67   59   11   21   18   68   42   53   41   69   54   34   19   75   63  
  53   25   40   26   16   66   30   51   15   39   62   58   68   33   21   62   74   50   24   47   17   20   43   41   69   75   42   58   71   34   48   72   22   14   46   36   70   60   63   52   44   39   56   31   13   30   59   67   27   55   64   57   28   11   58   35   41   54   37   29   74   61   19   72   73   32   18   38   68   23   45   44   12   49   65  
  42   21   22   19   31   31   27   74   25   71   57   50   59   20   36   65   69   63   66   68   58   39   13   62   46   72   51   32   55   64   11   59   54   45   61   29   64   28   43   32   49   23   19   35   48   18   14   33   70   15   34   17   30   38   21   12   16   57   53   52   60   44   31   56   35   26   67   47   52   75   41   73   40   37   24  
  70   30   18   33   59   69   14   68   11   45   43   60   32   72   38   63   22   16   50   40   22   74   55   33   73   35   31   42   57   37   56   64   29   28   58   71   33   52   54   31   72   66   49   60   39   62   17   61   59   46   51   20   65   41   27   21   24   47   44   33   53   48   25   15   45   36   24   23   34   75   13   12   67   19   26  
  28   55   38   50   24   62   68   70   30   42   27   63   72   14   47   53   51   45   60   26   16   58   52   20   25   39   19   75   57   37   46   18   33   59   61   16   74   28   56   29   31   61   54   59   66   13   30   34   11   22   36   44   56   15   73   21   17   48   12   40   64   43   71   41   63   23   69   56   49   67   52   32   65   35   71  
  19   57   67   27   36   39   46   11   14   72   42   25   47   30   51   30   43   56   37   23   65   72   49   21   40   22   41   63   35   28   24   31   26   63   71   65   61   74   69   44   48   60   59   63   52   50   40   53   67   34   45   21   38   70   12   33   62   28   37   16   20   73   17   15   68   13   58   64   66   18   55   54   29   32   75  
  66   73   48   29   16   65   64   38   36   13   71   67   59   37   20   23   45   40   72   14   65   29   75   74   51   17   65   16   50   27   11   25   15   65   72   66   43   62   68   66   28   35   12   69   58   18   32   57   31   21   54   22   72   42   60   41   56   19   70   44   34   46   39   33   52   55   53   30   24   49   47   26   19   61   63  
  33   40   35   54   67   55   49   48   24   26   74   19   12   59   69   39   52   34   42   25   49   62   30   70   61   72   66   65   17   44   28   63   43   11   73   64   59   32   37   13   69   58   63   57   69   52   36   19   56   47   52   70   53   38   71   29   51   41   45   21   50   31   22   20   46   18   15   23   14   68   75   60   40   27   16  
  45   69   21   24   56   49   13   70   35   72   74   68   16   63   43   11   61   47   51   29   27   20   34   71   66   46   73   28   74   59   19   58   36   62   57   31   56   20   48   42   39   38   52   44   75   37   41   23   32   60   30   54   15   33   53   67   65   64   55   59   36   12   50   28   40   36   22   28   25   47   26   17   18   28   14  
  32   31   69   33   55   54   38   65   20   18   40   38   41   42   15   69   57   45   45   75   64   67   11   58   25   61   19   50   14   26   66   74   51   39   34   70   48   60   68   71   22   27   23   30   44   37   60   62   49   59   30   17   73   46   12   39   36   56   34   53   63   62   72   52   24   20   21   43   38   28   13   16   29   47   35  
  55   58   35   53   53   63   57   45   28   33   16   36   59   61   19   31   20   29   75   70   73   17   64   74   27   25   68   48   24   12   66   67   62   54   34   72   60   36   18   22   23   50   26   37   52   46   14   32   65   15   63   49   51   42   65   56   41   47   38   40   44   21   69   71   13   74   17   50   30   58   11   43   39   32   20  
  47   37   48   62   58   53   50   57   75   16   33   63   42   15   51   39   22   32   13   41   21   68   72   29   27   66   30   40   73   45   34   24   68   71   56   18   20   12   35   38   46   55   75   25   71   61   54   43   17   71   11   52   36   19   70   23   49   74   17   28   64   54   44   26   69   59   74   67   12   16   65   60   31   37   14  
  71   39   18   32   24   15   66   42   14   31   33   48   72   55   35   64   43   17   67   57   23   19   11   26   15   33   46   68   57   58   73   59   38   13   56   45   28   64   51   34   17   53   65   20   61   54   50   25   46   47   52   49   16   22   55   52   29   21   41   74   37   30   12   63   67   27   36   69   70   60   40   44   42   62   75  
  44   58   63   60   14   72   13   72   51   41   27   33   18   24   75   35   57   61   53   17   28   31   70   73   47   15   26   45   50   14   71   12   35   19   67   49   74   23   41   52   70   16   15   62   56   21   66   69   64   32   22   29   39   48   11   63   46   34   38   54   37   59   25   73   42   75   55   65   30   40   51   68   43   36   20  
  60   64   72   62   38   34   69   16   28   35   40   36   47   49   73   21   52   53   57   63   20   15   19   31   51   55   74   67   26   50   65   41   44   30   71   50   48   15   32   16   59   11   34   75   37   22   54   17   12   12   45   61   56   18   46   39   27   66   43   23   68   29   24   14   33   70   56   63   14   58   13   42   25   25   53  
  26   67   35   54   65   36   59   18   74   33   24   28   63   66   37   16   61   40   32   41   38   15   22   57   25   27   71   52   45   57   69   48   41   49   63   55   39   68   53   14   47   51   11   35   30   73   23   29   22   75   37   34   70   62   43   20   44   50   19   58   57   72   31   21   13   17   72   56   64   12   22   13   42   46   60  
  26   18   40   40   23   68   29   62   70   21   66   15   66   75   54   30   41   13   11   12   35   60   31   37   66   65   67   72   37   73   43   69   74   51   71   25   36   27   46   33   20   34   59   32   69   58   57   45   22   61   53   42   14   19   63   55   64   48   12   54   33   50   15   47   52   28   24   63   16   56   44   39   49   38   17  
  15   50   71   49   51   74   24   36   47   39   72   53   43   75   59   54   63   64   32   17   68   52   69   67   35   38   20   12   33   11   20   65   70   59   26   69   69   27   13   72   56   33   46   61   29   55   41   19   44   21   18   23   14   28   31   40   73   42   22   30   66   69   59   48   52   60   23   25   16   62   45   34   58   37   57  
  15   59   37   63   47   60   19   71   22   15   21   43   30   42   68   73   25   41   73   68   24   12   49   18   14   16   75   66   13   55   28   26   51   46   17   64   56   35   27   54   52   38   40   11   20   61   16   47   27   45   72   23   34   53   48   65   70   33   58   38   69   74   56   39   31   25   62   50   32   23   29   57   67   44   36  
  56   68   39   18   42   11   57   36   14   12   65   50   52   47   46   74   60   20   60   35   64   30   17   24   39   21   51   55   40   23   22   37   48   26   67   38   29   24   19   75   63   53   15   58   55   34   73   38   21   54   41   43   33   13   17   62   61   16   71   49   25   32   72   45   65   69   12   66   59   27   44   64   28   31   70  
  51   73   60   14   49   16   30   31   68   54   67   15   35   28   23   58   17   42   33   47   30   49   34   37   59   53   57   74   63   66   36   24   52   22   75   49   71   39   20   45   43   27   46   50   30   18   11   40   70   72   69   67   73   32   61   13   26   64   19   24   25   68   41   65   21   64   12   26   38   48   29   44   55   62   56  
  22   34   28   26   36   73   58   44   23   61   20   68   61   66   53   67   13   58   51   29   56   33   24   45   74   25   39   60   55   11   44   16   71   30   19   75   32   61   43   17   40   18   49   45   71   74   47   31   72   59   48   41   50   62   37   14   69   35   65   26   54   63   46   15   42   27   64   12   38   55   21   57   70   52   32  
  34   75   13   19   14   54   30   42   73   17   12   49   53   35   68   36   57   52   74   28   31   16   53   32   50   45   54   59   21   33   25   46   38   37   47   74   58   48   64   24   23   62   67   29   30   60   63   67   20   40   71   56   55   69   26   16   36   18   36   65   51   19   61   44   27   39   22   43   15   70   41   47   72   11   66  
  41   48   65   42   45   52   12   25   17   75   26   13   42   56   66   24   37   62   44   14   57   54   35   43   49   22   58   68   60   25   70   31   51   21   73   15   20   68   50   69   31   64   46   38   28   19   55   47   36   71   30   18   40   34   42   72   68   74   40   59   11   52   61   16   23   53   39   63   32   65   29   33   50   27   67  
  31   64   34   44   12   49   55   50   47   26   38   72   51   16   62   32   70   65   73   36   44   61   42   13   21   74   26   71   33   23   17   35   75   27   68   40   69   22   63   52   30   58   59   54   66   41   46   45   48   48   43   25   28   67   57   29   34   37   18   19   56   14   28   64   18   24   15   20   66   11   60   41   53   39   58  
  73   12   41   46   26   66   29   53   14   44   21   55   58   18   56   39   34   23   50   11   50   73   20   13   74   40   25   37   31   71   35   49   17   12   69   48   45   68   61   63   16   43   72   47   57   15   30   46   60   52   67   65   24   70   37   59   36   15   62   64   22   27   34   32   19   33   38   65   54   75   42   32   51   30   28  
  63   11   45   24   66   27   27   16   50   48   46   13   69   23   41   33   26   60   61   29   46   39   51   58   32   40   73   14   44   52   26   67   17   71   36   56   21   38   22   34   53   66   12   15   49   30   19   72   25   15   74   55   15   40   54   42   18   17   28   62   43   70   20   35   62   59   47   65   75   64   68   24   57   31   37  
  58   59   35   40   36   74   39   56   71   32   52   41   19   69   23   68   73   28   27   67   43   45   50   25   49   33   66   47   52   48   39   60   70   26   27   38   21   42   72   55   16   43   14   49   64   31   53   44   24   24   57   29   54   61   22   37   17   12   15   13   75   46   11   63   20   29   30   32   18   34   51   43   62   65   65  
  29   42   71   50   58   55   27   75   14   22   17   39   46   35   74   47   43   29   26   25   57   55   25   42   20   23   73   64   23   61   24   49   73   33   12   60   20   72   21   37   34   32   30   75   18   11   13   59   63   66   19   70   28   69   44   65   54   56   32   31   45   15   48   38   62   51   16   68   36   40   54   67   41   53   52  
  11   21   61   66   44   27   28   29   23   26   71   33   54   18   23   43   59   32   15   32   40   59   19   59   65   34   58   42   13   24   37   30   64   55   12   20   59   16   75   38   32   22   39   35   33   48   69   60   53   14   50   64   47   25   56   70   73   51   49   41   36   74   40   17   62   31   57   67   68   46   63   72   52   45   67  
  24   35   43   73   21   38   17   57   61   45   19   52   55   12   39   30   31   22   36   13   27   25   42   34   26   20   35   68   41   41   15   29   15   60   64   70   54   72   44   75   47   66   59   67   11   51   56   53   37   50   65   22   63   41   43   24   42   49   33   74   48   69   65   58   40   71   28   23   18   62   16   28   14   32   46  
  72   30   56   49   14   15   67   32   33   16   44   35   46   47   11   17   11   15   37   23   19   29   21   60   36   14   24   41   68   55   65   20   59   39   38   69   47   54   34   12   48   71   49   50   26   22   40   22   74   27   28   18   51   70   66   75   61   43   53   60   47   42   31   62   39   45   73   52   25   13   64   57   63   52   58  
  33   13   34   19   66   30   13   41   19   57   42   52   37   14   43   20   40   67   73   72   55   51   35   12   65   26   60   21   39   58   46   64   25   75   61   56   38   48   27   23   22   11   40   23   59   74   54   39   16   29   75   24   36   63   37   69   71   62   31   69   50   53   32   18   42   15   26   17   70   45   49   28   44   68   47  
  47   28   18   74   62   59   40   36   43   66   19   63   51   67   38   15   25   69   29   72   14   34   54   44   46   16   53   65   48   37   42   40   49   71   30   32   13   39   33   42   56   64   58   22   52   60   31   54   35   55   17   70   23   27   40   68   20   24   12   75   45   69   73   42   57   71   39   61   20   41   68   26   21   11   50  
  38   18   14   53   31   25   20   36   48   11   39   29   46   74   28   33   56   71   52   42   61   22   69   75   21   65   50   59   62   28   60   64   20   68   63   13   70   24   35   48   15   73   17   45   37   47   35   72   40   12   32   34   74   55   30   41   57   26   27   19   67   40   62   27   51   54   17   22   43   44   23   49   66   16   58  
  47   34   45   52   60   25   27   23   52   73   46   64   50   40   68   58   14   27   73   26   65   57   74   29   36   19   30   59   24   56   42   17   59   41   53   62   71   43   17   48   18   67   34   23   69   28   21   39   51   49   35   16   63   75   29   52   22   13   12   61   20   33   32   66   11   55   31   72   70   54   37   38   44   16   15  
  60   14   51   71   39   64   45   48   19   68   72   62   51   14   63   25   25   50   42   21   54   66   13   30   67   28   64   12   52   36   61   35   59   49   46   23   16   53   75   56   52   73   24   29   74   33   35   34   57   37   70   31   22   11   50   51   15   43   65   38   32   47   27   20   41   17   50   14   18   55   69   26   58   40   44  
  53   45   63   20   60   64   49   37   67   66   24   22   28   64   73   34   41   48   26   52   43   39   25   17   14   46   38   70   36   62   58   29   57   30   18   12   68   23   19   16   50   15   21   61   59   54   27   11   63   56   70   31   13   44   49   75   14   47   51   65   32   40   35   74   21   71   42   49   55   72   14   41   69   33   39  
  31   28   70   29   71   37   27   69   17   65   32   20   60   40   58   49   65   19   62   75   61   30   66   33   38   73   23   35   19   21   31   45   11   51   56   55   43   42   47   26   21   54   16   67   58   39   28   12   18   57   46   13   15   25   59   74   36   63   34   64   72   52   50   41   31   58   48   18   22   24   13   53   68   44   14  
  67   16   70   13   46   21   58   12   72   51   21   71   30   26   63   48   36   14   38   43   62   61   22   75   17   40   35   24   42   60   29   23   65   32   64   74   28   15   45   39   53   54   73   56   20   52   49   19   37   43   11   25   43   59   18   66   33   34   68   55   34   44   27   41   20   57   50   37   64   31   33   54   55   47   69  
  59   23   28   46   47   44   24   33   60   18   32   49   19   67   52   62   31   20   47   28   36   58   11   19   54   25   22   43   72   35   15   34   73   42   50   59   57   26   17   29   14   75   40   56   74   61   70   44   69   51   37   22   55   66   21   48   53   20   13   64   71   38   27   60   39   18   16   63   68   65   41   45   12   66   30  
  71   50   48   65   63   41   46   44   20   59   40   22   38   36   33   33   44   33   24   11   61   57   25   42   74   30   55   39   56   58   29   51   15   18   72   19   14   21   68   12   32   35   13   18   26   69   47   17   40   27   39   70   67   34   19   45   60   73   28   63   16   64   18   72   49   75   37   43   54   66   62   31   52   23   53  
  55   62   39   59   32   69   30   34   64   57   73   74   23   19   54   22   44   24   53   14   13   48   50   52   71   26   15   68   66   47   37   72   54   61   70   12   31   16   70   17   46   63   41   21   75   27   39   25   67   72   51   20   18   65   38   56   40   60   33   36   49   58   11   70   35   43   70   45   29   35   43   31   42   28   43  
  59   59   45   37   35   34   71   57   49   11   66   75   42   23   52   28   47   16   48   17   19   35   38   62   20   50   55   69   52   28   64   15   40   70   43   48   12   36   24   34   22   17   46   74   72   27   73   29   56   39   33   65   58   53   30   31   63   51   14   18   12   44   35   21   67   63   61   26   68   60   25   41   32   54   13  
  72   65   38   69   47   57   48   28   46   16   75   30   28   25   74   55   20   60   70   43   32   29   36   62   18   39   68   64   34   41   64   27   49   52   47   24   22   51   71   56   40   54   17   15   66   23   61   19   61   50   45   53   11   37   21   44   26   67   14   35   13   22   12   42   27   60   73   33   59   58   48   63   31   61   74  
  21   32   53   37   28   36   13   39   58   60   59   34   57   72   20   71   74   35   64   38   65   75   19   41   27   30   31   74   40   13   14   49   61   29   11   55   43   67   52   70   26   47   63   69   64   50   45   62   12   54   44   25   23   29   33   56   68   33   18   18   17   16   24   15   51   42   48   73   66   48   46   14   59   60   22  
  20   55   41   29   74   70   67   40   35   32   56   30   68   51   43   16   28   57   18   65   39   60   31   50   15   73   44   11   68   38   63   75   12   30   34   61   52   19   24   71   51   25   21   17   35   37   38   59   22   46   45   49   69   33   47   51   23   36   72   54   25   18   43   62   26   13   53   66   66   14   27   48   58   42   64  
  43   68   74   39   17   14   47   21   58   45   69   22   50   57   30   52   71   63   25   58   42   46   70   31   12   64   61   55   20   26   23   71   16   24   75   34   36   60   40   53   19   29   27   27   54   38   28   15   66   43   33   59   68   21   70   18   49   51   32   56   62   20   44   67   30   48   72   37   11   35   13   17   73   65   41  
  14   34   60   63   46   67   19   32   35   24   47   33   72   22   44   21   56   13   37   51   61   53   55   62   23   50   25   64   62   43   62   27   55   16   23   46   45   15   17   31   69   38   29   48   20   70   36   65   73   68   26   57   49   28   42   56   58   40   46   39   75   24   52   30   12   29   41   71   66   53   11   74   59   18   54  
  25   65   40   19   44   23   38   45   75   71   63   30   36   16   74   41   51   47   27   33   31   57   67   50   60   75   32   17   74   68   21   66   64   12   53   49   69   26   14   36   56   28   44   52   24   66   54   55   29   70   11   72   13   35   46   59   65   15   33   43   58   39   64   20   62   48   73   61   71   22   37   18   42   54   34  
  26   15   17   18   34   24   22   20   50   74   52   42   49   47   21   41   31   71   19   66   32   55   44   63   34   39   25   71   58   70   36   27   11   14   23   68   15   46   28   40   13   45   56   67   70   72   64   75   33   30   62   35   38   16   53   43   66   51   57   69   47   39   73   60   65   66   37   61   29   59   18   48   54   59   12  
  36   58   18   59   44   17   68   75   47   31   15   19   49   43   27   33   41   50   11   70   34   65   66   30   37   29   61   29   62   39   26   40   73   22   28   55   11   68   35   67   13   52   23   33   48   12   63   53   20   51   18   32   18   69   44   72   56   42   54   25   58   14   16   74   57   71   45   38   62   21   72   24   60   46   64  
  24   50   49   62   44   71   72   35   56   18   64   21   55   48   34   32   73   47   40   68   48   67   46   37   65   43   34   32   20   12   51   58   52   38   30   70   54   36   31   15   22   13   55   42   41   57   31   61   53   75   60   14   16   66   39   23   30   68   11   56   63   25   56   69   74   27   19   26   45   56   28   29   59   17   33  
  57   73   68   65   73   18   25   59   36   15   47   32   19   50   64   71   13   33   55   34   11   69   46   23   56   29   70   58   33   38   17   51   24   52   45   61   72   44   45   24   48   49   20   73   43   12   26   22   74   62   40   27   19   18   21   75   41   14   31   62   42   37   63   34   28   35   55   16   30   53   54   39   67   66   60  
  29   36   11   60   32   58   49   27   43   26   12   39   35   48   14   63   43   51   53   38   15   47   40   23   34   52   42   74   68   52   13   67   65   18   59   41   36   46   31   69   21   56   37   20   60   71   57   33   61   25   19   28   60   70   30   72   22   55   50   62   17   66   54   45   53   75   20   64   16   24   43   73   29   44   63  
  62   49   28   48   60   47   51   54   58   55   52   72   44   53   65   57   33   29   14   11   71   13   35   32   54   74   21   56   24   61   63   18   48   73   23   15   42   36   27   40   12   50   70   69   34   45   17   19   33   22   38   13   30   52   64   41   75   26   73   16   46   66   47   37   68   22   12   67   39   20   25   16   43   31   59  
  48   73   46   56   14   31   53   71   61   33   24   46   25   38   29   32   66   27   44   34   59   67   23   13   30   55   36   15   44   16   41   69   39   74   35   65   16   68   11   42   74   43   57   70   22   12   45   40   26   58   51   75   28   17   20   54   72   62   50   63   21   16   28   17   18   26   55   52   47   46   49   37   60   19   64  
  41   65   33   55   33   13   52   69   29   47   17   32   62   75   27   12   38   31   11   15   51   21   68   36   69   64   53   63   42   20   70   57   70   22   72   19   12   60   61   58   67   24   43   34   74   73   30   14   69   16   39   54   70   65   25   48   56   71   49   66   17   23   28   11   37   44   59   35   45   18   13   46   50   40   26  
  72   73   42   39   38   37   53   56   47   18   34   50   57   36   68   24   69   71   59   33   36   20   33   51   34   35   25   43   28   52   13   31   64   65   74   21   74   22   44   29   56   63   46   60   67   55   52   26   14   61   49   48   50   62   16   17   45   58   70   54   66   40   32   27   11   75   15   53   19   23   30   41   71   33   12  
  12   48   49   67   38   42   60   24   71   70   45   33   25   40   62   46   69   66   29   20   47   34   13   52   75   50   65   42   63   22   55   15   16   62   74   27   68   36   51   72   57   18   67   47   19   43   21   64   63   28   30   54   61   58   53   59   31   39   14   70   38   11   59   17   37   41   73   32   35   26   56   44   62   23   32  
  66   18   62   38   34   57   60   72   49   12   45   33   73   50   27   47   53   30   23   69   42   64   54   25   24   57   15   65   43   67   31   61   75   29   44   18   59   13   51   21   55   52   46   11   40   70   22   56   21   29   40   74   59   36   48   14   16   37   19   68   28   39   25   20   26   69   63   58   41   41   29   32   35   17   71  
  58   42   16   20   74   59   61   64   68   65   57   75   21   32   59   23   52   50   66   48   46   13   14   72   71   23   32   55   30   73   12   69   45   43   28   29   68   40   38   51   62   67   49   26   63   27   61   35   11   15   33   53   70   27   19   36   37   22   41   25   68   69   68   73   17   34   24   39   54   44   56   31   47   60   18  
  11   48   53   38   22   61   59   32   72   19   24   60   55   65   66   68   33   42   17   12   54   58   41   70   75   57   50   34   69   26   53   44   51   37   46   53   22   30   39   38   13   35   56   65   49   36   18   19   43   40   16   14   64   31   29   21   61   27   25   15   74   71   62   47   73   38   52   72   28   45   20   63   30   23   67  
  53   30   73   71   60   56   37   16   41   45   29   27   29   67   66   47   58   42   33   20   60   14   17   60   57   44   15   64   29   28   51   53   38   63   40   32   73   11   35   50   25   36   54   49   26   74   68   27   39   13   18   65   25   19   12   52   46   75   62   70   22   43   23   31   49   55   24   72   69   65   48   59   34   21   61  
  21   55   20   22   61   58   16   65   45   69   27   24   26   75   67   56   39   17   59   44   63   25   36   42   51   11   38   41   19   50   23   13   32   66   35   72   47   64   29   33   41   30   11   15   70   46   43   27   37   12   28   14   46   18   62   34   57   57   54   14   53   31   48   60   52   40   71   49   27   57   20   68   74   57   73  
  35   41   49   17   55   26   33   43   30   20   71   64   66   60   63   40   12   19   31   26   21   59   72   27   46   37   57   28   74   32   69   54   68   48   61   56   52   36   35   47   46   67   39   51   45   46   14   68   11   12   75   24   25   57   29   13   22   38   64   18   15   53   70   36   30   44   73   42   65   62   58   50   23   34   16  
  58   63   20   55   41   38   60   31   70   26   61   44   23   25   75   73   17   48   68   43   53   49   39   15   64   36   50   42   62   62   19   63   57   51   21   71   36   69   65   72   27   29   13   52   66   59   24   23   47   33   22   56   19   45   37   74   40   32   47   14   46   26   33   45   54   24   16   11   35   18   28   12   67   34   30  
  23   71   20   44   55   48   40   25   65   53   46   40   75   21   66   70   49   72   35   26   22   15   37   43   47   62   11   63   13   74   27   24   73   38   18   23   31   56   67   64   59   52   58   16   69   19   29   54   68   28   30   45   50   13   30   42   22   36   61   33   33   12   51   17   41   75   60   39   52   34   32   57   14   58   16  
  55   71   19   37   15   33   62   58   66   60   66   61   72   63   35   40   31   74   39   39   56   46   45   18   12   21   44   16   58   51   27   43   29   11   50   59   47   38   13   36   70   68   34   41   57   65   24   42   59   20   14   37   54   69   13   17   48   25   23   60   26   67   64   73   32   28   53   75   22   31   30   52   72   36   49  
  50   41   64   72   54   74   73   48   68   40   70   19   34   66   56   51   15   30   16   25   54   67   57   29   13   40   49   26   71   46   32   42   20   28   75   35   36   61   18   43   16   55   31   62   39   45   27   33   58   19   51   53   74   44   11   12   28   40   38   21   59   52   65   23   63   60   17   14   22   47   24   15   11   37   69  
  70   52   59   67   30   31   67   29   32   51   62   43   18   21   75   38   35   71   15   54   64   12   73   35   22   33   16   11   23   18   74   26   65   19   63   24   58   56   69   73   74   22   40   55   14   27   59   37   68   45   17   47   20   66   61   44   73   53   34   28   13   50   57   25   64   72   41   49   39   46   42   60   48   36   56  
  14   60   31   24   32   16   12   51   39   48   56   49   20   57   23   22   61   18   67   45   28   28   59   17   63   25   35   50   43   44   64   38   34   53   16   29   47   41   55   73   37   71   22   74   11   52   36   75   33   54   21   69   46   67   17   36   13   11   19   58   15   66   68   70   26   41   72   27   42   62   61   65   56   30   40  
  27   72   48   74   38   31   24   75   66   37   54   74   26   55   22   72   74   19   46   49   59   36   21   23   61   33   51   44   62   45   66   18   65   12   73   40   63   39   68   34   25   53   20   71   67   16   35   69   17   57   32   29   43   57   14   64   69   28   67   15   66   56   42   50   52   11   26   60   30   70   13   41   58   47   71  
  13   52   45   69   23   73   54   71   36   59   37   50   64   55   66   15   50   29   42   48   39   57   63   49   53   12   11   24   16   72   44   35   45   74   43   25   60   56   34   12   18   33   27   62   75   12   51   64   70   64   47   59   21   15   22   65   63   61   31   17   38   46   26   28   14   58   32   67   30   20   25   40   19   68   41  
  48   14   19   45   23   70   51   57   21   60   27   11   46   69   12   64   54   33   17   61   66   49   38   62   50   13   24   65   25   42   20   57   53   67   58   40   28   15   32   30   73   16   36   44   47   59   43   26   41   70   35   55   22   72   23   57   46   63   56   68   39   34   52   31   18   75   11   57   17   37   57   29   74   71   21  
  38   36   31   29   53   60   51   37   15   28   57   34   71   72   16   70   21   25   13   47   40   46   64   67   41   55   35   19   63   42   32   14   54   50   11   52   24   69   73   39   66   72   75   74   45   28   12   20   22   33   41   30   17   45   18   26   29   49   65   68   59   26   27   58   46   48   45   61   62   44   23   43   68   14   56  
  68   25   63   40   11   46   64   56   53   14   13   36   17   61   21   52   71   69   30   22   60   31   27   34   17   15   24   58   43   41   51   42   12   72   50   33   24   44   47   68   32   55   47   39   18   14   26   38   57   16   67   28   19   74   59   54   66   74   64   65   45   48   59   73   70   37   20   75   49   35   14   44   23   62   29  
  46   61   68   70   56   42   14   65   37   16   25   47   39   57   30   64   33   32   47   58   43   12   60   66   35   72   38   54   53   27   27   31   63   44   67   13   15   74   34   50   23   53   71   20   69   17   41   18   26   75   24   28   22   19   11   52   40   29   45   55   39   47   51   21   48   62   38   36   73   59   41   49   47   25   27  
  40   46   29   25   20   13   66   75   52   45   69   47   32   24   64   59   42   28   35   39   17   73   61   63   41   60   26   67   71   14   27   71   45   68   74   48   55   34   37   57   11   11   51   23   19   41   65   70   56   31   16   12   34   36   67   44   39   33   54   72   21   18   58   43   49   34   22   15   66   30   50   53   11   38   62  
  50   37   57   39   28   72   47   46   72   52   36   61   33   67   60   24   75   22   26   11   51   12   38   51   25   32   40   44   69   49   63   49   56   20   17   48   21   44   34   29   31   42   43   45   59   70   27   62   63   55   41   64   19   51   16   73   44   74   35   53   23   68   38   56   58   14   15   66   54   71   13   65   30   59   18  
  22   72   74   69   34   33   15   44   16   75   63   56   26   48   32   47   73   54   66   12   62   60   21   70   46   29   17   36   60   67   23   66   12   47   25   53   43   41   30   24   38   65   40   52   71   68   39   27   55   35   42   37   49   61   11   63   51   50   64   28   59   24   58   14   73   18   57   20   73   31   19   13   45   19   60  
  29   22   54   23   67   40   43   28   23   71   18   36   44   33   75   15   51   68   63   14   31   24   48   69   30   59   24   66   72   65   21   20   35   17   70   39   46   13   19   62   73   34   16   13   26   60   52   74   38   56   68   50   25   37   45   27   12   53   74   57   22   51   64   55   42   24   61   44   49   58   11   47   13   32   41  
  59   53   35   54   70   74   55   47   38   48   57   49   24   21   59   51   32   68   28   30   16   48   65   24   26   42   31   62   64   50   44   40   36   68   27   23   37   13   58   13   17   18   32   22   72   20   11   46   37   23   45   43   29   71   67   63   14   41   73   19   52   15   75   69   12   33   61   56   25   66   39   60   34   34   52  
  62   17   13   63   46   52   62   57   61   66   74   15   35   49   12   55   67   45   21   33   42   11   66   51   21   23   14   31   29   48   73   59   68   58   24   54   37   51   22   65   36   40   71   45   34   27   64   70   56   26   38   41   44   53   75   30   47   25   43   19   28   60   37   69   48   32   20   16   67   75   72   18   50   39   39  
  40   31   61   74   42   26   69   44   59   47   64   14   73   32   16   28   49   72   72   56   36   43   22   48   50   32   38   54   23   51   30   27   33   13   11   45   66   57   58   18   71   68   25   75   65   62   27   60   19   12   63   37   55   20   70   54   53   39   52   46   67   34   56   21   34   35   52   24   45   67   15   17   41   56   29  
  65   27   68   28   24   46   45   63   57   54   39   36   73   61   45   14   40   58   38   25   32   51   30   49   13   19   52   41   21   16   65   42   75   29   72   71   26   33   22   62   44   53   31   20   12   74   36   19   66   18   55   56   47   48   15   20   69   20   50   43   17   67   37   34   59   64   60   11   49   46   22   70   35   20   23  
  56   35   60   67   38   50   15   20   73   75   41   19   41   49   19   21   52   46   25   26   58   39   55   48   12   54   31   27   70   33   11   63   63   69   40   29   19   36   25   68   30   68   43   34   72   55   32   14   15   16   71   22   23   24   44   65   21   41   42   37   53   28   64   74   66   59   51   62   17   18   61   47   45   57   13  
  42   16   52   34   20   36   34   25   43   69   60   30   40   68   64   23   67   37   66   21   27   35   45   44   29   62   50   48   11   19   70   67   58   28   38   32   13   56   13   63   68   12   33   71   26   41   18   44   59   15   55   22   33   74   39   24   73   57   39   49   51   46   72   61   53   75   18   65   40   31   69   14   17   47   54  
  24   12   36   14   13   39   37   44   43   36   14   61   51   59   65   70   40   11   48   66   74   37   15   51   32   19   22   21   66   71   28   26   33   62   68   18   41   16   20   72   54   25   42   58   53   37   69   66   55   75   30   38   57   29   56   31   73   20   63   37   47   27   23   45   34   52   17   64   67   50   46   41   35   60   49  
  51   47   41   75   27   34   62   48   71   70   18   12   74   60   26   23   20   28   50   62   21   24   65   14   57   68   39   72   61   25   59   29   37   52   16   17   63   43   11   62   59   30   32   73   53   33   15   44   20   22   23   69   39   46   43   13   36   55   42   66   40   59   46   54   56   19   31   27   64   67   58   49   45   35   38  
  13   61   32   67   13   63   54   58   74   23   47   41   18   62   60   33   63   46   59   37   43   70   72   20   64   53   25   12   56   34   30   50   26   16   63   49   40   22   55   24   58   31   38   57   66   73   16   27   25   29   71   22   68   75   65   48   69   27   28   51   14   36   52   42   21   15   17   47   45   11   44   39   35   17   19  
  71   56   48   22   63   50   18   65   16   54   11   32   60   16   74   56   58   12   57   70   69   29   43   75   37   21   18   44   15   47   56   73   30   38   55   64   51   24   36   42   41   34   20   67   55   13   56   19   53   17   49   61   40   35   46   31   26   59   33   72   62   27   30   56   23   28   68   45   66   14   52   39   38   45   25  
  67   43   13   58   50   71   45   65   38   59   16   30   40   17   71   12   14   38   70   64   70   71   31   15   11   28   69   33   54   21   48   24   20   35   55   57   62   26   72   46   27   17   49   18   22   61   55   53   29   23   56   44   75   41   46   66   51   25   34   71   32   36   37   73   47   42   52   19   46   60   74   68   39   63   28  
  71   41   24   12   59   61   27   25   51   43   73   54   44   64   32   18   61   17   35   55   12   60   34   52   37   46   67   72   61   56   11   47   30   22   40   61   26   49   29   20   15   38   58   63   50   28   75   53   68   36   60   28   31   16   69   66   65   69   19   48   57   74   14   42   70   39   33   45   14   62   21   47   23   60   13  
  74   54   48   43   38   30   68   29   40   46   52   55   32   61   63   18   44   56   54   73   15   57   62   23   35   47   42   51   24   33   72   69   14   25   27   12   70   21   17   71   28   50   45   26   20   36   16   47   60   19   75   69   66   11   73   13   37   67   33   20   53   18   61   64   31   39   59   65   49   58   41   34   31   22   69  
  14   33   19   67   61   13   36   39   26   52   68   70   31   22   22   32   36   35   66   48   54   47   27   59   24   55   62   75   73   55   42   45   12   43   35   34   69   21   17   25   29   15   50   23   68   53   60   71   50   44   40   12   11   16   65   63   41   74   57   64   51   58   49   29   18   37   72   20   38   33   30   56   46   28   32  
  37   48   73   20   74   44   42   19   70   53   55   35   33   51   22   27   61   66   31   46   71   47   65   50   72   58   69   60   29   63   49   16   18   40   52   23   67   12   50   38   30   57   17   13   30   62   11   75   39   68   21   28   71   13   41   32   34   15   67   26   64   36   58   54   45   71   56   59   25   43   53   14   24   22   55  
  28   65   11   11   44   63   60   61   42   52   24   16   15   30   26   12   37   49   38   33   21   45   74   19   29   62   43   57   66   46   20   69   53   73   51   50   56   23   48   39   75   17   34   58   36   35   18   61   70   54   67   47   64   58   13   31   55   55   14   32   48   11   59   27   17   61   22   40   54   68   72   58   25   41   71  
  34   56   51   28   37   23   27   42   62   54   73   46   21   56   40   65   49   36   31   72   41   12   74   35   67   49   20   48   22   13   53   29   75   66   19   50   41   63   69   43   25   45   52   71   17   26   59   59   68   64   32   18   33   45   24   15   57   38   71   16   61   74   47   74   60   30   44   70   58   55   11   14   39   46   54  
  39   11   18   46   12   37   30   70   66   75   21   57   24   26   49   43   33   55   25   48   42   23   65   58   61   52   56   59   33   23   53   63   13   69   42   73   41   50   16   22   26   40   60   45   64   54   34   67   51   14   31   57   27   28   20   55   32   38   71   62   47   44   15   68   29   13   33   72   19   74   35   36   20   72   17  
  17   63   45   14   22   37   60   56   51   43   36   47   42   71   42   59   38   35   62   21   75   20   26   61   33   74   34   28   44   46   11   57   25   50   43   66   39   52   41   42   18   69   73   49   65   16   24   40   32   15   74   12   18   69   13   54   48   70   58   29   68   53   55   23   30   24   72   67   68   71   27   19   64   36   31  
  32   57   69   39   25   63   57   48   45   12   17   31   35   75   40   49   22   67   54   42   24   55   47   14   52   36   15   49   73   52   56   50   21   72   23   20   68   53   44   13   21   33   59   11   27   34   57   29   51   61   16   60   65   19   66   46   30   70   58   67   74   62   43   38   28   41   60   18   71   37   26   38   64   71   47  
  45   35   16   54   44   59   22   58   50   20   37   46   13   70   41   14   19   36   55   68   42   12   49   47   18   53   66   29   60   38   34   52   28   33   19   15   40   75   67   70   61   11   39   31   48   32   14   74   51   23   43   65   27   72   62   59   43   57   26   32   63   25   14   29   24   56   16   64   69   17   30   32   71   73   21  
  68   37   71   45   63   15   64   46   48   13   28   43   54   70   32   42   66   12   34   40   55   24   33   58   20   75   53   29   50   20   44   49   73   59   25   16   39   17   20   50   38   61   35   14   69   21   47   56   74   22   30   34   18   51   60   65   41   11   14   36   59   52   67   72   37   26   60   31   27   19   57   28   58   23   62  
  72   65   19   32   63   34   31   64   26   26   11   21   39   45   13   18   25   62   53   57   70   18   23   35   44   17   49   75   28   69   65   12   52   51   24   18   61   48   60   30   67   26   47   43   40   38   14   33   73   54   74   56   28   29   58   71   28   15   59   55   50   20   68   43   27   41   36   46   16   66   32   38   42   22   37  ] 
BUDGETS : [    1    2    9   11   11   15   17   19   20   26   29   29   30   32   32   32   32   33   36   36   37   43   45   51   51   52   52   54   54   56   57   58   59   63   67   67   67   68   68   68   71   72   75   77   79   79   80   81   89   92   93   95   96   97   98   98  106  107  108  108  109  110  111  112  115  117  123  125  126  127  129  132  133  134  135  140  143  143  147  147  150  151  151  151  152  158  160  160  163  164  171  179  180  181  182  183  183  185  185  186  190  190  202  203  205  205  206  206  208  208  209  209  210  211  211  212  214  216  217  220  221  221  227  228  228  231  231  238  242  246  250  255  262  262  265  266  268  269  272  273  278  283  283  286  288  290  296  298  299  300  ] 
