K : 100
I : 100
PREFERENCES : [    0   92    0    0   92    0   97   90   91    0    0    0    0    0    0    0    0    0    0   93   89   95   85    0    0    0    0   86    0    0    0    0    0    0    0    0    0    0    0    0    0    0    0    0   98    0    0    0    0    0    0    0    0    0    0    0    0    0    0    0   92    0    0    0    0    0    0    0    0    0    0   88   92    0    0    0   99  100    0    0    0    0    0    0    0    0    0    0    0   87   96    0   84    0    0    0   94    0    0    0  
   0   97   84    0    0    0    0   89    0    0    0   90    0    0    0    0    0   93    0    0    0    0    0    0    0    0   86    0    0    0   92    0    0   95    0   91  100    0    0   96    0   98   85   88    0    0   85    0    0    0    0    0    0   94    0    0    0    0    0    0    0    0    0    0    0    0    0    0    0    0    0   87    0   92    0    0    0    0    0    0    0   99    0    0    0    0    0    0    0    0    0    0    0    0    0    0    0    0   86    0  
  96    0    0    0    0    0   87   85    0    0    0    0    0    0    0    0    0    0    0    0    0    0    0    0    0   93    0    0   90    0    0    0    0    0   93    0   88    0    0    0    0    0    0    0    0  100   94    0    0    0    0    0    0    0   99   84    0   96    0    0    0    0   92   90    0    0    0   91    0    0    0   95    0    0    0    0    0    0    0    0   89    0    0    0   97    0   86    0    0    0    0    0    0    0    0    0    0    0    0   98  
   0    0    0    0    0    0    0    0    0    0    0    0   89   84    0    0    0    0    0    0   85    0    0   96    0    0   94    0    0    0    0   95    0    0    0    0    0    0    0    0    0    0    0    0    0    0    0    0    0    0    0    0   90   95   88   97    0    0    0    0    0   99  100   98    0    0    0    0    0    0    0   87    0    0    0    0    0    0    0    0    0    0    0    0    0    0   92    0    0    0   93    0    0   86   88    0   89    0    0   91  
   0    0    0    0    0    0    0   86    0    0    0    0    0    0    0    0    0    0   84  100    0    0    0   85    0    0    0    0    0    0    0    0   98    0   92    0    0    0   87    0    0    0    0    0   96    0    0    0    0    0    0    0   94    0   91    0    0    0   86    0    0    0   97    0   89    0    0    0    0   90    0   88    0    0    0    0    0    0    0    0   95    0    0    0   98    0    0    0    0    0    0    0    0    0   93   99    0   96    0    0  
   0    0    0    0    0    0    0    0   94    0    0   93    0    0    0    0    0   87    0    0    0    0    0    0    0    0   95    0    0    0   92  100   84    0    0    0    0    0   86    0    0    0    0    0    0    0    0   99   85   90    0    0    0    0    0    0   87   89   88   92    0    0    0    0    0    0    0    0   96    0    0    0   87    0    0    0    0    0    0    0    0    0   97    0    0    0    0    0    0    0    0    0    0    0    0   91   98    0    0    0  
   0    0    0    0    0    0   87    0    0    0    0    0    0  100    0    0   96   92    0   86    0    0    0    0    0    0    0    0   91   93    0    0   90    0    0    0    0    0    0    0   89    0    0    0    0    0    0   92    0   84   88    0    0    0    0    0    0   89    0    0    0    0    0    0    0   85    0    0    0    0    0    0    0    0    0    0    0    0    0    0    0   97    0   94   99   91   98    0    0    0    0    0    0    0    0    0    0    0    0   95  
   0    0  100    0    0   92    0   85   94    0    0    0   88    0    0    0   91    0    0    0    0    0    0    0    0    0   98    0    0   87    0    0    0    0    0    0    0    0    0   84    0    0    0    0   96    0    0    0    0    0    0    0    0   97    0    0    0    0    0    0    0    0   88    0   99    0    0   86   95    0    0    0   92    0   87    0    0    0    0    0    0    0    0   90    0   89    0   93    0    0    0    0    0    0    0    0    0    0    0    0  
   0    0    0    0   87    0    0   94    0    0    0    0    0    0    0    0    0    0    0   89    0    0   96    0    0    0   86    0    0    0    0    0    0    0    0   94    0    0   85   95    0    0    0   93    0    0   84    0    0    0    0   92    0    0    0    0    0    0    0    0    0    0    0    0    0    0    0    0    0    0    0   91    0    0   90    0   91    0    0    0    0    0   98    0    0   88   97    0    0    0    0    0  100    0    0    0   99    0    0  100  
  88    0    0    0    0    0    0    0   91    0    0    0    0   96    0    0   97    0    0    0    0    0    0    0   98    0    0    0    0   90    0    0    0    0   86    0    0    0    0    0    0    0    0   92    0    0    0    0    0   93    0    0    0   95    0    0    0    0    0    0    0    0    0    0    0    0    0    0    0   85    0   91   87   99    0    0    0   91    0  100    0    0    0    0   84    0    0   92    0    0   89    0    0    0    0   94    0    0    0    0  
   0    0    0    0    0   97    0    0    0    0    0   98    0    0    0    0  100    0   84    0   89    0    0    0    0    0    0    0    0    0    0    0    0   87   99    0    0    0    0    0    0   87    0    0   96    0    0   90    0    0    0    0   84    0    0    0    0    0    0   91    0   92    0    0   93    0   95   86    0    0    0    0    0    0   94   99    0    0    0    0    0   85    0    0    0   88    0    0    0    0    0    0    0    0    0    0    0    0    0    0  
   0    0    0   85    0    0    0   95    0    0    0    0    0    0    0    0    0    0    0   86    0   97    0    0    0    0    0    0   94    0    0    0    0    0    0    0    0    0    0    0    0   89    0    0    0   89    0    0    0    0   84    0    0    0   91    0   88    0    0    0    0    0   98    0   99    0    0    0    0    0    0   84    0   92   87    0   91    0    0    0    0    0    0    0    0    0    0    0   90    0   96    0  100    0    0    0   93    0    0    0  
   0    0    0    0    0    0   87   84    0    0    0    0   98    0    0    0   85    0    0    0    0    0  100    0   93   94    0    0    0   91   95    0    0    0    0    0    0    0    0    0    0    0    0    0   90    0    0    0    0    0   91   99   92    0    0    0    0    0   88    0    0    0    0    0    0   94    0    0    0    0   96    0    0    0    0    0   97    0    0    0    0    0    0    0   93   89    0    0    0    0    0    0   86    0    0    0    0    0    0    0  
  98    0    0    0    0    0    0   86   92    0    0   97    0   87   87    0    0    0    0    0    0    0    0    0    0    0    0    0    0    0    0    0    0    0    0    0    0   90    0    0    0   88   99    0    0    0    0    0    0    0    0    0    0    0    0    0    0    0    0  100    0    0    0    0    0    0    0    0   89   96    0    0    0   91    0   85    0    0    0    0    0   95   97   84    0    0    0    0    0    0    0    0    0    0   93    0    0   85   94    0  
   0    0    0    0    0    0    0    0   96    0    0    0    0    0    0    0    0    0   95    0    0   94    0    0    0    0    0    0   92   99    0    0    0    0    0    0    0   86   90    0    0    0    0   94    0    0    0    0    0   98    0   91   84    0    0    0   85    0    0    0    0    0  100   97    0    0    0    0    0    0    0    0   87    0    0    0    0    0    0   89    0    0    0   88    0    0    0   93   89    0    0    0    0    0    0    0    0    0   86    0  
   0    0    0    0   88    0    0    0    0    0    0    0    0    0   92    0    0    0    0    0    0   86    0    0   99   98    0    0    0    0    0    0    0   90    0    0    0   97    0    0   95    0   88    0    0    0    0    0    0    0    0    0    0   91    0    0    0    0    0   87    0    0    0   89    0    0    0    0   85    0    0    0   87  100    0    0    0    0    0   88   94    0    0    0    0   96    0    0   93    0   84    0    0    0    0    0    0    0    0    0  
  95   88    0    0    0    0    0    0    0    0    0    0    0    0    0    0    0    0    0    0    0    0    0   87   92    0   90    0   95    0   99    0    0    0    0    0    0    0    0    0    0   97   96    0    0    0    0    0    0    0    0    0    0    0    0    0   96    0    0    0    0    0    0    0   94    0  100   85    0    0    0   89    0    0    0    0    0    0   91    0   98    0   86    0    0    0    0    0    0    0    0    0   89   93    0    0   84    0    0    0  
  84    0    0    0    0   87    0    0    0    0   92    0    0    0    0    0    0    0   88    0    0    0   93    0    0    0   90    0    0    0    0    0    0    0    0    0    0    0   91    0   94    0    0    0    0    0   86   99    0    0    0   97    0    0   98    0    0   89    0    0    0    0    0    0    0    0    0    0    0    0    0   99    0    0   96    0    0    0    0    0    0    0    0    0    0    0    0    0    0    0    0   87    0    0   91   95    0    0   85  100  
   0    0    0    0    0  100    0    0    0   99    0    0    0    0    0    0   84    0    0    0   88    0    0    0    0    0   90   94   95    0    0   96    0    0    0    0    0    0    0   85    0    0    0   92    0   85    0    0    0   97    0    0   93    0    0    0    0    0    0    0    0    0    0    0    0   87    0    0    0    0    0    0  100    0    0    0    0   91    0    0    0    0    0    0    0   86   98    0    0    0    0    0    0    0    0    0   89    0   86    0  
   0    0   85   96    0    0    0    0   99   93    0    0   94    0   98    0    0    0    0    0    0    0    0    0    0    0   89    0    0    0    0    0   87    0   97   86    0    0    0    0    0   90    0    0    0    0    0    0    0    0    0    0    0    0    0    0    0    0    0    0    0    0   92   88    0    0    0    0    0    0   91   97    0    0    0    0    0   87    0    0    0    0    0   84    0    0    0  100    0    0    0    0    0    0    0    0    0    0   86   95  
  99    0    0    0    0    0    0    0   93    0    0    0    0    0    0    0    0    0   93    0    0    0    0   87   85   96    0    0    0    0    0    0    0   90   91    0   92    0    0   95    0    0   96    0    0    0    0    0    0    0    0    0   97    0    0    0   94    0    0    0    0    0  100    0    0    0    0    0    0    0   86    0    0    0    0    0    0   98    0   90    0    0   88   84   89    0    0    0    0    0    0    0    0    0    0    0    0    0    0    0  
   0    0    0    0    0    0    0    0    0    0    0    0    0    0   89    0    0    0   98  100    0   87    0    0    0    0    0    0    0   97    0    0   94    0    0    0    0    0    0    0    0    0    0    0    0    0    0    0    0   86    0    0    0    0    0    0    0    0   91   99    0    0    0   91    0    0    0    0    0   96    0    0    0    0    0    0    0    0    0    0    0   86    0   84    0   84    0    0   88   93    0   95    0   85    0    0   92    0   90    0  
   0    0    0   84    0    0    0    0    0   96    0    0    0    0   94    0    0    0    0    0    0    0   86    0    0   89    0    0    0    0   86    0    0    0    0    0    0    0   91    0    0    0    0   95    0    0    0    0   98    0   97   84    0   87  100    0    0    0    0    0   92    0    0    0   85    0    0    0    0    0    0    0    0    0    0    0    0   90    0    0    0   92   93    0    0    0    0    0    0    0    0    0   99    0    0    0    0    0    0   88  
   0    0    0    0    0    0    0    0   92   99    0    0    0    0    0    0    0  100    0    0    0   90    0    0    0    0    0   97    0    0    0    0    0    0    0    0   91    0    0   94    0    0   93    0   95    0   89   86    0    0    0    0    0    0    0    0    0    0    0    0   85    0    0    0    0   91   87   88    0   84    0    0   91   98    0    0    0    0    0    0    0    0    0    0    0    0    0    0    0    0    0    0    0   96    0   87    0    0    0    0  
  93    0   84    0    0    0    0    0    0    0    0    0    0    0   88    0    0    0    0   93    0    0    0    0    0    0    0    0    0   94   87    0    0    0    0    0    0    0    0    0    0    0    0    0    0   90    0    0    0    0   95    0    0   89    0   99    0   96    0    0   85    0    0    0    0    0    0    0   92   98    0    0    0    0    0  100    0    0    0    0    0   91    0   97    0   86   96    0    0    0    0    0    0    0    0    0    0    0    0   92  
  92    0    0    0   91    0    0    0    0    0    0    0    0   97   96    0    0    0   84    0    0    0    0    0    0   89    0    0    0    0   90    0    0    0    0   84  100    0    0    0   87    0    0    0   93   93    0   98    0    0    0    0    0    0   88    0    0   86    0    0    0    0    0    0   94    0    0   95    0    0    0   99    0    0    0    0    0    0    0    0    0    0    0    0    0   91    0    0    0    0    0    0    0    0    0    0    0    0    0   85  
   0    0    0   96    0    0   84    0    0    0    0    0    0    0   86    0    0    0    0   89    0    0    0   98    0    0   92    0    0    0    0    0    0    0    0    0    0    0   91    0   93    0    0    0    0    0    0   94    0    0    0    0    0    0    0   99  100    0    0   88    0    0    0    0    0   95    0    0    0    0    0    0    0    0    0    0    0   87    0    0   84    0    0  100    0   85    0    0    0    0    0    0    0    0   90    0    0    0   85   97  
   0    0    0    0    0    0    0    0    0    0   95   85    0   92    0    0    0    0    0    0    0   93    0    0    0    0    0    0  100    0    0    0   96    0    0    0   87    0    0    0    0    0   89   94   86    0    0    0   91    0    0    0    0    0    0    0    0    0    0    0   91    0    0    0    0   87    0    0    0    0    0    0    0   98    0    0    0    0    0    0   84    0    0   89    0    0    0    0    0    0    0   90    0    0   97    0   88    0    0   99  
   0   99    0    0    0    0    0    0    0    0    0    0    0    0    0    0   92   87    0    0    0    0   95    0    0    0    0    0   98    0   90    0    0    0    0    0    0    0    0    0    0    0    0   89    0    0    0    0  100    0    0   94    0    0    0    0    0   84   91    0    0    0    0    0    0    0    0    0    0    0   97    0    0   88    0    0    0    0    0    0   93    0   94    0    0    0    0    0    0    0   96    0   85    0   88    0    0   84   86    0  
   0    0    0    0    0    0    0    0    0    0    0   96    0    0    0   84    0    0    0    0    0   85   90    0    0   94    0    0    0    0    0    0    0    0    0    0   91   86    0    0    0    0    0  100    0    0    0   95    0   97    0    0   92    0    0    0    0   98    0    0    0    0    0    0   88    0    0    0    0    0    0    0    0    0   95    0    0    0   93    0    0    0    0    0    0    0    0    0    0    0   87    0    0  100    0    0   89   95   99    0  
   0    0    0    0    0    0    0    0   89   98    0    0    0    0   91    0   96    0    0    0    0    0    0    0    0    0   86    0  100    0    0    0   92    0    0    0    0    0   90    0    0    0    0    0    0    0    0   84    0    0    0    0   86    0    0    0    0    0    0    0    0    0    0    0    0    0    0    0    0   86    0    0    0    0   93   97    0    0   85    0    0   88    0    0    0    0    0   87   99    0    0    0    0   94    0   95   93    0    0    0  
   0    0    0    0    0   90   85    0    0    0    0    0    0    0    0    0   89    0    0    0    0    0   95   92    0    0    0    0    0    0    0    0    0   86    0   89    0    0    0    0    0    0    0    0   91    0   94    0    0    0    0    0    0    0    0  100    0   87    0   97   88    0    0    0   96   96   98    0    0    0    0   85    0    0    0    0    0    0   84    0    0    0    0    0    0    0    0    0    0    0    0    0   99    0    0    0    0   93    0    0  
   0    0   87    0    0    0    0    0    0   88  100    0    0    0    0   99   91    0    0    0    0    0    0    0   85    0    0    0    0   93    0   92    0    0    0   90    0    0   94    0    0    0    0    0    0    0    0    0    0   95    0    0    0    0    0    0   98    0    0   85   90    0    0   84    0    0    0   96   97    0    0    0    0    0   86    0    0    0    0    0    0    0    0    0    0   89   95    0    0    0    0    0    0    0    0    0    0    0    0    0  
   0    0    0   99   92    0  100    0   87    0    0    0   96   85    0    0    0    0    0    0    0   88   84    0    0    0    0    0    0    0    0    0   94    0   86   96    0    0    0    0    0   91    0    0    0    0    0    0    0    0    0    0    0    0    0    0    0    0    0    0    0    0   93   89   85    0    0    0    0    0    0    0    0    0   95    0    0   89    0    0    0    0    0    0   97    0    0    0    0   98    0    0    0    0    0    0   90    0    0    0  
   0  100   94    0    0    0    0    0    0    0   88    0    0   84    0    0    0    0    0  100    0    0    0    0   98    0    0    0    0    0    0    0   95    0    0   91    0    0    0    0    0    0    0    0    0    0    0    0    0    0    0   99    0    0    0    0   84    0   93    0    0    0    0   97   89    0    0   90    0    0    0    0    0    0    0    0    0    0    0   85   92   88    0    0    0    0    0    0    0   96    0    0   86    0    0    0    0   87    0    0  
   0   86    0    0    0    0    0   92    0   84    0    0    0    0    0    0    0   86   93    0    0   87    0    0   93    0    0    0    0    0    0    0    0    0   97    0    0    0    0   88    0    0    0   90    0   85    0    0   95    0    0    0    0    0   91    0    0  100   94    0    0    0    0   96    0    0    0    0    0    0   99    0    0    0    0    0    0   86   89    0    0    0    0    0   98    0    0    0    0    0    0    0    0    0    0    0    0    0    0    0  
  86    0    0    0    0   90   93   88    0    0   92   84    0    0   91    0    0    0   97    0    0    0    0    0    0    0   95    0    0    0    0    0    0    0    0   96    0    0    0  100    0   87    0    0   98    0    0    0    0    0    0    0    0    0    0    0    0    0    0    0    0    0    0   94    0    0   87   85    0    0   99   92    0    0    0    0    0    0    0    0    0    0    0    0    0    0    0    0    0    0    0    0    0    0   89    0    0    0    0   87  
   0    0   98    0    0    0   97    0    0   91    0   84    0    0    0    0    0    0    0   97    0    0    0    0    0    0    0    0    0    0    0    0    0    0    0    0    0    0   89    0   86    0    0    0   95    0   95    0   92   99   88    0    0    0   85    0    0    0    0    0   93    0   89    0    0    0    0    0    0    0    0    0    0   96    0    0    0   90    0    0    0    0    0    0    0    0    0    0    0    0  100    0    0    0   94   87    0    0    0    0  
  98    0    0    0    0    0    0    0   98    0   87   97    0    0    0    0    0    0   86    0    0    0    0    0    0    0    0    0    0    0    0    0   99   96    0   89    0    0   84    0    0    0    0    0    0  100    0   95    0    0    0    0   92    0    0    0    0    0    0    0    0    0    0   90   85    0    0    0   91    0   93    0    0    0    0    0    0    0    0    0    0    0    0   94    0    0    0   88    0    0    0   85    0    0    0    0    0   98    0    0  
   0    0    0    0    0   91    0    0    0    0    0    0    0    0    0    0  100    0    0    0   90   87    0   93    0    0   85    0   99    0    0   95   97    0    0    0   86    0    0    0  100    0    0    0    0    0    0    0    0    0    0    0    0   89    0    0    0    0    0   98    0    0    0    0   94    0    0    0    0    0    0    0    0    0   88    0    0  100    0    0    0    0    0    0    0    0    0    0    0    0   96   84    0    0    0   87   92    0    0    0  
   0    0    0   90    0    0    0   94    0    0   89    0    0    0    0    0    0    0    0   93    0    0    0    0    0    0    0    0    0    0    0    0    0    0   86    0    0    0    0    0    0   99   85    0    0    0    0    0   95    0   88    0    0   91    0   96    0    0    0    0    0    0    0   97    0    0   92   85    0   87   84    0    0    0    0    0    0    0    0    0    0    0    0  100   85    0    0    0    0    0    0   98    0    0    0    0    0    0    0   98  
   0    0    0    0    0    0    0    0    0   86    0    0    0    0    0    0    0    0    0    0    0   96    0    0    0    0   92    0    0    0   93   91    0   95    0    0    0    0    0    0    0    0   88    0    0    0   97    0    0    0    0    0   94    0    0    0    0   85    0    0   99   87    0    0   87    0    0  100    0    0   90    0    0    0   88    0    0   98    0    0    0   84    0    0    0    0    0    0    0    0    0   84    0    0    0    0   89    0    0    0  
  85    0    0  100   91   95    0    0    0    0    0    0    0   85    0    0    0    0    0    0    0    0    0    0    0    0   87    0   90    0    0    0    0    0    0    0    0    0    0    0    0    0    0    0    0   85    0    0    0   97    0    0   98    0    0    0   89    0    0   96    0    0   88    0    0    0   86    0   84    0   92    0    0    0   99    0    0    0    0    0   93    0    0   99    0    0    0    0    0    0    0    0    0    0    0   94    0    0    0    0  
   0   85    0    0    0    0   87    0    0    0    0    0    0    0    0    0    0    0    0   98   88    0   92    0    0   99    0    0   86    0    0    0    0    0    0    0   97    0    0    0   88    0    0    0    0   95    0    0    0    0    0    0    0    0   93    0    0    0   89    0   90    0    0    0    0    0    0   91    0    0    0   96   84    0    0    0    0  100    0    0    0    0    0    0    0    0    0   96    0   94    0    0    0    0    0    0    0   99    0    0  
   0    0   98    0    0    0    0    0    0    0    0    0   86    0    0    0    0   91    0    0    0    0    0    0    0   97    0    0    0    0    0    0    0   97    0    0    0  100    0    0    0   84    0    0   87    0    0    0    0    0    0    0   85    0    0    0    0    0    0    0    0    0   88   99   90   96    0   89    0    0    0    0    0   94    0   95    0   87    0   86    0    0    0    0    0    0    0    0    0   92    0    0    0    0    0   93    0    0    0    0  
  96   86    0    0    0    0    0    0    0    0    0    0    0    0    0   95    0    0    0    0   84   99    0    0   92   87   90    0   94    0    0    0    0    0    0    0    0    0    0    0    0    0    0    0    0    0    0    0    0    0    0    0  100   91    0   88    0   89    0   96    0    0   93    0    0    0    0    0   96    0    0    0   86    0    0   98    0    0    0    0    0    0    0    0    0   97    0    0    0    0    0    0    0   85    0    0    0    0    0    0  
   0    0    0    0    0    0  100    0    0    0    0   94    0    0    0    0    0   96    0    0    0   97    0   91    0   95    0    0    0   88    0   84    0    0    0    0    0    0    0    0    0    0    0    0    0    0    0    0   99    0   84    0    0    0    0    0    0    0    0    0    0    0    0    0   92   98   90    0   89   85    0    0    0    0    0   85    0    0    0    0    0    0    0    0    0    0   87    0    0    0    0    0    0   93    0    0   86   94    0    0  
   0    0   95    0    0    0   96    0    0    0    0   85   87    0    0    0   91    0   91    0    0    0    0    0    0   97    0   97    0    0    0    0    0    0    0   94    0   89   98    0    0    0    0    0    0    0    0    0   86    0    0    0   84    0    0    0    0    0    0    0    0    0    0    0   93    0   88    0    0    0    0    0    0    0   90    0    0    0  100   99    0    0   98    0    0    0    0    0    0    0    0    0    0    0    0   92    0    0    0    0  
  96   93    0    0    0    0   84   92    0   87    0    0    0    0   95    0   86    0    0    0    0    0    0    0    0    0    0   90    0    0    0    0   89    0    0    0    0    0    0    0    0    0    0    0   94    0    0    0   98    0    0    0    0    0   97    0   91    0    0    0    0    0    0   85    0    0  100    0    0    0    0    0    0   99    0   96    0    0    0    0    0    0    0    0    0    0    0    0    0    0    0    0    0    0  100    0   99    0   88    0  
   0    0    0    0    0    0    0    0    0    0   99   95   88    0    0    0    0    0    0    0    0   89   84    0    0    0    0  100   98   96    0    0   86    0    0    0    0    0    0    0    0    0    0   90    0    0    0    0    0    0    0    0    0    0    0   98    0   91   93    0    0   85    0   97    0    0    0    0   89    0    0    0    0    0    0    0    0   87    0    0    0    0    0    0  100    0    0   94    0    0    0    0    0    0    0    0   92    0    0    0  
  96    0    0    0    0    0   97    0    0   93   85    0    0    0    0    0    0    0    0    0    0    0    0    0    0    0   88    0    0    0    0    0    0   84   87    0    0    0    0    0    0    0    0    0   94   90   99    0    0    0    0    0    0    0   86   87    0    0   89    0    0    0    0    0  100    0   91    0    0    0    0    0   95    0   98    0    0    0    0    0    0   92    0    0   91    0    0    0    0    0    0    0    0    0    0    0    0   95    0    0  
  93    0    0    0    0    0   94    0    0    0    0    0    0    0    0    0    0    0    0    0    0    0    0    0   87    0    0    0    0    0    0    0    0    0    0   90    0   97   90   99    0    0    0   86    0    0   91    0    0    0    0    0    0    0    0    0    0    0    0    0   88    0    0   85    0   98    0    0    0    0   84    0  100   92    0   89    0    0    0    0    0    0   96    0    0  100    0    0    0    0    0    0    0    0    0    0   91   95    0    0  
   0    0    0    0    0    0    0    0    0    0    0    0   92   98    0   97    0    0    0    0    0    0   99    0    0    0    0   96    0    0    0   95    0    0    0  100    0   93    0    0   86    0    0    0    0    0    0   87    0    0    0    0   84    0    0    0    0    0    0    0   99   85    0    0    0    0    0    0    0    0    0    0    0    0    0    0    0   88    0   90   91    0   88    0    0    0    0    0    0    0    0    0   94    0    0    0   90    0    0   89  
   0    0    0    0    0    0    0    0    0    0    0    0    0    0    0    0    0   94    0    0    0    0    0    0   99    0   90   97   95    0    0   86    0   87    0    0   84   85    0    0   91    0   92    0    0    0    0    0    0    0    0   97    0    0    0   88    0    0    0    0   92    0    0    0    0    0    0   88    0    0    0   93    0    0    0    0    0    0    0    0    0    0   89    0   98    0    0    0    0    0    0  100   96    0    0    0    0    0    0    0  
   0    0    0    0    0    0    0   95   97    0    0   94    0    0    0    0    0    0    0    0    0    0   95    0    0    0    0    0    0    0    0    0  100   93    0    0   93    0    0    0    0    0    0    0   88    0   85    0    0    0    0    0   96   91   99    0    0    0   89    0    0   84    0    0    0    0    0    0    0    0    0   98    0    0    0    0    0    0   87    0    0   90    0    0    0   86   84   92    0    0    0    0    0    0    0    0    0    0    0    0  
   0    0    0    0   88    0   94   90    0    0    0    0    0    0    0   93  100    0    0    0    0    0    0    0   97    0    0    0    0    0    0    0    0    0    0    0    0    0    0    0    0    0   99   99    0    0    0   86    0    0    0   85    0   99    0    0    0    0    0    0    0   92    0    0    0   91    0    0    0   90    0    0    0    0    0    0   84    0    0    0    0    0   96   98    0    0    0    0   95    0    0    0    0    0    0    0   89   87    0    0  
   0    0    0    0   98    0   97    0   92    0    0    0    0    0    0   99    0  100   86    0    0    0    0   94    0    0   98   93    0    0    0   89    0    0   95    0    0    0   88   84    0    0    0    0    0    0   91    0    0    0    0    0    0    0    0   96   85    0    0    0    0    0    0    0    0    0    0    0   87    0    0    0    0    0    0    0    0    0    0   97    0    0    0    0    0    0    0    0    0    0    0    0    0   98   90    0    0    0    0    0  
   0    0   89    0    0    0    0    0    0    0    0    0   92    0   87    0    0    0    0    0    0    0    0    0    0   95    0    0   97    0    0    0    0    0    0    0    0   91    0    0    0    0    0   93    0    0    0  100    0    0   98   92   84    0   94    0   88    0    0    0    0   85    0    0   92    0    0    0   92   99    0    0    0    0   86    0    0    0   90    0    0    0    0   96    0    0    0    0    0    0    0    0    0    0    0    0    0    0    0    0  
   0    0    0    0    0    0   84    0   85    0    0    0    0    0   99    0    0    0    0    0   87    0    0   93   98    0    0    0    0    0    0   97    0   84    0    0    0    0    0    0    0    0    0    0   88   90    0    0    0    0    0    0    0   96    0    0   95    0    0    0    0    0    0    0    0    0  100   85    0    0    0   89    0    0    0   91    0    0    0    0   94   93    0    0    0    0    0    0    0   92   86    0    0    0    0    0    0    0    0    0  
   0    0    0    0    0   93    0    0    0    0    0    0    0    0    0    0    0    0   88    0    0    0    0    0    0    0    0    0    0   92    0    0   92    0    0   97    0    0   90    0    0   95    0   96   94    0    0    0    0    0    0    0    0    0   86    0    0    0    0   96    0    0   92    0    0    0   85    0    0    0    0    0  100    0    0    0   91    0    0   84    0    0    0    0    0    0   87    0    0    0   99    0    0   89    0    0    0    0   98    0  
   0    0   86   90    0    0    0    0    0    0    0    0   94    0    0    0    0    0    0   85    0    0    0    0    0    0    0    0    0    0   96    0    0    0   96    0    0    0    0    0    0    0    0    0    0    0    0    0   91    0    0    0   99    0  100    0   88    0    0    0   93    0   92    0    0    0    0    0   84    0   97    0    0   95    0    0   84    0    0    0   92    0    0    0    0   87    0   89    0    0    0   98    0    0    0    0    0    0    0    0  
   0    0    0    0   88    0    0    0    0   98    0   92    0    0   99    0   96    0    0    0    0    0    0    0    0    0    0    0    0    0   95    0    0    0    0    0    0    0    0    0    0   86    0    0    0    0   85    0    0   96    0    0    0    0    0    0    0    0    0    0    0    0    0    0    0    0   90    0    0    0   85    0    0    0    0   87    0    0  100    0   89    0   94    0   91    0   97    0    0    0    0    0    0    0    0    0   96    0   93   84  
  97    0    0    0    0    0    0    0    0   92    0    0  100    0    0    0    0    0    0    0   98    0    0    0    0    0   92    0    0   84   90    0    0   89    0    0    0   95    0    0    0    0    0    0    0    0    0   94    0    0    0    0    0    0    0   93    0    0    0    0   91    0    0    0    0    0    0    0    0    0    0   87    0    0   99    0    0    0    0    0   85    0    0   96    0    0    0   91    0   92    0   86    0    0    0    0    0    0    0   88  
   0    0   98    0    0    0   87    0   95    0    0   94    0    0    0    0    0    0    0   85    0    0    0    0    0   97    0    0    0    0    0   90    0   92    0    0    0    0    0    0   93  100    0    0    0   88   88    0    0    0    0    0    0   91    0    0    0    0    0    0   89    0    0    0    0   86    0    0    0   84    0    0    0    0    0    0    0   93    0    0    0   99   96    0    0    0    0    0   95    0    0    0    0    0    0    0    0    0    0    0  
  99    0   93    0    0    0    0    0    0    0    0    0    0   90   84   94    0    0    0    0    0   84    0  100    0    0   98   86    0    0    0    0    0    0    0   91   85    0   95    0    0    0    0    0    0    0    0    0    0    0    0    0    0    0    0   87    0    0    0    0   96    0    0    0    0    0    0    0    0    0    0    0    0    0    0    0    0    0    0    0    0   89   97    0   88    0   92    0   93    0    0   88    0    0    0    0    0    0    0    0  
   0    0   93    0    0    0   87   85    0    0    0    0    0    0    0    0    0    0    0    0    0    0   98    0    0    0   85    0   91    0    0    0    0   99    0  100    0    0    0    0    0    0    0    0    0    0    0    0    0    0    0   89    0   84    0   86    0    0   90   88    0    0    0    0   97    0    0    0    0    0    0    0    0    0    0    0    0    0    0   98    0   95    0    0    0    0   94    0    0   85   96    0    0    0    0    0    0    0   92    0  
   0    0    0    0    0    0    0    0    0    0    0    0    0    0    0    0    0   98    0    0    0   87    0    0    0   95    0    0    0    0    0   88    0    0   87    0    0    0    0    0    0   97    0    0    0    0   93    0    0    0    0    0    0    0    0    0   90   89   84   92    0    0    0    0   85    0    0    0    0    0    0    0   99    0   84    0    0  100   94   86    0    0    0    0    0    0    0   97    0    0    0    0    0    0    0    0   91   96    0    0  
   0   96    0    0    0    0    0    0   95    0    0    0    0    0    0   84    0    0   88    0   99    0    0   86    0   95    0    0    0    0    0    0   97    0    0    0    0    0    0    0  100   90    0    0    0    0    0    0   89    0    0    0    0    0    0    0    0   91    0    0    0    0    0    0   98    0    0    0    0   93    0   87    0    0    0    0   92    0   85    0    0    0    0    0    0    0    0   99   99    0    0    0   94    0    0    0    0    0    0    0  
   0    0   99    0    0   88    0    0    0    0    0    0   93   94    0   87   86    0    0    0    0    0    0    0    0    0    0    0    0    0   90    0    0    0    0    0   85   84    0    0    0    0    0   92    0  100    0    0    0   88   92    0   89    0    0    0    0    0    0    0    0    0    0    0    0   97    0    0    0    0    0    0    0    0    0    0    0    0    0   88    0    0    0   91   98    0    0   96    0    0    0    0    0    0    0    0    0    0   95    0  
   0    0   86    0    0    0    0    0    0    0    0    0    0   97    0    0    0   89   88   87    0  100    0    0    0   93    0    0    0    0    0   97    0   91    0    0    0    0    0    0   94    0   92    0    0   84    0    0    0    0    0    0    0    0    0   95  100   88    0    0    0    0    0    0    0    0   85    0    0    0   99    0    0   90    0    0    0   98    0    0    0    0    0    0    0    0    0    0    0   96    0    0    0    0    0    0    0    0    0    0  
   0    0    0    0    0    0    0    0    0    0    0    0    0   91    0   96    0   93   88    0    0    0   92    0   84    0    0    0    0   94   87    0    0   95    0    0    0    0    0    0    0    0    0   89    0    0   85    0   94    0    0    0    0    0    0    0    0   95    0    0    0   97    0    0    0    0    0   98    0    0    0   99    0    0    0    0   90    0    0   89    0    0    0    0    0    0  100    0    0    0    0   86    0    0    0    0    0    0    0    0  
   0   87    0    0   88    0   87    0    0    0    0   86    0    0   99   95    0    0    0    0   92    0    0    0    0    0    0   96    0    0    0    0    0    0   84    0    0    0   94    0   93    0   85    0    0    0    0    0    0    0   89   98  100    0    0    0    0    0    0    0    0    0    0    0    0    0    0   90    0    0    0    0    0    0    0   97    0    0    0    0    0   93    0    0   91    0    0    0    0    0    0    0    0   99    0    0    0    0    0    0  
   0    0    0    0    0   96    0    0   86    0    0    0    0    0    0    0    0    0   90   97   91    0  100    0    0    0    0   85    0    0   93    0    0    0    0    0    0    0    0   98   90    0    0   89    0    0   88    0    0    0    0    0    0    0    0    0   88   95    0    0    0   94    0   92    0    0    0    0    0    0    0    0    0    0    0    0    0    0    0    0    0    0    0    0    0    0    0   86    0   87    0    0   84    0    0    0    0    0   99    0  
   0   89    0    0    0    0    0    0   84    0    0    0   85    0    0    0    0   94   93    0    0    0    0    0    0    0    0    0    0    0    0    0    0    0    0    0    0    0   88    0    0   86    0   90    0    0   96    0  100   95    0    0    0   85    0    0    0    0    0    0   91    0    0    0    0    0    0    0    0    0    0   98   92   88    0    0    0    0    0    0    0    0    0    0   87    0   97    0   99    0    0    0    0    0    0   93    0    0    0    0  
   0    0    0    0    0    0    0    0    0    0    0    0    0   87    0    0    0   89    0   86   89    0    0    0    0    0    0    0    0    0    0    0    0    0    0    0   91    0   98   93    0    0   84    0    0    0    0    0    0   97   96    0    0    0   92    0    0    0    0   95    0    0    0    0   85    0    0    0   99    0    0    0   88    0  100    0   90    0    0    0   97    0    0    0    0  100    0    0    0    0    0    0    0   94    0    0    0    0    0    0  
   0    0    0    0    0    0    0    0    0    0    0    0    0    0    0   90    0    0    0   86    0    0    0    0    0   95    0    0    0    0    0    0    0    0    0    0    0    0   92    0    0   87    0    0    0    0    0    0   97    0    0    0    0   89    0    0    0   85    0    0    0    0    0    0   94    0    0   93    0    0    0    0   99    0    0   91    0    0    0    0    0    0    0   98   95   94    0   84    0   88    0    0    0   89   96    0    0    0  100    0  
   0    0    0    0   88  100    0    0    0   94    0    0    0    0    0    0   94    0   92    0    0   98    0    0   85    0   95    0    0    0    0    0    0    0    0    0    0    0    0    0    0    0    0    0    0    0    0    0   89    0   97    0    0    0    0    0    0    0    0    0   99    0    0   90    0    0    0   93   91    0   84    0    0    0    0    0    0    0   94    0    0    0    0    0   87    0    0   93   86   96    0    0    0    0    0    0    0    0    0    0  
   0    0   89   93    0    0    0   95    0    0    0   99    0  100    0    0    0    0   91    0    0    0    0    0   86    0    0   92    0    0    0    0    0   88   90    0    0    0   88    0    0    0   96    0    0    0    0    0    0    0    0    0    0    0    0    0    0    0    0   93    0    0    0    0    0    0    0    0    0    0    0    0   85   87   98    0    0    0    0    0   94    0    0    0   84    0    0    0    0   92    0    0    0    0    0    0   97    0    0    0  
   0   92    0    0    0    0    0    0    0   87    0   97    0    0    0    0   96    0   99    0    0    0   89    0    0    0    0    0    0    0    0    0    0    0    0    0    0    0    0    0    0    0    0    0    0    0    0    0    0    0    0   84    0    0    0   91    0    0    0    0  100    0   88    0    0   97    0    0    0    0   89   88    0    0    0    0    0   86    0    0    0   90    0    0    0    0    0    0    0    0    0   95    0   93    0   94   85    0   98    0  
   0    0    0    0    0    0    0   99    0    0    0    0   96    0    0    0    0   85   97    0   87    0    0    0    0    0   84    0    0    0    0   93    0    0    0   86    0    0    0    0    0    0   98    0    0    0    0    0   98    0    0   88    0    0    0    0   94   91    0   92    0   87   89    0    0    0    0    0    0    0    0   90    0    0    0    0    0    0    0    0    0    0    0    0    0    0    0   96    0    0    0   95    0    0    0  100    0    0    0    0  
  97    0    0    0    0    0    0    0   95    0    0    0    0    0    0    0   93    0    0    0    0    0    0    0    0   90    0    0    0   89   97    0   87    0    0    0    0   84    0    0    0   92   91    0    0    0   95    0    0    0    0    0    0    0    0    0    0    0    0    0    0    0    0    0    0    0   88    0    0    0    0    0   86    0   98    0    0   85    0    0    0    0   89   96    0   99    0    0    0    0    0    0    0    0    0    0   94  100    0    0  
   0    0   97   88    0   96   89    0    0    0  100    0    0    0    0    0    0    0   84    0    0    0    0    0    0    0    0    0    0    0    0    0    0    0    0    0    0    0   92   94    0    0    0    0   94    0    0   98    0    0    0    0    0    0    0    0    0    0    0    0    0   91    0    0   95   99    0    0    0   87    0    0    0    0    0    0   90    0    0    0    0   89    0    0    0    0   85    0    0    0    0    0    0   85    0    0   93   86    0    0  
   0    0    0  100    0    0    0    0   88    0    0    0   99    0    0    0    0   98    0   84    0    0   97    0    0    0    0    0    0    0    0    0    0    0    0   92    0    0   84    0    0    0   90    0    0    0    0    0    0    0    0    0    0    0    0    0    0    0   93   94    0    0    0    0   91    0    0    0    0   84    0   89    0    0    0   85    0    0    0    0   87   96    0    0    0   86   87    0    0    0   95    0    0    0    0    0    0    0    0    0  
   0    0    0    0    0  100    0    0   89   85    0    0    0    0    0    0    0    0    0    0    0    0    0    0    0   94   91    0    0    0    0    0    0    0    0   93    0    0    0    0    0    0    0    0  100   87    0    0   86    0    0   95    0    0    0   99    0    0    0    0    0   87    0    0    0    0    0   88   84    0   97    0    0    0    0    0    0    0    0    0    0    0   90    0   92   96    0    0    0   98    0    0    0    0    0    0   99    0    0    0  
   0    0    0   93   99    0    0    0    0   94    0    0    0   97   88    0    0    0    0    0    0   92    0    0    0    0    0    0    0    0   86    0    0    0    0    0    0    0    0    0   85    0    0    0    0    0    0   85    0    0    0    0    0    0   90    0    0    0    0   95    0    0    0    0   89    0    0    0    0    0    0    0    0    0    0   87    0   96    0    0    0    0   98   95   93   84   91    0    0    0    0    0    0    0    0    0    0    0  100    0  
  85    0    0    0    0   99    0    0    0    0    0  100   93    0    0    0   90    0    0    0    0   87    0    0    0    0    0    0   98    0   92    0    0    0    0    0    0    0    0   99    0    0    0    0    0    0    0    0    0    0    0    0    0    0   86    0    0   89    0    0    0    0    0    0    0   84    0    0    0   96   88    0    0    0    0   98    0    0    0    0    0   97   91    0    0    0    0    0    0    0    0    0    0   95   94    0   98    0    0    0  
   0    0    0   97    0    0    0   86    0    0    0    0    0    0    0    0    0    0    0   84    0    0    0   92    0    0    0    0    0    0    0    0   94    0    0    0    0   89    0    0    0    0    0   86    0    0   96    0    0    0   91    0    0    0    0   88    0    0    0    0   95   99    0    0   85  100    0   84    0   93   98    0    0    0    0    0    0   86    0    0    0    0    0    0    0    0    0    0    0    0    0    0   90    0    0    0    0   87    0    0  
   0    0   89   88    0    0    0    0    0   97    0    0    0    0    0    0    0    0    0    0    0    0    0    0    0    0   84   97   93   95    0   98    0    0   87    0    0    0    0    0    0    0    0    0    0    0   93    0    0   92    0   90    0    0    0    0    0    0    0    0    0    0   85    0   86    0    0    0    0    0    0    0    0    0    0    0    0   91    0    0    0    0   94    0    0   85    0    0    0   99    0    0    0    0    0   96    0    0  100    0  
  98    0    0    0    0    0    0   85    0    0    0   87    0    0    0    0    0    0    0    0    0   89   99   88    0    0    0   88    0   94    0    0    0  100    0   96    0    0    0    0    0   84    0    0    0    0    0   95    0    0    0    0    0   92    0   98   90    0    0    0    0    0    0    0    0    0    0    0    0    0   93    0   91    0    0   93   97    0    0    0    0    0    0    0    0    0    0    0    0    0    0    0    0    0    0    0    0   86    0    0  
   0    0    0    0    0    0    0   96    0   92    0    0    0    0   89    0    0    0    0    0    0    0    0    0    0    0    0   97    0    0    0    0    0   89   99    0    0    0    0    0    0    0    0   88    0    0    0    0    0    0   87    0    0    0    0    0   94    0    0    0    0   91    0    0    0    0  100    0   84    0    0    0    0    0    0    0   95    0    0    0    0   90    0   98    0    0   86   99    0    0    0    0    0   85    0   90    0    0   93    0  
   0    0   88    0    0    0    0   95   92   87   84    0    0    0    0    0   99    0   91    0    0    0    0    0    0    0    0   98    0    0    0    0    0    0    0    0    0    0    0    0    0    0    0  100    0    0    0   86   99    0    0    0   96    0    0    0    0   90   97    0    0    0   93    0    0    0    0    0    0    0    0    0   85    0    0    0    0   87    0    0    0   89    0    0    0    0    0   94    0    0   98    0    0    0    0    0    0    0    0    0  
   0    0    0   91  100    0    0    0   85    0    0    0    0   93    0    0    0    0    0    0   94    0    0    0    0    0    0    0   90    0   87    0    0    0    0    0    0    0   98    0    0    0    0    0    0    0    0    0    0    0    0    0    0   86    0   95  100    0    0   97    0    0    0    0    0    0    0   93    0    0    0    0   98   84    0   92    0    0    0    0    0    0   89    0   99    0    0    0    0    0    0   88    0    0   96    0    0    0    0    0  
  97    0    0   88   94    0    0    0    0    0    0    0    0   86    0    0   91    0    0    0    0    0    0   96    0    0    0    0   85    0    0   89    0    0    0    0    0    0    0    0    0    0    0    0    0    0    0    0   95   98    0   89   92    0   90   87    0    0    0    0   88    0    0    0    0    0    0    0   99    0    0    0    0    0   93    0  100    0    0    0    0    0    0    0    0    0    0    0   84    0    0    0    0    0    0    0    0    0   86    0  
   0    0    0   98    0    0    0    0   95    0    0    0    0    0   85    0    0    0    0    0    0    0    0    0   89    0    0    0    0    0    0    0    0    0    0   86    0    0   99    0    0   93    0    0    0    0    0    0   84    0    0    0    0    0    0    0    0    0   87    0   88    0    0    0    0   97    0    0    0   92   90   92    0    0    0    0    0    0    0    0   98   91  100    0   96    0    0    0    0    0    0   85    0   94    0    0    0    0    0    0  
   0    0    0    0    0    0    0    0    0   96    0   89   98    0    0    0    0   98    0    0    0    0    0    0   84    0    0    0    0    0   95    0    0    0    0    0    0   86    0    0    0    0   91    0    0    0    0    0    0    0    0    0   92  100    0   88    0   93    0    0    0    0    0    0    0    0    0    0    0    0    0    0    0   85    0    0    0    0   99    0    0    0    0    0    0   99   95    0    0    0   97    0    0    0   94    0   87   90    0    0  
   0    0    0    0    0    0   95   93    0    0    0    0    0    0    0   86    0    0    0    0    0   92    0    0    0   98   93   87    0    0    0   96    0  100   94    0    0    0   99    0    0    0    0    0   88    0    0   97    0    0    0   84    0    0    0    0    0    0    0    0    0   89    0    0    0    0    0   87    0    0    0    0    0    0    0    0    0    0    0    0    0    0   85    0    0    0    0    0   90    0    0    0   99    0    0   91    0    0    0    0  
   0    0   99    0    0    0    0    0    0    0    0    0   91    0    0    0    0    0   94    0    0    0   90    0    0    0    0   96    0    0  100    0    0   89    0    0    0   98    0    0    0    0    0   97    0    0    0   88    0    0    0   87    0   86   95    0   93    0    0    0   96    0   86    0    0    0    0    0    0    0    0    0    0    0    0    0    0    0   85   84    0    0    0    0    0    0    0    0    0    0   92    0    0    0    0    0    0    0   89    0  
   0    0    0   86    0    0    0    0    0   93    0    0    0    0   92    0    0   94    0    0    0    0    0    0    0    0   88    0    0   95    0    0    0    0    0    0    0  100    0    0    0    0    0    0    0    0    0    0    0    0    0    0   85    0    0   96    0    0    0    0    0    0    0    0    0   84   98    0    0    0    0    0    0   91    0    0    0   87   93   89    0    0    0    0   97    0    0    0    0    0   94    0    0    0   90    0    0    0   89   99  
   0    0    0    0    0    0   97   98   96    0    0   91    0   95    0    0    0    0    0    0    0    0   97    0    0   91    0    0   90    0   94    0   85    0    0    0    0    0    0   86  100   84    0    0    0   88    0    0    0    0    0   87    0    0    0    0    0   89    0    0    0    0    0    0    0    0    0    0    0    0    0    0   92    0    0    0   99    0    0    0    0    0    0    0    0    0    0    0    0    0    0    0    0    0    0    0   93    0    0   98  
  91    0   96   89    0    0    0    0    0    0    0   93    0    0   85    0    0    0    0    0    0    0   95    0    0   97    0   99    0    0    0    0    0    0    0    0    0    0    0    0    0    0    0  100   90    0   92    0    0    0    0    0    0   88    0    0    0    0   94    0    0    0    0    0    0   98   87    0    0    0    0    0    0   90    0    0    0    0    0    0    0   84    0    0    0    0    0    0    0    0    0   86   96    0    0    0    0   94    0    0  ] 
BUDGETS : [    1    2    7   12   14   15   15   18   19   22   23   24   24   28   28   32   32   32   33   35   36   36   38   39   42   47   48   49   51   51   54   56   60   61   61   63   65   69   72   75   79   81   82   82   83   85   87   90   96  100  105  106  109  111  114  118  121  123  124  125  126  127  128  130  134  135  142  142  143  143  144  147  149  149  149  150  153  155  160  164  165  172  173  177  177  179  181  181  181  184  189  189  190  191  192  192  193  193  196  199  ] 
