K : 100
I : 100
PREFERENCES : [    0   98   78   89    0    0    0   87   76    0   71   66   77    0    0   69    0   72    0    0   70    0    0   68    0    0    0    0    0    0   73   89   65    0   99    0   95   86    0    0   74    0    0   90    0   75   84   63   90    0   80   86    0  100   85    0   62    0    0   67   94    0   79   87   64    0    0   92    0    0   81    0    0   91    0   61   82   68    0   97   88   96    0    0    0    0    0   79    0   73   83   74    0    0    0    0   93   96    0   91  
   0   91    0   93    0    0    0    0    0   64   82   78    0   87    0    0    0    0   86   61   70    0    0    0   83    0   97    0   65    0  100    0    0   95   74    0    0    0   68   99   94   67   84   62   72    0    0   67   73    0    0   81    0    0    0    0   99   79   64   98    0    0    0   90   96    0   77   66   63    0    0    0    0    0    0   84   73    0   70   64   85   80    0    0   69   69   76    0    0    0   81   75   83    0    0   71   92   89   88    0  
   0    0    0   90    0   84   76    0    0   67   70    0   62    0   77    0   91   81   86    0    0    0    0   64   75    0    0   66   89   71    0    0   75   88   63    0    0   78   85    0   72    0    0    0   74    0    0    0    0   98   87   78   87   68    0   83    0    0    0    0   94    0   93   73    0   61    0    0   62   87    0   92   65    0   61   73   61    0    0    0    0   95    0   97    0   79   66   80   99    0    0    0  100   96   69    0    0    0   82   66  
  70   84   81   61   64    0    0    0    0    0   82   91  100    0   97    0   78   94   62   68  100   66    0    0    0    0   93   72   84   76   75    0   65    0    0    0    0   95   74   73    0    0   80    0    0   97    0    0    0   87    0   80   79   69   63    0    0   86   96    0    0   92    0    0   88    0   83   77   70   71   80    0    0    0   99    0   89    0    0   78    0    0    0    0   85    0    0   70   67   90    0   82    0    0    0    0   98    0    0   97  
   0   83    0   79    0    0    0   99   94   82    0    0   72   92   88   89    0   94   64   78    0   74   81   76   98   83    0   69    0    0    0   89   83   62    0  100   95    0    0   93    0   61    0    0   77   65    0    0   82    0   76   96    0    0    0   75    0    0    0    0    0    0    0   66   73    0    0   80    0    0   97   71    0   86    0   70    0   90  100    0   89    0   85    0    0   68   84   67    0   65   91    0    0   99    0   63    0   87    0    0  
   0   90    0    0    0   68    0    0   64   73   91    0   78   78    0    0   94    0   92   90   70   87   71    0    0   61    0    0    0   69    0   88   80    0    0   81    0    0   78   69   95   62   74   64   66  100   84    0    0    0    0   67   66    0    0   89    0   82   97   66    0    0   63    0    0   86    0   96   83   72    0   65    0    0   76    0    0    0    0    0   87    0    0   75    0    0   98   77   85    0    0   93   69   99   78    0    0   79    0    0  
   0   91    0    0    0   99    0   96    0    0   73   65   69    0   61   69   90   86    0   63   78   74   63   84    0   79    0   81    0   82    0    0   76   70    0    0   98   97    0   67   71    0    0    0    0   88    0    0    0    0    0   62   95    0   99   75    0    0   89    0    0   99    0    0   71    0    0   66   79    0    0   93    0   64    0   93   77   86    0    0   92   68    0   85   80   94    0  100    0    0   87   92    0    0    0   81   83   72    0    0  
   0    0    0    0    0    0   88   73   90    0    0    0    0   95    0   77    0   92    0   76    0   64    0    0    0    0    0    0    0   65   89    0   84   93   70   82    0   99    0    0    0    0    0    0    0    0    0   93   99   84    0    0   88   66   63   98   66   78   72    0   94   87   68    0   83   79   85   96    0   62   77   78    0    0   75    0   90   80    0    0   86    0   66   91    0   81    0   74  100   69   61    0   64   67    0   97    0    0    0   71  
   0   76    0   68   77    0    0   93    0    0   65    0    0   84    0   63   75   82   73    0    0   81    0   98    0   92    0    0   69    0   99   71    0    0   90   85    0    0  100    0   67   80    0    0   78    0   63    0    0   62    0    0    0    0    0   66   72   92    0   87    0    0   98   76    0   64    0   94   91    0   83   96    0   95   70   80    0   66    0   89   61   72    0   74    0   94    0    0   67    0    0   96   79   86    0    0   88   97    0    0  
  97    0   78   90    0   73  100    0   86    0    0   66    0   61    0   65   70    0    0    0    0   84    0    0   95    0   98    0   99    0   98   76    0    0   89    0    0   71   81   80    0    0    0   63   98   68    0   72    0   87   94   99   75    0    0    0   85   92    0   88   79   67   74    0    0    0    0   63    0   63    0   69    0    0   83    0    0    0   82   70   77   96    0   93    0    0    0   91   62   65    0    0    0   72   95   64    0  100    0    0  
   0   98   70   68    0   61    0   86   92   83    0   72   69   76    0    0   87   90   96   79   73    0   75    0    0   80   78    0   95   87    0   71   66    0    0   85    0  100    0    0   63   62    0   74    0    0   73    0    0    0    0   97    0   82   67    0   92    0    0    0   73    0    0    0    0    0   80   84    0    0    0   77    0   78   91    0   99    0   94    0    0   64    0   81   95   88    0   97   98   65    0   89   72   93    0    0    0    0    0    0  
  94    0   63    0    0   75   87   80   69   61    0   74   66   62   98   84   86    0   76    0    0   97    0   99   64    0   93    0   92    0    0   68   90    0   95   67    0    0    0    0   62  100   77    0   79    0    0    0    0   69   72   71   82   70   89    0   69    0    0   74   98   85    0    0    0    0   91    0    0    0   86    0   79    0    0   96    0   71   95   81    0    0    0    0   65    0    0   78   88    0   83    0    0   92    0    0   73    0    0    0  
  86   76   66   98   83    0    0    0   88   85   68    0    0   84    0    0    0    0    0   79   62    0   70    0   71   99    0   79    0   61   89   86   82  100    0    0   94   72   96    0   67   67    0    0    0   89    0   63    0    0   75    0   74   87   65   62    0    0   77   91   90   80   81    0    0   92   67    0    0   97   95    0    0    0    0    0    0    0   71    0    0    0   94   64    0   69   79    0   93    0    0    0    0    0   93    0   73    0    0   78  
  71    0    0   90   74   87   66   75    0    0   76    0   70    0    0    0    0   84   90   93   98   64    0    0    0   96   63   80   69   97   99   94    0   78   86    0   67    0   89    0    0    0    0    0   90   91   62    0    0   80    0    0   83   95    0    0    0   61    0    0   94    0    0   79   72    0    0    0    0    0   72    0   68   77   85    0   81   65    0    0    0   83    0   88   82    0    0   73   70   92    0    0    0  100   66    0    0    0   73   89  
   0    0   85    0    0   75   89   83   77   91   87   65   98   80    0   90   72   79    0    0   99    0    0   66   73   82    0    0   88  100   68    0    0   74    0   92    0    0   70    0   67    0    0    0    0   83   61   80   78    0   95   97    0    0    0    0    0    0    0    0   62   76    0    0    0   97    0    0   71   69    0    0    0   82   82   64   89   96    0   84    0   72    0   94   63   70    0    0   81    0   86    0   93   86    0   76    0    0    0    0  
  61   90   65    0    0   69   66   73   97   94    0   81    0    0   91    0   92    0   63   90    0   95   97    0    0   79   83    0   80    0   85   72   74    0   74  100    0   63    0   73   99   68   76    0   93    0    0    0    0    0   77    0    0    0    0    0    0   74    0    0    0    0    0    0    0   70   87    0    0   96    0   67   86   62   88   75    0    0    0   68   98   84    0    0   89   84   73   71    0   82    0    0    0    0    0    0   64    0   84   78  
  63   69   79    0   65   66   87    0   98    0    0   71   99   77   90    0    0    0    0   61   72    0    0    0   69    0   79   73    0   75    0   84   88   96   85    0   64   94   91   83    0   70  100   96    0    0   80   89    0    0   71    0    0    0    0    0   84    0    0    0   84    0   97    0   91   81    0   67   95   78   67   86   82    0    0    0    0    0  100   76    0   83    0    0   62    0    0   92    0    0    0    0   74    0    0    0   93   68    0    0  
   0   71   81   82    0    0   78    0   95    0   64    0   93   65   77    0   62    0   73   91   74    0    0    0    0    0   96   89   70   90   84   68    0   62    0    0   79   88    0   94   76   83   90   75    0   78    0   79    0   95    0   72   81   80   83   66    0   99    0    0   97   71    0    0   85    0    0    0    0    0    0    0    0   67   61    0   92   86    0  100    0    0    0    0    0    0   98    0    0    0   95    0    0    0   87   63    0   64   69    0  
  72    0   92    0   81    0    0    0   71    0    0    0    0    0    0   67   77    0   78   73   82  100   94   96   77   69   85    0   90    0   97   83    0   75    0    0   98    0    0    0   84  100    0   65    0  100    0   87    0   79    0    0    0    0   64    0    0    0   91    0   99    0   86    0   68    0    0   89   95    0    0    0   74   76    0    0   92    0   90   91    0    0    0   66    0    0    0   93   90   70   63   93    0   87   77   62   88   80   61    0  
   0   78   81   73    0    0    0    0   80   66    0   64    0    0   79    0   95  100   77    0    0   96    0   72   76    0    0    0   99    0   61   92   91   67   70   93   88   74    0   70   98    0   87    0    0   98    0   90   99   82    0   68   68   75   89    0    0   71    0    0   68   83    0   77    0    0    0   73   69   62    0    0   86   85    0   98    0   66    0    0   88    0    0    0    0    0    0    0    0    0    0    0    0   97   84   94    0   65    0   63  
  74   88   70    0   92   66   79   97    0   63   71    0   64    0   77    0   90   91   84    0    0    0   82    0   72    0    0    0   87   70    0    0   89   81    0   62    0    0   85    0   86   73   61   92   95   90   78    0    0    0    0    0    0    0   75   72    0   79    0    0    0   93    0    0    0   74    0    0   83   65    0   68    0    0    0    0   99  100    0   67   72   65   76    0    0    0   80   69    0    0    0   96    0    0   98    0   92   86   94    0  
  97   64   89   92   71    0    0    0   90    0    0    0   80   82   77   83    0    0   61    0    0   79    0    0    0    0   65  100    0   93    0   81    0    0    0   64   73    0   84    0    0   91    0    0    0    0   62   85    0   76   69    0   67   72   81   86   88   91    0   95    0    0   70    0    0   74   99    0    0    0   63    0   87   96    0   78   71    0    0   75    0   98   91   88    0   94   68    0    0    0    0   66   90    0    0    0    0   91   81   61  
  78   66    0    0    0   93    0    0    0   90   85   77    0   65    0    0   83    0    0    0    0   82   64    0   87   63   97    0   71   76    0   86   74   67    0    0   88    0    0   79   66    0    0    0    0   81   92   68    0    0   80   95    0    0   73    0    0    0    0    0    0    0   89   75    0   91   69    0    0   64   99   62    0    0  100   98   85   71   96    0   72    0    0   69   78   67    0   98   94    0   62   93   61   70    0    0    0    0    0   84  
  94   61   93    0    0    0    0    0   91   82    0   74    0   90   71   99   83    0   75    0   72   91    0   64    0   83    0  100    0    0    0   89   72    0    0    0    0    0    0    0   95   87   70   77    0    0    0   92    0    0    0    0    0   66    0    0    0    0   73    0    0   76   83   86    0   79   68    0   96   81    0    0    0    0    0   62   84   71    0   70    0   98    0   88   69   95   97   80   67   65   85   86   67    0   78   75    0    0    0   63  
  80    0    0    0   67   71   63    0    0   83   66    0    0   98    0    0   68    0   96   85   91   81    0    0    0    0    0   72   89    0    0    0    0    0    0   68   94   95   78   86    0   87    0    0    0    0    0   99    0   65    0   78   92   64    0   63    0   88    0    0    0   87   84    0    0   75    0   97   90    0   62   74   77   89    0    0   82    0    0    0    0   73    0   83   70    0    0   79   86  100   94    0    0   61   93   86   69   79    0   76  
   0    0    0    0    0   77    0   83   85    0   92   84    0    0    0    0    0   66    0   88   95    0   93   73    0    0    0   65   75    0   87   66    0    0    0    0   79   66   82    0    0   66   75   76   65    0    0    0    0   99   80   68    0    0    0    0   67    0    0   63   78   72    0   90    0    0   81    0   69   61    0   74    0    0   64    0    0   71   89   91   94   62   96   66   97    0    0   96  100    0    0   70   90   85    0   99    0   98    0   86  
  89    0    0   76   85    0   71    0    0    0    0   92   67    0   82   70  100    0    0    0    0   64   78    0    0    0   94   69    0    0    0   73   61    0   98   85    0   80   91    0   63   78    0   88   99    0    0   74    0    0    0    0    0    0   88   90   84    0    0   72   65   62   75   86   61    0   80    0    0   97   66   90   87    0    0    0   68   83   79    0    0   95   96   86    0   75    0    0   77    0    0   93   81    0    0   86    0    0    0   86  
 100    0   70   87    0   98    0   85    0    0    0    0   96    0   86   73    0    0   63    0    0   62   75    0    0    0   85    0    0   91    0    0   99    0    0   67   82   61   83    0   94    0    0   66   80    0    0    0   62   93    0   92   65   92    0    0    0    0   76   63   97    0    0   68   90   68   84   63   63    0   88   74    0    0   72   71    0    0    0    0    0    0    0   88    0   79   95   81    0   89   77   77    0    0   98    0   78   64   69    0  
   0    0    0   77    0    0    0    0    0    0   82    0    0    0   61   96    0    0    0   94    0    0    0    0   65    0    0    0   73    0   87   63   89    0    0   95    0   95   79   61    0   88    0    0   86   76   84   83   98    0    0   71    0   68   93   99   74    0   90   81   69    0    0    0   97   90   61   66    0   85    0   96    0    0   75   80   70   93    0   96  100   72    0   64   69    0   62   78    0    0   67   82   98    0    0   91    0   92    0    0  
  63    0    0    0    0    0   74    0    0    0   84   96   69    0   86    0   81    0   69    0   99   82    0   91    0   81    0   65    0   61    0  100    0    0    0    0   76   99    0   75   79    0    0   99    0   72    0    0    0   88    0   98   90    0   66   97   70   67    0    0   81    0   93   68    0    0    0   94    0    0   83   78    0   62   81   78    0   85   81   95   89   69    0   73    0    0    0    0   77   99    0   71    0   64   92    0    0    0   80   87  
  84    0    0   78    0   77   92   88   61   69   75   70    0    0   82    0    0   95   83   87    0    0   67    0    0   72   81   62    0   73   90   66   72   68   90    0    0   91   64   96    0    0   63    0   80    0    0    0    0    0   86    0    0   81    0    0    0    0    0    0    0    0   67    0    0   99    0    0   70    0   96   75   65   79   92  100    0   85    0   93   71    0   94    0    0   65   97   98    0   76    0    0    0   89    0    0    0    0   66   74  
  95   65    0   81    0   77    0   68    0    0    0   95    0    0  100   86    0   61   87    0    0    0  100   90    0    0   64   84   70    0    0   96    0    0    0    0    0   79    0    0    0    0    0   95   83   74    0   68   64   91    0    0    0   63    0   99   66    0    0   92   69    0   78   81   97    0   98    0    0    0   94    0   67   85   88    0    0    0   93   82    0    0    0   77   73   75   76   89   71    0    0    0   72    0   74   80   62    0   84   99  
  71   88   96    0    0   65   84    0    0   64    0    0    0    0    0    0   94    0    0    0    0   83   91   89    0   79    0    0    0   96    0   82   69   92    0    0    0   76    0   87   86    0   72   66  100   93    0   69   85   66   99    0    0   90    0   70   73   96    0    0   95   71   80    0   81   82    0    0    0    0    0    0    0    0   62    0   74    0   68    0   93    0   78   77   67   64    0   97   86    0   98    0   63    0    0    0    0   75   61   69  
   0   95    0    0   79   86   94    0    0    0   64    0    0   63   87   70   92   97   68    0    0    0   81   74    0    0   81   79    0   77    0   85    0    0    0   69    0    0    0   93    0   78    0   67    0    0   86    0   89   96   80    0   84   87    0    0    0   65   66    0    0    0    0    0    0   79    0   91    0    0    0   83   88   66   90   62   76   99   82   98    0   75   71    0  100    0   85   73    0   78    0   80    0    0   73    0    0    0   72   61  
   0    0   89   88   91    0    0    0   75   98   89   90   83   66   72   69   68   72    0   73   67    0    0   88    0   82   84    0   71   75   93    0   99    0    0   62    0    0    0    0   97    0    0   96    0    0   86    0    0    0   92   76    0    0    0    0    0   91    0   83    0    0    0   70   63   81   94    0    0   67    0    0    0    0    0    0   65   79   87   95    0    0   78    0    0    0   85    0   61   80    0  100   68   95   77   99    0   64   74    0  
   0    0    0    0    0   68   94   79    0   87   72    0    0   75    0   90    0   83   62   70    0   89    0    0    0    0    0    0    0  100    0    0    0    0   80   68   65   97   92   90    0    0    0    0   91    0   92   67    0    0    0   71   76   81   82    0   96    0   73   90   80    0    0   66    0    0    0   65    0    0   74    0    0   93   98   87    0    0   64   61   87   88   69   85    0   92   78    0   77   84    0   95    0   99   86   63   70    0    0    0  
   0    0   78   76   84    0    0    0   83    0   91   99    0    0   83   82    0    0    0   90    0    0   84    0    0  100    0    0   79    0   93    0    0   70    0   90    0   86    0    0   87    0   68   69    0    0    0   75    0    0   66    0    0    0   97   65    0    0    0   73    0   72   85    0    0   72    0   92   63    0    0   88   89   95   92   74   64   80   70   96   72   64   98   67    0   77    0    0   84    0    0   71   62   61    0   94    0   97   81    0  
   0    0   83    0   67   98    0    0   70    0    0   84    0   94   84   92   78    0    0   72    0    0   71   91   81   63    0    0    0    0    0    0    0   97   84   66   63   65    0    0   85   82   62   87    0    0   75    0   80   97   61    0   81   62   99   79    0   69   76    0    0    0    0  100   72    0   96   69    0   90    0    0   73    0    0   89    0    0   86    0    0    0    0    0   93    0   64    0    0   74   95   84   88    0   78   68    0    0   77    0  
   0   95    0   89    0    0    0    0   79    0    0   66    0    0  100   70   76    0    0    0    0   66   82   68   67   78    0   89   65   72   77   71   91    0    0    0   75   73    0   97    0    0   84    0    0   69   87    0    0    0   93   61   99    0   70   71    0   80   65    0    0    0    0    0   81    0   73    0    0    0   85    0   86   98    0   74   78   88   83    0   64   90    0   63    0   67    0    0   92    0   99   61    0   94    0   96    0   62    0    0  
  74    0   64    0   62   64   78    0    0   93   71   90   89    0   68    0    0    0    0   82    0   99   73    0   96   86    0    0  100    0   66   61    0    0    0   84   92   76   85    0   67  100   72    0   86   87    0   75   94    0   65    0    0  100   95    0    0   86   63   65    0   81    0    0    0    0    0    0   79    0    0   65    0   70   69    0   77    0    0   98   65    0   97   83    0    0   80    0   91    0    0    0    0  100    0    0    0   88   91    0  
  64   76    0   91   89    0    0    0    0    0   80   88   61    0   92   77    0   89    0    0   95   83    0    0    0   90    0   81    0    0   69   72    0    0    0   67    0   65    0   81   66   70   81   98    0    0   91    0    0   86   97   68    0   78    0    0    0    0   85   96   93   62   82  100    0    0    0    0   80    0   94    0   87    0    0   84   73   79    0   63   77   71  100   74    0   97   65    0    0    0   75   78    0    0    0   99    0    0    0    0  
   0    0    0   81    0    0    0    0    0   78   89    0   80    0   87   87    0    0    0   85    0    0   65   98   62   71   68    0    0   76    0    0   99   75   91   86   97   77    0   93   94    0    0   84    0    0   83    0   73   97    0    0    0   70    0    0   90    0   89   83    0   79   74   95    0  100    0    0   69    0   64    0   61    0   87   84    0   92    0   72   67   86   96    0    0   82    0   63   69   80    0   88   66    0    0   82    0    0    0    0  
   0   79   82   89   71   98    0    0    0    0   63   64   93    0    0   94    0   63   72    0    0   74    0   96   88   62   70   92    0    0   97    0   80   86   76    0   68   90   65    0    0    0    0   74    0    0    0   61   85   66   82    0   67   86   99   84    0    0    0   75   69    0    0    0   81    0   83   74    0   64   87    0    0   99    0   73    0    0    0    0   91   78    0    0   88   79    0    0    0    0    0    0    0  100   95    0    0   77    0   64  
   0    0   93    0   88   94    0    0   79   63    0   82   78   77   72   95    0    0    0   74   73    0    0   62    0   76    0   85   61   95   80   63    0   91    0   99    0    0   81    0    0   84    0   83   70    0    0    0   83    0  100    0   69    0    0   89   90   67   61    0   86    0    0    0    0   69    0   79   97   87   64    0    0    0    0   65   98   66    0    0    0    0    0   73    0   94    0   75    0   96   92    0   71    0    0    0   68   64    0   61  
   0   73   63    0   99   89    0   67   82    0    0   87    0   71    0    0   73   85    0   66    0    0   86    0    0    0    0  100    0   78   95    0    0   64   61    0    0    0    0   98    0   74    0   96   93   92    0   79   62   68   75   80    0   98   70   77   88    0   72    0    0    0    0   69   91   84    0   98  100   97    0   81    0    0    0   71    0   76    0   83    0   67   71    0    0    0    0    0   90    0    0    0    0   94    0   66   65    0   63   96  
  71   93    0   64    0    0   63    0   79    0    0    0    0    0    0   73    0    0   84   66    0   78   83   61   87   91  100    0   92    0    0   90   67    0    0    0   65    0    0    0    0    0   61    0    0   96    0    0   86    0    0    0    0    0   80    0    0   85   77   99    0   75   63   71    0    0    0    0   81   94    0   98    0   72   96   70    0   64    0   68   84   89   82    0   75   66   88   76   97   69    0   63    0   95    0   62    0   74    0   75  
  94    0   68    0   75   83    0    0    0   88   97    0   89   82   99    0    0   93    0   64   81   73   77    0    0    0   95    0   79   96   84   85    0    0    0   87   97    0   70   81   70    0    0   86    0    0    0    0    0    0   98    0    0   97   72    0   90   67    0    0   76   91   78    0   75   92   70    0    0   65   97    0   68    0    0   71    0    0    0    0   74   86    0    0   63    0   66  100    0    0   80    0   61    0    0    0   69    0   72   62  
   0   61   96   87   91   76   98    0    0   78   64    0    0    0   69    0    0   75   92   99    0   86    0   70    0   65   66   84   63   83   93    0    0   79    0    0   95   68   62   81   73    0    0   86   91   97    0    0    0    0   77    0    0    0   67    0   90   70    0   89    0    0    0    0    0   74   97    0    0   73    0    0    0    0    0   75    0    0   72    0    0    0   84   71    0   72    0    0   75    0   80   94   73    0   85   82    0  100    0   88  
   0    0   75   73   73    0    0   73    0   77   93   74   97    0    0    0   82   90    0    0    0    0   77   95   88    0   97    0    0   78    0   91    0    0   69    0   72   70   85    0    0    0    0    0    0   91   96   89    0   86    0   73    0    0    0    0   87    0    0    0   80   76    0   68   61   67    0    0   66    0  100   94    0   97    0   61   83   79    0   64    0    0   79   71    0   84    0   81   62   98    0    0    0   99   63   65    0   92    0   65  
   0   72    0   94   70   75    0   87    0    0   67   91    0    0   68    0   93    0   86   79   90   83   85    0    0   63    0   84   64   98    0    0    0   65   77    0    0    0    0    0   80    0   99   73    0    0   96   76   92    0    0    0    0   77   71  100    0   71   95    0   77    0    0   82   66    0   61    0    0   83    0    0   95    0   69   79   62    0    0    0   94   78    0    0    0   68   95   81    0   74   88   89    0   97   98    0    0    0    0    0  
  89    0   93   92    0   89   65   61    0   76   77    0    0   75    0    0   95   74    0    0    0   82   69    0    0   96   83  100    0    0    0   79   85    0   98    0    0   63    0    0   78   96    0    0    0    0   87    0   73    0    0   64   88    0    0   75   66    0    0   62   70   85    0   84    0    0    0    0   64   97    0   90    0    0   67    0   93   99   80   94   81   72    0    0    0    0    0   71   86   82    0    0   97    0    0   91   62   68    0   64  
   0   72   63   87   90   67    0    0    0   84   94   94   98    0    0    0   68    0    0   96   66    0   92   73    0    0   80   79    0   91    0    0  100    0    0   76   83    0   96   81   90   98   69    0    0    0   98    0   97   74    0    0    0    0   77   99   98    0    0    0    0   65   89   71   75    0    0    0   78    0   95   85    0   61   86    0   98    0    0    0    0   74   94   82   93    0    0    0   88   64    0    0    0   70    0    0   98   62    0    0  
   0    0    0    0   61    0   85   86   80   62    0    0   63   96    0  100   83   74    0   89    0   98    0    0    0   63   79    0   72    0   95    0   67   64    0    0    0    0    0    0    0   81   96    0    0    0    0    0    0   76    0    0   87    0    0   80   73    0  100   87   65   93    0    0   88   99    0   70   77    0   74    0   69   75    0    0   96   90   94   92   77    0   71   97   84    0   78   89   68   82   61    0    0    0    0    0    0    0   66   91  
   0   70   66    0   82    0   62   93   94    0    0    0   72    0   69   73   63    0    0   76   95    0   83   78   61   84    0    0   78    0   90   79    0   82    0   75    0    0    0   81    0    0   71  100    0   97   74    0   78   66    0   80    0   76   94    0    0    0    0    0    0    0   78   72   77   99    0   89   87   65    0    0   68   86    0   91    0   64    0    0    0    0   85   69    0   67    0    0    0    0    0    0   64   88   96    0    0   92   98    0  
   0   63    0    0    0    0   89   65   62    0   68   78   61    0   70   85   63    0  100   77    0    0   95    0    0   76    0    0    0   96   73   66    0   64    0    0    0    0   82    0    0   74    0    0    0   99   67   90    0   93   71   97   94    0   75    0    0    0   64   69    0   86    0    0   69    0   83    0   92    0   88   81   98   67   91    0   72    0    0   84   87    0   91    0    0   78   80    0    0   78    0   79    0    0   95    0    0   62    0   84  
   0   85    0    0   79   84   66   70   72    0    0    0    0   93   68   96   62   64   73    0    0    0    0    0    0    0    0    0   61   70    0   91    0    0    0    0   86   81   85   95   71   79    0   69   76    0   96   68   99   98    0    0  100    0   87   97   65   78    0   93    0    0    0    0    0    0   83   82    0    0   74   78    0    0   77   94    0    0    0    0    0    0   80    0    0    0    0    0    0   67   92   89   63    0   90   75   61   96   65   88  
  82   93   67   88    0   89   72   68    0   92    0    0   80   76   65   69   71    0   62    0    0    0    0    0   73  100    0   66   74    0   90   83    0    0   87    0   64    0    0   97    0   84   85    0    0    0    0    0   93   79   80    0    0   95    0    0   95    0   75    0    0   79   91   61   63    0   72    0    0    0   82    0   98   99    0   73   96   81    0    0   77   78    0   70    0    0    0   94   82    0    0    0    0    0    0   82   94    0    0   86  
   0   79    0    0   85    0   71    0    0    0   76   87    0    0    0    0   78    0   65   90   77   92   99    0   86    0    0    0    0   67   89   71   95   74   81   88   69   77    0   99    0    0   96   97    0    0    0   84   85    0   66    0   83    0   91   63    0   75  100    0   98    0    0    0   86    0    0    0   73    0   80    0    0   64   62   93   61   94    0   70   76   68    0   77    0    0   82   72    0    0    0    0    0   78  100    0    0    0    0   99  
  90   70   81    0    0   95    0    0   67   78    0   86    0   75   96    0   89    0   64    0    0   92   97    0   96   92    0   79    0    0   87    0   89    0   61    0    0   85    0    0    0    0    0    0    0    0   74   68   71    0    0    0    0   93    0   80    0    0   84   76   66   90   73    0    0  100    0    0    0    0   91   65    0   90    0   63   72    0    0   97    0   86   69   88   94   83   88   62    0    0   63    0    0    0   82   75   77    0   98   99  
  87    0    0   72   88    0    0   97   82    0   64   94    0    0   80   96   65   95    0    0    0   70    0    0   99    0   81   91   93    0    0    0   72    0    0    0   63   61   85   73  100   92    0   92   86   75    0    0    0   83    0    0   98    0    0    0   84    0   89   85    0    0   69   68   78   71   94    0   90    0    0    0   68   97    0   97   79    0   91    0   97   74    0    0    0   76    0   67    0    0    0    0    0    0    0   62    0   77   77   66  
   0    0    0    0    0    0   82    0   67    0   89  100   78    0    0   89    0   74   63   91   85   66    0    0   95    0    0   76   83   61    0    0    0    0   65   76    0    0   87   99    0    0   88   68    0    0   86   94   80    0    0    0   80   71    0   89   82   72   71    0    0    0   64    0   87    0   96   93    0   98   77    0    0   62    0   84   90   75    0    0    0   71   81   70    0   69   99    0    0    0    0   88   73    0    0   79   97    0   92    0  
  95   93   94   63    0    0    0   98   68    0   98   70    0    0    0    0    0   97    0   97   75    0   77    0    0    0    0    0    0    0   90   78   65   71    0    0   83   88    0    0   86    0   98    0   79    0    0   87    0    0    0   91   82    0    0   87   72   66   67    0    0    0   70   92  100   84    0    0    0   85    0    0   76    0    0   73   64    0    0    0   96    0  100   98   81    0    0   95   62   61    0   89   80    0   99   97   69   78    0   74  
  93   78   67   92   75    0    0   96    0   92   82   93   68   64   79   69   88    0    0   65    0    0    0    0   74    0    0    0   91    0   92    0  100   95    0   75    0   97   63    0    0    0   94   85    0    0    0   71   83    0    0    0   73   62   62   89    0    0    0   70   86   84   64    0   81    0   98    0   90   92    0    0    0   66   84    0   87   96    0    0   77    0    0   72    0   80   61    0   76    0   99   84    0    0    0    0    0    0    0    0  
   0    0    0    0   84    0    0    0    0   91   69    0    0   86    0    0   93   73   65   83    0    0   70   97   85    0    0    0   63    0   64    0   67    0   63   76   92   82    0    0   99   74   96    0   77    0   71    0    0    0   86    0    0   98    0    0    0   61    0   87  100   81   75   63   94    0   78   90   72   79   89    0    0   63    0    0   61   95   66   80    0    0   62    0   91    0    0   65   88   69   68    0    0    0    0   96    0    0    0   61  
   0   62    0    0   90   67   85    0   68    0    0   94    0   78    0   72   67    0    0   64    0   92    0   66    0    0   84    0    0    0   88    0   99   66    0    0    0    0    0   73    0   75   86    0    0   63   80    0    0    0   95   96   98   71   83    0   89   93   65   67    0    0   70    0    0    0    0    0   80    0    0    0   87    0   76   69    0   75  100   82   97   74    0   77   82    0   81    0   73   79    0   66    0    0   61    0   66   90    0   91  
  79   66   68   86    0   90   69    0    0    0    0   63   89    0   85    0    0    0    0   94   78   80   98   77    0    0   75    0   81   92   97    0    0    0    0   77    0   89   70   72   82    0   83    0    0    0    0   84   93    0    0    0    0   64    0    0   99   63    0  100    0   65    0   91    0    0   97    0   67   74   61   80    0   62    0    0   79    0   89   69    0    0   87    0   71   76    0   65    0    0   95    0    0   73    0   69    0    0   96   88  
  62   92    0    0   87   66    0    0   70    0   98   72   93    0   80    0    0   74   75   73    0   91    0   64    0   82   72    0    0    0    0    0   61    0   85    0    0   83   67   83   86    0   65   84    0   89   96   80    0    0    0    0    0    0   98    0    0    0    0   81    0   71    0   80   88    0   90  100   77    0    0   81    0   76    0    0   68   92   69    0   94    0   97   75   78    0    0    0   79   95   99    0    0   75    0   68    0    0   63    0  
 100    0   70   94    0    0    0    0   78   92    0    0   88    0    0   82   68   71   76    0   69   99   67    0    0    0   81  100  100    0    0    0    0    0    0   90    0   86    0    0   77   79    0    0   91   70    0   74    0    0   75    0    0    0   81    0    0    0    0   73   63    0   62   95   93   72   85    0    0   64    0    0   71    0   98   72   61    0   97    0    0    0    0   65   89   99   78   71   80   83   66   96   86    0   84    0    0    0   87    0  
   0   93    0   94    0   76    0   74    0   88    0   71    0   69    0   79    0   68    0    0   98   90    0   70    0   75    0   87   81    0    0   89    0   84   86    0   72    0    0   95    0   61    0    0    0    0   92    0   92    0    0   97    0    0   70   99   78    0   63   63    0   62    0   87    0   71   77   74   67    0   82   80   95    0   85    0    0    0  100   65   91    0    0   90   64   96    0    0   95    0   73    0   66    0   75    0    0   83    0    0  
   0   86   72    0    0   64    0   77    0   94   75   70   98   86   62    0   73    0    0   85    0   89    0    0    0   85    0   81    0    0    0    0   80   84   97   99    0    0   77   65   96   76   78    0    0   88   82    0   71    0   92   80    0    0    0   69   79    0   95    0    0   87  100    0   83   74   71   97   68    0    0   93    0    0    0   83    0    0   63    0    0    0    0    0    0    0    0    0   83    0    0   90    0   91   91   66   94   61   67    0  
  86    0    0   86    0    0   98   93   68    0    0   62    0    0    0   76    0   94    0   92   61    0    0    0    0   77    0    0   77   97    0    0   93   62    0    0    0    0    0    0   72   82   73   63   70   85   87    0   71   80    0    0   84    0    0   75    0   95    0   89    0    0    0   66    0   78    0   82    0   76   69   90    0   65    0    0    0    0    0   88    0    0   91   83   99  100    0    0   67   62   90   64   96   97    0    0   77   81   79   74  
   0    0    0    0   78    0    0    0   61    0   80    0    0   84   73    0   91   70    0    0   98   88    0   90   92    0   74    0    0  100    0   64    0    0   85   82    0   79    0    0   72   98   67    0    0    0   89    0   76   93    0   67    0   84    0   68   86    0   74   94   93    0    0    0    0   71    0   69   86   96    0    0    0    0   73   83    0   99    0    0   97    0   85   95   75    0   74   66   65    0    0   77    0   63   81   78    0   87    0   62  
   0    0   89   95   69   63   93   64   80   61   90    0    0   86    0    0   78    0   94    0    0   81    0   76    0   99   85   67    0   92   62    0    0    0    0   66    0    0    0   64  100    0   99   73    0   77    0   83   96    0    0    0    0   84    0    0   65   74   77   75    0   88   70    0    0   71   73    0    0    0    0    0    0   78   72    0    0    0   90    0    0    0    0   91   98    0   68    0   67   79    0    0    0   87   86   97   95   82   88    0  
   0   76   99   81    0   62   91   78    0   64   89   92   67    0    0    0   75    0   97    0   77   80   90   68   78   76   71    0    0   91    0   83    0    0   65   61    0    0   94  100   63   89    0   93   92    0   82    0    0    0   87   88    0    0    0    0   86    0   64    0    0    0   96    0    0   84    0    0   98    0   79    0    0   85   72    0   81    0   98    0   73   70  100    0    0   74    0   63    0    0    0    0    0   69    0   95   66    0    0    0  
  94   94    0    0    0    0    0    0   95   91   67    0   82   62   81    0   90    0   83   72   99   97    0  100   61   81   67   98   92   76    0    0    0    0   70   96    0    0    0   93    0   77    0    0    0   79   71    0    0   87    0    0   66   94    0    0    0    0    0    0   78    0   79   95   68    0    0    0    0    0   75    0   89    0   70   96    0   73    0    0   88   69   98    0   64   80    0   85    0   65    0   81    0    0   86    0   84   63   74    0  
   0   78    0   69    0   76    0   77    0    0    0    0    0    0   72   61   76   66   88   89   82    0    0    0    0    0    0    0   73    0    0   88   96    0   79   94    0  100    0    0   63   69    0    0    0   97   69    0   95    0   68   80   65   85    0   79    0   90    0   74   90   67    0    0   67   91    0   62    0    0   98   92   87   75   62   71    0   86    0   83   81   64    0    0   75    0    0   99    0    0    0   70    0   93   84    0    0    0   69    0  
   0    0   87   76    0   66    0   61   82   98   77   90    0   65    0    0   94   75    0   92    0    0    0    0   73   71   86   80   71   95   89   69    0    0   94    0    0    0    0   62   96    0    0   74   63    0   65    0    0    0    0    0    0    0    0   90   93    0    0    0    0   98    0    0   78   61    0    0   79    0   70    0   88    0    0   72    0  100    0   64   85   99    0    0   97   64    0   68    0    0   84   81   72   69    0    0   67   91   83   72  
  77    0    0    0    0   84   93    0   68    0   62   96   87    0  100    0   69    0   90    0    0    0    0   73    0    0    0    0    0    0    0   92    0   81    0    0   78   79    0   78   86   78    0   88    0    0   80    0   70   83   66   92   76   75    0   89   98    0   81   94   74    0   99   76    0    0   64    0    0   61    0    0    0    0   95    0   75   97   84   95   73   85   91   82    0   65    0    0   72   71   63    0    0    0    0   67    0    0   66    0  
  74   69   88   93   83    0    0    0    0   75   70    0   66   79   62   81   94    0   99    0   91   98    0    0   67    0    0   72    0    0    0    0    0    0   88   82   99   64    0    0   65    0    0   99   95    0    0    0    0   97   76    0    0    0   87   89   65    0   99    0   84   73    0   80    0    0    0    0   69    0    0    0   78    0   68    0    0    0    0   77   96   81    0   63   61   86    0    0   86   92   71   84    0   90    0   80  100    0    0   85  
  80   96    0    0    0   80    0    0    0    0   85    0    0    0    0    0   79    0   82    0    0   74   88   80    0   93    0    0   62   63   77   89   97   69   66    0    0    0   90    0   68   94   97    0    0   98    0   94   63    0    0   87    0   86    0   83   64   72  100    0   99    0    0   76   89    0    0   91    0   93    0    0   81    0    0    0   65    0   61   95   73   92    0   88    0    0    0   98    0   70    0    0   84    0    0   71   75   62   78   67  
  66    0   67    0   98   65   87    0    0    0    0    0    0   83    0   62   80    0   90   77   81   89    0    0   94    0   99    0  100    0    0   75    0    0    0    0   90    0   61   96   78    0   70    0   67    0   84   88    0    0    0    0   95   98   72    0    0   86   76    0   63    0   93    0   88    0   85   67    0    0   67    0    0   78    0    0   91   73   64   80   79   69   69    0    0    0    0   63    0   82   97   68   92    0    0    0    0    0   71   74  
  73    0    0    0   88    0    0    0   93   80    0   65    0    0   99    0   69    0    0   77    0   75    0   90   87    0   83    0    0    0   88    0    0    0    0    0   71   89   97   94   76    0   62   64    0   82    0    0    0  100   86    0   88    0   67    0   72    0   79    0   96   70    0   92   74   68   97    0   81   98   64    0   96    0   85    0    0    0    0    0   84   66   63   95    0   68   78    0    0    0   71    0   98    0   93   61   64   91    0    0  
   0    0    0    0    0    0    0    0   95    0   86   82   69    0    0    0   75   89   80  100   91   92    0    0   73   83   96   97    0   76   92   90    0   70    0   98   65   85    0    0    0   77    0    0    0   61   94    0   72   75    0   74   62   63   81    0    0    0    0    0   88   68    0    0    0   79   64    0   68   93   66   99    0    0   71   85    0    0    0   83   67   88   87    0   78    0   84   79    0    0    0   99   64    0   78    0    0    0    0    0  
  72    0    0    0   75    0    0   83   68   76   71   98   61    0    0    0   83   64    0    0   92    0   61    0    0   81    0   97    0    0    0    0   77   96  100    0    0   67   62    0    0    0   94    0  100    0    0    0    0   79   93   99    0    0    0   80    0    0   86    0    0   70    0   83    0   82   73   89    0   68   66    0    0   74   81    0   65   85    0    0    0   91   84    0   95   90    0   93   89    0   87   98    0   69   63    0    0   94   88   78  
  77    0   99    0   85   95   91    0    0   97   94    0    0   74   68   98   88    0    0    0   75   92    0   88    0    0   96   87   81    0    0    0    0   61   79   64    0   72   76   71    0    0  100    0    0    0   69   77    0    0    0   71   72    0   90    0    0    0  100   92    0   78   93   67   89   70    0    0   63   82    0    0    0   83    0    0    0    0   62   80   86    0    0   65    0   95    0   66    0    0   99   73    0    0   63   91    0    0   84    0  
  64    0   76    0   62    0    0   95   93   74   71    0    0    0    0    0   63    0   64    0    0    0   77   88   93   86    0   91   66   89   68   73   65    0   83    0    0    0    0    0   93    0   98    0    0   96    0   93   90    0    0   82   82    0   80    0    0   92    0    0   81    0    0    0   67    0   69    0   99    0    0   94   87    0   70  100   76    0   75   84   97   95    0    0   85   79    0    0    0  100   90    0    0   61    0    0   72   78    0   89  
   0    0    0    0   86   65    0   91   80   63    0   81    0    0   87   74   79    0   98    0   64   90   69    0    0    0   62    0   83   73    0   92    0   73    0    0    0   85   82   67    0    0  100   95    0   75    0   61    0    0   89   96    0    0    0   66    0   78   80    0    0   66    0   68    0    0   88   72   75   73   70   98    0    0   84   99   97   98    0    0    0    0   77   65   71   76   86    0    0    0    0   94   93    0    0    0   96    0    0    0  
  97    0   94    0    0   70   88    0   93    0   63    0   80    0   62   65   95    0   79    0    0    0    0   62   94    0    0    0   83   86    0   61    0   84    0   92    0    0   63    0    0   64   75   81    0    0    0   68    0    0   61    0    0    0   82    0   65    0    0   78    0    0   75    0   94   71   91   73    0   85    0   72    0   66   69   98    0   61   74   90   76    0    0   84    0   87   99    0    0   96    0    0   89    0    0    0  100   96   67   77  
  75    0   70   63    0   92    0    0   73   99   89    0    0   80   85   82   86    0    0   78    0   88    0    0    0   64    0   91    0    0   88    0    0   61   76   66    0    0    0    0   83   88   84   90   97   79    0   69    0   68    0   95    0   67   87  100    0   85    0    0    0   86   71    0    0   96    0    0    0    0   66    0   81    0   72    0   92    0    0    0    0    0   93    0   63    0    0   98    0   95   86   74   65    0    0   94   77   85    0   62  
   0   67   82   84    0   90    0    0   98   97   70   89   78   85    0    0   72    0    0    0   89   93    0   80   61   86    0    0   99    0   78    0   69    0    0    0    0    0   71   75    0    0    0   63    0  100   70    0    0    0    0   92    0    0   95   85   83    0    0   79   94   71   85   65   76   64    0    0   87    0    0    0   81    0   77    0   74   88   80   68    0    0   97    0    0    0    0   62    0    0   73   96   91    0    0    0    0   86  100   66  
   0   85    0    0   75   90    0    0   99    0    0   81   63   83   70    0    0   76   78   98    0   62   86   80    0   90    0    0   61   87    0    0   66   79    0   77   82   73   69   86   64    0    0    0   89    0    0    0   99    0    0    0   72    0   66    0   92   68    0   73   65    0    0   61   71    0    0    0   67   94  100    0   74    0   95    0    0   96    0   88   93    0    0   75   84   71   97   92    0   91    0    0    0    0   99    0    0    0    0    0  
  83    0    0    0    0   69    0    0   75    0    0   71   95   64   77    0    0    0   90   95    0    0   99   87    0   82   91    0   80    0   84   81   66    0   62   89   73   98   67    0   85   75    0    0    0    0    0    0   78    0   79   72    0    0   79   66   68    0    0    0   62    0   74   96   94   86    0   88   98    0    0   99   63  100    0   91    0    0    0   97   93    0   70   79    0    0   76   61   92    0    0   76    0    0    0    0    0    0    0   65  
  86    0   82    0    0    0    0    0   88    0   94   83    0    0    0    0    0   96    0   64   83    0   80   70    0   68    0   66   87    0   65    0   83    0    0   76   72    0   75   65    0   97    0   84   81    0   89    0    0    0   74   73   82   98    0    0    0   63   93    0   91   88    0   79    0   95    0    0   92    0    0   62   77   90    0    0    0    0   70   99   61   78    0    0    0    0    0    0   67    0   85    0   71   80   84   67   84   69  100    0  
   0   83    0    0   77    0   85   99    0   80    0   95   82    0    0   88   87   80    0    0    0   98   61    0   85    0   81   78    0   65    0   94   81   74   92    0   77   89    0   79    0    0  100   68   90    0    0    0    0    0   85   62    0    0    0    0   72   83   75   70    0    0   67   86    0    0    0    0   96   63   97   76   69    0    0    0    0    0    0   62    0    0    0    0   64   99    0    0    0   84   94    0    0   91   73    0   71   93   66  100  
   0   71  100   96    0  100    0   85    0    0   83    0    0    0   97   71   95   70   74   61    0    0    0   68    0    0   98   86   89    0    0    0   78    0   72    0   75   64   80   77   67    0    0   90   63    0   92    0   87   62    0    0   84    0   91   96    0   95    0    0    0    0    0   66    0    0    0   89   83   65   68   94   68    0    0   71    0    0    0    0   73   82    0   93  100    0    0   81   99   69    0    0    0    0   88   76   79    0    0    0  
  87   75   89    0    0   93    0   69    0    0    0   97    0   64   68   70   65    0   74   99    0    0   65   66    0    0   65    0    0   80    0   88   61   83   71    0   94    0    0    0    0   96   78   85    0    0    0   86   76    0   82   67   98    0    0    0   77    0   63    0    0   67   95    0    0   96   92    0    0   96    0    0    0    0    0    0   72   73   81    0   93    0   79    0    0   95    0   90    0  100    0    0   75   70   84    0   62   91    0   79  
   0    0   79    0    0   68    0   76   71   70    0   94    0   74  100   88    0    0    0    0   98    0    0    0    0    0   88    0   74   95   68    0   93   99    0   69   67   66   65   62    0   91   72   89   82   84    0   97    0    0    0    0   73   96   63   86    0    0    0   90    0   66    0    0   85    0   96    0    0   93    0    0   75   92   61   87   77    0    0   78    0    0    0    0   80    0   64   83   80   89   88    0    0   81  100    0    0    0    0    0  
  88   72   81   63   68    0   86    0   77    0   64   88   65    0   89   97    0    0    0  100   62   93    0   98   75    0   85    0   84    0   78    0   95    0   66   83   96   70    0   84    0   74   66   92    0   89    0    0    0   61    0    0   94    0    0    0    0   80    0   84   76    0    0   91   97    0   67   79    0   84    0    0   99   71   94    0   87    0    0    0   70    0   73   69    0    0    0   90   97    0    0    0    0    0    0    0    0    0    0   82  
   0    0   73   72   61    0   70   81   71    0   94   72   97   83    0   88    0    0    0   91   76    0    0   66    0   67    0    0    0    0   67   99    0   68   65    0    0    0    0   79   90   98   81   93    0    0   83    0    0    0    0   76   78    0   79   77   69    0   74    0    0    0   96    0  100   64    0   87  100   61   75    0    0    0   84   62    0    0   63   89   85    0   82    0    0   86   95    0    0   92   64   80    0   70    0    0    0    0    0    0  
  98   97  100   64   73   85    0    0    0    0    0   78   72    0    0   76    0    0   87    0    0   94    0    0    0    0   96    0    0   89    0    0    0   85   81   68   84   71   86   72    0   69   74    0    0    0   77   92    0    0   93    0    0   75    0    0   88   63   82    0   83   95    0   61   93   91   90    0   98    0    0   82    0    0   99   98    0   94    0   65    0    0   62    0    0   67    0   79   80    0   96    0    0   98    0    0   70   66   75    0  ] 
BUDGETS : [    1    1    4    6   11   13   17   20   20   24   29   32   35   36   37   38   39   40   41   43   45   48   48   50   53   56   62   68   72   72   73   74   75   76   76   78   79   81   86   96   97   97   98  100  100  102  102  103  103  104  107  107  110  114  114  115  116  117  117  118  119  120  120  125  126  127  136  137  141  142  143  144  145  145  145  146  147  149  150  152  154  155  155  160  161  162  163  163  165  166  170  174  186  186  187  189  190  192  194  196  ] 
