K : 50
I : 25
PREFERENCES : [    0    0   22    0   25   22    0    0    0    0   20   18    0    0   23    0   18   19   21   22   25    0   18   24    0  
   0    0   19   21   18   22    0    0    0   20    0    0    0   24   20   25   19   23    0   25    0   22    0    0   20  
  25    0   23   18    0    0   24   21    0   22    0    0   18    0    0    0   25   18    0   25   19   25    0    0   20  
  21    0   19    0    0   23   19   25    0   22   24    0    0    0   21   22   22   18    0    0    0    0   18   20    0  
  22   20   21   19    0   22   24    0   22    0    0   22    0   18   25   21    0    0   22    0    0   23    0    0    0  
  20    0    0   21   24   18    0    0    0    0    0    0   21    0   21    0   22   25    0   23   20   19    0   19   24  
   0   19    0   24   25    0   18    0   25    0   22    0    0    0   20   24    0   21   23   25    0   23   25    0    0  
   0    0    0   20    0   25   25    0    0   24    0   23   18   19   21   20   24    0   24   21    0    0    0    0   22  
  24    0    0    0   24    0   23    0   20   18    0    0   25   25   24    0    0   20   22   18    0   21    0   19    0  
   0   19   25    0   25    0   23    0   21   21   24    0   23    0   20    0   18    0    0    0   22   20    0   22    0  
   0    0   22    0   21    0   21    0    0   25    0    0    0   22   23   18   24   19   21    0    0   20   23   24    0  
  25   21    0    0    0    0    0    0    0   20    0   18    0    0   24   23   19   19   19   24    0    0   23   24   22  
  25    0   23   23   18    0    0    0   23    0   20   22    0    0    0   25    0   21    0    0   24    0   24   19   20  
  20   24   18   21    0    0   19   25   23   20   22    0    0    0    0    0   21   20    0    0    0    0   22   20    0  
   0   18   24    0   19    0    0   21    0   24    0   25    0   18    0   23    0    0   18   20   22   18    0   24    0  
   0   22   19    0   25   23   21    0    0    0   24   19   25   21    0   21   18    0   20   20    0    0    0    0    0  
   0   21   24   20    0    0   23   24   18    0   23   22   24    0    0    0    0    0   19   25   25    0    0   21    0  
  18    0   20    0   21   24    0   21   22    0   19    0    0    0    0   23   19    0   25   23   23   19    0    0    0  
   0   21   25   22    0    0   23   18    0    0    0   19    0   25   24    0    0    0   21   20   20    0    0   19   19  
  20    0   23   25    0   22    0    0    0    0    0   18    0   18    0   22   19    0   24    0   25   21   18   25    0  
  25    0    0    0    0   20   25   25   22   18    0   24    0    0    0   22    0    0   19   23   24   24   21    0    0  
   0    0   25    0    0    0   22    0   18   21   22    0    0   20   22   22   24   18    0   20    0    0   23   19    0  
   0   23    0   21    0    0   24   20    0   20   25    0   18    0    0    0   18   22    0    0   20   19    0   19   24  
  25   19   21   18    0    0    0   20    0    0   24    0   22   23    0   19   24   19    0   20    0    0    0   20    0  
  18   21   22    0   18   23    0    0    0   24    0   24    0    0    0   20    0   19   24   24    0   24   25    0    0  
  25   25    0    0    0    0   24   24   18    0   21   23    0   24   24    0   19    0    0   22    0    0    0   22   20  
   0    0   25   23    0    0    0   24   22   18    0    0   20   24    0   22   23    0   23    0   19    0    0   25   21  
   0   23    0    0    0    0   21    0    0   20   24    0    0   23   18    0   18   23   21    0   22   23    0   19   25  
  24    0   25    0    0    0   24    0    0   20   18   19    0    0   23   22   20    0    0   21    0   18   20    0   19  
  25   23   19   22    0    0   18   24    0   21    0   18    0    0    0    0   22   20   20    0   22    0    0   22    0  
  20    0    0    0   18    0   20   23    0    0   22   20    0   18   24   25    0    0    0   19   21   23    0    0   24  
  25   18    0   18    0   24   19   23    0    0    0    0   20   22    0    0    0   23    0   21   19   23    0    0   25  
   0   20   18    0    0   22    0   23    0    0   22    0   20    0    0   20   19    0   21   24   18   25    0    0   24  
  23    0    0    0   24    0   25    0    0   25    0    0   24   20    0   20   18   21   19   23   19    0   22    0    0  
   0    0    0    0    0   21   20    0   22   25   24    0    0    0    0   22   19    0    0   23   19   18   21   18   18  
   0   24   25   23    0    0   21   22    0    0   20   18   23    0   24    0   23    0    0    0   25    0   19   21    0  
   0    0    0   18    0    0    0   23   22   18    0   24    0   20   21    0   24    0   25   18    0   23   19    0   24  
   0   20    0    0   25   23    0   25   24    0   18    0    0    0    0    0    0   21   22   18   19    0   19   21   22  
  21   25    0   25    0   18   22    0    0   25   23   24    0    0   22    0    0    0    0    0   19    0   18   21   20  
  24   20   20   22    0    0    0   19    0    0   23   22   18   25    0    0    0    0    0   25    0   21    0   21   24  
  25    0   20    0   24   21   23    0    0    0   24   21    0    0    0   22    0    0    0   18   20   18    0   19   21  
   0    0   23    0    0    0    0   19   20   25   18   18    0   19   19   20    0    0    0   24   21   21   22    0    0  
  19   18    0   23   24    0    0   24   23    0    0    0    0   20    0   21   21   22   25   24   20    0    0    0    0  
   0   21    0    0    0   19   18   25   21   24    0   24   24    0    0   23   18    0    0    0   20    0   22   20    0  
   0   19   20   18   21    0    0    0   20    0    0   24   22    0    0    0    0   23    0   20   25   22   18   20    0  
   0    0   24   18    0    0   24    0   23    0    0   25   24   18    0   22   24    0   19   21    0    0    0   20   20  
   0   25   24    0   18   23    0   23   22   22    0    0   21    0   24    0    0   20    0   25    0   19    0   24    0  
   0   23    0    0   20   21   25   20    0   24    0   18    0    0    0    0    0   19   24   21    0    0   21   22   24  
  25    0   24   25    0    0   19    0   20   25   25    0    0    0   22   21    0   22   19    0    0    0    0   18   23  
  21   20    0   25    0   20    0    0   18   19    0   21   21   20   22    0   23    0    0    0    0    0    0   19   24  ] 
BUDGETS : [    1    5    8    8    9   10   11   11   12   15   23   24   25   26   31   32   33   33   33   33   36   37   41   50   50   51   54   56   57   59   61   62   65   66   68   69   72   74   75   77   83   85   92   95   95   96   96   98   98  100  ] 
