K : 50
I : 5
PREFERENCES : [    3    2    4    4    1  
   1    2    3    1    4  
   2    4    3    2    1  
   4    1    2    3    2  
   4    2    1    3    1  
   1    4    3    1    2  
   3    1    4    1    2  
   3    4    2    1    3  
   3    4    1    2    3  
   3    3    4    1    2  
   4    1    1    3    2  
   4    1    2    1    3  
   2    3    3    4    1  
   3    2    1    2    4  
   3    4    2    1    3  
   2    3    1    3    4  
   1    3    4    4    2  
   1    3    4    4    2  
   2    1    2    4    3  
   1    4    2    2    3  
   4    2    1    3    1  
   3    4    2    1    2  
   4    2    1    3    3  
   4    4    2    3    1  
   1    4    3    2    2  
   1    3    4    4    2  
   3    4    2    1    2  
   2    4    4    3    1  
   1    4    2    1    3  
   2    1    3    1    4  
   1    4    4    3    2  
   3    1    4    4    2  
   2    3    1    4    3  
   4    4    3    2    1  
   2    3    1    1    4  
   3    4    2    1    4  
   4    3    1    3    2  
   2    3    1    2    4  
   3    4    3    1    2  
   4    1    3    2    3  
   4    3    2    4    1  
   2    4    3    1    3  
   3    2    1    4    4  
   1    3    1    4    2  
   4    4    2    3    1  
   2    4    1    3    4  
   1    2    4    4    3  
   4    1    2    1    3  
   2    4    1    1    3  
   3    3    4    2    1  ] 
BUDGETS : [    7    9   10   11   12   12   15   16   17   22   24   26   26   27   27   30   35   35   35   36   39   39   42   43   44   44   46   48   48   49   52   53   53   57   60   62   71   71   73   75   76   81   90   90   91   92   96   96   96  100  ] 
