K : 150
I : 75
PREFERENCES : [   74    0   68    0    0   62    0    0   75   72   65    0    0    0    0    0    0    0    0    0    0    0    0    0    0    0   64    0    0    0    0    0    0    0    0    0    0    0    0   74    0   66    0   71    0    0    0   73    0    0    0   69   70    0    0    0    0    0    0    0    0    0    0    0    0    0    0    0    0    0   67    0    0    0   63  
   0    0    0    0    0   66    0    0    0    0    0    0   70    0   64    0    0    0   71   63   73    0    0   68    0   67   65    0    0    0    0   75    0    0    0   65   62    0    0    0    0    0    0   74    0    0    0    0    0    0   69    0   72    0    0    0    0    0    0    0    0    0    0    0    0    0    0    0    0    0    0    0    0    0    0  
  68    0    0    0    0    0   69   64    0   67    0   70    0    0    0    0    0    0    0    0    0   62    0    0    0    0   73    0    0    0    0    0    0    0    0   74    0    0   65    0    0    0    0    0   73   75    0    0    0    0    0    0    0   66    0    0    0    0    0    0    0    0    0    0   71    0    0    0    0    0    0    0   72    0   63  
  65    0    0    0    0    0   73    0    0    0    0    0    0    0    0    0   67    0    0   71    0   69    0   63    0    0    0    0   66    0    0    0   72    0    0    0    0   74   68    0    0    0    0   62   64    0    0    0    0    0    0   75    0    0    0   70    0    0    0    0    0    0    0    0    0    0    0    0    0    0    0    0    0    0   70  
   0    0    0    0    0   65    0    0    0   66   63   63    0   70   69   68    0    0    0   74    0    0    0    0    0    0    0    0    0    0    0    0    0    0    0    0    0    0    0   75    0   71    0    0    0    0    0    0    0    0    0   64    0    0   62    0    0    0    0    0   67    0    0    0    0    0   73    0    0    0    0    0    0   72    0  
   0    0   71    0    0    0    0    0    0    0    0    0    0    0   72    0    0   65    0    0   75    0   69    0    0    0   71    0   62    0    0   67    0    0    0    0    0    0    0    0   73    0    0   64    0    0   74    0   63    0    0    0   68    0    0    0    0    0    0    0    0    0    0    0   70    0    0    0    0    0    0   66    0    0    0  
   0    0    0    0    0    0   70    0   72    0    0    0    0    0    0    0    0    0    0    0    0   75    0   67    0    0   69    0    0    0    0    0   63    0    0    0   62    0    0    0    0    0   65   74    0   68    0    0    0    0    0    0    0    0    0    0    0    0    0    0    0   66   73   64    0   69    0    0    0    0    0    0    0   71    0  
  65    0    0   73    0   62    0    0    0    0    0    0    0    0    0    0   71    0   72    0    0    0    0    0    0    0    0    0    0    0    0    0    0    0    0    0    0    0    0    0   63    0    0    0   75    0   64    0   72    0    0    0   70   66    0    0   74    0    0    0    0   68    0    0    0    0    0    0    0   67    0    0   69    0    0  
   0    0   68   75    0    0    0    0    0   62    0    0    0    0    0    0    0   70   74    0    0    0   71    0    0    0    0    0   69    0    0   67    0   63    0    0    0   73    0    0    0    0    0   72    0   70    0    0    0   65    0    0    0    0    0    0    0    0    0    0   66    0    0    0    0    0    0    0    0    0    0   64    0    0    0  
   0   66    0    0    0    0    0    0    0    0    0    0    0    0    0    0    0    0    0   72    0    0    0    0    0    0   68   69    0   62   75    0   74    0    0   64    0    0   63   71    0   65    0    0    0    0    0    0    0    0    0    0    0    0    0   73    0    0    0   66    0    0    0    0   70    0   67    0    0    0    0    0    0    0    0  
   0    0    0    0    0    0    0    0    0    0    0   74    0    0   63    0    0    0    0   62   66    0   67    0    0   69   64    0    0    0    0   75    0    0    0    0   71    0    0   72   65    0    0    0    0    0    0    0    0   72    0    0    0    0    0    0    0    0    0   68   73    0    0    0    0    0   70    0    0    0    0    0    0    0    0  
   0    0    0    0    0   72    0   73   71   74    0    0    0    0   75    0    0    0    0    0    0    0    0    0    0    0    0    0    0    0    0   69    0    0   64    0   63    0    0    0    0    0    0    0   74    0    0    0    0   65    0    0    0    0    0    0   62    0    0   70    0    0    0    0    0   68    0    0   67    0    0   66    0    0    0  
   0   64   68    0    0    0    0    0    0    0    0    0    0   65    0    0   71    0    0    0    0    0    0    0    0   67    0   62    0    0    0   75    0    0    0    0    0    0   70    0    0    0    0    0    0   74    0    0    0    0   72   66    0    0    0    0    0    0    0    0    0    0    0    0   63    0    0    0   75   69    0    0    0   73    0  
   0    0    0   72    0    0    0   73    0   66   74    0    0    0    0    0    0    0    0   64    0    0    0    0    0    0    0    0   72   62    0   75    0    0   65    0    0    0    0    0    0    0    0    0    0    0    0    0    0   70    0    0    0    0    0    0    0   67    0    0    0    0    0    0   69    0    0   63   71   68    0    0    0    0    0  
   0    0    0    0   62    0   73    0    0   72    0    0   63    0    0    0    0    0    0    0    0    0    0    0    0    0    0    0   70    0   62   74   68   64    0    0    0    0   71   67    0   66   69   75    0    0    0    0    0    0    0    0    0    0    0    0    0    0    0    0    0    0    0    0    0    0    0    0    0    0    0    0   65    0    0  
  65    0    0   64    0   73    0    0    0    0    0    0    0   70   67    0    0   69    0    0    0    0    0   68   63    0    0    0    0    0    0    0   66    0    0    0    0   74   72    0    0    0    0    0    0    0    0    0    0   62    0    0    0    0    0    0    0    0   70    0    0    0    0    0   71    0    0    0    0    0    0    0   75    0    0  
   0   63   74    0    0    0    0   69    0   65    0    0    0    0    0    0    0    0    0   72    0    0    0    0    0    0   67    0    0    0   71    0    0   62    0    0    0    0    0    0   64    0    0    0    0    0    0    0   62    0    0    0    0    0    0   68   70    0    0    0   73    0   75    0    0    0    0    0    0    0   66    0    0    0    0  
   0    0    0    0    0    0    0    0    0   62   75    0   72    0   73    0    0    0    0    0    0    0    0   63    0    0   71    0    0    0    0    0    0    0    0    0    0    0   69    0    0    0    0    0    0    0    0    0   65   64    0    0    0    0    0    0    0    0   74    0   66   68    0   70    0   73   67    0    0    0    0    0    0    0    0  
   0    0    0    0    0    0    0    0    0    0    0    0   70   63    0    0   74    0    0    0    0    0    0    0    0   66    0    0    0    0   75    0    0    0    0   62   69    0   69    0    0    0    0    0    0    0    0    0    0    0    0    0    0    0    0    0   73    0    0    0    0   71    0   68    0    0   65    0    0    0    0   67   72    0   64  
   0    0   70    0   66    0   74    0    0    0   67   69    0    0    0    0    0    0    0    0   72    0    0    0    0    0   71   68    0    0    0    0    0    0    0    0    0    0    0    0    0    0    0    0   73    0    0    0    0    0    0    0    0    0    0   62   75    0    0    0    0    0   68    0    0    0   63    0   64    0   65    0    0    0    0  
   0    0    0    0    0    0    0    0    0   64    0    0    0    0   71    0   75    0    0    0    0    0    0    0    0    0    0   73    0    0   69    0    0    0    0    0    0    0    0    0    0   74    0    0    0    0   68    0    0    0    0    0    0    0    0    0    0    0    0   63   67   65   66    0    0   62    0    0   66    0    0    0   70    0   72  
  70    0    0    0   67    0    0   71    0    0    0    0   63   75    0    0   72    0    0    0    0    0    0    0   74    0    0    0    0    0    0    0    0    0   71    0   68    0    0    0    0    0   73   66    0    0    0    0    0    0    0   65   62    0    0    0    0    0    0    0    0    0    0    0    0    0    0   69    0    0   64    0    0    0    0  
   0    0    0    0   70    0    0    0    0    0   71    0    0    0    0    0   68    0   62    0    0    0    0    0    0    0    0    0    0    0   72    0    0    0    0    0   73    0   67    0    0   65    0    0    0    0    0   66    0    0    0    0    0    0    0   64    0    0    0    0    0    0    0    0    0    0   63   74   75    0   69    0   69    0    0  
  62   68    0    0    0    0    0   67    0   74    0    0    0    0    0    0    0    0    0   66   63    0    0    0    0    0   71    0    0   72    0    0   70    0    0    0    0    0   65    0    0    0    0    0    0    0    0    0    0    0    0    0    0    0    0    0    0    0   69    0   75   75    0    0    0    0    0    0   73    0    0    0    0    0   64  
   0    0    0    0    0   70    0   74    0    0    0    0    0    0   62    0    0    0    0   67    0    0    0    0    0    0    0   75   69    0   64    0    0    0    0   68    0    0    0    0    0   74   66   71   63    0    0    0    0    0    0    0    0    0    0    0    0    0    0   73    0    0    0    0    0    0    0    0    0    0    0   72   65    0    0  
  73   69   64   66   74    0    0    0    0    0    0    0    0    0   71    0    0    0   75    0    0    0   68    0    0    0    0    0    0    0    0    0    0   72    0    0    0    0    0    0    0    0    0    0    0    0   63    0    0    0    0   72    0    0    0    0   62    0    0    0   70    0    0    0    0    0   65    0    0    0    0    0   67    0    0  
   0    0    0    0    0    0    0    0   70    0    0   72    0    0    0    0    0   64    0    0    0    0    0    0    0    0    0   62    0    0    0    0    0    0    0   68    0    0    0    0    0    0    0   65   73    0    0    0    0    0    0   74    0    0    0    0    0   66    0    0    0    0   69   67    0    0    0    0   75    0    0    0   72   71   63  
  74    0    0   68    0    0    0    0    0    0    0    0    0    0    0    0    0   64    0    0    0   71    0    0   69    0    0   75   67    0    0    0   66    0    0    0   73   62   70    0    0    0    0    0    0    0    0    0    0    0    0   66    0    0    0    0    0    0    0    0    0    0    0    0   72    0   63    0    0    0    0   65    0    0    0  
   0    0    0   67   69    0    0    0    0    0    0    0    0    0    0   71   72   68    0    0    0    0    0    0    0    0    0   64    0   73    0   75   65   62    0    0    0    0    0    0    0    0    0    0    0    0    0    0   70    0    0    0    0    0    0    0    0    0   66    0    0   72    0    0    0    0    0    0    0   74    0    0   63    0    0  
   0    0    0    0    0    0    0    0    0   62    0    0    0    0    0    0    0    0    0   75    0    0    0    0    0    0   71   66    0    0    0   63    0    0    0    0    0    0    0    0   64    0    0    0    0    0    0   62    0   74    0    0   68    0   67    0    0    0    0    0    0   65    0   69    0   72    0    0   73    0    0   70    0    0    0  
   0    0    0    0    0    0   70    0    0    0    0   73    0    0    0   75    0    0    0    0   62   63   66    0    0    0    0    0    0   64    0   74    0    0   65   72    0   74    0   71    0    0   69    0    0    0    0    0    0    0    0    0    0    0    0    0    0    0    0    0   68    0    0    0    0    0    0    0    0    0    0    0    0   67    0  
   0    0    0   63   72    0    0    0   62   65    0    0    0    0    0    0    0    0    0   64    0    0    0    0    0    0    0   67    0    0    0    0    0   71    0   75    0    0    0    0    0    0   69    0    0    0   68    0    0    0   75    0    0    0    0    0    0    0   74    0    0    0    0   70   66    0    0    0    0    0    0   73    0    0    0  
   0    0    0    0    0   70    0    0   72    0    0    0    0   66   73    0    0    0    0    0    0   63    0    0    0    0    0    0    0   67    0    0    0    0    0    0   75    0    0    0    0    0    0   65   64    0    0    0    0    0    0    0    0    0   69    0    0    0    0   67    0    0   71    0   68   74    0    0    0    0   62    0    0    0    0  
   0    0    0    0    0    0    0   70    0    0    0    0    0    0    0   66    0    0   65    0    0   72   74   75    0    0    0    0    0   73    0    0    0    0    0    0    0   68    0    0   63    0    0    0   69   71    0    0   62    0    0    0    0    0    0    0    0    0    0    0    0   64    0    0    0    0   74    0    0   67    0    0    0    0    0  
   0    0    0    0   69    0   62    0    0    0    0    0    0    0    0    0    0    0    0    0    0    0    0   65    0   68    0    0    0    0    0    0    0    0    0    0   72    0   73    0    0    0    0    0   75    0    0    0    0    0   70    0    0    0    0    0   71   74    0   64   63   66    0    0    0    0    0    0    0    0    0   64    0   67    0  
  64    0    0    0    0    0   63    0   67    0   71    0    0    0    0    0    0    0    0    0    0   72    0   65    0    0   62    0    0    0    0    0    0    0    0    0    0   74   65    0    0    0    0    0    0    0   66    0    0    0    0    0   75    0   70    0   68    0    0    0   73    0    0    0    0    0    0    0    0    0    0   69    0    0    0  
   0    0    0    0    0    0    0    0    0    0    0    0    0    0   66    0    0    0    0    0    0    0   74    0    0    0    0    0    0    0    0    0    0    0   75    0    0    0   72    0    0    0   68   65    0    0    0    0    0   71    0    0    0   63   64    0    0    0    0    0   69   62    0    0    0    0    0    0   67   73    0    0    0   70   72  
   0    0    0    0    0    0   69    0    0    0   63    0    0    0    0   75    0    0   70    0    0    0    0   72    0    0    0    0   73    0    0   68    0    0   71    0    0    0    0    0   67    0    0    0    0    0    0    0   64    0    0    0    0   63    0   74   66    0    0   65    0    0    0    0    0   62    0    0    0    0    0    0    0    0    0  
   0   72   68    0    0    0    0   73   69    0   65    0    0    0    0    0   64    0   68    0    0    0    0   63   71    0    0    0    0    0    0    0    0    0    0    0    0    0    0    0    0    0    0    0    0    0    0    0    0    0   75   74    0    0    0    0    0    0    0   70    0    0   66    0   62    0    0    0   67    0    0    0    0    0    0  
   0    0    0    0    0    0    0    0    0   71    0   65    0   75   72    0    0    0    0    0    0    0    0    0    0   74    0    0    0   70    0    0   69    0    0    0    0    0   67   68    0    0   72   62    0    0    0    0    0    0   63    0    0    0    0    0    0    0    0    0    0    0   66    0   64    0    0    0    0    0    0   73    0    0    0  
   0    0   63    0    0    0    0    0    0   73    0    0   68   70    0    0    0    0    0    0    0   63   62    0    0    0    0    0    0    0    0    0    0    0    0    0    0    0    0    0   66    0    0    0    0    0   71    0   67   65    0    0    0    0    0    0   64    0    0    0   74    0    0    0    0   72    0    0    0    0    0    0   69   75    0  
   0    0   68    0   66    0    0    0    0    0    0    0    0    0    0    0   65    0    0    0   70    0    0   63    0    0    0    0   75    0   69    0    0    0    0    0    0    0    0    0    0   72   74    0   67    0   71    0   73    0    0    0    0    0    0   69    0    0    0    0    0    0    0    0    0    0    0    0    0   62    0    0   64    0    0  
   0    0    0    0    0    0   73    0    0    0   74   63    0    0    0   64   65    0    0    0    0    0    0    0    0    0    0    0   71    0    0    0    0    0   75    0    0   66    0    0    0   67    0    0    0    0    0    0    0   62    0   70    0    0    0    0    0    0    0    0    0    0   72    0    0    0   63    0    0   68    0   69    0    0    0  
   0    0    0    0    0    0    0   75    0   74    0   74    0    0    0   67    0    0    0    0    0    0    0   68    0   69   63    0   71    0    0    0   72   73    0    0    0   64   66    0    0   70    0    0    0    0   62    0    0    0    0    0    0    0    0    0    0    0    0    0    0    0    0    0    0    0    0    0    0    0    0   65    0    0    0  
   0    0   70    0    0    0    0    0    0    0    0    0    0    0    0    0    0    0   74    0    0    0    0    0    0    0    0    0    0    0    0   73    0   62    0   67    0    0    0    0   71    0    0   72    0    0    0   68   69    0    0    0    0    0    0   63    0    0   66    0   67    0   64    0    0    0   75    0    0    0    0   65    0    0    0  
   0   62    0    0   75   71    0    0    0    0    0    0    0    0    0    0    0   62    0    0    0   72    0    0    0    0    0    0   73    0   68    0   66    0    0   67    0    0    0   65    0   69    0   63    0    0    0    0    0    0    0    0    0   64    0    0    0    0   70    0    0    0    0    0    0   74    0    0    0    0    0    0    0    0    0  
  69    0    0    0   63   68    0    0    0    0    0   62    0    0    0    0    0    0    0    0    0   72    0    0    0    0    0    0   74    0    0    0    0    0    0   73    0   65    0    0    0    0    0    0    0    0   64   69   71    0    0    0    0    0    0   70   67    0    0    0    0    0    0    0    0    0    0    0    0    0    0    0   66    0   75  
   0    0    0   71    0   63    0   72    0    0    0    0    0    0    0    0    0    0    0   68   73    0    0    0    0    0    0    0   74    0   65    0    0    0   67    0    0    0    0    0   66    0    0   64    0   69    0    0    0   70    0    0    0    0    0   62    0    0    0    0    0   73    0    0    0    0    0    0    0   75    0    0    0    0    0  
   0    0    0    0    0    0    0    0   71    0    0   66    0    0    0   64    0    0    0    0    0    0    0    0    0    0    0   65    0    0    0    0   74    0    0    0    0    0    0    0    0    0    0    0    0    0   69   68   72    0   62    0    0    0   67   70    0    0    0    0    0    0    0    0    0   70    0   75    0   73   63    0    0    0    0  
   0    0    0    0    0    0    0    0    0    0    0    0    0    0    0    0    0    0    0    0    0   74    0    0    0    0   66   69    0    0   64   75    0    0    0   65    0   62   71   73    0    0    0    0    0    0    0    0   74   70    0   63    0    0    0    0   67    0    0    0    0    0    0   68    0    0    0    0   72    0    0    0    0    0    0  
  72   66    0    0    0    0    0    0    0    0   71    0   74    0    0    0    0    0    0    0   68    0    0    0   63    0    0   62    0   64    0    0    0    0   70    0   75    0    0    0   67    0    0   65    0    0    0    0    0   66    0    0    0    0    0    0    0    0    0    0    0    0    0    0    0    0    0    0    0   69    0    0    0   73    0  
   0    0   67    0    0    0    0    0    0    0    0    0    0    0    0    0    0    0    0   69    0    0    0    0    0   70    0   63    0   62    0    0   75    0    0   74   72    0    0    0    0    0    0    0    0    0    0    0    0    0    0    0    0    0    0   63    0   64    0   65    0    0    0    0    0    0    0   66    0   71    0   68    0   73    0  
   0   71    0    0    0    0   67    0   68    0   70    0   64    0    0   63    0    0    0    0   73    0    0    0    0    0    0    0   75    0    0   72    0    0    0    0    0    0   73    0    0    0    0    0    0    0    0    0    0    0    0    0    0    0    0    0    0    0    0    0   62    0   65    0    0    0    0    0    0   74   69   66    0    0    0  
   0    0   72   66    0    0   63   75    0    0    0    0    0    0   74   71    0   72    0    0   67    0    0    0    0    0   68    0    0    0    0    0    0    0    0    0    0   69    0    0    0    0   62    0    0    0    0   73    0    0   70    0   64    0   65    0    0    0    0    0    0    0    0    0    0    0    0    0    0    0    0    0    0    0    0  
  74    0    0    0    0    0   75    0   65    0    0    0    0    0    0    0    0    0    0    0    0    0    0    0    0    0    0    0    0    0    0    0    0   66    0   73    0    0    0    0    0   63    0   64   72   66    0    0    0    0    0    0    0    0    0   71    0   70   68    0    0    0    0    0    0   62    0    0    0   67    0    0   69    0    0  
   0    0    0   71   72    0    0    0    0    0   75    0    0    0   62    0    0    0    0    0    0   66    0    0    0    0    0    0    0    0    0    0    0    0    0   67   64    0    0   74    0    0   73    0    0    0   70    0    0    0    0    0    0    0    0    0    0    0    0    0    0   75    0    0   65    0    0    0   63    0    0   69    0   68    0  
  70   67    0    0   65    0    0    0    0    0    0    0    0    0    0    0    0    0    0    0    0   73    0    0    0    0    0    0    0    0    0    0    0    0    0    0    0    0    0    0    0    0   68   74   71    0    0    0   69    0   75   64    0   66    0    0    0    0    0    0    0    0    0   62    0    0   72    0   66    0    0    0    0   63    0  
   0    0    0    0    0    0    0   68    0    0   75   64    0    0    0    0    0   74    0    0    0    0    0    0   73    0    0    0    0    0   65    0    0    0    0   71    0   66    0    0    0    0    0    0    0    0    0    0    0    0    0    0    0    0   62   71    0    0    0    0    0   67   70   69    0    0    0   63    0    0    0    0    0    0   72  
   0    0    0    0    0    0    0    0    0    0    0    0    0    0    0    0   69    0    0    0    0    0    0    0    0    0    0    0    0   72    0    0   73    0    0    0   71    0    0    0    0   67    0   64   68    0   74    0   62    0    0    0    0   66    0    0    0    0    0   65   75    0   63    0    0    0    0    0    0    0    0   70    0   63    0  
   0    0    0    0    0    0    0    0    0    0    0    0    0   72    0    0    0    0    0    0    0    0   71   73    0   66    0    0    0    0   62    0    0    0    0    0   67   74   64    0   68    0   69    0    0   68    0    0    0    0    0    0   75    0    0    0    0    0    0    0    0    0    0    0    0    0    0   65   70    0   63    0    0    0    0  
   0    0    0    0    0   72    0    0    0   71    0   63    0    0   68    0    0    0    0    0    0    0    0    0    0    0    0    0    0    0    0    0    0   73    0    0   66   65    0    0    0    0    0   66    0    0   75    0   67    0    0    0    0   74    0   70   69    0    0    0    0    0    0    0    0    0    0   62    0    0    0    0    0   64    0  
   0    0    0    0    0    0    0   75    0    0   64    0   68    0    0    0   73    0    0    0    0    0   70   71    0    0   66    0    0    0    0    0    0   69    0    0    0    0    0    0    0    0   67    0    0    0    0    0   65    0    0    0    0    0    0   62    0    0    0   69    0    0   72    0    0    0   63   74    0    0    0    0    0    0    0  
   0    0    0    0    0    0    0    0   66    0    0   65    0   67    0   68    0    0   62    0    0    0    0    0    0    0    0    0    0    0   69    0    0    0    0    0    0   75    0    0    0    0    0   64   73    0    0   72    0    0    0    0    0    0    0   70    0    0    0   74    0    0    0   71    0   63    0    0    0    0    0    0    0    0   63  
  65    0    0    0    0    0    0    0    0    0   72   67    0   63    0    0   74    0    0    0    0    0    0   66    0    0    0    0    0    0    0    0    0    0    0    0    0   62    0    0    0    0   71    0    0   68   73    0    0    0   69    0    0    0    0    0    0   75    0    0    0    0   64    0    0    0    0    0    0    0   70    0   72    0    0  
   0   63    0    0   71    0    0    0   64    0    0    0    0   72    0    0    0    0    0   74    0    0    0    0    0    0    0    0    0    0    0    0    0    0    0    0   75    0    0    0    0    0   69    0    0   67    0    0    0   70    0    0   62    0   68    0   67    0    0    0    0   73   66    0    0    0    0   65    0    0    0    0    0    0    0  
  67    0   69   75    0   64    0    0    0    0    0   68    0   74    0   63   65   75    0    0    0   72    0    0    0    0    0    0    0    0    0   66    0   73    0    0    0    0   71    0    0    0    0   70    0    0    0    0    0    0    0    0    0    0    0    0    0    0    0    0    0    0    0    0    0    0    0   62    0    0    0    0    0    0    0  
   0   71    0    0   63    0   67    0    0    0   62    0    0    0    0    0    0    0    0    0    0    0    0    0    0    0    0    0    0    0    0    0    0    0    0    0    0    0   75    0    0    0    0   74   68    0    0    0    0   72    0   65    0    0    0    0   64    0    0   70    0    0    0    0   69   65    0    0   66    0    0    0   73    0    0  
   0   66    0    0   64    0    0    0    0    0    0    0    0    0    0    0    0    0    0   72    0    0    0   75    0   65    0    0   67    0   69    0    0    0    0    0   71    0   63    0    0    0    0    0    0    0    0    0   74    0    0    0    0   73    0    0   68   70   65    0    0    0    0   62    0    0    0    0    0    0    0    0    0    0    0  
  75    0    0    0    0    0    0    0    0    0    0    0    0    0    0    0   66    0   72    0    0    0    0    0    0   67    0    0    0   71   74    0    0   68    0    0    0   65    0    0    0    0    0   73   62    0    0   63    0    0    0    0    0   65    0   69    0    0    0   70    0    0    0    0    0    0    0    0    0   64    0    0    0    0    0  
   0    0   73    0   71    0    0    0    0    0   66   63    0    0    0    0    0    0    0    0   62    0   66   67    0    0    0    0    0    0   65    0    0    0   70    0    0   69    0    0    0   74    0    0    0    0    0   68    0    0    0    0    0    0    0    0    0    0    0    0    0   72    0   64    0    0    0    0    0    0    0    0    0   75    0  
   0   70    0    0    0   65   69    0    0    0    0    0   75    0    0   74    0    0    0    0    0    0    0    0    0    0    0    0    0    0    0   71   73    0    0    0   67    0    0    0    0    0    0   64    0   72    0    0    0    0    0    0    0    0    0   68    0    0    0    0    0    0   66    0    0    0    0    0   75   62    0   63    0    0    0  
  73    0    0    0    0    0    0    0    0    0    0    0    0   68   71    0    0    0    0    0    0    0   64    0    0    0    0    0    0   75    0    0    0    0    0    0   66   65   64    0   72   69    0    0    0    0    0    0    0    0    0    0    0    0    0    0    0   62    0    0    0    0   74    0    0    0   67    0    0   70    0    0    0   63    0  
   0    0    0    0   67    0    0    0    0    0   70    0    0    0    0    0    0    0    0    0    0    0    0    0    0    0   62    0    0    0   73   63    0    0    0    0    0    0   72    0   65    0    0    0    0    0   74    0    0    0    0    0    0    0    0    0    0    0    0    0    0    0   68    0    0   71    0   75    0    0   66   74   69    0   64  
  75    0   74    0    0    0    0    0    0    0    0    0    0    0   73    0   71    0   64    0    0    0    0   62   69    0    0    0    0    0    0    0    0    0    0    0    0    0    0    0   67    0    0    0    0    0    0    0   70    0    0    0    0    0    0    0    0   63    0   72    0    0   65    0    0    0    0    0    0   66   67    0    0    0   68  
   0   67   75   65    0    0    0    0    0    0    0    0    0    0    0    0    0    0    0    0    0    0    0    0    0    0    0    0   74    0   66    0    0    0    0    0   71   72    0    0   64    0    0    0    0   63    0    0    0    0    0    0    0    0    0    0   62    0   73   69    0    0    0    0   68    0    0    0    0    0    0   70   65    0    0  
   0    0    0    0    0    0    0    0    0    0   63    0    0    0   65   64    0    0    0    0    0    0   72    0    0    0    0    0   75    0    0    0   70   71    0    0    0    0    0    0    0    0   74    0    0   66    0    0    0    0    0    0    0    0    0    0   67   69   73    0    0   68    0    0    0    0    0   62   70    0    0    0    0    0    0  
   0    0    0    0   63    0   70    0    0    0    0    0    0    0    0    0    0   73   72    0    0    0   68    0   67    0   71    0   66    0    0    0    0    0    0    0    0    0    0   64    0    0    0    0    0   75   74    0    0   69    0    0   65    0    0    0    0    0    0    0    0    0    0    0    0    0    0   62    0    0    0    0    0    0   74  
   0    0    0    0    0    0    0    0    0   63    0   71    0    0    0    0    0    0    0    0    0    0    0    0   67   64    0    0    0    0    0   63    0    0   75    0    0    0   69    0    0   62    0    0   72    0    0    0   65   73    0    0    0    0    0    0   66   74    0    0    0    0    0    0    0    0   68    0    0   70    0    0    0    0    0  
   0    0    0    0   63    0    0    0    0   70    0   71   72    0    0    0    0   62    0    0    0    0    0    0    0    0    0   74    0    0    0    0    0    0    0    0   66    0    0    0    0    0    0    0   67    0    0   64    0    0   65    0    0    0    0    0    0    0    0   75    0    0   69    0    0    0    0    0   68    0    0    0    0   73   67  
  66   64    0    0    0    0    0    0    0    0    0    0    0    0   69    0    0    0   62    0   71    0    0    0    0    0    0    0    0    0    0   68    0    0    0    0    0    0    0    0    0    0   67   65    0   73    0   74    0    0    0    0   63    0    0   75    0    0   68    0    0    0    0    0    0   70    0    0    0    0    0   72    0    0    0  
   0    0    0    0    0    0    0    0    0   74    0   62    0   66    0   65    0    0    0    0    0    0    0    0    0    0    0   72    0    0    0   67    0    0    0   75    0    0    0    0    0   63   69    0    0    0    0    0    0    0    0   63    0    0    0    0    0   71   73   64    0   70    0    0   68    0    0    0    0    0    0    0    0    0    0  
   0    0   62    0    0    0    0   72    0   70   66    0    0    0    0    0    0   74    0   69    0    0   67    0    0    0    0    0    0    0    0    0    0   64    0    0   65    0    0   71   73    0   75   68    0    0   70   63    0    0    0    0    0    0    0    0    0    0    0    0    0    0    0    0    0    0    0    0    0    0    0    0    0    0    0  
   0    0    0    0    0    0   72    0   66    0    0    0    0    0    0    0   63    0    0    0    0    0    0    0    0    0   71    0    0    0   69    0    0    0    0    0   73    0    0   67   75    0    0   64    0   74   68    0    0    0    0    0    0    0   64    0    0   65    0    0    0   62    0    0    0    0    0    0    0    0    0    0   70    0    0  
   0    0   64   72    0    0   73   74    0    0    0    0    0    0    0    0   75    0    0    0   68    0    0    0    0    0    0    0   69    0    0   71    0    0    0    0    0   67    0    0    0    0   65    0    0    0    0    0    0    0    0    0    0    0    0    0    0   73    0    0    0    0    0    0   62   63    0    0    0    0    0   70   66    0    0  
   0    0    0    0    0    0    0    0   70    0    0    0    0    0   63    0    0   73    0    0    0    0    0   68    0    0    0    0    0    0    0    0   75   69    0    0    0    0    0    0   73    0    0    0    0    0    0   62    0    0    0    0   66    0    0    0    0   72    0    0    0    0    0   64    0   67    0   65   74   71    0    0    0    0    0  
   0    0    0   62    0    0    0    0    0    0    0   74    0    0    0    0    0    0    0   63    0    0    0   72   68    0    0    0    0    0    0    0    0   66    0    0    0    0    0    0    0    0    0    0    0    0   69   70   65   68    0    0    0    0   64   67    0    0    0    0    0    0    0    0    0    0   73    0    0   71    0    0    0    0   75  
  75    0   73    0    0    0    0   71    0    0   65    0   69    0    0    0    0    0    0    0   68   62    0    0    0    0    0    0   70    0    0    0    0    0    0    0    0    0   72    0    0    0   69   64    0    0    0    0    0    0    0    0    0    0    0   63    0    0    0   67    0    0    0    0    0    0   74   66    0    0    0    0    0    0    0  
   0    0    0    0    0    0    0    0    0   70    0    0   68    0   64    0    0    0    0    0   63    0    0    0    0    0    0    0    0    0    0   62    0   71   75    0    0    0   65    0   67    0    0    0    0    0    0   72    0    0   66    0    0    0    0    0    0    0   69    0    0   73    0   74    0    0    0    0    0    0    0    0   63    0    0  
   0   64    0    0    0    0   74    0   75    0    0    0    0   68    0    0    0    0    0    0    0   73   67    0    0    0    0    0   71    0    0    0    0   63    0    0    0    0   70    0   66    0    0   72    0    0    0    0   62   69    0    0   71    0    0    0    0    0    0    0    0    0    0    0    0    0    0    0    0    0   65    0    0    0    0  
   0    0    0    0    0    0    0    0    0    0    0    0    0    0    0   75    0    0    0    0    0    0   68   66    0    0    0    0    0    0    0   72    0    0    0   72    0    0   73    0    0    0    0   74    0    0    0   70    0    0    0   63   69   71    0    0   64   62    0    0    0    0    0    0   65    0    0    0    0    0    0    0   67    0    0  
   0    0    0    0    0    0   69    0    0    0    0    0    0    0    0   67   73   67    0    0    0    0    0    0    0    0   68   71    0    0    0    0    0   64   66    0    0   70    0   63    0    0   75    0    0    0    0    0    0   72    0    0    0    0   65    0    0    0    0    0    0    0    0    0    0    0    0    0    0    0    0   74   62    0    0  
  74    0    0    0    0    0    0    0    0    0    0    0   62    0    0   75   71    0    0   64    0    0    0    0    0    0    0   75   70    0    0    0    0   73    0   67    0   63    0   69    0    0   72    0    0    0    0    0    0   65    0    0    0    0    0    0    0    0   68    0    0    0    0    0    0    0    0   66    0    0    0    0    0    0    0  
   0    0    0    0    0    0   71    0   62    0   75    0    0   64    0    0    0    0    0    0    0    0    0   68    0   67   73    0    0   63    0    0    0    0    0    0   65    0    0   66    0    0    0    0    0    0    0    0   64    0   69    0    0    0    0    0    0    0    0    0   70    0    0    0    0    0    0   72    0   74    0    0    0    0    0  
   0    0    0    0    0   64    0    0   73    0    0    0    0    0   65    0    0    0    0    0    0    0    0    0    0    0    0    0    0    0   67    0   75    0    0    0    0    0    0    0    0    0   70   66    0   67    0    0   71   69    0    0    0   63    0    0    0    0    0    0    0    0    0    0   68   72    0   62    0   74    0    0    0    0    0  
   0    0    0    0    0   63    0    0   64    0    0    0    0    0    0   67    0    0    0    0    0    0    0    0    0    0    0    0    0    0    0    0    0   66    0    0    0   69    0   69   71   73    0   72    0    0   68   74    0   75    0    0   65    0    0    0    0    0    0   62    0    0    0    0    0    0    0    0    0    0   70    0    0    0    0  
  66    0   64    0    0    0    0    0    0    0    0    0    0   73    0    0    0    0    0    0    0    0    0    0    0    0   63   65    0    0   68    0    0    0   72    0    0    0    0    0    0   70   75    0    0    0    0    0    0    0   67    0    0    0   71    0    0   69   62    0    0    0    0    0    0    0    0    0    0   74   62    0    0    0    0  
   0    0    0    0    0   67    0    0    0   65   71    0    0   62    0    0   68    0    0   73    0   67    0    0    0    0    0   72    0    0    0    0    0    0    0    0    0   66    0    0    0    0    0    0    0    0    0    0    0    0    0   75    0    0    0   70    0    0    0    0    0    0   74   63    0   69    0    0    0    0    0    0    0    0   64  
   0    0    0    0    0    0   73    0   67    0    0   64    0   72    0    0    0    0    0    0    0    0    0    0    0    0    0    0    0    0    0    0   63   72    0   68    0    0    0    0    0    0   62    0    0    0    0   69   74    0    0   70    0   65    0    0    0    0    0    0    0    0    0    0    0    0    0   75    0    0    0    0   71    0   66  
   0    0   70   65    0    0   68    0    0    0    0    0    0    0   67    0    0   62   66    0    0    0   75    0    0    0    0    0    0    0    0    0    0    0    0    0    0   72    0    0    0    0    0    0    0    0   75    0    0   69    0    0   74   73    0    0    0    0    0    0    0    0    0    0    0    0    0   71   63    0    0    0   64    0    0  
   0    0    0    0   64    0    0    0    0    0    0    0    0   68    0    0    0   65    0    0    0   62    0    0   75    0   74   65   69    0    0    0    0    0    0    0   70    0    0    0    0   72   73    0    0    0    0    0    0   67    0    0    0    0    0    0    0    0   71    0    0    0    0   66    0    0    0    0   63    0    0    0    0    0    0  
   0    0    0    0    0    0    0    0    0    0    0   63    0    0    0   67   75    0    0    0   66   74   62    0    0    0    0    0    0    0    0    0    0    0    0    0   71    0    0    0    0    0    0   69    0   64    0    0    0    0    0    0    0    0    0   73    0   68    0    0   72    0    0   73    0    0    0    0   70    0    0    0    0    0   65  
  64   68    0    0   63    0   70    0   63    0    0    0    0   74    0    0    0    0    0   69    0    0    0   66    0   65    0    0    0    0    0    0    0    0    0    0    0    0    0    0    0    0    0    0   67    0    0   62    0    0    0    0    0    0    0    0    0   72    0    0    0   75   71    0    0    0    0    0    0    0   73    0    0    0    0  
  74    0    0    0    0    0    0    0    0    0    0    0    0    0    0    0    0    0    0   75    0    0    0    0   64    0    0    0    0    0    0    0    0    0    0    0    0    0   67   68    0    0   62   70    0    0    0    0    0    0   66    0   65   71    0    0   73    0    0    0    0    0    0   72    0    0    0    0    0    0   74    0   69    0   63  
   0   74    0   62    0   72    0    0    0    0    0   70    0    0    0    0    0    0    0    0    0    0    0    0    0   73    0    0    0    0    0    0    0    0    0   66    0    0    0    0    0   63    0    0    0   75   72    0    0    0    0    0   67    0    0    0    0    0   68    0    0   71    0   64    0   69    0    0    0    0    0    0    0    0   65  
   0    0   71    0   64    0    0    0    0   68    0    0    0    0    0   67   69    0    0    0    0    0   75    0   70    0    0    0   62   73    0    0    0    0    0    0    0    0    0    0    0   65    0   64    0    0    0    0    0    0   72    0    0    0   74    0    0    0    0    0    0    0    0    0    0   66    0    0    0    0    0    0    0   63    0  
   0   68   73    0    0   65    0    0   74    0    0    0    0   64   73    0    0    0    0    0    0    0    0    0    0    0   63    0    0    0    0    0    0   69    0    0    0    0    0    0    0    0    0    0    0   71   70   62    0   67    0    0    0    0    0    0    0    0    0    0    0   72    0    0    0    0   66    0    0    0   75    0    0    0    0  
   0    0    0    0   71    0    0    0    0    0    0    0    0    0    0    0    0    0    0    0    0    0    0    0    0    0    0    0    0   70   67   64    0    0    0    0   63   68    0    0    0    0    0    0    0    0    0   72   69    0   65   62   73    0   74    0    0   64    0    0    0    0    0   66    0    0    0   75    0    0    0    0    0    0    0  
  72    0    0    0    0   74    0   69    0    0   63    0    0    0   70    0    0    0   68   75    0    0    0    0    0   67    0    0   62    0    0    0    0    0    0   64   73    0   66    0   65    0    0    0    0    0    0    0    0    0    0    0    0    0    0    0    0    0    0    0   67    0    0   71    0    0    0    0    0    0    0    0    0    0    0  
   0    0    0   71    0    0    0    0    0   63    0   66    0    0    0    0   69   73    0    0    0    0    0    0    0   74    0    0   72    0    0    0    0    0    0    0    0    0    0    0   68    0   67    0    0    0    0    0    0    0   70    0    0    0    0    0    0    0   64    0    0    0   62    0    0    0   65    0    0   75    0    0    0    0   74  
   0    0   75   70   73    0    0    0    0   65    0    0    0    0    0    0    0    0    0    0    0    0    0    0   68    0    0   74   68    0    0    0   69    0    0    0    0    0    0   72    0    0    0   67    0    0   63    0    0    0    0    0    0   66    0    0    0    0    0    0    0    0    0   64    0   62    0    0    0    0   71    0    0    0    0  
  64   69    0    0    0    0    0   70    0    0    0    0   63    0    0    0    0    0    0   68   66    0    0    0    0    0    0    0    0    0    0   65   72    0    0    0    0    0    0    0   71    0    0    0    0    0    0   62    0    0    0    0    0    0    0    0    0    0    0    0    0   67    0    0   66    0    0   75    0    0   73    0    0   74    0  
   0    0    0   72    0    0    0    0    0    0   62    0    0    0    0    0    0    0    0    0    0    0    0   63    0    0   66    0    0    0    0    0    0    0    0    0    0    0    0   70    0    0    0    0   68    0    0    0    0    0    0    0    0   64    0    0   64    0   67    0   69   74    0    0    0    0   75    0   71    0    0    0   73    0   65  
  65    0   67    0   68    0    0    0    0    0    0    0    0   71    0   66    0    0    0    0    0    0    0    0   72    0    0    0    0    0    0   75    0    0    0    0    0    0    0   64    0    0    0    0    0    0    0    0    0    0    0    0   62    0    0    0    0    0    0    0    0    0    0   63   73    0   74    0    0    0   74    0    0   70   69  
   0    0    0    0    0    0    0    0   74    0    0   69    0   65    0    0   70    0    0    0    0    0    0   63    0    0    0    0    0   68    0    0    0    0    0    0    0    0   64    0    0    0    0    0    0    0    0    0    0    0    0    0    0    0   65    0    0    0    0   66    0    0    0   67   72   75   73   62   71    0    0    0    0    0    0  
  67    0   70    0   66    0    0    0    0    0    0    0    0    0   62    0    0    0   62    0    0    0    0    0   65   73    0    0    0    0    0    0    0    0    0    0   63    0    0    0   68   72    0    0    0    0   74   64    0    0    0    0    0    0   69    0    0   75    0    0    0    0    0    0   71    0    0    0    0    0    0    0    0    0    0  
   0   63   72    0    0   69    0    0    0    0    0   70   64   73   62    0    0    0    0    0    0   67   65    0    0    0    0    0    0    0   75    0    0    0    0    0    0   74   66    0    0    0    0    0    0    0    0    0    0    0    0    0    0    0    0    0    0    0    0    0    0    0   71    0    0    0    0    0   68   66    0    0    0    0    0  
   0    0    0   66    0    0    0    0    0    0    0    0    0    0    0    0    0    0    0   70    0    0   69    0   65    0   74    0    0    0   64    0    0    0    0    0    0   62    0    0    0   68    0    0    0    0    0    0    0    0    0    0    0    0   75    0    0    0    0    0   72    0    0    0   63    0   73   63   67    0    0    0    0    0   71  
  67   75    0    0   64    0    0    0    0    0    0    0    0    0    0   74    0    0   71    0    0    0    0    0    0    0    0    0    0    0    0   68   71    0    0    0    0    0   70    0    0    0    0   63   66    0    0    0   73   62    0    0   72    0    0    0    0    0    0    0    0    0    0   65    0    0    0    0    0    0    0    0    0   69    0  
  69    0   72    0    0    0    0    0    0    0    0   64    0    0    0   74   68    0    0    0   67    0    0    0    0    0    0    0   63    0    0    0    0    0   66    0    0    0    0    0    0    0   68   73    0    0    0   75    0    0    0    0   62    0    0    0    0    0   70    0   71    0    0    0    0    0    0   65    0    0    0    0    0    0    0  
   0    0    0    0    0    0    0    0   67   65    0    0    0    0    0   72    0   67    0    0    0    0    0    0    0   62    0    0   70    0   64    0    0    0   74   75    0    0    0   73    0    0    0    0    0    0    0    0   63    0    0    0    0    0    0    0    0   71   68    0    0    0    0    0    0    0    0   69    0    0    0    0    0   66    0  
   0   66    0    0   69    0   72    0   62    0    0    0    0   70    0    0    0   64    0    0    0    0    0    0    0    0   71    0   74    0    0    0   75    0    0    0    0    0    0   67   65   75    0   63    0    0    0    0    0    0    0   73    0    0    0    0    0    0    0    0    0    0    0    0    0    0    0    0    0    0    0    0   68    0    0  
   0   73    0    0    0    0    0    0    0    0    0    0    0   75    0    0    0    0    0    0    0   68    0    0    0    0    0    0    0    0    0    0    0    0    0    0   62    0    0   67   71    0    0   74   63   70    0    0    0   66    0    0    0    0    0    0    0    0   65   72    0    0    0   64    0    0    0    0    0    0    0   69   69    0    0  
   0    0   72    0    0   74    0    0    0   75    0   69    0    0    0    0    0    0    0   66    0    0    0   64    0    0    0    0    0    0    0    0    0    0    0    0   63    0    0   68    0    0    0   64    0    0    0   67    0    0    0    0    0    0    0    0   62   71    0    0    0    0   65    0    0    0    0   70    0    0    0    0   73    0    0  
   0    0   63    0    0    0    0    0    0   75    0    0    0    0    0    0   62    0    0    0    0    0    0    0    0    0    0   69   73   72    0    0    0    0    0    0    0    0    0   74    0    0    0    0   71    0    0    0    0   68    0    0    0    0    0    0    0   66    0    0   65    0   75    0    0    0   67    0    0   70   64    0    0    0    0  
   0   73    0    0    0    0    0    0    0   62    0    0    0    0    0   70    0    0    0    0    0   74   63    0    0    0    0    0    0    0    0    0   72   67    0    0    0    0    0    0   64    0    0    0    0    0    0   68   71    0    0    0   65    0   75    0    0    0    0    0    0    0    0   66   69    0    0    0    0    0   65    0    0    0    0  
   0   63    0    0    0   66    0    0    0    0    0    0    0    0    0    0    0    0    0    0    0    0    0   69   71    0    0    0   75    0    0    0   74    0    0    0    0   64    0    0    0    0    0   72    0    0    0   70    0    0    0    0    0    0   68    0    0   65    0    0   62    0    0    0   73    0    0    0    0    0    0   67    0   71    0  
   0    0    0   75    0    0    0    0    0    0    0    0    0    0    0    0   62    0   71    0    0    0    0    0    0    0    0    0    0   66   73    0    0    0    0   70    0    0    0   64    0    0    0    0    0    0    0    0    0   63    0    0    0    0   63    0   68    0    0    0   74    0    0    0   69    0   67   65    0    0    0    0   72    0    0  
  72    0    0    0    0    0    0   68    0    0    0    0    0    0    0   70    0    0    0    0    0   71    0    0   62   65    0    0    0    0   71    0   67    0    0    0    0    0    0    0    0   73    0   63    0    0    0    0    0    0    0    0   69    0    0   64    0    0    0   66    0    0   75    0    0    0    0    0    0    0    0    0    0   74    0  
   0    0    0   75    0    0   73    0    0   71   63    0    0    0    0    0    0    0    0    0    0    0    0    0   62    0    0    0    0    0   72    0    0    0    0    0    0    0    0    0    0   75    0    0    0    0    0   65    0    0    0    0    0    0   74    0   70   64    0    0    0    0    0    0    0    0   68    0    0   66    0    0   67   69    0  
   0    0    0    0    0    0    0   64    0    0    0   75    0   62    0    0   74    0    0    0    0    0    0    0    0    0    0    0   74    0    0    0    0   70    0   66    0    0    0    0    0   73    0    0    0    0    0    0    0   71    0    0    0   72    0    0    0   67   69    0   65    0    0    0   68    0    0    0    0    0    0   63    0    0    0  
   0    0   72    0    0    0    0    0    0    0    0   69   67    0    0    0   74    0   73   75    0    0    0    0   70    0    0    0    0    0    0   62    0    0    0    0    0    0    0    0    0   71    0    0   65    0    0    0   68    0    0    0    0   63    0    0    0    0    0    0    0    0   64    0    0    0    0    0   70    0    0   66    0    0    0  
   0    0    0    0    0   70    0    0    0    0    0    0   67    0    0    0   74    0   65    0    0    0   72    0    0    0    0   75    0    0   66   73    0    0    0    0    0    0    0    0    0   71    0    0    0    0    0   73    0    0    0    0    0    0   63   69    0    0    0   62    0    0    0    0    0    0    0    0    0    0    0    0    0   68   64  
   0   75    0    0   67   74    0    0    0    0    0    0    0    0    0   62    0    0   73    0    0    0    0    0    0    0    0   66    0    0   68    0    0   69    0    0   72    0    0    0    0    0    0    0    0    0    0    0    0   64    0    0    0   71    0    0   71    0    0    0    0    0   65    0    0   63   70    0    0    0    0    0    0    0    0  
   0    0    0    0    0    0    0    0    0    0    0    0    0    0   72    0    0    0    0    0   74    0    0    0    0   66    0   75    0    0    0    0   73    0    0    0    0   67   75    0    0    0    0    0    0    0    0    0    0   64    0    0    0    0   68    0   70   63    0   69    0    0   71    0    0    0   62    0    0    0    0    0    0   65    0  
   0    0    0    0    0    0   67    0    0    0    0    0    0    0    0    0    0   71    0    0   66    0   63    0    0    0    0   73    0    0    0    0    0   64    0    0    0    0   70    0    0    0   75    0    0    0    0    0    0    0    0   74    0   75    0   62    0   72    0    0    0    0   65   69    0    0   68    0    0    0    0    0    0    0    0  
  74    0   63    0    0   69   66   73    0    0   64    0    0    0    0    0    0   67    0    0   75   70    0    0    0    0   75   68    0    0    0    0    0   71    0    0    0    0    0    0    0    0    0    0    0    0    0    0    0   72    0    0    0    0    0    0    0    0    0    0    0   62    0    0    0    0    0    0    0   65    0    0    0    0    0  
   0    0    0    0    0    0    0    0    0    0    0    0    0    0    0   72    0   70    0   67    0   66    0    0    0    0    0    0    0   64   71    0    0    0    0    0    0   68    0   74   71    0    0   65    0    0   62    0    0    0    0    0   63   75    0    0    0    0    0    0   73    0    0    0    0    0    0    0   69    0    0    0    0    0    0  
   0    0    0    0   75    0    0    0    0    0    0   65    0    0    0    0    0   72   66    0    0   67    0    0   74    0    0    0   71    0   63    0    0    0    0    0    0    0    0   73    0    0    0    0    0    0    0   69    0    0    0    0    0    0   70   64    0    0    0   68    0    0    0    0    0    0   62    0    0    0    0    0    0   63    0  
  66    0    0    0    0    0    0   67    0   63   62    0   72    0    0    0    0    0    0    0    0    0   74    0    0   71   69    0    0    0    0    0    0    0    0    0    0    0   75    0    0    0    0    0    0    0    0    0    0   73    0    0    0    0    0    0    0    0    0    0   72    0    0    0    0    0   70    0   64    0   65    0   68    0    0  
   0   66    0    0   74    0    0    0    0    0    0   71    0    0    0    0    0    0    0   72    0   75    0   73    0    0    0    0    0   63    0    0    0    0    0    0    0    0    0   71    0    0    0    0    0   64    0    0   67    0    0    0    0    0    0    0    0    0    0   69    0    0    0   62    0    0    0    0   70   65    0    0    0   68    0  
   0   64   63    0    0   71    0    0    0    0    0    0   62    0   75    0   73    0    0    0    0    0    0   71    0    0    0    0    0   69    0    0    0    0    0   65    0    0    0    0    0    0   72    0    0    0    0    0    0    0    0   74   68    0    0    0    0   70    0    0   67    0    0    0    0    0    0    0    0    0    0    0   66    0    0  
  73    0    0    0    0    0    0    0    0    0    0   65    0    0    0    0    0    0    0    0    0    0   63    0   67    0    0   74    0    0   62    0    0    0    0    0    0    0    0    0   62    0    0   70    0   75    0    0   64    0    0    0   71    0    0    0    0   69    0    0   68    0   72    0    0    0    0    0    0   66    0    0    0    0    0  
   0    0    0    0   68    0    0    0    0    0    0    0    0    0   70    0    0    0   62   67    0    0    0    0    0   74    0    0   69    0    0    0   71   72    0    0    0    0    0    0    0    0    0    0    0    0   66    0   70    0    0    0    0    0   63    0    0    0    0    0    0   73    0    0   64    0   65    0    0    0    0    0   75    0    0  
   0    0    0    0   71    0    0    0    0   75    0    0    0    0    0    0    0    0   64   65   73    0    0    0    0   67    0    0   70   71    0    0    0    0    0    0    0   66   68    0    0    0    0    0    0    0    0    0    0    0   72    0    0    0    0   69    0    0    0    0    0    0    0    0    0   62    0    0   63    0    0    0    0    0   74  
   0    0    0    0    0    0    0    0    0    0   73   71    0    0    0    0   74    0    0    0    0    0    0   75    0    0   63   70    0    0    0    0    0    0   69    0    0    0   66    0    0    0    0    0   62    0    0    0    0    0    0    0   64    0    0   65   67    0    0    0    0    0    0   68    0    0   72    0    0    0    0   63    0    0    0  
   0    0    0    0    0   70    0    0    0    0    0    0    0    0    0   72    0    0   69    0    0    0    0    0    0    0   74    0    0   63    0    0    0    0    0   67    0   67    0    0    0    0    0    0    0    0    0    0    0    0    0    0   73   75   66    0    0   64   68    0   62    0    0    0   71    0    0    0   65    0    0    0    0    0    0  
   0    0    0    0    0    0    0    0    0    0    0    0    0    0   62    0    0    0   66    0    0    0   72    0    0    0    0   74    0   64    0    0   73   75    0    0   63    0    0    0    0    0   65   68    0    0    0   70   67    0    0   71    0    0    0    0    0    0    0   69    0    0    0    0    0    0    0    0    0    0    0   72    0    0    0  
   0   63    0    0    0   66   72    0    0    0    0    0    0    0    0    0    0   74    0    0   62   75    0    0    0    0    0    0    0    0   68    0   71    0    0   73    0    0    0    0   69    0    0   70    0    0    0    0    0    0    0    0    0    0   65   64    0    0    0   73    0    0    0    0    0    0    0    0    0    0    0    0   67    0    0  
  72    0    0    0    0    0    0    0    0    0    0   67    0    0    0   64    0    0    0    0    0    0    0    0   66   69    0    0    0   75    0   65    0    0    0    0   73    0    0    0    0    0    0    0    0   74   71    0    0    0    0   63    0    0    0    0    0    0    0    0    0    0    0    0   62   70   68   74    0    0    0    0    0    0    0  
   0   62    0    0    0   72    0    0   67   68    0    0    0    0    0    0    0    0    0    0    0    0    0    0   69    0    0    0    0   71    0   75   63    0    0    0    0    0    0    0    0    0    0   64    0    0    0    0    0   66    0    0    0    0    0    0    0   70    0   73    0    0    0    0    0   74    0    0    0   65    0    0    0    0   73  ] 
BUDGETS : [    2   11   12   13   14   15   16   20   20   23   27   29   31   31   32   35   35   35   35   36   37   37   39   39   40   42   42   42   43   46   48   50   51   53   55   55   56   59   59   60   60   63   65   65   66   68   69   70   75   75   79   85   87   89   89   92   94   94   95   99  100  102  104  109  116  119  121  121  127  129  134  136  141  144  145  147  150  151  152  155  156  156  157  158  160  160  160  163  164  164  166  172  172  174  177  178  180  184  188  190  194  195  197  199  200  204  206  206  207  207  209  209  215  215  219  220  221  221  221  222  230  233  235  237  240  240  242  246  247  250  256  263  265  265  269  269  270  272  277  284  286  288  288  293  293  294  295  296  296  298  ] 
