K : 100
I : 50
PREFERENCES : [   41    0   33   35   39    0   38   34    0    0    0    0    0    0   45    0    0   40   44   39   39    0    0   50   46   49    0    0    0   35    0    0    0   36   42   45    0    0    0   37    0   31    0   32    0   47   43   48    0   39  
   0    0    0    0    0    0   31   36   44   45   50    0    0    0   46    0   41   41    0    0   33    0   45    0   45    0   49    0   34    0   47   37   35    0   42    0    0    0   45   40   38   32   45    0    0    0   48   43   39    0  
   0    0   31   38   32    0   38    0   49    0   47    0   40    0    0    0   44   35   46    0    0   43    0    0    0   45   42    0    0   42   39   36   48    0   31   41    0    0    0    0   34   39   34    0    0    0   50   37    0   33  
   0    0   41   47    0   39   41    0    0    0   34   48   38   40   31   32   33    0    0   36    0    0    0   46   43   36   45   38    0   33    0   49   42   37   44    0    0    0    0    0    0    0    0    0    0   35   32    0    0   50  
  43    0   50    0   36    0   37   47    0    0   34   48    0   45    0   33    0   46   41    0    0   37   45   31   32   49   39   34   35    0    0    0    0    0    0    0   40    0   44    0    0   38   45   42    0    0    0   37    0    0  
   0    0   31   40   49   32    0   43   40    0    0    0    0    0    0   44   45   50   35   35   33    0    0    0    0   38    0    0    0   42    0   39    0   33    0   41   34   41    0    0   46    0   48   47    0   36   34    0   37    0  
   0    0   43   38    0   35    0   39    0   48   44   46   37    0   36    0    0   45   33    0   46    0    0   34    0    0    0   43   50    0   32    0   50    0    0    0   47    0   40    0    0   31   49   34   36    0    0    0   41   42  
  33   37    0   31    0    0   43   41   40   38    0   39   46   50    0    0    0    0    0    0    0    0   48   39   49   39   45    0   44   47   35    0   42    0   38   32    0   31    0   39    0    0    0   34    0    0    0    0   36    0  
  31   33    0   49    0   50    0    0   42   42   41    0    0    0   45    0    0    0   38    0   36    0   35    0    0   32    0   50    0    0   43   48    0    0    0   37   47    0   40   44   31   34   39   37    0    0    0    0   46   42  
  33    0   50   44    0    0   34   40    0    0    0    0    0    0    0   48    0   43   38    0    0    0   49    0    0    0   45    0   47   37    0   41   35    0    0   40   40    0   39    0   36   47   32    0   46   31   33   42   44    0  
  45    0   42   50    0   41    0    0   37   47    0   34    0   40   46   36    0   49   45   31    0   43    0   42    0   44   48    0    0    0   38   33    0    0   42    0   39    0    0    0    0    0   37    0    0   35   32   42    0    0  
   0   39   31   43    0   47    0   46    0   36   48   50   40    0    0    0    0    0   46    0   44   33    0   43    0   45    0    0   34    0    0    0   49   49   35   37   49    0   38    0    0    0    0    0   48   32   42    0    0   41  
   0    0    0   46    0    0    0   49   36   49    0    0   50   47    0    0    0    0    0   45   43   34   32    0    0   38    0    0    0    0    0   31   48   41   31   37   44   40    0   46    0   39    0   42   41   31    0   35   33    0  
   0    0    0    0    0    0   41   38   32   37   47   33   31    0    0    0   50   36   48   41    0    0   40    0    0    0    0    0   50    0   34   35    0    0   44    0   43   50    0    0   45   46    0   39   42   41    0   49   50    0  
   0    0    0   35   48    0   41   47    0   40   33   50    0   50   46    0    0   47    0    0   31    0    0   45   38    0   32   37    0   44   36    0    0   42    0   49    0   46   34    0    0    0   50    0    0    0   43   49    0   39  
  44   45    0   41    0    0   34   32    0    0    0   39   42   43   47   32   33    0   49   38   37   33    0    0   46   31   34    0    0   35    0    0    0    0   40   36    0   50   47    0    0    0    0   48    0    0    0    0    0   41  
   0   46   44   37   48   33    0    0   49   42   38   50    0    0   37    0    0   41    0    0   32    0    0    0    0    0   31    0    0   40   36   35   45    0   40    0    0   33   43    0   47    0    0   39    0   33   34   34    0    0  
  32    0    0    0    0    0    0   50   44   31   38   49   37    0    0    0    0   47   40   50    0   50   45   36   35   42    0   46    0   39    0   33   34    0   46   43    0   48    0   36    0    0    0    0   31    0    0    0   41    0  
  43    0    0    0   39    0   40   32   46    0   41    0   34   42    0   48   35   37    0    0   39    0    0   42    0   39   33    0    0   49   36    0   47   31    0    0   50    0    0   44    0   38    0    0   39   45    0    0    0   44  
  35    0   34    0    0    0   50    0    0    0    0   40   47    0    0    0   44    0   46    0   37   46   47   36    0   32    0   48   37    0   38   42    0    0   47   45   41    0   44   31    0    0   43   49   33    0   39    0    0    0  
  38   40    0   36   36   33    0    0   45    0   48    0   50    0    0   31   43    0    0    0   39    0   43    0   32   44    0   49   46    0    0    0   34    0    0    0    0   33   42   37    0   41   47   49   35    0    0    0   47    0  
   0    0    0   43    0   34    0    0    0   36    0   34   41    0   38   45    0   43    0    0   46   50    0   33    0   31    0    0   43   46   44   49   47   40    0    0   37    0    0    0    0   39    0    0   42    0   32   48   38   35  
   0    0    0   31   34   31    0   44   33    0   42    0   50   35    0    0    0   32   40    0   48   39   39   45   43    0   41   38   39   42    0    0    0    0    0   36   37    0    0    0   49    0   35    0   47    0    0   46    0    0  
   0   38   45    0   46    0    0    0    0    0    0   38   39    0    0    0   33    0    0    0    0   43   34   40   42   48   32    0    0   38    0   35   37    0    0   31   36    0    0   49   38   44   50    0    0   41    0   46   35   47  
  42    0   48   49   47   43    0   37    0    0    0   38    0   31   39   36    0   40   46   34    0    0    0    0   45    0    0   50    0    0    0   39   41    0   36    0   35    0    0   32    0   49    0    0    0   45   44   46    0   33  
  34    0    0    0   49    0   37    0   36    0    0    0   35   32    0    0   42    0    0   44   50    0    0    0    0    0   38    0    0    0    0   39   47    0   48   43   36   40    0   31   42   31   38   46    0    0   41   45   33   44  
   0    0    0    0   38    0    0   32   41   46    0   48   34   45    0    0   50    0    0   35   31   35    0   33   41    0    0   39    0   36   36    0   49   43    0   50   37    0    0    0   44    0   34    0   40   42    0    0    0   47  
  38    0   44    0    0   37   31    0    0    0   48   34    0    0   47   50   46    0   45   40    0    0    0    0    0    0   36    0   42    0   49   43    0    0   40    0    0    0   32    0   50   35    0   44    0   33   41   50   39   32  
  38   34    0   40    0    0   43    0    0    0   36   48    0    0   34   37   45    0    0    0   42    0   46   41    0   49    0   32    0   47   50    0    0    0   35    0    0   31   43   33    0    0    0   44   35   39   45    0    0   42  
  40   37   45    0    0   44    0    0   38    0   35    0   46    0   31    0   36   45    0   49    0    0    0    0    0   36    0   42    0   37   38    0   34    0   39   50   48    0   32    0    0    0    0   33    0   37   47    0   41   43  
  33    0    0   34   31   42   35   41    0    0   44   49   40    0    0    0    0    0   50    0   37   49   44    0    0    0   45   39    0   46   33   43   36   38    0   32    0    0    0   35    0   49    0    0    0   47   48    0    0    0  
   0    0    0    0    0    0    0   48   44    0    0   34    0    0   40   46   45   35    0   38   45    0    0    0   50   46   50    0    0   37   31    0   42    0   47   33   39   49    0    0   34    0    0   41   32   43   36   39    0    0  
   0   50   40   35    0    0   41    0    0    0    0   42   44    0   44   47   34    0   50    0   36   46    0    0   37   38    0   33    0    0    0    0   48   32   31   49    0    0   46   43   47    0    0    0    0    0   34    0   39   45  
  37   47   46   39   41    0    0   38    0    0    0    0    0   44    0    0    0   50   48   34   43   35    0   45    0   33   33    0   42    0   40    0    0   32   31    0   50   38   41    0    0   36    0   49    0    0   44    0    0    0  
   0    0    0   44    0   50    0   47    0    0   43    0    0   35   45    0    0   49   40   33    0    0   31    0    0   48   49    0    0   41   46   35    0   42    0    0    0   38   37   34   32   39   44   33    0    0    0   36   47    0  
   0    0   39   36    0   45   35   47   39    0    0   31   33    0   34    0   40    0    0   38    0    0   49    0   37    0    0   48   43    0    0    0   49   46   32    0   41   42   44    0    0   40    0   44    0    0   39   50    0    0  
   0   41    0   50   31   45    0    0    0    0   40   43    0    0    0   35   45    0    0   33   50   36   47   48    0   44    0    0   43   32    0    0   39   43   42    0   38    0    0   34    0   49    0    0    0   45   46   37    0    0  
   0   50   49    0    0   45   49   32   43   35   40   41   42    0    0    0    0   39    0   42    0   31   37    0   46    0   35    0    0   41    0    0   33    0   47    0    0    0    0    0   44   48    0   38    0   34    0   36   43    0  
   0    0    0    0   44   36   46    0    0    0   43   42    0    0    0   37   41    0   45   35    0    0    0   34    0   36   48    0   40    0   31    0    0   42   50    0   39   47   33   32    0   45    0    0   49    0    0   38   41   42  
  47   32   41    0    0    0   47    0   32   35    0   40    0    0    0    0    0    0   31    0   43    0    0   42    0    0    0   45    0   40   49   48    0   37    0    0   46   39   38   34   32   50    0    0    0   37   36    0   44   33  
  41   39    0   40    0   33   38   48   36   44    0   38    0   47   35   49   50   43    0   41   31   34    0    0    0   46    0    0   48    0    0   32   42    0    0   45    0   42   37    0    0    0    0   32    0    0    0    0    0    0  
   0   41    0   46   33   36    0    0    0    0   44   37    0   50    0   34    0   45    0    0    0    0   35   47    0   31    0   47    0   40   43   39    0   42   44    0   32    0   38   44    0    0    0    0    0   49    0   48   37   44  
   0   50   49    0   31    0   49    0   34   35    0    0    0    0   47   44    0   38    0   32   39   42    0   46    0    0   38    0   37    0   40   41    0   43    0   33   48    0   33    0    0   45    0    0   50   39    0   36    0    0  
   0    0    0   47   41   33    0   38   43    0   49   44   49    0   50    0   36   42   49   35    0    0   48   42   46    0    0    0   34    0   50    0   40   45   37    0    0    0    0   39    0   31    0   49    0    0    0    0   32    0  
  40   49   34   38    0   35   42    0    0    0   39    0   43    0    0    0    0   33    0   44   43    0    0    0   47   46   42   42    0    0    0   50   45   48   38    0   32    0    0   32    0    0    0    0   31   36    0    0   41   37  
  42    0   39    0    0    0    0    0   40    0   32    0   39    0    0    0    0    0   41   35   49   50    0   46    0    0   44   50    0   36   31    0    0    0    0   39    0   37    0   43   43   33   48    0    0   45   47   38   34   43  
   0   40    0   36   39    0    0    0   37    0    0    0    0   35    0    0    0    0   50    0   34   39   43    0    0   33   32    0    0   49   36   48   41   45    0    0    0    0   44   42   46   49    0    0   31    0   38   37   49   47  
   0   42   43   50   45   47   39    0   50    0   44    0    0   34   32   35   49   34    0    0   46    0    0   31   37    0    0    0    0    0   33   38   36   40   48    0    0   41    0    0    0    0    0    0   40    0   44    0   39    0  
   0   43   36    0    0    0   32    0   48   48   45   37    0    0   38   44    0    0    0    0    0    0   40    0   39   31   46   33    0    0   41    0    0   34   42   49   50    0   34    0   43    0   46    0   47    0    0   44   35    0  
  44    0    0   32   40   47   43   48    0   47    0   35    0    0   37   50    0   42   31   45    0    0   39   49   47   48    0   39    0    0   46    0    0    0    0    0   33   36   34    0    0   47    0    0    0    0    0    0   38   41  
   0    0    0   33   49    0   33    0    0   32    0   38   36   46   31   37   48    0   44    0   43   35   48    0   41   44   45    0    0   47    0    0   42    0   48    0   39    0   34    0    0    0    0    0    0    0   33    0   50   40  
  42   44   39    0   45   49   31    0    0   31   40    0    0    0   43    0   47    0    0   38    0   49    0   46    0   41   36   35    0   47   33   37    0    0   32    0    0    0   49   48    0    0   34    0   46    0    0    0    0   50  
   0   39   31   50    0    0   47    0    0    0    0    0    0    0   34   41   36   42    0    0   35   40   33   44   36    0   43    0   44   46   46   32   38    0    0    0    0    0    0   48    0   32   37    0    0    0    0   49   45   47  
   0    0    0   31    0   42    0   33   36   35   49   32    0    0   41    0    0   45   49   43   40    0    0    0   37   41   47    0   38   38    0    0    0   48   46    0    0   44   39   48    0    0    0    0    0    0    0   34   38   50  
  31    0    0   42   42    0   35    0    0    0    0    0    0   37    0   49   46    0    0   40   47   46    0   34   45   46    0   43    0    0   39    0   50   44   35    0    0   44    0    0    0    0   33   41   32   38   48    0   36    0  
  47    0    0   36    0   37   42   42   49    0   41   45    0    0   48   49    0   50    0   41    0   40    0    0   33   32    0    0    0   34   46   44    0    0   39    0    0    0   38    0    0    0    0   35   40    0   43   31   44    0  
  48   45    0   33    0   49    0   47   40   37   31   50    0    0   46    0    0    0    0    0    0   37   43   36    0    0   39    0    0   44   42    0   41    0    0   41   38   33    0    0   34   32    0    0    0   38   40   35    0    0  
   0    0    0   43    0   41    0   50   49    0   40    0    0    0   44    0   43    0   36   45   46    0   38    0   35   40    0    0   31   44    0   47   34    0   48    0   42   33    0    0   37    0   32    0    0   41   47    0    0   39  
  50   32    0    0    0   46    0   35    0   36    0    0   37    0   47   31   36    0   33    0    0   38   40   48    0   45    0   46    0   42    0    0    0   49    0   41    0    0   43   50    0   33   44   34    0    0   39   44    0    0  
   0   31    0   37   45   33    0   38   44    0   45    0   40    0   43    0   36    0   47    0   41    0   42   39   49    0    0    0    0    0   46   48   33    0   42    0    0    0   50   37   34   35    0    0   32    0   35    0    0    0  
   0    0    0   46   40    0   32    0    0    0   39   35    0    0    0   42   42    0   43   48   41   33    0    0    0    0   36    0    0   44    0    0   49    0   38    0   47   50   32   48    0   45   34   31    0   48   35   37    0    0  
  38   39   40   42   50   40   49   41    0   48   47    0    0   32    0    0    0    0    0    0   45   39    0    0    0    0   36   48    0   46   34   43    0   44    0   33   37   33   35   31    0    0    0    0   47    0    0    0    0    0  
   0    0   34   50    0   41   47   38   44    0   49   48    0    0    0   33    0   43   39   31    0   42    0    0    0   43   42    0   46    0   40    0   48    0    0   39   35    0    0    0    0    0    0   37   36    0   39    0   45   32  
  50   43    0   46   34    0   47   33    0    0   49   35   40   36    0    0    0    0   44    0   32    0    0    0    0    0   41   42    0    0   40    0    0   38   33   39    0    0   31   45    0   32   37    0   48   35    0   37    0    0  
  49   46    0   34   42   43    0    0   38   31    0   39   34    0   37    0    0    0   35   45   40   41   45    0    0   41   32    0    0   33   36   43    0    0    0   44    0    0   50    0   47    0    0    0    0    0    0   35    0   48  
  38    0    0   50    0    0   42   31   50   40    0   48    0   34   49    0   33   41   43    0   36    0    0    0    0    0    0    0    0   32   32   47    0   42    0   44    0   35    0   39    0    0    0   37    0   31   46   45   37    0  
   0    0    0    0    0   34    0    0   38    0   34   31   47    0   45    0   48   33   40    0   31    0    0    0   42   41   46    0    0    0   39   39    0   33    0    0   36   32   50   35   44   43    0   32    0    0    0   37    0   49  
  38   41    0   34    0   49    0    0   40    0    0   33   46   47   43   37   46   33    0    0    0   48    0   48    0    0   36    0    0   50   32   44    0    0    0   42    0   45    0    0   45    0   39    0   40    0   31   35    0    0  
  36    0    0   41   35    0   35   38    0    0    0    0   37   50   32    0   32    0    0    0   44   31   48   34    0   42    0   43   45   39    0    0    0    0   48    0   40   33   37    0    0   49   37    0   46    0    0   47    0    0  
  39   44    0   33    0    0   34   39   40    0    0   38    0   48   32   45   42   35    0   42   37    0    0   35    0    0    0   41    0    0    0    0   47    0    0   38   49   46    0   36    0    0    0    0   43   44    0   50    0   31  
   0    0    0    0   45    0    0    0   49    0    0   42   47   41   44    0    0    0    0   50   44    0   31    0   33   48    0   35   48    0   33   50   32   34   36    0    0   38   43    0    0    0   37    0    0   31   39   40    0   46  
   0    0    0    0    0   47   50    0    0   32   37   37    0   38    0    0   41   44    0   45    0   41    0   48   41   49   46    0    0    0   31    0   39    0   41   42   34    0   36   48    0   35    0    0    0   33   40   43    0    0  
  49    0   33    0   47   44    0   45   36    0   32    0    0   37    0   32    0   40   41    0   41    0   43    0   33   40   42   39   31   43    0    0    0   38    0    0   48    0    0    0    0   34   46   50    0    0    0    0    0   35  
  40   39    0   43    0    0   49    0    0   48   45   50   32    0    0   46   47    0    0   31    0   39   42   44   43   35    0    0    0   44    0    0   33    0   38    0    0   31   34    0    0    0    0   36   32    0    0    0   37   41  
  42    0    0    0   47    0    0    0    0    0   48   35    0   41   37   45   37    0    0   46   37   33    0   50    0    0    0    0   36    0   38   45    0   39   34   43   32    0   31    0    0   40   46    0    0    0    0   49   44   45  
   0    0   32    0    0    0   31   37    0    0   47   46    0    0   40    0   39    0   35   35   33   38    0    0    0   50    0    0   44    0   48   43   37   34    0   49    0    0   36    0   36    0   45   42    0   39    0    0   32   41  
  47    0    0   37    0    0   32    0    0    0    0   44   38   49    0    0   42   50   35   43    0   41   35   45    0   33   40    0    0   48   46   36    0    0   31   31    0    0   31   45   39    0   36    0    0    0   34    0    0    0  
  34   39   35    0   45    0   31    0    0   48    0   41   38   36    0    0   39    0   43   40   39   33    0    0   50    0    0   37    0    0    0   47   46    0    0   44   32    0   46   42   47   32    0    0   49    0    0    0    0    0  
  43   31    0   38   48    0    0   43   47   37   40    0   39   46    0   35    0    0   32    0    0    0    0   34    0    0   42    0   46   33    0   43    0   31   49    0    0   44    0    0    0    0    0    0    0   41   36   45   50   33  
   0   46    0    0   37   40    0   37    0   49   46    0   36    0    0   39   48    0    0   32   34   33   45    0   43    0   48    0   38   41    0    0    0   35    0   44   37    0   31    0   36   50    0    0    0    0   42    0    0   47  
  40    0   34   34   33    0   50    0   49    0   39    0    0   46    0   31   32    0    0    0   45    0   48    0   43   49    0    0    0    0    0    0   41    0   38   44    0    0   34    0   46   47   42    0    0   37   46   35   36    0  
  37   35    0    0    0    0    0    0   38    0    0   43    0   49    0    0    0    0    0    0   42    0   34   48    0    0   33   33   39    0   49   47    0   44    0   40   46   32   31   45    0   36   48   47   48   41    0   50    0    0  
   0   35    0   42   34    0   41   48   34    0    0   39   34    0    0    0   46    0   38   43   31   50    0    0   47    0   47    0   48   36    0   33    0    0    0   49    0    0   37   45    0   32    0    0    0   44    0   40   44    0  
  37    0   37    0   50   48   38   45   44   33    0   49    0   46   43   48    0    0   40   45   36    0   34    0   43    0    0   35   33    0    0   41   39    0    0   31    0   42    0    0    0    0    0    0   32   47    0    0    0    0  
   0   50    0    0   36   33   48    0    0   44   43    0    0   49    0   35    0   46    0    0   35   34    0   40    0   32   40    0    0   37    0   38    0    0   45   47    0    0   42    0   41   33   31    0   39    0   41   31    0    0  
  48   31   37    0    0    0    0    0   41   34    0    0    0   40   44   45    0    0    0   49   36   33    0   43   42    0   42   40    0    0    0   35   47    0   46   46   32    0    0    0    0    0   50   38    0    0   32   48    0   39  
   0    0   46   45    0    0   39    0   47    0   43    0   37   45   42   32   32    0    0    0   47   33    0    0    0   31    0   36   48    0    0   44    0   40   33    0   41   49    0    0    0   39   35    0   38   34    0    0    0   50  
   0   50    0   38   48   32   34    0   34    0    0   49    0   44   50   32    0    0   42    0    0   48   46   37    0    0   40    0    0    0    0   35   47   43    0   36    0    0    0    0   36    0   45   33    0   31    0   39   41    0  
   0   38   42   45    0    0    0    0   39   49   37    0   44    0   50    0   35   48   47   43    0   32    0   48    0    0    0   48    0   34    0    0    0    0   41    0    0   36   31    0   40   40   48    0    0    0   46   33   36    0  
   0   32   31    0    0   38   37   39   48   44    0   33   36   39    0   41   48   34   46    0    0    0    0    0   36   43    0    0    0   49    0   35    0    0    0    0    0    0   35   45    0   50   33   42    0   47    0    0   40    0  
   0   47    0    0    0    0   41   43    0    0   33    0   44    0   48    0   32    0   37    0    0   38    0    0   49    0   42    0   35    0   36   40    0   50    0    0   48    0   48   39   36   45   47   31   46   40    0    0   34    0  
   0    0   50    0   49   46   43    0    0    0    0   40   37   41   48   38    0   36   46    0    0    0    0    0   42    0    0   39    0    0    0   47   45   34    0   35    0    0   39   44   33   31   49    0    0    0   47    0   34   32  
  42    0    0    0   38    0   36    0   46   42   45    0   39   43    0   33   47    0    0    0   32    0   35    0    0   34   42   37    0   35    0    0   44    0   36    0    0   41   40   49    0    0   50    0    0   48    0   31    0   38  
  37    0   50   46   42    0   40   45   50    0    0    0   31    0   35    0   38   48   34    0    0   43   47   33    0    0   49    0   41   39   44    0   47    0    0    0    0   46   50    0    0   35    0    0    0   36    0    0   32    0  
   0   43    0   50    0    0    0   38    0    0   41   41    0   49   42   48    0   45    0   40   44   45    0    0   31   32   36   39   43    0   33    0   47    0   46    0   34    0   37    0    0    0   35   32    0    0   43    0    0    0  
  40   50    0   42   37   36   33   38    0   46    0    0   48   34   37    0    0   37    0   47   32    0   44    0    0   39    0    0   37    0    0   49   31   40    0   43    0    0    0    0   33    0    0   41    0    0   35    0   45    0  
  46   40   35    0    0   49   50   41    0   31   41   37    0    0   38    0   32   45    0    0    0    0   34    0    0   48   39    0   42   35    0    0    0   43   33    0    0   38    0    0    0    0    0   47   32   44    0   42    0   36  
   0   49    0   46   41   38    0    0    0    0   48   44    0    0    0    0   36   43    0    0   31    0   34   45    0   33   39   37    0    0    0    0    0   41   50    0    0    0   35    0   50   42   32   47    0    0   31   39   50   40  
  36   31    0   40    0    0   38    0   47    0    0    0    0    0    0    0   35   49    0    0    0   50    0   41   43    0   36    0   45    0   48   39    0   45    0   37   46   35   42    0   32   39   35   33   34    0   44    0    0    0  
  40   44   50    0    0    0    0   43   42    0   44   36   34   35   45   41   39   33   39    0    0    0    0    0    0    0    0   48   49    0    0    0   50   37   46   45    0    0    0    0    0    0    0   39   32   47    0   31    0   38  ] 
BUDGETS : [    2    4    7   10   11   12   13   15   15   17   17   18   19   24   27   28   28   29   33   39   43   45   45   48   50   50   59   60   60   65   67   70   71   72   73   74   76   78   79   80   81   84   86   86   94   95   96   96  100  100  102  105  109  111  112  116  122  123  124  129  132  135  137  138  142  143  145  146  147  147  148  152  152  152  154  155  155  156  158  159  161  163  166  170  176  181  183  184  186  187  189  190  191  194  194  196  199  199  199  200  ] 
