K : 150
I : 75
PREFERENCES : [    0    2   18   25    0   10   17   17   26    0    0    6    1    0   11   19    0    0    0    0    0    0   12   14   16    0    0    1    0   23    0    0    0    0   10    0   20   15    0   14    0   22    3   22   27    0   13    0    0    5    0    0   24    0    7    0    0    0   28    0   26    1    0    9    0   18    0    0    0    1    8    0   21   26    4  
   2    0    0    4   15    3   16   26   19    0   23    0    0    0   27    0    0    0    0    0    0    5    0    0   14    0    0   21   22    0   17    0    0    0   11    0   18   28    2   12    0   24   20    6    0   15    0    0   25    1   24    0    0    0    7    3    0    0   16   28    0    7    9   21    0    0   13   10    0    0    0   26    8    0   15  
  20    1   23   19   13    0    3    0   15   22   27   24    9    0    0   16   24    0   28   11    0    3    0    0    0    0    8    0   21    0    0    0    0    7    0   17   12    0    0   12   25    5    0    0    0   14    0    0    0    9    4   15    0    0   26   18    0    5   24    0    0    0    0    0    0    2    5   12   10    0    0    6    0    1    0  
  17    0    0    0   15   14    0    0    0   28   27   21   15    0    0   16    0    0   18   16    0    0    7   25   20    0   19   11    4    0    0   16   22    0    0    1    0    7   14    0   19   10    0   26    0    0    0    0    7    0   12    0    3    9    6    0    0    8   13    0    0   23    0    0   25    5    0    0    2   24   28   23    0    0    0  
   3   11   28    5   22   25    0   26   17    0   12    0    0    0    0    0    0   11    0    0    0   10   14    4    0   27   11    0    9    0    0   28   23    7    0   20    1    0    0    0   23    0    0    0    2    0   26    6    7    9   19    0    6    0    0   16   13    0    0    0   15    6    0    0    0   24    0   18    0    8   20    0   21    0    0  
   9   21    7   12   19    3    4   17    0    0   13    0    5    0   26    0    8   25    0   28   16    0    0   21    0    0   12    0    0    0   27   22    5    0    0    0   17    0   25   27    0    0    6    0    4    0    0    0   14   15    0    4    0   18   10    0   20    0    0    0   26    0    2   23    4   11    0    0    0    0    0   24    1    0    0  
   2   17    0   21    0    5    0    0    0    0    9    0    0    0    0    0    1    0    8    8    0    0   28    0   16   25    3    0   25    0   22    0    0   17   10    0   24    3   26   20    4    0    0    0    0    0    0   15    1    0    0    0   11    0   19    7    0    0   18   12   27    0   23    0    9   18   14   13    0    1    0    6   26   21    0  
   0    9    0   26    6   16    7    8    3   18    0   24   25    2    0    0   27    0   18    0   24   28    0    0    0    9   21    0    0    0   11    0   14    0    0    0   13    1    0    0    5    0   12    0    0    0   23   19    0   28    0   17    0   22   19    4    0    0    0   10    0    7   20   15    0    0    0    5    0    0   28   18    0    0   23  
   0    0    6   19    0    0   21    0   22    2    0    0    0    0    0   21    0    0   19   23    0   20    5    0   25    0    1    9    4    0    0    7    0    0    0   13   15    3    0   10   18    0   13   11   24    0    0   21    0    0   12    0    0   25   27   14    0   16    3    8    0    0    0   28    0    0   28    0   24   17   28    0    0   26   14  
  16   28    0    0    7   13    0   17    0   19    6   12    4   24    0    0    0   27    4    0   10   25    0    0   26    4   15   11   15    0    0    9    0    0    0    3   18    0    0    0    0    0   25    0    0   16    0    0    0   23    0   19    0    8   14   20    0    5    0   21    0    0    2   22    0    0   16    0    8   16   17    1    0    0    0  
   0    5    0    0    0    0   18   25    0    0    0   13   15   20    7   17   22   28   16   13    0   11    0    0   24    0    0    0    8    0    9    3    0   14    0   26    0   18    0   20    0    9    0    0    0    0    0    4    0    6    0    6   19    0   25   21    0   12   26    0    0    1    0    0   27   10    3    7    0    7    0   23    0    2    0  
   6   17   27    0    0   20   23    0    0    0   25   26   16    0    0   19    0    0   18    0   16   10    0    1    0    0    0    0    0    0    0   17    0    0    0   23   24    0   11    0    0    6    1    5    4   10    0    2    0   13    0    0    7   28    0    0   21    9    0   22    8    0    7    3    0   17    0   15    0   12   18    0    0   14    7  
   0   27   25   28   15    7    0    4   17   12    0    0    4    0    0   12    0    0   28    0    0   13    7   16   24   10   14    3    1    0    9    0    0    0   26    5   18   14   11    0   24    0    8    0    0   19    0   20    0    0    0    0    0    0    0   22    0    0    4    2   20    6    0    0   11   21    0    0    0    0   26    0    0    0   23  
   0   14    5    0   23    3    0    0   18    0    0   18    7    0    0    7   11   17    0    0    8   28    0    0    0    0   19    0    0   27   25    0    2    0   24    0    0   18    0    0   15   16   12   26   28    0    0   21    4    0    0    6   10    0   22   13    0    1   18    9   20    8    0    0   16    9    0    6    0    0    6    0    0    0    0  
   0    0   16   14   19   17    0    7   27   16    0   16   20   21    0    2   22    8    0    0    0    0    0   26   22   22    0    0   22    0    0    0    0    0    0    0    0   23   24    0   15    0    0    1    0    0   15    0    0   18    0   28   13    0   12    0   22    4    0    0    1    5    0   11    9   22   10    6   16    0    3    0   25    0    0  
   0    0    0   27   25    0   19    0   18   11   23   16    2    0    0    5   20    0    0    4    0    0    3    0   24    0    0    0   26   12   16    0   28   27    7    0    0    0    0    9   18   13    0    1   21    0    0    0   17   20   22    0   10    0    0   28    0    0    0   26    6    0    0    0    4    0   14   15   22    9    0    0    8    0    7  
   0    0    0    0   19   12    0    0    0    0    0   13   14    0    0    9    0   26   17   27    0    0    0    0    0    1   20    3    0    0   25   21   27    5   27    0    2   22    4   23    8    0    6   27    6    0    0   24   15    0    0    0   10   18    0    0   21   12   28    0    9   11    7   16   26    0    0    9    0    0    0    0    0    7    0  
   0    0    0   24    0   24    2    0   17    0   10    3    0    8    0    5   19    0   20    0   11    0   10   27    0    0   23    0    0   10    0    0   16    0   18   26    1    6    0   28    1    0    9    0    0    0   14   22    0    2    4   25    9    0    0    2    0   15    0    0    0    0    0   21    0    7   12    0   15    0   13    6    0    0    7  
   0    0    7    0    0   22    0    0    0   27   11    0    0   14   16   19    0   28    0    0   25   10    0    1    0    0   26    2   16   18    0    0    6    1    0   22    4    0    3    0    1    0    0    0   20    0   12    2   21    5    0   15    9    0   26   22    0    0   24   23    0    0    8    0    0   17   24    0    0    0    0   24    0   13   14  
   0    0    0   19    0    0    0    0    0    0   21    0   18   28   20   10   24   22    0    0    0    5   16    0   23    3    0   11   17    0    1    2    0    0    0    0    0    6    2   14   19    8   27    0    8   10    7    6    3    0   25   14    0    0   15    2    0    0    0   26    0    0    0    9    4    0   24    0    0    0    3    0    0   12   13  
   0    0    0    7   20    6    0    3    0    0   10   13    0    0    0   16    0    0   27   25    0    0   27   19    9    4   21    0   20   20   12    0    0   12    0    0    1    0   14    0    0    0    0    0    0    8   28    0   15    2   24   18    0   23    0    0    9    0    0   22   13   26   13    0   12    0   17   13    0    0    5   11    0   16    0  
  25   11    0    0   17    0    0    0    0   16    0   16    9    0    0    0    0   12    0   19    0   22    1    0    0    0   26   23    0   20    3    0   28   18   20    0   20   10   10    2    0   24    5    0   21   26    0    0    7   15    8    0    6    0    0    0   22    0    0    0   14    4   27    0   10    0   13    0    0    0    0    0   22    2    3  
   0    6    9   17    0   10    0   15    0    0   25    0   20   26   27    0    0   11    0    0    0    0   20    0    2    0    0   19    1    0    0   23   15    6    0   12   24    0    5    8    0    0   17    0    0   22    0    0    0    0    3    2    0    0   20    0   21    1   17   28    7   16   13    0   18    0    3    0    0    0    0    4   14    0    5  
  12    0    7   14    0    2    0   21    0    0   13    0    5    0    0   28    1    0    0   12    3   10   20    0   22    0    0    0   17    0    0    0    6    8    0    0    0    0   14    9    0    8    0    0    0   27   18    8   14    4   23    0    0    0    0   16   24    4   11    0    0    0    0    0   15    0   10    0   12   21   28   26    0   25   19  
   0    3    0   16   27    0    4   22   13    0   14    0    0   23    1    0   28    0   18   24   27   22    6    0   10   14    0    9    0   21    0   13    0    0   24    0   18   25    6    0    0   12    8   11    2   17    5    0    0    3    0   26   23    0    0   15    0    0    0    0    0   20    0    7   19    2    0    0    0    0    0    0    0    0    0  
   0    0    0    0    4   10   25   25   16    0    0   14    0   12    0    8   19    0   20    0    0    0   26   21   26   22    0    6    7   27    0    0    0    0    0    0    6    0    0   14    1    0    0    3    7    0    0   23   16    0   12   24    0   14   17    0    0    0   15    9    0    5   15    0   18    0   28   11    8    0    0    0    2   13    0  
   0   24    0    7    0    0   19    0    3    1    0    0   25    0   23   14    0   21    0    0    0   16   25    0    0    0   23    0   17    0    0    2    0    0   19    0   23    0    9    0    0   18    1   25   10   22   20    6    8   13    0    4   14    0    0    5    0    0    0    0    0   15    0    7   27   28   26   12   17   19    0    0    0   11    0  
   0    6    0   25    0    0    7    0   22    0    0    7    0    0    5    0   15    0    0   16    0    2    4   26   24    0    0   18    5    1    0    0    0    0   27    0    0    0    0    0    0    5    0   19    0    5    0    0   23   10    0    0    0    5    3   17    0    0    9   21    0   20    0    5    0   13   28    8   12   11   11    1   10    5   14  
  13    3    0    0    0    6   20   20    0    0    0    0   24   25   20    5   19    0    0    9   13    5   11    2    8    7    0    0   26   24    1    0    4    0    9    0   17   23   22    0   13    0   13    0    0   28   12    0    0    0   18    0    0   16    0    0    0    0    0    0   27    0    0    0   10    0   21    0   14   13   15    0    4    0    0  
   0    4   18   19    0    0    0   13    0   27    4    7    0   20    3    0    7    9   28    0    0   24   15    0    0    0    0   16   27    0   28    5    0    6   26    0   12    0    0   22    0    0   12    0   14    2    0    0   10    0    0   11    0    0   21    1   17    0    4   16    0    0   15    0    8    0    0   25   27   23    0    0   15    0    0  
   0   24   10   18    0    0   17   28    0    0   26    0   27    8    0    0    0    0    6    0    0    2    0    7    0   23    0    0   24    0    0    4    0   14    0   16    0    3   25   21    0    3    6   11   28    5    9   13    0    0    1    7   20    0    0    0   19    6    0    0   25   15    0    0    0    0   12    5    0    0   22   25    0   16    0  
   0    2    0    7    9    0   10    5   24   22    7    0    0   28    0    0    0    0    5   11    0    0   12   13    0   15    0    0    0    0   21    0   10    0    0    0   25    7   27   20    0    0   22    0    0   19    0    0    6   14    1    3   20   26   17    0    0    0   16    0   13    0    6    0   23    0   18    0    4    0   20    8   13    0    0  
  17   20    5   23   11    0    0   10    0   25    0    0    0    0    0   20    0   27    4    0    0   24    0    0   11   23    0   12   24    0    0   14    0   28    1    6   22    0    0   10   19    0   13   26    0    0    0    0   16   18    0    0   21    0    9    0    0   12    4    0   24    8    0    2    7   15    0   20    0    0    3    0    0    0   20  
   4    3    0    0    9    0    2    0    0    0   19   16   22    0   24    8   11    0    0    8    0   27   20    0    5    1    0   10    0   28    0    0    0    0    0   17   23   27    0   15    0   26   28   17   25    0   21   14   13    0   28    0    0   10    0    0    7    0    0    0    0   24    0    0    0   10    0    2    0   18    6    0   12    0    7  
  14    0   28   23    1   18   25    0    9   12    0    0   17    0   20    0    0    5   25   16    0    0   26   11    6   20    0    0    0    0    0   14    0    8    0   14    0   19   15    6    2    0   24    0   24    0   25    3   21    0    0    0    0   10    0    0    0   27   10    0   13    0   11    0    0   22    7    0    4    0   27    0    0    0    0  
   2    5    0    0    0    7    6   21    9   11    8    0    1    0   17   20   19    0   20    0   21    0    0    0   21    4   10    0   27    0   26   13    0    9    0   21    0    0    0    0    0    0    0   28    0   12    0    0    3   14   23    4   15    0    0    0   16    0   18    0    0    0    0   18    0    0   24   25    6   13    0    0    0   22    9  
   0    9    0   10   16    0    0    6    0    0    0   19    0    0   24   25   28   14    0    0    0    0   19    4    7   15    0    0    0   12   20    0    8    0    0   18    0    0   27    0   19    0    9   18    0    0    0   21   24   13    0    1    0    0   23   17    0   22   25   24   17    0    5    0    0    2    8    0   26    0    0    0   17   11    3  
   0    4   27   17    0    0    3    0   15    0   17    0   11    4    0    0    0   21    0   13   14    0    0    0    0    0    0   24    0    0   12    6   15   10    0   26    0    0    7   19    0   20    0    2    0   28   15    0    0    0    0   13    0    0    0    0   22   25    8   17   21    0   16    4   18    0    0    8   28    0    0    9    5    1   23  
   3    0   22    0    0    0   25    0    0    0   16   10   26    0    4   10    0    2    0    1   24   20    0   26   17    0    0    2   21    0   27    0    0    0    0    0   18    0    6    0   13    0    0    6   25   12    5    0    0   19    0    0   28    0    0   25    8    0   26   15   25    0    0   17    0    9   15    0   23   14    0   11    7    0    0  
  13   20    2    0   18    0   17    3    0    0    0   25   19    0    0    9   16   28    0    0   27    0   26    0   20    0    0   12    0    0    0    0   11   10    0    2    0   14    0    0    7   24    0    0   15    8    0   23    0   17   27    1    0    5    0    0    0    0    0   12    0    0    6    1   13    0    4   12    0    0   22   21   17    5    0  
   0   12    0   13   14    0    7    0    0   20   16   19    7   18    0   22    0    0    9   22    0    0    0    0   21    0    0   23    0    4   28    0    0   25    0   22    0    0    3    6    0    0   10    0    0    0   24   11    8    0    5    0   17    6   22   23   27    1    0    2   17   26    0    0   15   20    0    0    0   14   23    0    0    0    0  
   0   26    0    0   12    1    0    0   11    0   13   18    0    0   21    5   15    0   17    0   25    0    0    0    0   10    0   16    0   11   11    0   28   15    9    0    3   27    5    0    0    3    0    0    0    0   27   15    4    2    0    6   23    0    8    0   14    0    0    0    0    0    0    0    0   19    7    0    0   11   18   24   20   22   20  
   0   24   16    0   27    0    0    0   13    0   22    5    0    0    0    0    2   21    0    0   25   17    7    0    0   24    0   11    8   12   25   18   15    0    0    0    0    7    0    6    0   17   27    0    1    4    0    0    0   26   11    7    0   20   27   26    0   14    0    0    0    0   25    0   19   10    9    3    0    0    0   23   28    0    0  
   0    1   20    0    0   27   19    9   28    0    0    0    1   24   26    0   20    0    0   11    0    8   22   23   17    3   14    1    8   12    0    0    7    0    0   15    0    0    0    0    2    0   13    0    0    5    5    0    0   10    0   16    4   28    0    6    0    0    0    0    0   13    6   18   15    0    0    0   25    0    0    0    0   21   14  
   0    2   26    0    9   21   22    0    6   25    0   28    0    0    2    0    0    0    3    1    0    0   14    0    9    0    0    0    0   21   25    0    0    0    0    0    3    0    5   16   20   11   13   17   12    0    0    0   18    0   17    4    0    0    0    0   10   19    0    0    0    8   24   28   23   28   22   28    0    0   15   27    7    0    0  
   0   24    0    0   22    3    0    0    0    1    0    0    0    9   28    0    0    0    0   21    2   10    2   17    0   20    0   25    7    5    0    0    6   11    0    0   15    0   25    8    0   16    2   28   19    0    0    4    0   15   14    0   27    0    2    0   12   23    0    0    0    0    2    0   14    0   26    0    0   25    0   18   13   28    0  
   0   11   24    7    0   26    3   22   28    0   19   27    0    4    5    0    0   18    0   14    1   16   26   16    0    0   10    7    0    0    4    0   13    0    0    0    0    4    0   12    0    6    0    0    2    0   23    0    8    0    0   22    9    0    0    4   20   20    0    0    0    0    0    0    0    0    0    5   25    0   21    0   27   15   17  
   6    0    0   13   25   14   12    4   25   18   15    9    0   21   19    0    0    5    0    0    0    0    0    0    6    0    3    0   16    0    7   11    0    0    0    2   10    1    0    6    0   12   12   24   27   28    8   12    0    0    0   22    0    0   17    0   23    0    8    0    0   20    0    0    0   26    0    0    5    0    0   16    0    0    5  
   0   11    0    1    7    0    7    0    0    0   19    0    0    0   27    0   13    0   12    0    0   28   20   13    0    0    0    4   17   18   23    0    0    0    0    0    0    0    8    0    3   19   10    6    0   18    0   24    0   17   25    2    9   13    0    0    0    0   26    0   22    0    6   14   20   27    0    0   16    0   15    0   21    5   22  
   9    0   28    0    0   14    1   23    0   20   10    0    0   18    3    0   21   11   24    8    0    0    0    0   16   27   15    0   22   19    0    0    0   10   14    0    0    0    7    0    0   16    5    0   26   17    0   19   23   10    0    4   12    0    0    0    0   13    2    0    0   25    0    4    0   24   19    0    6    0    0    7    0    0    0  
   3   21    0    0   27    0    9    0    0    0   13    0    0   18   24    0    7    0    0   10    0   16   13    6    0   17    0    0    0    0    0    4    0   20   21    2   14    0   16   11   18    1    0    0   22    0   11   23   26    0   18    0    0    8    0    0   25   19    5    0    1    0    0    0   28    0   12    0    0   15    0   10    0   11   28  
  28    2    0    0    0    4    0   24    0   25   12   22    0    0   19    3    5    0    0    1    8    0    0   21    5    5   10   25    0    0   13    0   25   26    0    0    0    9    1   15    6    0   20   11    0    0    7    0   23   18    0    0    0    0    0    0   14   17    0    0    0    3   15    0    0   11    0   16    0   10    0    0    0   27   16  
  20   19    0   15    0   23    0   20    0   22    0    0   12    0   20    0    0   28    4    2    0   16    4    0    0    6    4    0    7   15   21    0    0    8    0    4   10    0    9    6    0    0    5   14    0   19    0   24    0    0   17   13    0    0   20   27    3    0    0   18    1   25   20    0    0    0   11    0    0    0   26    0    0    0    0  
  17    0    0   20    0    0    0    0    0    0   15    0    0    0    0   16    9   25   15   26   26    1    4    7   18    0    9   21    5    0    9    0    7    0    0   11    0   13    6   19   14    0    2    0   27    0    0    3    0    0    3    0    0    0    0    0    0   24   12   13    0    0    0    0    0   27    9    0   22    0   23    9   28    8   10  
  18    0   15    0   22    0    0    0    0   23   28   17    0   19    0   20    0   26   28    0    0    1    0   24    0    0   10    0    0    0   22   12   16    0    0    0    0    0    0   21   11   20   13   24    0    0    2    3    0    0    0    9    5   22    0    8   19   18   27   14    0    0    0   19    0   25    0    0    7    0    4   19    6    0   22  
   4    0    0    0   24    2    7    0   13    0    8    0   15    0    0   16    0    5   21    3   10    0    6    0   26    0    0    0    0   28   12   11    0    0    0   17    0    0   10   26    9    0    0    0   18    5   11   13    0    0    0    1   27    0   11    0   14   22   19    0    0    0    0    0   10    0   25   22   16    0   23   20    0   21    0  
  28   17   12    0    0    0   22    0    0   20   10    3    0    0    0   16    0    0   21   18    0   26   23    0    1    0   14   25    0    0    0    0    4    0   22   22    0    2    8    9    0   11   13    0    7    0   13    0    0    0    0   17   24    0    0   12    0    0    0    0    0    0    2   19   27    0    5    5    0   23    6   17   15    0    3  
   0    6    0   18    0    0    0    0    0    0   27   24   20    5    0    4    0    0    0   15   12    0    0    0    5   12   17    8    0    0    0    0   18    0    0    6    0    0    2    3    0    2    1    0    0   10    0   19    0    0    5   13    9    7   28    0   23    0    0    0    0    0   22    0   14    7   25   26   21    0   11   11   16    2   28  
   0    0    0   16    1   14   10    2   27    0    0    0    0    0   21    7   25    9   28    4    0   28   19    8    6    0    0    0    0    5    4    0   24   14    0    0   28    0    0    0   26   23    0   12    0    0   13    0   11    0    3    0    0   21    2    0   17    0    0    0    0    0   18   10    0    0    7   20   17   22   24   15    0    0    0  
   5    0    0   25   19    0    0    0    7    0    0    0   12    0    0    0   23    3   25    0    6    0    0    0    0   15   28   24    0    1   27   22   27    0    0    0   10   16    4    7    8   14   20   17    2    0   10    0    0   13   16    0    0   10   26   11   20   18    0    9    0    0    0    0   21    0    9    0    0    0    0   15    0    0   12  
   0    0    7    3    0    0   25    0   15    0   19    0    6   25    0    0    0    0   21    0    0   27    4   13    0    0    0   18    0    0    0    8    0    2   20   17    9    0   12    1    0   14    0   22    1    0    5    0   19    0   16    0    0    0   26    0   10    0   23    0    0   14    0    0    9   28    3   20    3   14    0    0   24   11    7  
   0   28    0    0    0    0    6    0    0   23   10    5   11   22   18    0    0    0   21   17    0   25    7    0    0   16   25   16    0   24    0   26    0    8    4   13    6    0    0    0    3   18    3   24   20   12    0   14    9   15    0    0    1    0    0    0    0    2   18   11    0    0   19    0   27    0   14    0    0    0    0    0    0    8    0  
  18   24    0   24   23    0    0   11    0    5    4    0   21    0    0   24   16   19    0   20    0    1    7    2   20    0   28    0   22   27    9    0   10    6    0    0    0    0    0    0   15   25    0    0    0   26    0   12    8    0    0    0    0    0    0   17    0    0   13   14    0    0    0    4    9    0    0   24   27   27    3   24    0   15    0  
  17    0   22   21    0   10    5    7   27   20   15   24    0    0    0   28   18    0    0    0    0    0    0   12    0    0    0    0    1    6    0   11    0    0    0    0    0   19   25    0   15    0    0    0   14    0   28    5   26    0    4    9    0    7    3    0    2    9    7   23    5   19   16    0    0    8   18   13    0    0    0    0    0    0    4  
   3    0    4    0    6   15    6    0    5    0    0   25   11    0   12    0   23   11   22    0   19    1    0   18    0   14   18   21    7    0    4    8   13    0    0    0    0   26    0    0    0    0   27    0    2    0    0    0    0    9    0    0   28    0    0    0    0   20    8    8   10    0    0    0   16   28   17   25   24    0   21    0    0   25    0  
   0   15    0   16   19   25   22   28    0    9    0    1   24   15    4   16    8   14    0   26    0   10    0    0   10    0    0    0    0   13    0    0    5   28    0    3    6    2    0    3   17    0    0    0   23    0    0    0   12    8   11   21    0    5   18   27    0    7    0   16    0    0   27    0    0   24    0    0    0    0   20    0    0    0    0  
  25    0   13   21    0    0    4    0    0   23    6    0    0    8    0    0   20    5    2   20    0    0   15    0   14   11    3    0    0    0    0    0    0    0   20    0   14    0    0    0   17   22    9   16    0   24    7    0   12   26    0   14   28    0   19   22    0   11   28    0    0    0    0   19   19    0   27   18    0    1    0    0   10    0   27  
   0   24    0    0   18    0    0   15   27   26    8   10    0   17    0    0   13   25   13   22    1   14    0    0    4    7    0    0    0    0    0   16    0   26    0    0   25    6    8   19   25    5   11    0    5    0    0    0   12    0    0    0    9   20    3    3   21    0    8   17   28   25    2    0   23    0    0    0    0    0    0    0    0    0    0  
  21    8    0    0    0    0   20   16    0   10   22   28    0   24    1    1    1    0    0    0   19    7   14    0   16    0    0    0    3    0    5   26    0    2   27    0    4    0    0    0    0    0    2   12    0   25    9    0    0   16    0   14    0   28   18   14    0    0   13    0    0    9    0   23    0   21    6   11    0   17    0    0   15    0    0  
  17    0   16    7    0   20   13    0   28   10    0    0   15    0    4   26   18    0    0   14    0    0    6   21   15    0   18    0    2    0    1   19    7    0    0    0    9    0    0   22   25    0    0   27   20    0    0    0    0   21   17    5    0    0    3    8    0    0    4   24   11    0    0    0   23    0   14    4   21    0    0    0    0    0   12  
  15    0    0    0    0    0    0   28   23    5    0    0    0    0   20    0    0   24    0   17   21    4   18    0    0    0   14    9    0    0    0    8   10    0    9    0   14    0    0   26    0   25   16   13   18    0    3   20    0    0    0    0   19    6    0    0    0   24    0    1   24   20   11   18   10   27   22    7    2   12    0    0    0    0   10  
   0    0    0   18    0   14    0    0    0   22   15   28    0    0    3   24    0    5   20    0   14   16    0    6    0   17    0   26    0    2   28   16    0   12    0    0    8   27   22    0   10   21    1    0    0    0    0   23    0   12    4    0   19    0   11    0    0    7    0    0   22    3    0    0    0    0   13   15    9   28   25    4    0    0    0  
   0    0    0   12    0    0    4    8    0   20    0   13   28    8   19   11   23    0    6   26    9    0    0    2   27    0    0    0    0    0    0    0    0    0    7   21    0    0   18   17    0    1    5    0    0   14    0    0    0    0   15    3   12   25    0   10    0    6    0   24   22   20   19   19    5    0   16   28    0    0    8    0    0    0   25  
  12    0    0    0   19    0   18    0    0    4    0    0    0   20    6    0    0    8    0    0   15    5   17    0   25    0    0    0   14    0   26    0   10    0    0    8    0   17    3    4    9    0   23   11    2    0   18   24    7    0   18    0    4    0   28   22    0    0   19    6   13   21    0    0    0    1   23   12    0    0   27    0    0    0   16  
  28    0   23   17    0    8    0    0    6    0   18   11    2    0    0    0   25   16    0   25    0    0    0    0   10    0    0    0   27    0   14    3    9    0    5    8   10    0    0   22    0   12   24    0    0    8   25   26   13    1    7    8    0    0   14    0    0   20    0    0    0    0   11   21    0    0   19   15    0   12    0    4    0    1    0  
   0    0    0    4   19    6   26    0    0    7   13   28    0    4   19    0    0   13    0   13    0    0    5    0    0   20   27    1    0    4    0    8   16    0    0    0    0   21    3    0    0   24   17    0    0    0   14   19   11   17   15    2    0    0    0    0    0    0    0    0   18   23    4   22    0    9   13    0    0   10    0   26   12   25    0  
   0    0    9    0    6   13    0    7    0   19   14   25   12   11    0    0    0    0    0    0    7    0    0    0    0   11   22   16    0    0    5    0    4    0    0    0   20   10    0    8    0    4    0   23   15    0    9   28    0    2   16    0    0   21    1   27   17   18    0   21   22    0    0    0    0    0    0    9    0   10    0   24   26   28    3  
  12    0    0    0    8    7   14   22    8    0   10   19    0    0    0    0    2    0    0    0   11    0    0    0   19    0   16   21    2    1    3    0   28    9    0   15    0    0    0    0   26    0    0    0    0    4   17    8    0    0   18   27   14    5    0    0   25   20   13    0    0   19   22   24    9    0    6    0    0    2   23    0    3    0    0  
   0   16    0   25    0    0    0   18    0    0   14   18    1   19   21   27    0    0   18    4    0   19   18    0    0    0    7    0    0    0   23    3    0   22   24    7    0    0   12    0   15   26    0   28    0    0    0    0    0   17    2   19   13    0   22    0    9    0    8    6   18    0    0    4   10    5    0    0    0   19   11    0   20    0    0  
   0   13    7    0    0    0    0    0    1    0    2   23   17   16   28    0   12    8   12    0    9   24    0    0    0    0   18   20    0   14   25   14    0    0   21    0    0    6    8   12   15   10    0   22    0   11   27    0   26    4    3    3    0    0   15    0    0    0    0    0    0    0    0    0   22    0   23   14   19    0    3    0    5    0    0  
   0   11    9    0   17    0    0   10    0   22    7    0   14    0    0    0    0    0   16    0    0   14   27    1    0    0   17    0   20    7   11   10    0    2    2    0    0    0    3   23    8   12   19   26   18   28    0    0    6    0    5   21    4    0    0    0   27    0    0    0    0   17   15    0    0   10    0    0   26    0   24    0    0   13   25  
  28    4   13    0   27    5   16    0    3    0   10    0   17    0    1    3    0    5    0    0   25   14    8   26   21    7    0   27   11    0    2    0    0    0    0    4    0   15    0    0   27    0   19    6    0    0   17   20    0    0    0    0    0   24    0    0    0    0    0    0    0    0    0   22   16   18    9   24   23    0    0    0   12   22   21  
   0    3   16   27    0    0    0   19    7    3   11    0   20    0    5    0    0    0    0    0    8    0    0    0    0    0   15    0   23   21    0   12   24   10    0   12   10   28    0    0    6    0   25    0   26    7    0    0    0    0    0   22   18   19    0    0    9    4    0    9    5    0   14    2   17   10    0    0   13    0    0    6    1    3    0  
   0    0    0    6   14    0   13    0   11    0   15    0   25    0    5    1    0   16    0    0   23   27    0   20   28    0    0   19    0   18   11   19    5    0    3    7    0    9   14    0    0    0   26    0    0    0    0    0   22    8    0    0    0   17    9   25    0   10   12   20   21    0   24    9   17    0    0    0    0    0    0    0    3    2    4  
   0    6    0   25   16   15    0    0    0    9    8    0   28    7    0    1    0    0    0   18   14    0   21    0    4    0   20    0   10    0    0    0    3    0   19   24   19    0    0    0    0    0    0   12    0   16   26    0    0   18    0   27    0    0    0    0    0   13   22    0   21   17   24   22   23   19    1   18   19    5    0    0    2   11    0  
  21   15    0    0    5    7    0    0   11   19   26    0    1   26    4    0    0    1    0   28    0    0   12    0    8    0    0   23   10    0   13   24   17   27    0   19   18   13    0    0    0   20    0    0   16    1    0    0    0    6   10    0    0   25    9    2   25    0    2    3   17    0    0   11    0    0   22    0    0    0    0    0    0   14    0  
   0    0   19    0    0   17    4    0    0    4    8    0    0   22    0    0    0   11   15   28    3    0    0    0    0   20    0   13    7   26    0    5   27    0    0    3    6   13   10   24    0    0    2   18    0    7    0    5   25    1   22    0   13    0    0    0    0    0    0    0    4    0    0   23    0    0   21    9   22   14   12    0    0   18   16  
   0    0    0    9    0   27   23    0   24    0    0   11   21   22    0    0    0   18    0   25    9    3    0   28    5   22    0    0    6    0   16    0    0   14    0    0    0   22   13    0   26   19    7    4    0    0    8    0    0   12   20   11   15    0   10    0   17    0    0    0    0   22    0    2    0   17   22    0    0   13    1   15    0   15    0  
   0   27   22    0    7    0   25    8    0   20    6   17   21    3   26    0   14   12   23    0   15    0    0   28    0   28   10    0   18   22    0   23    0   12    0    0    0    0    0    0   20    4    0    0   24    9    0    0    0   20    0    0   14    2    0   11    0    0    0   28    5    0    0   11    0    0    1   19    0   13   16    0    0   24    0  
   9   23    0    0   19    8    0    0    0   11    8   20    0   25    0    5    6    0    0    3    0   25   26    0    1   24    0   26    0    0   28    0   10    0    0    0    0   28    0    8    0    0   27    4    1    0    0    0   17   26    0    0   14    2    0   15    0    0    7    4    0   21    0    0    0   15   13    0   18   22   23   12   16    0    0  
  20   11   13   17   24    0    4    0    6   22   26    1   14    9    0    0    0    0    0    0    1   28    0    4   17   27   13    8   16    5    0   10   23    0    0   25    0   18    0    0    0    4    0    0   12    6   11    0    0   23    0    0    0    3    7    0    0   15    0   16    0    0    0    0    0   21    0    4    0    0    2    0    0   19    0  
  14    0    0   17    0   28   11    6   25    0    0    0    0    2   20    8   28    0    4    0    0    0   10    0    5   26    0   27    1    0    0    0   14   11    0    0    0    9    0   19    0   23    0   24   21    0    3    0    0    0   16    7   13    0    0    0    0   21   17   26   22   12   12    0   16    0    0    5   14    0   18    0    0   15    0  
  14   16    0   27   10   21   25    5   28    5    0    0    0   18    0   26   12    0    7    9    0   14    0    0    0   19    0   11    5    0   24   13   13    0    0    0    0    0    0   25    0    4    0    0    0    0    0    6    0    0   11    9   21    0   25    0    0    0    3    0    2    1    0   22   17    0    0   15   23   14    8   20    0    0    0  
   0    0   19    0   13    0   26    0   15    1    3    8    6    0    0    0   23    0    0    7   22    0   25    0    3    6    0    0    0    0   24    0    0   27    0   27   11    0    0   28   18    0   16   25    0   10    0    0    0    0    0   26   14   21    0    7    0    0   12   19   21    0    0    0    2    5    9   17    4    0    0   20    7    0    6  
   8    0    0    0    0   13    0    0    0    9   23    0    0    0   23    0   12    0    7    0   23    0   27    0   17   15    8   21    0    0    0    8    0   22   10    0    0   24    3   28   18    0   22   13    0    0    0   20    4   25    0    2   11    0   19    0    6   16    0    0    5   23    0    5    0   26   20    1   14    0    0    0    0    8    0  
   0   16    7    0    0    0   19    0   13    0    0    0    0   18   15   27   26   25    0   21    4   10    8   13    0    0    0   20    0   23    3   23    0    0    0    0   13    0   14   12   23   13    7   22    1    0    0    0   26    0    5    0    6   10    0    0   17   17    0    0    0    0    0    0    9   11   24    0    2    0    0   26    0   28    0  
  11   18    0    0   14    0    0    0    0    9    0    1    0    0    0    2    3    4    0    5    0   19   23   19    0   11    0   16    1   22   11    6    0   17   13    0   24    8   28    0    7    0   25    0    0   10    6    0   28    0   26    0    0   13    0    0   21    0    0    0    0   15    0    4   20   27    0   12    0    0    0    7    0   12    0  
   0    0    2    0    0    0    0   18   25   28    0   27    0    0   15    0    7    0    0    0    0   16   21   18    0   25    5    0    0    0    0    9    0    8   11    0    0    3    0    4    9   14    0    5    0   22    0    0    0   19    6    0    0    2    0    0   26    0    1   10   27   22    0    0   23    0    0   25    8   20   25   13   12   17   24  
   0   11   14   21    6    0    0    0    0    0   22    0   15    3    0   27    0    0    4   16    0   23   21    0   12    0    0    7    0    2    0    0   28    0   17   28    0    9    0    0    0    0    0    5   26    0    2   23    0   19    0    0   16    7   10   24   26    0    0   14   20    0    0    0    1    0    0   13    0   25    1   21    8   18    0  
   0   18    0    0   10    0    3   16    0    0    6   28    0   11    5    0    1    7   27    0   16   14   20    0   26    0   10    7    1   13    0    0    0   27    0    0    0    0    0   21    0    0    9   10    0    0    0    2    0    4    6    0   23   12    0   20    0   17    7    0   19   16    0    0    0    0   25    0   15    0    0    0   24   22    8  
   0    0    1   14    0    8    0   25    0    0    4    2    4    5    0    0   17    2   27    0    0    0   20    0    0    8   13    9   21   22   15   24   14   17   24   12   16    0    0    0    0   10   18    0    7   19    7    3   23    0    0   28    0    0    0    0    0    0   11   26    0    0    0    0    0   13   17    0    0    0    0    0   23    6    0  
   0   18    0   12    0   26   20   13    0    0    0    0    6   14    0    0   22    0   10    8   25    3    0    1    0    0    0    0   24   11    0    0   12   21   23    0   26    5   27    0   21   15    0   26    0   17   19    0   12    0    0    0    2    0    0    0    0    0    0   16    0   28   21   24    0    0    7   18   12    0    0    4    0   28    9  
  20   26    6   17    0    0    0    0   28    0    0    0    0    6    0    0   23    0    8    0    7    0   10    0    5    0    0    0   19    1    6    0   21   23    0    0   27    0   24   15    3   11   13    0   22   22    0   15    0    0    0   25    0   15   14    0    0    0    0   24    9    0    0    0    0    4   12    0    2   18    6    8   16   13    0  
   0    0   22   14    5    0   11    2    0   10   19    1    0    0   15    0    0    0   22    4    0    0   10   27    1    0   26    0    0   21   24    0    0    6   16    2   13    0    0    6   17   17    0    7    0   19    0   25   12   28   18    0    2    0    0    0    9   20    0    0    8    0    0    0    0    0    0   18   23    3    0    0    0    0    5  
   0    0    0   28    0   24   15    1    0   18   13    0    0    0   11   25   26    0    6    0    0    0    0   27   28    5    0    9    2   12    8    0   14   22    0    0    0    0   25   26   22    0    0   23    0   20    0    0    5   10   11   17    3    0   18   19   28    0    4   16    0    0    0    0    0   21    1    0    0    0    0   22    0    7    0  
   0   14    0    0    7    2   12   24    0   13    7    0   26    0    0   12    0    0    0   26   18   28   10   22    9    0    0    1    0   20    8    8    0    0    5   16   11    0    0   23    0    0   19   25   19    0    0    0    0    0    0   15    0    0    0   17   19   11    3    0    6    0    0    0    0    0   27    4    0    0   21    5    3   18    0  
   0   17   15    4    0   19   15   11    0   12    0    0   20    2    0    0    0    0   23   27    0   10    1   14    0    5    7   21   25    0    1    0   18    0    0    0    0   24   24    0   22    0   13    0   16    0    0   19   24   19    6    0    9    0    0    3    0    0    0    0    0    0    0    0   28    0   20    8    0   22   26    0   26    7    0  
  10    0    0   22   24    0   24    0    0   14    0    0   10    0    0    0    6   25    0    4    5   15   16   10   17    9    0    0    0   27    0   16    0    2    6    0    0   13    1    0    0   20    0    0    0    0   13    0    0   11   26    3   18   19    5    0    0   12    0    0   21   28    0    0    8   16   10    0    7    0    0    0   12    0   23  
   0    0   16    6    0    0    0    0   24    0    0    0    0    0   11    0    0   27    0   27    5    0    0   17   14   28    0   25   16    1   10    9    0    0    0    2    7    0    0   19    0    0    9   28    3   21    0    0   16    4    0    4    0   13   23    0   20    0    5   12   10    8   22    0    0    0    0    0   22   17   26    0   15    0   18  
   0    0    0    0   27    0    0    0    0   20    0    8   15    0   11   18    0    0   25   28    0    0    3    9   14    6   16    0    0   13   25   21    6    0    0   24    0   25   19    0    0   23   12    0    0    0    8   17    0    0    6    7    0    0    1    0   10    4    4    2   21    0    0    0    5    0    1    0   27    0   26    2    0    0   22  
   0    0    0    1   27    0   28   22    9   14    0   28    0   15    9    6   18    0   19    0    0   17    7    0    8   13   24    0    0    0    0    0    0   12    0    3   25    0   18    0    0    0    5    0    0   28   28    0   21   24    4    0   20   25    2    0    2   25   26    0    0   16    0   10   11    0   15    0    0    0    0    0    0   23    0  
   0   26    9   16    3   23   24    0    0   10   11    0    0    0    0    0    0   22    0   14    0    6   15   13    0   12   15    0    0    2    5    4   17   22    0   10    0    0    0   28    0    0    4   16    0    0    0    0    0   25    0    1    0    0    0    7   22   13    0   24   13    0   21   19   15   18    0    0    0   20    0    0   27    8    0  
  14   20    0    2    0    0    0   23    0    0    0   12   16    1   18    0    0    0   26    6    3   27   22   15   11   18    0    9   21    0    0    5   15    0    0   28    9    0   24    0    0    0   24    0    0   15    0    0    0    0   12    8    0   13   19   11    0    4    0    0   10   18   25    0    7    0    0    0    0    9    0   17    0   21    0  
   0    0   17    0   19    0    9    2    0    6    0    0    3    0   14   25    0    0    0    0    0   11   23    0    0   24    8    0   23   15   26    0   27   11   14    4    0   13    0   21    0   16   10    0   13    0   22    0    0    5    0   27    0    3   14   17   18    0    0    0    7    0    0    1    8    0    0    0   28    0    0    7   20   12    0  
  26   16   22    1    0    0    0   16   18    0    0   15    6    3    7    0    0    0   23   16   27    0    0    0    3    0    0    0   14    0   20   17    0    0    4    0   18    0    2   10    9    5   18   11    0    0    0    0    0    3   21    0   24    0   28   22   19    0    0    0    0    0    3    0    0   28    0    0    0   23    8    0   13   25   12  
   1    0    5    4    0   23   15   10   21    0    0    0   17    0    0    0    0    4    2   25   27    0   11   18    0    0    0    0    0    0   19    0   22   24   16    0   26    0   24    0    6    0    8    0    0    0    0   12   28   26   10    0   10   20   12    0   20    0    0   10    0    8    7    6    0    9    0    0    0    0   13    0   14    3    0  
   0   27   15    0   26   22    0   18    0    0    0    0   26    0    0    0    0    0    0    0   19    5    0    4    0   23    0    0    0   25    0   19    4   24    0    0    0   21    9    0    8    0    1   16    0   20    0    0   25    0    7    0   28   14   13    6   19    0   12    0    7   25   10    9   25    0    0   17    1   11    2    0    3    0    0  
  20    0   19    0    0    5   13    0    0    4   23   12    0    0   28   10    0    0    0   16   12    7   25    0    0    3    0   12    0   20    0    0    0    0    0    0   17    0   26    0    0   12   15    6   22    3    0    5    5    9   18    0    0    1    0    0    0   11    0   23   24    2   18    8   21   19    0    0    0    0    0    0   14   27    0  
   9   25   28    0   24    0    0   17   16    0    0    0   15    0    0    0   14   12    0    0   27    0    0   12    0    8    0    0    8    6    4    0    0    0    2   19   21    0    0   26   27    9    0    0    8    7    1   18    5   22   12   12    7   11    0    0   13    0   12    0   20    0    0    0   10    0   14    0    0   23    0    3    0    0    0  
   0    0    0    0   18   13    0   16    0    1   16    7    2    2   11   16   16    0    0    0    0    0    2   27    0    0    0    0    1    7    0    0    0    0    0    0   21   19   10   14   12   22    0    0   24   23    4    3   20    6   11    0    0    0    0    0   15   26    5    8    0   25    0   28    0    9    0    0    0    0   17   23   16    0    0  
  11    0   17    0    0    0   18   26    0   15    1    0    0   17    0    0    5    0    0   12    0    0    0   28    6    0   24   22   17    9   14   18    0    0    0   16    0   20   23    2   19    8   22   16    3   21    0    0    0    0    0   23    0    4    0    0   18   22    0    0   13   25    0    0   15    0    0    0    7    0    0    0   27   10   18  
  22    8    0    0   21   18   11    0   18    0    0    0    2   27    0    0    0   16    7    3    0   12    0    0    0   24    0   10   25   26   24   17    0   16    6    0   24    0    0    9    0   23   24    0    0    0   11    0    0   13    0    0    0   24    0    5   20    0   15   14    0    0    0    0    0    0    1    0    0    4   28   19   15   12   25  
   0    0   18    0   10   28    5    0   26    0    0    0    0    3    0   20   11   17    4    1    0    0    0    0    0   22   14   13    7    8    3    3    0    0    0   16   15    0   25   27    0    6   21    0    0   27    0   12    0   23    5   24   16    0   22    2   10    9    0    0    0    0    5    0   19    0    0   13    0    0    0   22    0    0    0  
   0    0    0   23   13   14    9    0   11    6    0    0   21   23    0    0    0    0   19   20    0   17    0    0   25   16    8    0   12    0    0    0    0   19    0    1   15    0   16    0   24    7    0    0   18    0    0   28   17   27   26    0    0    5    0    4    0    0    0    0    2    1    0   19    2    3    0    0   19   10    0    9    6    0   22  
   0   18    0   22   14    0    0    0   18   16   20   17   16   15   20   19    0    6   25   23    0   28    4    0    5    0   15    0    0   10    9   26   18   25    3    0    0    0    0    0   12    0    0    0    3    0    0    0    0    0    0    2    0    9    0   12   22    7   13   11    0    8   27   21    0    0    1   24    0    0    0    0    0    0    0  
   0    0    0    0    0    3    0   18    0   25   26   19    0   13   28    0    0   19   22   21    0    0    0    0   25   16    0   13    0    4    0   22    0    0    9   23    0    0    2   27    6    0   15    0    0   17    0    1    0    0   10    0    0    7    0    0   24    6   20   27    0   11    0   12    0   16    5    4    0    8    3   14    0   11    0  
   0   22    0    0   21    3    0   16    4   19    0    0    1   11    0    0    0    0    0    7    0    0    0    0    5   26   15    6    0   14    2    0    0    0   20    0   16   25    0    0   26   17    4   27    3    0    0    0   28    0   25    0    0   17    5    0   18   13    0    0    0    0    0    9   16    0   10   23    8    0   24    9   12    0    2  
   0   28    5    0    0   21    0   15    0    6   18    0    9   22    0   10   14    0    0   11   23    0    0   24   12    0   20    0    9    0   19    6    2   27    3    1    0    0   15    4    0   16   25   21   26    0    0   19    9    0    6   13    0   20    0    0    7   10    0    0    0    0    0    0    0    0    0    0   17    0    4    8    0    0    0  
   0   12    0   26    0   20   23    0    8    6    0   20    0    5   24    0    0    0    0    0   17    0    2    0    0    5   11   13    3    0    0    0    0   22    0   28    1    0   10    0    0    2   26   20    0    0    0   23    4   16    0    5    7   22    0   21   28    0   15    0   18   14   27    0    0    9    0    0   10   19   25    0    0    0    0  
   0    0    9    9    0   27    0    0   19    0   21   11    0    0    0    7    1    0    0    0    0    8    0    0    0   22    0   12   20    0    0   10   28    0   24    0   26    5   11    0   15    6   24    0    2   23    0   16    3   15    0   23    0    0    6   25    0    4    0    0    0   14   20   13   20    0    0    9    0   17   15    0    0   18    0  
   0    5    0    0   20    0    0    0    9   26   24    6    0   11   22    0    0   23   10   18    0   10    0    0   18    0    0    4    0   21    0   24   23    0    0    0    0   28    0    0   12   14    2    0    7    3   21   24   13    0    0    0    0    0    0   17    0    0   19   28   27   15   17   16    0    1    0   25    0    0   15    0    7    8    0  
  22   10    0    0   17    0   19   19   22    7    0   20    2    0    0   19    0    0    8    0   18   12    0    0    0    0    0   17    0    0    0    0    0   13   24   15   27   28    0   25    5    1   15    0   16    0   21    0   17   11    0   27   17    0    4   23    3    0    0    0    0    0    0    0    0   26   12    0   27    0    9    6   14    0    0  
  16   15    0   15    0    0    2    0   26    0   10    0    0    0    7   22   20    0    0   15    0    3    0   28    4    0    0    0    7    1    0   21    0    0    8    0   24   25    9    6   11    0    0    5   25   19   13    0   18    0    0   17    0   17    1   27    0    0    0    0    0    0    6    0    0    3   12    0   23   15    0   14    5    0    0  
   0    6    0   17    4   10   24    0    0    0    0    0    9    0   27   19   13    0    0    3    5    0   12    0    0    0    0    0   25    4   28    0    0    0   11   16    0    5    0   28   18    0    0    0   18    0   18   20   19    0    0   15    0   26    1    0    0    8   14    2    7    0   15   22   28    0   23    0   11    0   21    0    5    0    0  
   7    0    0   21   24   17    0   26    0   17    0   28    0    0   15    0    4    9    0    8    0    0    0    0   23   27    0    0   11    2    0   14    5    0   20    0   20   16    0    7    7   21    0   20    0    0    0   19   22   12   13    4    0    0    0    0    6    0   14    0    0    0   25    1    0    0    0   18   10    4    0    0    0   18    3  
   0    1   21    0    0    0    0   26    0   20    4    0    2    4   11    0    1   16   25    0   19    0    8    0   17    9    7   23   16   28   13    0   26   12   26    6    0    0   27    0    0   18    6    0   22    0    0    0    0    5    0    0    0   10   16    4    0    0    0   14    0   17    0    4    3    0   15    0    0    0   24    0    0    0    0  
   0   18    0   10    0    0   13    4    0    0    0    0   14    7    1    0    0   27    0   11   21    0   16    2    8    0   26    0    0   24    0   11   23    0   11    0   25   20    0    1    0    6   17   25   19    0   22    1    0    5    0    0   12    0    0    0   23    0    0   17    0    0   12    0    0    9    0   19   28    0   15    3    0    0    8  
   0    6   16   11    3    9   11   18    0    1   24   13    0   27    0    0   26    0   27    0   19    0    0    0   17   25    0    5   24   10    0    2    8    0    0    0    0    0    0    0   23    0    0    0    0    4    0   28    8    0   20   22   17   19   14    0    0    0   21   15   20    0   16    0    0    0    0   12    0    0   19    0    7   13    0  
   0    0    0    0    4    0    0    0    0   10    0    0    1    0   28    1    0    0   25   17   11    1    6    0    0    0    0    9    0    0    5   20    0    0   22    5    0   14   15    0   10   21   12   18   23   25    3    0    0   26    0    0    0   13   27    0    9    0    5    0    0    0   12   24    8   19    0    5   15    7    0   16    2    0    0  
   6    0    0    0    0    0    0    0   28   17    7    3    0    0    0    9   15    0    0   11    0    1    0    9    0    0   13   21    5   14    2    0   27    0    0    0   20   22   25   28   25    0   26    0   26    8   24    0    0    0    0   21    0    4    0    0    0   18    0   11    0   16    0   24   10   19   23    8    0   12    0    0    0    9   20  
  20   12   12   21    0    0    6    0   15    0   27    0   10    0    0   12    0    0    0    0   26    0    0    0    0    0    2   19    5    7    0   18    0    0   13    1    0   16   11    0   21    0    3    1   28   25    0    0    0   24    0   19   17   22    0    0   13    8    0    0    0   14    9    0    0    4   23   16    0    0    1   19   11    0    0  
  11   16    5   21    0    0    0   18    0    9   22    8   23    0    0    0    0    4    0    0   22    0    2   13    0    0    3    0    0    0    6   17    0    5   27    0    0   22   22   12    0    0   19    0    0    0    0   26   24    1   25   10    0   10    0    0    7   25   14   24    0   20    0    0    0    0    0   28   15    0   20   22    0    0   25  
   0    6   10   16    0   27    4    0    0    0    0    0   25   23    0    0    0    9   28    0    0   11    1    0    0   24   15   18   28   14    0   13    0    0    0    0   13    0   20   26    0    0   22    3   27    0    0    8   15    0   27   21    2   12    7   15   20    0    0    0   19    5    0    8    3   17    0    0    0    0    0    0    0   16    0  
   0   15    0    0   20    0    0    0    0   17   23   18    0    0   18    0    0    0    5    2    0   25   14    0   21   18   24   13    0   10   19   11    0    0   18    0    7   12   28    0    3    0    0    8    0   16   15    1    0    0    6    0    4    0   22    2    0    0    5   23    0    0    9    0    0    0    0    0   12   26    0   27    1    0   14  
   0    0    0    0   12    3   20    0   28    0   15    0   10   11    0    0    0    0    0    0    0   21    8    0    0   26   23    0   23   23   22    2   10    0   23    0    5    8    0   14    0    0   23    0    0    0    6   19    0   17   25   27   22    9    0    0    6   16    0    0   18   24    0    1    0    7    0    0    0    0    4   10    2    0   13  
  24    1    2    0    0    0   21    0    0    0    3    0   14    0    0    0    0   27    0   25   19    0   13    6   26    7    0    0    0    0   24    0    0    0   12    0    5    0    0    4   23   28    0    0   12    0   27    0    0    0   14   17    0    8   16   16   24   20   11   22    0    0   10   13   12   15    9    0   18    0    0    0   27    1    0  
   0    0    0    7    6    0    0   15    0    4    7   28   27    0    0    0    0    3   16    2   28    0    0    0    0    0    7   21    0   23    0   14    0    0   16    0    0    0   20    0    0   10    0    5   25   26   24    0    0    0    0   18   11   20    0    7   12    0    0    0   19    0   22   16    0   20    9    1    0    8   20   12    0   17   13  
   0   24    0    0    0   28    0    0   16    0    0   23    8    0   27   11    2    0    0    0    0    0    0    0   22    2   12    3    0   16   19   20    0    0   17    7   15   14    0   13    0   16   10    0    0   18    0    0    0    4   10    0    0   16    0    0    0   16    5   16   26    0   22   25    1    0    0   20   21    0    9   14    0    6    0  
  17   13    0   20   17    6    0    0   11   16   25    0   27   27    0    2    0    6    0    0   19    0    0    0   12   28    0   22    0    0    0    0    7    0    0    0   15    0   10   18    8    0    0   27    0    8    0   27   21   24   14    4    0    0    0    1    0   21    0    0    0    5   23    0    0   26    8    0    3   25    0    8    0    0    9  
   5    0   16    0   28    0    0    0   20   11   16    0    7   17    0    0    0   14    0    0    0   12   13   21    0   14    3   25    0    0   15    0   20    2   28   10    0    0    0    1    1   22    0    0    0    0    4   24    0   27    0    0    0    0   23    0    7    0    0    8    1   26    6    0   25    9    0   19    0   10    0   18    4    0    0  ] 
BUDGETS : [    1    1    4    6    6    6    7    8    9   11   17   18   27   30   30   31   35   40   40   43   44   44   47   47   49   54   55   56   58   62   64   67   67   70   71   71   71   76   79   83   86   86   87   88   93   94   95   98   99  102  103  107  107  107  109  109  109  110  110  112  113  113  114  121  122  123  125  125  127  132  133  136  137  137  145  146  149  153  155  159  160  164  165  170  170  171  176  177  181  183  186  186  187  195  198  199  201  205  210  211  213  215  216  220  221  221  221  225  228  229  229  230  231  235  239  239  239  240  240  243  244  244  245  246  246  253  253  256  261  264  266  266  267  267  269  270  271  271  274  277  278  279  280  282  285  286  291  292  296  299  ] 
