K : 50
I : 25
PREFERENCES : [   11    6   22   13   24   21   12    7    7   10   18   16    7    8   22    9   15   17   19   20   25   13   14   23   12  
   7   13   16   19   15   21    7    6   12   19   11   14    7   23   18   25   17   22   10   24   13   20    8    9   18  
  23    8   20   14   11    7   21   19    9   20   11   12   16   11    7   13   25   15    6   24   17   22   10   14   18  
  20    6   17    7   11   24   18   25    8   22   25    9   12    8   21   22   23   15   14   13    8   13   16   19   10  
  20   19   19   18   15   23   25   16   23   11   12   22    8   17   25   20   13    9   21   14    6   24    7   16   10  
  20   10   16   23   24   17    9    6   15   14   17    8   21   11   22   12   23   25   13   23   19   18    7   18   24  
   9   15    7   21   22    7   14   11   24   11   18   10   13   12   16   20   10   17   19   25    6   18   23   11    8  
   6   10   13   18   14   24   25    8   12   22   11   22   16   17   20   18   23   15   22   19    7   11    9   15   21  
  23    7   14    6   24   15   21   12   17   16   10    8   24   25   22   13    9   18   20   15   14   19   11   16   12  
   9   17   25   10   24   13   23    7   19   18   23   15   22    6   18   14   17   11    8   12   21   18   16   20   11  
   6    8   20   11   18   14   18   15    6   25   12    7   15   19   22   15   24   16   19    9   13   17   21   23   10  
  25   19    6   11    8   10   12    8    7   19   13   16    7    9   23   22   17   18   18   25   15   14   21   24   20  
  25   11   21   20   14    9   10   13   19    7   16   18   13    8    9   24   12   17    6    6   22   11   23   15   17  
  19   25   17   21   10   15   18   25   25   20   24    7    6    9   11    7   22   21    8   13   14   16   23   19   12  
  11   14   22   12   17    8    9   19   12   24    6   25   12   16   12   21   13    7   15   18   20   13   10   23   11  
   6   21   16    8   24   22   21   11   14   15   23   17   25   21   13   20   15   15   19   18   12    9   10    7    7  
   8   20   23   18    9   16   22   24   17   11   22   21   25    8   13   12    6    7   18   25   25   15   10   19   14  
  17   14   21   12   22   25   11   22   22    8   20   10    7   16    6   23   18    9   25   24   22   19   15   13   12  
  13   22   25   22    6   12   23   15    8    9    9   18    7   24   24   11   14   10   21   19   20    9   12   17   16  
  19   10   22   24   12   22   13   11    6   15   16   18   14   16    7   21   19    8   23    9   25   20   17   25   12  
  24   14   11    9    6   19   24   25   20   17   13   23    6   10    7   21    8   15   18   22   23   23   19   16   12  
  10   13   25   11   10   10   21    7   15   18   20    6   12   16   22   19   24   14   10   17    9    8   23   15   11  
   9   23    6   21   11   12   25   19    6   18   25    9   15   13    8    7   16   22   13   10   20   17   14   16   24  
  25   17   21   14   12    8   13   18   10    8   24   14   22   22   11   15   23   16    6   19    7   12   14   20    9  
  16   19   19   10   15   20   14   10    7   21   11   23   10    7    9   18    8   17   24   21   13   22   25    6   12  
  25   24   11    7    6    8   22   23   15    7   17   19   15   21   20   13   15   10   11   19    9   12   14   18   16  
   8   15   25   21   12   16   13   23   20   16   10   11   18   22    9   19   21    6   22   14   17    7   13   24   19  
   7   22   10    9    7   14   18    8   11   17   24   14    6   21   15   12   15   23   19   13   20   21    9   16   25  
  24   12   25   12   12    6   23   10   13   20   15   18    8    9   22   21   20    6   11   21    7   16   19   14   17  
  25   23   16   20   10   13   15   24    8   19    9   14    7    8   12   12   21   17   18   13   21    9   11   22    6  
  19    9   12    8   15   14   18   22   10   15   21   17   11   16   24   25   13    6   11   17   20   21   15    7   23  
  24   16    8   15   11   23   17   21   14    8   12   13   17   19    7    6   10   20    7   18   16   22    9   11   25  
  13   20   15    8   10   22    9   22   14   12   22    6   19   11    7   18   17   14   21   23   16   25    9   13   24  
  21    6   12   11   23   13   25    7   11   24    8   14   22   17   10   17   14   18   16   20   15   10   19    6    9  
   9   14   17   16   11   23   22    6   24   25   24   13    8   12   10   24   21    7   15   24   20   19   22   18   18  
  12   23   24   21    7    9   19   20   13   14   18   16   21   15   22   14   22   11   14   10   25    6   17   19    8  
   9    9   11   15   12    7   14   21   20   16    6   22   10   18   19    8   24   13   25   17    9   20   18   10   23  
  13   18   14   12   24   22   15   25   23    7   16   11   15    8    9   14   10   18   21   15   16    6   17   19   20  
  20   23   15   25   11   17   22   13   12   24   22   22    6    7   21   14    8   11    9   11   18   10   16   19   19  
  23   16   17   21    8   12   10   15   11   13   22   20   15   25   10    6   14   10    7   24   12   18    9   19   24  
  25    8   19    9   24   20   22   14   12    7   23   19    8   11   15   21    8    6   10   17   18   16   13   18   19  
   9    8   23   14   13    9   12   18   19   25   16   15   10   17   19   19    7    8   11   24   20   21   22    6   14  
  16   15   10   20   23    8   12   22   21    9    7   11   13   18    6   19   19   20   25   24   17   10    6    9   14  
   6   18   10   14    6   15   15   25   19   23   12   24   22    7   11   21   15    9   13    7   16    8   20   17    9  
  11   18   19   17   21    9   13    7   20   14    6   24   23   12   13    8   10   24   15   19   25   22   16   19    6  
   7   10   22   15   13   11   21   12   20    8    9   25   24   14    7   20   23    7   16   19   11    6    9   18   17  
  15   24   22   14   16   20    9   21   19   18   12    8   17    6   22   10   11   17   13   25    7   17   13   23   15  
   7   21   15   15   17   20   25   18   10   24   15   15    6   12    9   14    8   16   23   19   11   13   20   21   22  
  25   10   21   22    6    6   14    8   16   24   23   12   11   11   18   17    7   19   15    8    9   12    9   13   20  
  20   19   10   25   12   18    8    9   15   17    7   20   21   18   22   14   23    6   15   11   13    9   11   16   24  ] 
BUDGETS : [    1    5    8    8    9   10   11   11   12   15   23   24   25   26   31   32   33   33   33   33   36   37   41   50   50   51   54   56   57   59   61   62   65   66   68   69   72   74   75   77   83   85   92   95   95   96   96   98   98  100  ] 
