K : 100
I : 100
PREFERENCES : [   76   20   75   86   60   15   70    8   49   34   24   54   80   11   12   31   87   66   83   73   28   72   71   64   62   43   23   34   10   41    3   16   73   48    3   15   85   55   88   46   69   80   51   79   58   61   68   14   33   38   78   22    6   90    4   39   57   67   13   21   27   89   25    2   44    1   38   77   17   56   59   40   45    5   18   53   65   63   38   47   32   82   35    9   38   36   52   30   42   84   37   74   29   37   81    7   13   26   19   50  
  48   26   47   16    5    1   39    6   75   23   78   31   89   55   60   76   40   79   82   59   37    2   84    8   41   18   20   74   61   21   58   54   57   52   72   66   80   64   29   71   25   27   33   22   38   61   53   84   11   73   81   71   30   16   32   62   83    4   43   65   19   65   49   58   23   21   56   17   44   50   77   90    9   15   70   10   33   42   86   28   85   63   35   84   36   88   12   14   68   34   87    7   46   13    3   24   45   67   69   51  
  89   16   83    5   34   27   49   43   17   35   62   70   29   29   85   38   15   22   13   27    4   53   42   51   29    3   71   14   63   80   28   32   86   12   36   60   67   52   58   41   66   40   25    1    7   26   88   30   59   31   21   33   54   48   50   33   46   64   18   24   19   37   40   82   21   56   87    2    8   20   75   11   74    6   61   65   44   78   21   79   10    9   15   55   45   23   76   81   73   57   69   48   72   90   84   68   39   47   77   18  
  61   86   82   67   14   70   30   55   53   35   41   44   76    9   77   27    8   31   40   60   20   74   12   19   42   39   34   41    5   56    2   11   26   54   10   21   51   52   48   15   50   73   22   59   33   57   45    4    7   69   87   27   89   85    3   13    1   58   47   78   84   81   28    6   25   36   64   72   65   38   37   32   24   66   18   62   23   80   16   20    8   71   75   10   90   68   63   79   29   46   43   88   83   36   17   22   13    8   49   34  
  71   36   72   56   60   73   18   21   59   34    5   52    7    9   11   58   87   38   23   74   70   39   41   80   13    6    2   46   54   46   42   63   10   64   55   37   61   23   89   15    4   17   65   43   29   47   30   16   66   25   24   85   86   11   62   76   40   43   83   84   35   81   86   73   82   57   44   48   12   31   90   77   88   19   26    8    1   33   68   51   53   79   14   22   52   49   45   78    3   32   50   69   27   28   20   47   67   24   26   75  
  67   60   55   19   35   76   79   26   89   11   72   38   32    7   88   22   34   30   19   31   23   46   80   71   59   40   62   29   39   28   69   53   64   65   51   61   57   41    5   30   54   50   35   16    6   83    3   77   86   63   45   10   66   47   17   20   13    1   68   42   81   62   14   43   33   52   75   74   58   21    4   48   18    2   12   25   15   78   21   90   49   44   66    9   21   37   24   36   70   36   56   87   84   54   85   60    8   82   73   27  
  84   86   32   24   23   65   10   72   55   74   45   49   13   71   68   89    1   22   51    5   38   20   18    8   15   57   66    7   64   53   40   83   31   14   12   44   29   26   35   17   43   81   19   77    4   75   58   82   69   59   38    6   76   42   34   47   50   88   52   15   54   79   63   87    2   27   28   85   33   80   39   42   30    9   83   41   21   56   30   36    3   73   11   60   70    1   61   81   16   48   25   20   69   37   78   62   46   15   67   90  
  16   11   28   39   52   32   23   46   22   34   79   19   27   35   57    8   51    4   13   87   89   56   37   33   24   50   83   15   60   71   43   62   49   54   56   90   31    2    7   12   44   45   68   88   81   19    1   72   70   82   66    6   53   47   51   41   10   80   78   30    5    3   69   26   63   74   73   65   86   67   29   29   17   77   36   42   14   20   83   55    9   25   76   84   85   17   18   64   61    8   40   72   14   21   48   59   58   38   75   41  
  49   88   11   51   71   51    7   51   21   76   12   30   39   28   16   27   86   85   48   23   67   47   84    6   46   22   69    1   56   43   24    9   68   25   85   45    2   32   38   15   34   82   90   20   60   64   47   10   51   40   61   65   35   87   31   13   37   59   33   49   89   72   57   81   63   79   41   84   26   36   44   75   52    5   66   80    8   78   73   17    3   74   53   14    4   58   18   54   13   77   83   17   70   55   42   62   50   51   29   19  
  26   76   59   33   19   14   86   64   78   87   71   10   80   42   68   82   39   48   65   89   24   88   37   10    1   66    7   31   85    6   48   84   61   28   50    5   12   29   13   11   51   45   13   36   25   17   10    9    2   53   32   15   79   35   81    4   44   21   40   72   69   62   54   90    3   57   60   11   84   52   75   56   23    8   77   70   34   15   20   58   16   83   43   30   12   80   38   41   73   67   46   18   22   63   47   55   27   49   11   74  
  32    3   22   15   54   77   26   42    5   34   12   66   18   46   13   53   45   71   44   35   76   40   39   88   90   29   55   44   80   14   11   17   65   70   19   48    4   43   21   16   31   60   67   61   84   47   26   89   36   37   59   30    1   20   24   38   30   64   58   10   86   36    8   69   25   36   69   62   49   81   75   74    9   31   57   73   23   63   82   33   83   24   24    7   41    2   72   78   51   27    6   52   68   50   87   29   28   85   79   56  
  60   68   55   76   46   69   12   77   28   58   79   49   61   78   30   56   87   77   39   11   81   52   47   16   10   18   83   57   86   64   19   48   73   21   90   36   43   83   54   70    1   19   34   66   37    2   41   40   75   14   31    2   88   59   82   25   20   33   89   85   40   38   13   33   29   26   18    7    3    4   44   27   63    8   23   53   67    6   17   71   45   80   17   62   84   24   22   38   15   42   32    9   72   65   74   35   50   36   51    5  
   7   18   75   72   84   89   20    9   46   22   55    2   29   59   80   52   46   35   62   24   25   74   56   58   54   10   70    5   23   66   15    1   40   31   21   39   12   28   81   43   82   73   65   71   26   90   77   17   42   79   68    6   86   88   33   27   36   41   67   27   49   78   16   30   11   60   53   61   27   48   38   65   44   45   19   58   14   17    8   87   34    4   83   47   52   85   76   51   21   50   63   37   69   13   78   63   32   57   64    3  
   7   80   17   26   59   67   56   82   53   68   46   43   63   47   16   81    4   83   86   76   48   65    5   69   31    3   22   90   40   50   84   57   54   72   56   28   21   85   27   12   49    6   60   29   32   55   66   13   71   77   67   62   45   25   78   30   10    2   41   73   70   85   81   18   51   34   36   20   38   42   56   61   14   87   42   11   37   75   64   24   89    1   79   83   19   33   58   86    9   74   44   23   35   88   46    8   52   41   39   15  
  31   42   59   62   45   26   62   76    9   70   56   32   12   19   30   69   63   27    2   68   77   49   55   32   52   57   10   48   58   51   72   82   29   34   22   61   65   78    6   36    7   59   44   81   53   13   83   18   64   67   84   62   16   85   89   45   75   74   21   80   39   15    3   71   90   74   73   50   28   76   57   25   41   23   66   11   79   47   14   33    4   60    1   24   46   38   37    8   48    5   43   86   20   54   40   17   88   87   86   35  
  87   80   16   37   53   26   84   54   82    4   79   75   70   47   68   51   34   77   65   49    3   27   89   86   71   20   88   50   11   90   19   23   22    7   17   30    1   10   60   57   45   73   43   48   14   64   48   13   83   46   88    6   33   62   31   42    8   72   12   76   39   31   76   58    2   15   40   89   59   41   81   13   28   38   32   35   66   85   90   21    9   63   69    5   24   78   56   36   61   25   39   66   55   67   52   47   74   29   44   18  
  21   33   46   36   26   77    3   90    7   75   74    1   43   79   24   69   51   43   63   89   88   42   22   62    4    8   82   15   85   64   44   84   67   13   80   66   48   86   71   52   70   11   81   16   90   56   76   37   31   29   33   65    9   27   20   38   19   69   45   35   41   41   60    2   59   13   87   10   32   23   34   28   68   42   30   83   17    1   73   40   53   61   21   14   47   78    5   82   57   39   72   49    6   58   25   50   12   54   55   18  
  61   69   87   13   56   40   42   70   17   38   54   50   60   74   84   23   46   57   10   31   82   53   24   73   55   22   90   68   29   52   64   12   83    9    1   19   75   70   47   20   81   79    2   67   39   51   72   66   71    6   30   49   55   15   65   43   25   86   45   88   44   65   58    4   35   16   76   77   84    3   33   62   76   18   41   28   48   89   26    8   32   48   59   27   88   62   36   51   11   63   37   14   80   21   78   77   34   85    5    7  
  16   49   80   78    6   31   81   28   23   50   19   58   89   11   15   18   47   45   22   33   52   26   88   52   39   71   84   66   67   42   34   54   37   56   90   40   53   90   17   62   76    1   70   10   24   20   48   83   27    8   26   79   85   76   68   64   12   44   43   25    8   73    9   32   59    1   21    5   35   19   30   14   51   29   69   38   55    7   13   82   72   65    2   46   36   87   63   74   86   43   77    3   41   30   57   61   60   74    4   75  
  45    5   41   59   18   44   68   13   81   10    7   87    1   39   78   73   50   64   90   49   54   60   16   69   83   30   15   55   62    9   77   24   10   43   26    2   53    6   89    4   87   80   25   19   75   32   35   66   27   76   84   74   13   11   70   67   61   56   57   12   52   42   14   40   41    8   33   21   20   57   72   86   85   63   58   24   79   32   48   47   22   15   31   36   71    3   42   46   77   37   65   51   82   28   38   88   23   17   34   29  
  61   79   59   10   25   42    8   28   86    5   87   87   56   33   11   59   60   54   84   63   17   62   26   13   74   32   35   76   48   47   20   51   36   83   12   41   70   38   77   43   88   22   37   45   40    7   44   53    6    3   16   81    9   85   60   66   78   18   15   72   68   57   48   50   42   19    2   66   67   34   80   71   56   52   73   58   55   48   23   21   89   49   46   90   24   64   30   65   31   75   65   66   69    1   27   82   14   29    4   39  
  58   82    6   42   14   86   30   15    9    8   35   56   89   87   21   25   74   77   18   39   90   16   78   34   19    2   32   43   90   80   31   59   25   47   54   88   30   50   84   17   73   70   11   62   64   72   65   25   26   63   85   49    4   28   12   51   33   53   20   66   44   43   75   38   24   67   61    3   27   69   83   25   81   10    5    1   41   22   60   48   36   68   67   52   55   37   76   71   29   40   57    7   13   59   45   79   62   30   23   46  
  74   26   60   46   50   19   16   86   85   72   66   87   77   61   83   65   35   54   22   64   69   47   18   14   80   34   45   53   82   42   39   84   37   50   41   56   75   36    5   71   44   13   38   17   31   58   52   55   11   40   79   73   43    7   59    2   89   81    4   46    1   30   62    9   68   34   70   81    3   85   32    8   23   40   88   29   10   33   51   78   63   21   20   27    3   25   11   24   82   15   48   67   49   12    6   76   57   90   13   28  
  70   88   63   28   24   27    1   72   68   64   33   26    3   62   54   56   77   49   69   58   16   74   38   66   45   79   81   46   71   76   34   13   41   51   47   12   20   25   80    7   82   59   29   14   19   15   10   83   85   61   17   55   36   11   53   72   28   52    9   28   40    8   90   31   48   37   50    6   21   65   81   75   18   84   78    9    2   89   43    4   42   16   23   87   75   30   39   60   19   67   32   59   73   57   86   22   44   35    5   70  
  59   78   44   59   35   64   56   84   47   80    4   83    5   87   27   31   23   52   46   51   73   77   89   16   88   10   86   16   19   30   34   68    6   28   48   69   29   14   53   21    7   40   75   85   24   71   70   39   62   38   47    6   42   11   65   25   67   42   45    9   20   74   72   36   16   66   47    2   81    1   50   13   37   57   60   88   17   90   16   12   63   26    3   76   33   79   41    8   32   61   22   18   80   82   54   43   15   49   55   58  
  45    4   24   61   89   43   50   77   55   27   59   46   15   41   78   62   69   25   67   71   39    8   54   35   63   60   85   53   19   47   34   73   74   64   72   28    1   29   87   48   50   22   23   40   83   20   36   87    3   57   21   38   52   73   12   30   84   81   44   31    9   79   13   70   76   82   32   56   56   88   51   56   58   89   10   80    2   15   42    5   49    6   75   37   68   11    7   17    7   33   43   65   90   26   66   69   18   86   14   16  
  70   84   10   57   56   61   20   81   39   55    8   74   87   44   75   17   49   46   43   11   14   90   24   28    9   45   41   77   62   88   67   64    5   12   80    2   71   25   73   31   67   37   50   47   58    5   85   21   33   69   49   53   82   16   40   65   38    6   54   89   36   23   34   79   68   63   59   78   22   76   30   51   60    1   77   48   83   15    7   29   66   35   85   52   58   66   13   11   72    4   26   64   84   42   27   19   18   86    3   32  
  44   66   54   55    5   13   14   85   51   73   12   30   77   41   83   68   10   74   47   84    3   65   67   49   37   69   79   15   78   19   60   43   65   31   59   86   65   53   32   80   28   29   40   25   24   45   39   82   76    8   20   53    5   71   81   21   62   26   42   41   57   27   38   64   63   65   56    2   70   16   89    7   35   10    4   50   65   90   56   58    9   23   75   18    1   33    6   72   22   17   61   87   46   48   34   88   36   52   11   19  
   3    4   67   11   84    1   55   39   46   18   39   28   75   37   34   23   81   33   82   14   74   76   88   83    2   19   23   21   47   48   59   45   70   24   29   50   77   63   16    9   32   51   40   71   15   11   53   69   58   64   72   79   61   13   52   65   85   89    7   54    5   56   57   43   87   80   62   10   35   25   12   50   22   27    8   78   38   20   30   53   73   66   36   42   70    6   68   11   31   37   26   44   32   60   17   41   40   86   90   49  
  11   44   29   74   62   26   60   22   58    8   89   66   81   82   40   78   49   45   12   55   80   30   56   23   83   86   25   59   37   13   35   68   77   10   14   31   19   71   76   20   27   22   15   60   34   43   75   73    5    1   72   46   11   38   85   28   52   47   27   33   86   84    2   42   88    4   65   39   51   69   53   68   17   54   57   63   64   32   18    6   67   50   90   31    7   61   70   40   36   48    9   38   66    3   16   41   87   21   24   79  
  48   71   35   34   14   41   66   86   53   40    6   12   57    2    6   46   20   49   23   38   22    6   79   10   26   16   45   61   87   78   58   70   68   12   13   50   28   82   80   55   65   76   62   81    4   63   25   17   51   84    8   30   69   37   15   88   52   36   59   85   42   27   11    5   64   33   77   75   13   32   89    9   18   43   47   19   21   28   39   41   56   55   24   31   90    1   78   74   72   75   25    7   67   29   44    3   60   73   83   54  
  36   47   40   89   34   19   61    5    1   21   75   43   42   82   71   87   50   74   80   45   46   87   18   14   29   16   38   65   13   22    6    3   24   64   42   37   81   86   59   33   26    2   60   90   85   23   35   30   25   55    8    7   78   54   44   84   41   27   39   67   37   69   52   81   56   77   56   28   68   84   73   31   83   88   62   58   32   10    4   51   11   62   72   12   49   48   57    9   84   20   76   70   53   79   17   66   15   49   79   63  
   5   14   57   81   59   89   76   69   58   13   63   26   75   35   49   87   50    3   65    6   82   40   29   86   52   47   32   28   56   55   88   55   85   11   19    3   14   20   77    8   79   43   84   34   42   48   60    7   54   68   12   53   36   72   46   66   31    2   61   80   83   25   23   16   73   67   64   45   17   70   51   19   71    4   58   18   15   27   90   45   74   38   31    1   44   37   24   22   30   52   33   62    9   41   21   39   78    9   25   10  
  65   82   62   59    1   89   86   87   42   15   24   77   63   50    4   52   21   61   54   53   48    5   71   20   75   19   81   82    7    2   35   83   55   11   41   51   84   76   13   46   10   72   66   32   41   67   85   31   64   44   17   90   45   56   23   65   49    7   53   29   14   90   58   53    6   70   43   17   65   28   47   27   74   79   69   88   60   73    8    9   25   78   33   16   22   37   80   18   34   30   57   68   38    3   71   40   12   26   36   39  
  56    5   54   76   74   90   23   53   18   85   36   34   59   70   37   21   27   10   40   44    4   41   62   57   55    8   19   33   83    7   20   43   26   81    3   15   89   46   31   24   65   25   90   39   82    7   69   60   88   49   42   63   80   79   16   75    1   86   61   13   71   78   73   17   57   11   12    3    2   29    9   84   28   38   80    6   22   11   42   87    4   50   51   77   68   21   30   72   60   58   67   32   52   48   64   14   45   47   66   35  
  32   49   17   62   81   23   84   85   16    5   27   21   11   20   44   38   72   55   60    8   34   78   83    4   35   14    2   90   65   59   87   26   12   71   88   48    6   58   29   30   46   66   53   15   55   64    9   69   68   67   51   76   33   73   79   16   74   37   18   39   47   45   36   82   61   63    7   72   70   31   41   86    3   57   89   10   22   66    1   66   13   24   40   28   80   43   54   19    6   75   66   50   11   52   42   56   25   77   22   22  
  86   51   21   26   41   38   85   31    9   70   35   20   89    5    8   20   46   32   40   30   80   69   77   27   22   28   68   64   59   39   16    1   53   76   42   12   60   14   54   49   81   33   34   88   36    6   44   75   47   23   82    1   78   11   13   71   66    6   61   24   25   10   65   84   19   83   37   72   67   79   25   22   17   43   90   45   18   74   52   73   55   15    7   62   39   29   58   87   56   60    4   63   53   48   57   54    3   54   50    2  
  18   15   17   20   43   13   56   49   85   11   34   68   83   30   38   90   14   23   31    3   57   41   21   12   81   58   71    7    2   86   32   70   74   53   26   29   66   78   42   73    6   44   46   36   40   67   48    5   45   19   69   52   22   52   87   47   10   16   60    8   64   22    1   88   61   55   80   32   54   79   66   72   74   13   25   62   76   24   77   51   84   68   89   65   63   59    4   46   82    9   37   35   49   39   50   75   28   84   33   27  
  18    3   81   36   45   70   24   75    2   16   33   31   85    4    8   22   47   81   48   80   44   25   52   41   20   15   37   33   21   77   39   58   55   40   61   63   27   34   78   13   49   56   19   50    9   51   46   69   82   87   62   67   81   90   38   17   59   49   54   73   90   72   32   23   86   71   43   66   12   26   29   35   89   28    5   79   11   37   51   14   64   57   51   68   77   88   76   74   10   60   33   83   30    7   65   84   42    6   53    1  
  25   83   58   56   75   62   64   59   42   67   55   40   18   27   11   17   22   57    1   13   51   28    2   76   68    5   84   43   14   20   72   49   48   77   31    6   71   60   52   22   74   41   39   87   44   18    4   33   35   36   89   27   86   66    9   61   26   32   62   88   24   29   21   19    3   38   73   69   34   47   79   82   30    7   87   85   10   72   79   80   70   15   46   12   22   54   63   90   63   16   78   37   53   23   50   81   79   65   45    8  
  74   90   33   75   72   25   49   12   89   17   70   59   83   11   54   45    7   50   85   40   18   15   48   43   76   77   38   77   55   71   66   57   63   64   64   87   82    1   79   76   69   62   35   39   24    9   41   53    2   22   81   68   73   63   84   78    8   32   86   51   13   39   30   80   47   14   28   21    4   42   72   52   34   88   23    5   19   44   36   46   69   16    6   86   20   26   58   76   61   65   31   27   29   67   37    3   56   60   10   26  
  34   58   71   45   77   32   36   89   42    3   68   40   62   52   88   50   50   43   56   11   76   46   26   69    4   65    8   48   37   22   68   79   74    7   84   47   80   29   33   38   17    6   41   39    5   19   81    2   27   64   30   63   33   61   55   13   38   31   83   59   90   66   49    2   78   53   21   67   57   12   36   67   73   87    2    1   20   82   51   14   10   54   15   82   72   86   11   18   35   23   75   44   60   25   16   24   28    9   85   70  
  52   21   83   63   53   56   53   61   59   42   34   70    1   89   57   46   67   21   12   20   76   81   51   22   77   85   65   34   13   47   45   23   58   32   69   68   62    6   71   31   11   78   16   19   54   90   48    5   88   60   43   40   37   49    2   39   74   84   25   35   27   75   26   38    4   36   29    7   30   70   87    3   35   13   15   80    9   10   44   66   55   50   74   28   79   52    8   18   17   73   64   33   39   41   86   24   14   82   72   15  
  83   17   73   67   44   29   52   40   27   37   66   15   42   56   72   32   24   57   53   78   45   55   16   89    7   14   19   48   10   28   84   39    3   75   50   77   34    9   62   69   41   43   90    1   44    1   60   82   20   64   37   64   76   88    8   63    4   70   40   12   48   85   47   13   59   33   11   81   18   61   23   59   26   73   80   54   35   87   25    2   51    6   22   36   79   86   68   21   71    2   31   65   38    5   46   58   49   74   40   30  
  30   87   45   43   31   69   20    1   63   18   51   44   17    3    4   79   27   15   28   58   83   88   41   58   78   33    7   80   37   43   16   42   68   58   22   56    5    8   10   15   35   25   20   46   73   82   59    6   14   12   62   65   38    2   50   71   77   66   64   81   55   21   84   23   90   48   13    9   58   86   10   24   57   67   76   54   19   47   75   40   52   39   11   53   70   61   90    7   78   74   60   72   32   34   26   29   89   36   49   85  
  54   61   69   89   52   15   43    8   51   78   16   39   53   67    6   47   83   88   73   77   58   13   11   50   41   18   79   16   39   65   59   20   80   82   55   23   14   15   26   33   25   66   42   46   81   75   28   66   60   30   38   11    2   31   66   48    9   44   12   72   68   74   76   48    5   21   89    3   70   19   29   27   10   63   64   84   32   45    4   71   87   86   40   78   56    1   85   24   57   62   22   36   34   16    7   37   49   17   90   35  
  79   38    5   44   11   36   65   67   75   77   25   83   85   22   29   56   60    8   87   28   84   24   71   40   15   58   50    6   12   31   20   68   80   21   49   54   34   10   62   41   59   58    2   38   88    7   70   18   48   90   43   57   86   55   74   29   73   37    6   34    4   53   81   26   42   27    3   66   16   69   39    1   64   46   47   51   30   89   76   32   19   35    9   52   54   63   13   72   82   18   23   44   45   10   14   61   78   17   33   84  
  87   20   83   22   41   36   66   89   61   21   52   68   88   62   77   67   56   64   28   31   59   35   42   39   81    2    4   39   53   57   35   44   60   32   58   34   68   46   16   19    3   50   27   13   20   74   31   87   76   23   85   18    6   54   40   80   73   31   10   17   55   79   14   43   12   25   26   70   32   21   48    1   69   51   86   84   33   65   90   78   72    7   37   24   71   11   75   45   15   30    5   49    9   89   47   38   29   63    8   82  
  62   11   79   70   28    3    6   73   89   31   37   46   54   69   38   19   48   27   40   72   88   18   59   25   30   24   81   50   87   62   83    1   55   13   49   53   40   58   13    7   15    5   22   78   45   17   65   44   51   33   60   68   76   63   26   90    9   67   84   58   56   61   10   85   14   34   80   42   16   75   77    4   40   39   64   34   32   23    3    2   36   21   52   43   23   29   57   82   71   74   41   47    8   12   35   73   66   60   20   86  
  29   35   63   66   55   86   32    5   33   81    3   83   23   65   52    6   10   28   20   90   50   77   18   13   34    2   51   45   79   64   17   61   75   21   19   57   81   16   27   76   60   10   41   83   69   46   58   68   67   78   15   43   49   26   61   72   39   25    6   38   10   84   89   11   27   31   71   37   82   14   53   40    1   22   56   30   44   74    8   54   36   83   47    9   87   59   86   48   80   88    4   85   12   42   70    5   73   24    7   62  
  65   70   87   33   66   30   14   40   62   84   51   41   51   62   24   89   23   53   52    9   82   88   27   26   20   42   18   67   80   64   39   25   46   21   17   37   72    3    2   56   57   34    1   78   29   74   79   90    4   78   58    8   12   63   15   86   75   13   35   44   43   11   10   55   77   49   60   32   31   54   47   22   89   50   61   81   59   68   83   45   71   35    7   76    5   77   36   85   27   69   16   28   48   38   19   90   35   87    6   73  
  35   63   90    8   77   78   81   72   25   73   74    4   36   55   23   23   69   76    6   43   56   45   54   52   22   18   31    5   10   67   64   19   87   24   61   57   60   58   30   27   54   71   39   12   89   82    9   15   40   14   88   16   65   85   68   28   13   17   37    1   47   56   53   66   34    3    5   70   20   26   62   84   21   33   50    4   42   79   75   83    7   46   29   41   48   49   13   11   31   51   86   59   76   80   44   32   15    2   38   81  
  73   74   56   45   22   15   29   70    7   89   71   38   60   10   57   80   25   33   46   43    5   86   21   67   30   63   85   33   10   26   52   64   13   23   20   68   44   55   39   84   28   59   19    6   43   16   70   61   69   53   40   61   51   41   42   66   35   54   36   82   84   72   14   12   79   34   10    4   65   17   90   37    9   62    3   75   10   88   24    1    2   77   50   27   47   18   48   76   58   86   49   41   32    8   78   87   31   11   83   81  
  31   39   16   68   59   57   43   37    5   15   60   17   25   56   64   83   27   43   24   26    9   38   66   21   75   47    2    4   73   60   29   76   71   87   46   56   72   18   69   51   81   83   34   19   86   65   35    1   59   77   90   45   40   50   84   79   89    3   80   85   42    7   13   44   70   49   36   30   82   54   55   22   74   11   21   48    4   33    6   49   88   31   68   28   63   10   78   58    8   62   20   41   67   32   61   14   12   53   52   23  
  20   22   44   80   67   90   55   19   43   42   50   17   18   61   78   49   23   85   28    4   58   40   64   33   39   59   49   71   87   51    3   84   24   37   27    7   62   65   41   44   63   42   52   66   43   21    9   53   60   70   79    2   16   26   30   75   12   15    6   11   47   38   31    1   56   89   63    3   54   35   86    8   14   83   57   69    2   72   58   45   46   73   77   32   76   29    5   68   48   10   81   36   82   61   88    9   25   34   13   74  
  32   30   61   79   66   83    2   41   61   68   86   72   43   10   23   62   39   70   31   12   48   14   17   43   73   67   16   59   89   29    7   37   77   17   75    8   57   24   19   42   85   45   20   60   69   68   50    6   80   79   64   84   54   52    1   49   15   13    5   21   82   87   18   55   78    9   33   28   58   46   34   86   40   14   47   36   56   22   81   76   75   71   44   37   53    4   90   38   35   11   51   80   26   65   88   25   27   63    3   74  
  90   72   29   79   38   62   43   23   78   39   71   64   58   52   58    9   73   19   30   14   60   38   41   26   40   66    4   47   46   28   69   49   45   76   41   63   81    3   83   17    6   12   11   88   67   70   87   51   42   61   68   78    5   80   31   82   84   27   86   64   56   64   24    8   16   33   10   36   77   34    1    7   18   65   55    2   57   41   22   59   89   51   37   13   50   48   54   32    8   85   74   53   35   15   25   44   75   21   30   20  
  78   23   36   46   58   34   62   38   37   22   86   50   64   43   75   27   64    2   76    1   73   12    7   31    1   47   83   67   26   71   61   65   53   40   19   51   57    9   87   88   52   71   77    6   72   39   16    4   60   15   28   24    3   51   45   33   11   17   25   90   10   55   85   55   59   90   74   20   80   82   37   63   70   32   68   47   54   69   37   49   84   66   18   48   35   32   44   89    5   56    8   30   41   42   29   13   81   79   14   21  
  45   90   48    7   89   62   50   33   49   43   79   86   18   71   73   53   23   68   77   56    3   61   24   21   28    6   85   11   80    1   76   36   87   75   10    2   41   73   14   55   16   40   51    5   39   50   27   42   57   58   25   86   84   38   35   66   46   82   12   72   17   15   30   34    9   29   78   52   44   83   47   81   37   67   30   20   36   65   60   74   88   54   27   41   31   70   69   64   26   32   13   63   57    8    7   59   10   22    4   19  
  39   54   38    2   19    5   61   30    6   22   27   29   58   88   46   76   62    9   40   62   29   12   47   73   69   72   24   57   37   11   79   20   75   51   52   42   34   87   68   50   36   13   32    7   90   78   16   84   77   44   25   21    4   17   14    1   81   59   43   42   71   82   41   48   28   60   49   29   83   80   46   89   66   65    3   64   86   67   23   10   45   56   26   88   75   79   35   15   63   15   70   31    8   18   53   88   55   33   85   74  
  15   50   84   75   48   90   77    2   22   76    6   86   31   61   71   15   19   80   88   57   21   45   49   65   30   38   13   83   73   46   85   74   34   53   10   24   25   58   43   69   64   52   70   20   26    3   17   36   32   87   41   60   14   47    9    4   28   54    7   81   80   63   37   25   47   79   82   51   35   62   68   23   44    1   66   59   72   50   55   89   40   11   33   81   12   42   56   18   29   39    7    5   16   10   67   78    8    7   27   24  
  88   34    5   68   41   60   46   81   23   74   44    7   17   31   47   73   26   18   84   21   70   20   72   53    9   65   63   15   16   66   50   14   37   19   50   33   61   22   62   71   61   10   31   67   11   32   36   83   79   54   42   56    2   48   12    4   80   87   85   35   78   29   76   58   51    3   28   89   43   69   77   24    8   49   90   13   25   57   52   82   86   23    6   75   55   27   45   10   43    1   76   63   64   88    1   40   39   30   38   59  
  58   28   10   35   89   45   49   20   22    3   47   65   88   12   34   68   86   74   66   87   82   88    2   40    7   31   41   90   39   56    8   24   48   81   19   88    9   71   42   69   27   25   38   62   72   21   67   16   14   78   44   76   53   15   90   64   80   17   60   37   30    6   35   47   83   32   70   26   55   43   18   85    1   73   13   41   29   67   33   11   57    4   77   52   75   84   23   79   21   20   61   46   63    5   59   36   54   14   51   50  
  72   83   74   43   79   67   84   74   41   13   33    2   44   20   25   88   30   65   16   60   80   86   54   15    1   31   17   19   24    5   10   58   36   12   64   59   42   53   46   28   51   29   21   14   69   55    4   25   89   38   49   48    6   73   32   27   18   39   66   23   78   68    3   87   47   15   71   74   26    7   69   45   15   35   19   61   81    9   80   50   57   40    8   85   82   75   22   76    4   90   70   63   56   77   34   11   37   81   52   62  
  51   29   78   25   38   89   28    1   66   46   45    9   82   23   62   33   31   37   17   70   73   47   39   21   19   20   56    6   15   64    5   69   68    5   52   47   89   20   72   85   81   11   59   49   80   60   34   79   55   33   35   90   48   76   23   44    2   27   83   50    3    4   10   65   75   63   77   74   57   14   61   79   12   41   16   30   36   32    5    8   58   18   67   13   87   88   43   40    7   24   56   84   42   54   22   89   26   71   53   86  
  18   11   52   17   56   29   39   27   37   55   76   64   81    8   42   72   70   23   16   74   75   46   65   48   78   43    5   18   66   44   77   89   88   33   63   22   82   24   13   57   80    3   73   26   36    1   28    2    6   44   12   14   54   51   53   32   28   21   50   46   83    4   25   69   90   34   79   61   47    7   87    9   84   14   62   38   40   60   58    5   68   19   59   15   45   85   49   72   23   71   31   53   28   67   86   10   41   20   30   35  
  19   50   70   73   27   20   89   82   32   76   10   25   68   85   74   65   72    4   90    8   32    5   54   52   31   45   56   51   78   57   46   59   42   81   11   39    3   34   86   17   33   18   16   67   79    9   64   75   63   41   87   30   55   81   35   80   12   28   80   21   48   71   37   69   26    7   49   83    6   56   43   14   13   61   53   10   84   66    1   33    2    4   38   36   24   60   58   47   88   22   29   14   77   15   62   23   40   44   55    3  
  79   68   65    2    8   89    5   58   61   41   56   84   20   57   77   82   20   39   66   14    7   55   33   36   63   23   52   81   86   31   12   44   76   59   45   40   47   43   73   34   50    9   78   54   83   90   74   28   80    6   20   62    4   15   70   87   21   22   32    1   75   25   17   69   88   10   49   24   26   27   16   18   29   13   31   48   46   35   53   64   71    9   67   42   30   85   11    3   37   72   38   12   74   51   19   38   61   82   60    3  
  84   90   70   11   63   33   32   15   66   29   61   65   45   80    2    2   57   71   85   37   25   19    3   72   87   48   13   88   74   16   81   89   55   18   58   56    7   43   39   59   30   15   67   78   54   27   64   79   26   49   82   35   79   86   42   16    1   44   46   50   68   83   22   12   14   52   79   21    9   75   10   38   41   40    5   24   17   77   36   20   53   34   51    6   69   28   73   46   59   76   23   46    4   31    8   77   47   47   62   60  
  37   84   68    3   54    6   34   49   78   79   55   85   25   86   35   53    1   57   21   15   72   89   39   52   40   11   83   14   45   10   82   16   79    2   81   66   18   22   74   80   48   69   29   33   39   75   43   56   31   46   71   28   59   30   58   55    9   12   24   76   23   90   75   35   20   26   73    8   61   47    7   87   60   64   26   70   44   32   65   51   67    5   19   42   81   41   17   88   27   77   50   25    4   62   89   38   36   63   13   62  
  57   73   25   51    3   27   82   29   61   53   11   83   28   60   67   59   52   74   64   10   63   40   47   13   71   80   81   19   21   18   90   45   83   42   79   30    9   58   27   69    2   20    7   46   63   17   54    1   35   84   41   75   36   14   37   49   67   22   12   65   55   16   62   50    6   68   68   39   27    5   76    4   78   86   59   38   34   31   15   76   44   33   56    8   72   28   24   88   70   77   43   87   32   85   66   48   26   59   89   23  
  57   11   13   55   34   81   33   86   41    7   53   48   31   30   63   32    8   42   24   54    1   72   64   75   85   80   48   61   70   38   87   79    4   40   83   35    2   45   73   28   51   43   56   29    6   82   82   62   14   19   68   45   84   44   59   89   74   17   25   58   19   10   77   71   23    5   65   26   67   76   16   18   60   12   69   81   22    9   61   64   39   90   47   66   20   15   27   78   50   52   49   36   37    8   58   46   18   21   88    3  
  21   89   65   48   48    8   74   84   42   52   36   27   28   72   51   34   47   68   18   59   79   22   85   81   32   62    1   38    2   19   73    6   76   79   44    3   12   11    5   39   19   20   30   75   25    4    9   39   46   77   90   63   24   13   37   60   56   83   80   58   66   86   36   57   45    5   33   67   53   55   87   35   31   43   15   85   61   17   14   71   70   41   78   88   77   77   50   64   82   10   26   54   23   85   69    7   40   29   49   16  
  41    4    6   34   61   15   61   19    7   18   31   31   68   84   60   66   56   45   65   47   59   40   50   46   72   25   73   43   29   69   48    2   77   21   20   13   44   88   86   71   54    5   81   17    9   89   45   53   37   39   86   62   76   58   32   82   40   16   67   55   13   78   79    8   75   63    1   30   26   24   33   87   11   35   23   57   36   14    8    3   10   52   22   74   38   70   42   63   27   83   64   85   49   51   28   57   12   90   76   80  
  48   77   57    1   12   56   28   85   88    8   79    5   17   63   14   11    9   51   68   41   54   79   33   18   32   81    6   55   31   61   80   83   19   40   26   74   61   78   47    1   60   66   82   13   35   36   42   38   58   46   44   45   50   72   69   39   87   25   75   84   27   15   71    4   73   67   53   87   30   65   34   38   43   16   23   21   10   20    5   64   59   49   70    3   21   37   90    2    7   29   33   52   22   86   76   89   13   62   24   30  
  80   58    6    5   22   66   60   70   65   67   40   37   89   80   15    8   54    7   61   29   86   63   47    1   55   71   62   67   49   13   25   76   39    2   38   11   23   53   19   90   26   35   20   72   68   64    2   33   21   46   79   14   77    3   59   30   69   12   85   25   43   88   31   43   73   36   27   45   84   17   82   35   74   27   56   24   42   78    4   10   41   26   75   81   28    9   57   52   48   83   25   16   50   57   51   34   44   87   18   32  
  42   89   60    5   18   75   85   79   74    3   76   25   80   10   48   83   89   66   66   64   63   43   73   45   19   86   29   75    4   70   44   55   84   20   32   82    6   24    2   72   84    8   28   40    1   52   19   31   77    3   74   59   87   11   21   53   17   54   35   57   56   74   30   14   78   37   16   23   50   26   71   34    7   67   49    9   58   81   65   39   51   22   69   15   90   88   38   47   68   46   51   37   13   62   36   61   41   27   33   12  
  73   78   58   66   67   43   25   14   40   77   23   20    3   13    1   26   88   89   48   61   81   69   44   68   72   84   46    9   32   31   27   83   10   76    5    7   47   79   17   52   22   65   64   68    6   12   60    4   55   53   80   85   38   39   82   54   42   19   87   90   15   49   45   18    2   62   38   24   74   28   11   33   71   57   72   51   15   55   34   22   57   70   86   40   63    8   48   35   16   75   37   41    3   56   29   50   59   36   30   21  
  43   55    3   77   60    7   43    2   20   57   80   81   90   34   53   23   50   31   44   12   39   17   36   27   37   28   18   24   67   79   72   54   41   14   85   45   78   42   29   30    4   58   22   86   82    9   48   66   62   73   49   76   63   84   89   65   25    1   56   24    8   46   68   74   10   75   71   72   87   26   69   51    1   35   19   15   16   40   32   25    9   59    6   21   83   38   64    5   13   33   44   61   70   47   43   11   63   10   88   52  
  45   18   53   48   24   74   14   68   41   55   63   36   89   72   33    8    2   31   61   77   62   39   89   22   60   75   52    4    7   62   57   69   25   56   34    9   66   28   81   16   71   40   74   80   73   19   23   88   11   38   36   47   64   30   50   42   51   43   13   59   82   46   44   54   26   27   15   37    3   79   67   20   17   10   49   25    6   65   29   70   32   83   21   86    5   12   77   35   58   90   85   78   76   23   87   71   47   84   39    1  
   7   72   84   87    2   56   19    6   30   23    1   22   86   41   34   66   31   46   60   39   62   13   55   67   12   61   42   69   52   16   77   85   83   45   15   33    3   86   80   81   29   48    5   68   78   20   44   51   79   11   10   24   32   36   58   65    4   89   32   47   76   25   90   82   74   40   72   75   54   14   52   37   24   71   26   67   59   73   18   49   53   21   63   57    8   28   79   67   50   27    9   88   87   70   35   80   64   43   38   17  
  65   49    7   47   65   89   56   27   72   28    6   23   34   43   20   40   64   80   25   85    9   63    8   87   82   55   44    4   60   53   14   86   51   21   37    5   36   12    2   38   29   40   62   50   22   33   13   15   79   28   42   84   61   73   30   18   79    3   26   48   74   70   75   11   24   66   57   32   77   76   17   31   40   83   81   58   26   90   78   35   41   46   52   45   59   39   12   88   19   69   10   71   10   57   68   25   54    1   67   16  
   1    7   32    8   36    3   69   69   35   82   10   68   67   88   74   52   81   76   25   56    6   41   62   37   83   29   85   48   45   28   63   39   26   40    5   75   22   15   78    1   12   89   42   13   51   55   22   87    2   39   66   44   22   31   18   84   81   21    4   86   65   79   47   23   43   90   24   71   45   34   54   11   33   61   20   84   30   47   60   49   77   57   19   14   50   80   38   17   70   53   72   73    9   64   16   58   46   59   28   27  
  36   30   61   14   32   78   17   61   48   12   35   69   79   29   43   11   52   70   47   33   30   65   51   21   74   40   12    8   88   53    4   56   58   55   49   16   90   22    7   12    9    1   82   57   75    6   54   68   83   77   41    5    2   27   17   42   20   77   67   73    1   26   71   28   19   23   46   38   72   64   63   60   25   80   89   24   15   87   62   59   50   55   76   37   66   85   86   81   13   83   84   31   39    5   34   45   18   10    3   44  
   2   87   62   64   46   72   12   59   74   11   55   88   49    7   84   27   79   58   57   21   90   53   31    5   28   69   33   24   76    9   38   60   47   19    1   68   13   23   30   22   80   51   10   79   16   74   38   89   34   20   32   17   60   43   77   25   86   66   41   67   75   53   15    8   73   36   61   65   70   59    3   71    4   48    6   82   54   50   65   63   52   26   37   81   40   12   61   39   45   42   35   78   85   14   18   29   16   44   83   56  
  47   55   72   77   64   42    8   35   55   78    2   52   41    7    5   89   86   48   10   72   80    9   63   44   45   22   26   88   48   48   60   48   83   29   30   56   71   53   74   75   13   65   11   49   46   70   18   79   33    4   69   85   27   73   21   90   27   16   40   31   38   81   14    5   15   87   59   39   67    1   57   25   86   84   54   37    8   68   23   61   17   20    3   76   43   51   62   32   72   34   82    6   12   58   19   36   66   50   24   28  
  29   31   52   66   28   22   71    2   65   64   25   58   42   83   10    8   76   34   67   33    4    4    3   74   27   87   83   74   82   59   12   36   40   48   88   13   35   23   37   85   44    9   60   50   30   14    1   81   21   47   38    7   42   89   54   46   39   16   52   18   77   11   61   78   86   72   17    6   51   53   63   84   22   49   68   57   26   20   70   69   45   75   41   62   79    5   24   56   82   73   15   32   67   43   19   58   80   55    7   90  
  52   85   80    9   78   28   84   58   51   56   90   38   86   12   81   74   66   45   39   34   79   13   31   18   70   61   63   17   89   37   42   84   42   49   69   43   46   60   56   32   87   44    1   65   73   14   53   11   51   75   23   59   62   68    8   55   40    5   36   30   24   71   35   33   84   21   47   15   48   67   77   57   50   64   72   28   39   74   74   19   22   20   54   32    4    6   16    3   83   10    2   29   27   82   76   26    7   41   25   88  
  23   63   63   67   26   50   59   65   63   38   78   66   86   40   51   80   52   64   87   73   23   33   62   61   44   57   72   41   47   13    2   67   19    8   48   35   49   71   82   31   32    1   30   25    6   34   42   55   89   18   88   36   10   34   43   28   20   17   83   75   45   74   43   90   70   81   14   21   46   69   64   54   24   60   15   37   56    5    9    4   27   68   12   11   39    7   55   34    3   84   58   23   53   22   76   79   16   85   29   77  
  66   51   46    5   23   11   80   12   55   53   61   87   54   14   82   24   78   72   38   21   39   67   37   89   70   86   76   28   24   47   16   85   86   42   41   33    9   58   74   15   56   73   83   31    7   57   52   36   90   59   16   64   62    4   25   44   35   43   71   68   58   22   48   19   14    6    1    8   69   30    2   66   55   79   84   56   34   18   29   17   40   75   32   60   63   66   77   20   26   51   50   49   88   81   13   45    3   65   10   27  
  34    8   50   16   54   40   27   25   35   22   20   86   53   73   82   48   72   78   52   17   49   80   62   60   42   69   39    6   47   15   29   37   33   83   10   65    9   61   68   22   44   55   58   19   13   27   57   51   87   73   89   58   46   11   41   43    5   81   74   75   59   86   84   63    1   88    2   77   90   30   14    3   27   31   45   64   87   24   56   36   18    7   32   12    6   86   21   85    4   26   70   79   28   38   89   76   67   23   66   71  
  80   74   42   77   71   43   56   85    5   81   14   17   16   15   89   75   78    9   58    3   21   82   75   57   62   23   87   79   90    8   35    1   43   56   39   66   84   29   45   82   30   37    2   88   63   27   72   32   60   73   14   67   28   54   83   48   53   65   38   26   86   44    7   68   36   64   46   13   12   76   55   70   69   20   85   50   84   25   31   83   41   10   24    6   47   49   18   11   22   33   80   19   59   34   61   71    4   40   52   51  
  33   31   32   40   31   63   47   38   22   44   27   36   46    2   81   71   74   25   76   48   82   26    4   28   43    3   42   17   35   67   49   78   15   23   85    6   86    1   89   80   56   65   50   86   21   70   73    7   53   64   52   77   83   13   37   14   58   11   16   61   30   12   54   34   68   29   17   19    8   75   59   18   55   61   79   41   86   80   57   24   51   84   90    5   87   39   88   16   62   60   42    7   72    9   69   20   45   66   62   10  
  83   56   36   49   39   84   45   23   57   32   41   74    3   31   66   67   72   29   54   89   50   70   11   85   79   34   61   15   73   78   64   42   37   81    4   12   26   10    3   40   58   75   58    8    1    9   46   14   24   63    2   19   49   65   60   80   16   53   44   19   77   17   71   86   59   13   62   28   50    7   48   17   21   68    5   24   76   35   38   25    6   88   33   43   51   47   65   55   20   62   30   27   82   69   90   52   87   17   18   22  
  41   85   89   22   58   79    3   27   33   61   58   13   28    4   21   59   73   60   36   15   83   51   80   17   46   72   87   81   63   56    9    6   47   25   67   53   22   32   38   45   35   71    5   44   20   70   75   14   52   82   50   86   64   68   13   76   78   10   40   15   31   66    2   12   83    2   18   85   62   48   65   41   69   74   30   16   11   54   26   84   42   77   34   37   21    7   39   49   55   24   29    1   43   19   88    8   90   23   29   57  
  23   79   56   46   67   58   36   66   27   35   10    8   44   59    2    3   83   11   71   31   46    7   76   34   41   22   20   72    5   87   15   25   86   30   64   63   43   61   54   32   29   75   26   89   21   16   68   51   80   38   57   17   49   55   78   40   85   81   12   42    4   37   57   88    6   70   18   62   74   50   53   19   69   49    1    9   82   73   90   58   13   47   52   33   84   48   77   45    3   65   28   54   39   27   14   14   48   24   69   60  
  39   36   25   34   29   67   40   73   38    4   49    2   62   80   27   45    4   69   30   86   33   32   44   87   35   20   71   77   52   19   44   67   79   28   83   23    6   64   10   26   15   85   12    9   74   58   70   16   65   82   66    3   31   68   60   18   63   53   51   50   84    5   39    7    8   47   22   48   54   90   56   21   72   76   11   75    1   40   37   13   24   17   89   61   62   85   41   88   81   79   43   78   54   57   55   42   46   59   54   14  
  38    9   42   65   45   77    5   68   34   43   51    1   58   16   77   55   61   66   76   74    7   87   79    8   31   80    3   70   28   21   81   57   19   26   39   57   14   73   45   33   35    6   10   44   15   40   60   16   63   29    2   22   23   36   27   46   52   84   78   41   49   54   67   86   88   72   56   13   85   82   90   12   69   59   13   25   69   75   35   86   83   30   48   24    4   71   20   89   53   53   62   50   35   32   17   11   64   37   47   18  
  32   62   28    7   60   64   24   87   79   21   80   45   31   73   75   67   34    5   53   72   43   27   38   33   89   31   82    1   72   61   37   39   90   22   57   70   47   80   11   76   40    6   84   59   41   52   26   15   57   83   44   69   17    2   58   77   45   50   78    9   58   46   85   12    3   30   88   33   29   35   71   36   54   10   80   66   87   18   63   74   55   19   48   51   13   68    4   23   56   79   86   42   49   14   16   81    8   65   25   20  
  15   21    9   54   29   20   48   65    3   56   22   53   33   21   19   78   28   72   16    4   46   51   26   70    1   87   77   81   73   84   42   37   69   36   35   43   79   41   44   39    2   50    8   80   24   62   66   23   32   13   88   56   64   75   49   90   34   63   89   61   11   86   67   60   19   31   15   83   31   55   38   50   30   27   17   76   14    6   12   45   64   46   74   57   82   68   52   10   59   25   40   50   71    7   85   58    8   18   47    5  ] 
BUDGETS : [    1    2    4    7    9   11   13   13   16   20   22   24   27   33   34   34   35   40   41   42   42   43   45   47   47   48   50   51   55   57   59   63   63   64   67   69   69   71   74   76   79   79   80   80   81   85   86   88   96  100  100  102  103  103  103  103  108  109  109  109  110  110  114  118  122  122  124  124  125  127  128  128  129  130  131  133  134  136  139  142  150  151  157  159  165  169  175  180  181  181  186  187  187  188  193  193  195  195  197  197  ] 
