K : 100
I : 100
PREFERENCES : [    0   99    0   89    0    0    0   87    0    0    0    0    0    0    0    0    0    0    0    0    0    0    0    0    0    0    0    0    0    0    0   90    0    0   99    0   96    0    0    0    0    0    0   90    0    0    0    0   90    0    0   86    0  100    0    0    0    0    0    0   95    0    0   88    0    0    0   93    0    0    0    0    0   91    0    0    0    0    0   98   88   96    0    0    0    0    0    0    0    0    0    0    0    0    0    0   94   97    0   92  
   0   93    0   93    0    0    0    0    0    0    0    0    0   90    0    0    0    0   89    0    0    0    0    0   86    0   97    0    0    0  100    0    0   95    0    0    0    0    0   99   94    0   88    0    0    0    0    0    0    0    0    0    0    0    0    0  100    0    0   98    0    0    0   93   96    0    0    0    0    0    0    0    0    0    0   87    0    0    0    0   89    0    0    0    0    0    0    0    0    0    0    0    0    0    0    0   93   92   91    0  
   0    0    0   93    0   87    0    0    0    0    0    0    0    0    0    0   94    0   88    0    0    0    0    0    0    0    0    0   92    0    0    0    0   91    0    0    0    0   87    0    0    0    0    0    0    0    0    0    0   99   90    0   90    0    0   86    0    0    0    0   97    0   96    0    0    0    0    0    0   89    0   95    0    0    0    0    0    0    0    0    0   98    0   99    0    0    0    0   99    0    0    0  100   99    0    0    0    0    0    0  
   0   86    0    0    0    0    0    0    0    0    0   92  100    0   96    0    0   94    0    0  100    0    0    0    0    0   93    0    0    0    0    0    0    0    0    0    0   94    0    0    0    0    0    0    0   96    0    0    0   88    0    0    0    0    0    0    0   88   95    0    0   93    0    0   89    0    0    0    0    0    0    0    0    0   99    0   90    0    0    0    0    0    0    0   87    0    0    0    0   91    0    0    0    0    0    0   98    0    0   97  
   0    0    0    0    0    0    0   98   93    0    0    0    0   92   86   87    0   94    0    0    0    0    0    0   97    0    0    0    0    0    0   89    0    0    0  100   95    0    0   92    0    0    0    0    0    0    0    0    0    0    0   95    0    0    0    0    0    0    0    0    0    0    0    0    0    0    0    0    0    0   96    0    0   86    0    0    0   90   99    0   88    0    0    0    0    0    0    0    0    0   91    0    0   98    0    0    0   86    0    0  
   0   91    0    0    0    0    0    0    0    0   92    0    0    0    0    0   95    0   93   91    0   89    0    0    0    0    0    0    0    0    0   90    0    0    0    0    0    0    0    0   96    0    0    0    0  100   87    0    0    0    0    0    0    0    0   91    0    0   98    0    0    0    0    0    0   88    0   97   86    0    0    0    0    0    0    0    0    0    0    0   90    0    0    0    0    0   98    0   88    0    0   94    0   99    0    0    0    0    0    0  
   0   92    0    0    0   99    0   97    0    0    0    0    0    0    0    0   91   87    0    0    0    0    0    0    0    0    0    0    0    0    0    0    0    0    0    0   98   97    0    0    0    0    0    0    0   89    0    0    0    0    0    0   96    0   98    0    0    0   90    0    0   98    0    0    0    0    0    0    0    0    0   95    0    0    0   95    0   86    0    0   93    0    0    0    0   96    0  100    0    0   88   94    0    0    0    0    0    0    0    0  
   0    0    0    0    0    0   88    0   92    0    0    0    0   96    0    0    0   93    0    0    0    0    0    0    0    0    0    0    0    0   90    0    0   94    0    0    0   99    0    0    0    0    0    0    0    0    0   93   99    0    0    0   89    0    0   98    0    0    0    0   95   87    0    0    0    0   86   97    0    0    0    0    0    0    0    0   91    0    0    0   86    0    0   93    0    0    0    0  100    0    0    0    0    0    0   97    0    0    0    0  
   0    0    0    0    0    0    0   94    0    0    0    0    0    0    0    0    0    0    0    0    0    0    0   98    0   93    0    0    0    0  100    0    0    0   91   86    0    0  100    0    0    0    0    0    0    0    0    0    0    0    0    0    0    0    0    0    0   93    0   88    0    0   99    0    0    0    0   95   92    0    0   97    0   96    0    0    0    0    0   90    0    0    0    0    0   95    0    0    0    0    0   97    0   87    0    0   89   98    0    0  
  96    0    0   89    0    0  100    0   86    0    0    0    0    0    0    0    0    0    0    0    0    0    0    0   94    0   97    0   99    0   98    0    0    0   89    0    0    0    0    0    0    0    0    0   97    0    0    0    0   87   93   99    0    0    0    0    0   91    0   88    0    0    0    0    0    0    0    0    0    0    0    0    0    0    0    0    0    0    0    0    0   95    0   92    0    0    0   90    0    0    0    0    0    0   95    0    0   99    0    0  
   0   97    0    0    0    0    0   86   91    0    0    0    0    0    0    0   86   90   95    0    0    0    0    0    0    0    0    0   94   87    0    0    0    0    0    0    0  100    0    0    0    0    0    0    0    0    0    0    0    0    0   95    0    0    0    0   91    0    0    0    0    0    0    0    0    0    0    0    0    0    0    0    0    0   91    0   99    0   93    0    0    0    0    0   95   88    0   96   98    0    0   89    0   92    0    0    0    0    0    0  
  95    0    0    0    0    0   89    0    0    0    0    0    0    0   98    0   88    0    0    0    0   97    0   99    0    0   94    0   93    0    0    0   91    0   95    0    0    0    0    0    0  100    0    0    0    0    0    0    0    0    0    0    0    0   90    0    0    0    0    0   97   86    0    0    0    0   92    0    0    0   87    0    0    0    0   96    0    0   95    0    0    0    0    0    0    0    0    0   89    0    0    0    0   93    0    0    0    0    0    0  
  87    0    0   98    0    0    0    0   90   86    0    0    0    0    0    0    0    0    0    0    0    0    0    0    0   99    0    0    0    0   91   88    0  100    0    0   94    0   96    0    0    0    0    0    0   90    0    0    0    0    0    0    0   89    0    0    0    0    0   91   91    0    0    0    0   92    0    0    0   97   95    0    0    0    0    0    0    0    0    0    0    0   94    0    0    0    0    0   93    0    0    0    0    0   92    0    0    0    0    0  
   0    0    0   92    0   88    0    0    0    0    0    0    0    0    0    0    0    0   92   95   98    0    0    0    0   97    0    0    0   97   99   97    0    0   87    0    0    0   89    0    0    0    0    0   91   93    0    0    0    0    0    0    0   97    0    0    0    0    0    0   96    0    0    0    0    0    0    0    0    0    0    0    0    0   86    0    0    0    0    0    0    0    0   89    0    0    0    0    0   94    0    0    0  100    0    0    0    0    0   90  
   0    0   87    0    0    0   93    0    0   94   90    0   99    0    0   94    0    0    0    0  100    0    0    0    0    0    0    0   91  100    0    0    0    0    0   94    0    0    0    0    0    0    0    0    0    0    0    0    0    0   96   98    0    0    0    0    0    0    0    0    0    0    0    0    0   97    0    0    0    0    0    0    0    0    0    0   92   96    0   86    0    0    0   95    0    0    0    0    0    0   88    0   94   89    0    0    0    0    0    0  
   0   94    0    0    0    0    0    0   97   96    0    0    0    0   95    0   95    0    0   93    0   96   98    0    0    0    0    0    0    0   88    0    0    0    0  100    0    0    0    0   99    0    0    0   96    0    0    0    0    0    0    0    0    0    0    0    0    0    0    0    0    0    0    0    0    0   90    0    0   97    0    0   89    0   91    0    0    0    0    0   99    0    0    0   92   87    0    0    0    0    0    0    0    0    0    0    0    0   86    0  
   0    0    0    0    0    0   89    0   98    0    0    0   99    0   92    0    0    0    0    0    0    0    0    0    0    0    0    0    0    0    0    0   90   98   87    0    0   97   93    0    0    0  100   98    0    0    0   91    0    0    0    0    0    0    0    0    0    0    0    0   86    0   98    0   94    0    0    0   97    0    0   88    0    0    0    0    0    0   99    0    0    0    0    0    0    0    0   95    0    0    0    0    0    0    0    0   96    0    0    0  
   0    0    0    0    0    0    0    0   94    0    0    0   91    0    0    0    0    0    0   91    0    0    0    0    0    0   96   88    0   90   86    0    0    0    0    0    0   87    0   92    0    0   89    0    0    0    0    0    0   93    0    0    0    0    0    0    0   99    0    0   97    0    0    0   86    0    0    0    0    0    0    0    0    0    0    0   91   86    0  100    0    0    0    0    0    0   98    0    0    0   95    0    0    0   86    0    0    0    0    0  
   0    0   90    0    0    0    0    0    0    0    0    0    0    0    0    0    0    0    0    0    0   99   93   95    0    0    0    0   87    0   96    0    0    0    0    0   97    0    0    0    0  100    0    0    0  100    0    0    0    0    0    0    0    0    0    0    0    0   89    0   98    0    0    0    0    0    0   87   94    0    0    0    0    0    0    0   90    0   88   90    0    0    0    0    0    0    0   92   88    0    0   91    0    0    0    0   86    0    0    0  
   0    0    0    0    0    0    0    0    0    0    0    0    0    0    0    0   94  100    0    0    0   95    0    0    0    0    0    0   99    0    0   91   90    0    0   92   87    0    0    0   97    0   87    0    0   99    0   89  100    0    0    0    0    0   88    0    0    0    0    0    0    0    0    0    0    0    0    0    0    0    0    0   86   86    0   98    0    0    0    0   88    0    0    0    0    0    0    0    0    0    0    0    0   96    0   93    0    0    0    0  
   0   88    0    0   94    0    0   99    0    0    0    0    0    0    0    0   90   91    0    0    0    0    0    0    0    0    0    0   88    0    0    0   89    0    0    0    0    0   86    0   87    0    0   92   97   89    0    0    0    0    0    0    0    0    0    0    0    0    0    0    0   95    0    0    0    0    0    0    0    0    0    0    0    0    0    0   99  100    0    0    0    0    0    0    0    0    0    0    0    0    0   98    0    0   99    0   93   88   96    0  
  98    0   90   96    0    0    0    0   91    0    0    0    0    0    0    0    0    0    0    0    0    0    0    0    0    0    0  100    0   97    0    0    0    0    0    0    0    0    0    0    0   93    0    0    0    0    0    0    0    0    0    0    0    0    0   86   89   94    0   98    0    0    0    0    0    0   99    0    0    0    0    0   87   98    0    0    0    0    0    0    0   99   95   88    0   97    0    0    0    0    0    0   91    0    0    0    0   92    0    0  
   0    0    0    0    0   91    0    0    0   89   87    0    0    0    0    0    0    0    0    0    0    0    0    0   88    0   96    0    0    0    0   87    0    0    0    0   89    0    0    0    0    0    0    0    0    0   90    0    0    0    0   94    0    0    0    0    0    0    0    0    0    0   89    0    0   90    0    0    0    0   99    0    0    0  100   98   87    0   95    0    0    0    0    0    0    0    0   97   93    0    0   92    0    0    0    0    0    0    0   86  
  95    0   95    0    0    0    0    0   93    0    0    0    0   92    0   99    0    0    0    0    0   93    0    0    0    0    0  100    0    0    0   91    0    0    0    0    0    0    0    0   96   89    0    0    0    0    0   94    0    0    0    0    0    0    0    0    0    0    0    0    0    0    0   88    0    0    0    0   96    0    0    0    0    0    0    0   86    0    0    0    0   98    0   90    0   95   97    0    0    0   87   88    0    0    0    0    0    0    0    0  
   0    0    0    0    0    0    0    0    0    0    0    0    0   98    0    0    0    0   97    0   94    0    0    0    0    0    0    0   92    0    0    0    0    0    0    0   96   97    0   86    0   89    0    0    0    0    0   99    0    0    0    0   95    0    0    0    0   90    0    0    0   88    0    0    0    0    0   97   93    0    0    0    0   91    0    0    0    0    0    0    0    0    0    0    0    0    0    0   87  100   97    0    0    0   95   88    0    0    0    0  
   0    0    0    0    0    0    0    0   87    0   92    0    0    0    0    0    0    0    0   89   95    0   93    0    0    0    0    0    0    0   88    0    0    0    0    0    0    0    0    0    0    0    0    0    0    0    0    0    0   98    0    0    0    0    0    0    0    0    0    0    0    0    0   90    0    0    0    0    0    0    0    0    0    0    0    0    0    0   90   91   94    0   96    0   97    0    0   97  100    0    0    0   90   86    0   99    0   98    0   87  
  90    0    0    0    0    0    0    0    0    0    0   94    0    0    0    0  100    0    0    0    0    0    0    0    0    0   94    0    0    0    0    0    0    0   98    0    0    0   93    0    0    0    0   89   99    0    0    0    0    0    0    0    0    0   89   92    0    0    0    0    0    0    0   86    0    0    0    0    0   97    0   91   88    0    0    0    0    0    0    0    0   95   96   87    0    0    0    0    0    0    0   94    0    0    0   87    0    0    0   87  
 100    0    0   89    0   99    0   87    0    0    0    0   98    0   88    0    0    0    0    0    0    0    0    0    0    0   86    0    0   93    0    0   99    0    0    0    0    0    0    0   97    0    0    0    0    0    0    0    0   96    0   95    0   94    0    0    0    0    0    0   99    0    0    0   92    0    0    0    0    0   90    0    0    0    0    0    0    0    0    0    0    0    0   89    0    0   98    0    0   91    0    0    0    0   99    0    0    0    0    0  
   0    0    0    0    0    0    0    0    0    0    0    0    0    0    0   96    0    0    0   93    0    0    0    0    0    0    0    0    0    0   86    0   88    0    0   95    0   94    0    0    0   87    0    0    0    0    0    0   98    0    0    0    0    0   92   99    0    0   89    0    0    0    0    0   96   90    0    0    0    0    0   96    0    0    0    0    0   93    0   96  100    0    0    0    0    0    0    0    0    0    0    0   97    0    0   91    0   92    0    0  
   0    0    0    0    0    0    0    0    0    0   86   93    0    0   87    0    0    0    0    0   98    0    0   90    0    0    0    0    0    0    0  100    0    0    0    0    0   96    0    0    0    0    0   99    0    0    0    0    0   88    0   95   89    0    0   94    0    0    0    0    0    0   92    0    0    0    0   93    0    0    0    0    0    0    0    0    0   86    0   93   89    0    0    0    0    0    0    0    0   97    0    0    0    0   91    0    0    0    0   87  
  86    0    0    0    0    0   93   89    0    0    0    0    0    0    0    0    0   95    0   88    0    0    0    0    0    0    0    0    0    0   90    0    0    0   91    0    0   92    0   97    0    0    0    0    0    0    0    0    0    0   88    0    0    0    0    0    0    0    0    0    0    0    0    0    0   99    0    0    0    0   96    0    0    0   93  100    0   87    0   94    0    0   94    0    0    0   98   99    0    0    0    0    0   89    0    0    0    0    0    0  
  93    0    0    0    0    0    0    0    0    0    0   95    0    0  100   87    0    0   88    0    0    0  100   89    0    0    0    0    0    0    0   96    0    0    0    0    0    0    0    0    0    0    0   94    0    0    0    0    0   90    0    0    0    0    0   99    0    0    0   91    0    0    0    0   97    0   98    0    0    0   92    0    0   86   88    0    0    0   92    0    0    0    0    0    0    0    0   89    0    0    0    0    0    0    0    0    0    0    0   98  
   0   90   97    0    0    0    0    0    0    0    0    0    0    0    0    0   94    0    0    0    0    0   92   90    0    0    0    0    0   96    0    0    0   92    0    0    0    0    0   89   88    0    0    0  100   92    0    0   86    0   99    0    0   91    0    0    0   95    0    0   94    0    0    0    0    0    0    0    0    0    0    0    0    0    0    0    0    0    0    0   93    0    0    0    0    0    0   98   87    0   99    0    0    0    0    0    0    0    0    0  
   0   97    0    0    0   89   96    0    0    0    0    0    0    0   91    0   94   99    0    0    0    0    0    0    0    0    0    0    0    0    0   87    0    0    0    0    0    0    0   95    0    0    0    0    0    0   90    0   92   98    0    0   86   91    0    0    0    0    0    0    0    0    0    0    0    0    0   93    0    0    0    0   91    0   93    0    0  100    0  100    0    0    0    0  100    0   88    0    0    0    0    0    0    0    0    0    0    0    0    0  
   0    0   88   88   91    0    0    0    0   98   89   89    0    0    0    0    0    0    0    0    0    0    0   88    0    0    0    0    0    0   92    0   98    0    0    0    0    0    0    0   97    0    0   96    0    0   86    0    0    0   91    0    0    0    0    0    0   90    0    0    0    0    0    0    0    0   93    0    0    0    0    0    0    0    0    0    0    0   87   94    0    0    0    0    0    0    0    0    0    0    0  100    0   95    0   99    0    0    0    0  
   0    0    0    0    0    0   95    0    0   87    0    0    0    0    0   91    0    0    0    0    0   89    0    0    0    0    0    0    0  100    0    0    0    0    0    0    0   97   92   90    0    0    0    0   91    0   93    0    0    0    0    0    0    0    0    0   96    0    0   90    0    0    0    0    0    0    0    0    0    0    0    0    0   94   98   87    0    0    0    0   86   88    0    0    0   92    0    0    0    0    0   96    0   99    0    0    0    0    0    0  
   0    0    0    0   86    0    0    0    0    0   92  100    0    0    0    0    0    0    0   92    0    0    0    0    0  100    0    0    0    0   95    0    0    0    0   92    0   88    0    0   89    0    0    0    0    0    0    0    0    0    0    0    0    0   98    0    0    0    0    0    0    0   87    0    0    0    0   93    0    0    0   90   91   96   94    0    0    0    0   97    0    0   99    0    0    0    0    0    0    0    0    0    0    0    0   95    0   99    0    0  
   0    0    0    0    0   98    0    0    0    0    0   87    0   96   87   94    0    0    0    0    0    0    0   93    0    0    0    0    0    0    0    0    0   97   86    0    0    0    0    0   88    0    0   89    0    0    0    0    0   96    0    0    0    0   99    0    0    0    0    0    0    0    0  100    0    0   96    0    0   92    0    0    0    0    0   91    0    0   89    0    0    0    0    0   95    0    0    0    0    0   96    0   90    0    0    0    0    0    0    0  
   0   95    0   90    0    0    0    0    0    0    0    0    0    0  100    0    0    0    0    0    0    0    0    0    0    0    0   90    0    0    0    0   92    0    0    0    0    0    0   96    0    0   87    0    0    0   89    0    0    0   94    0   98    0    0    0    0    0    0    0    0    0    0    0    0    0    0    0    0    0   87    0   88   97    0    0    0   89   86    0    0   91    0    0    0    0    0    0   93    0   99    0    0   95    0   95    0    0    0    0  
   0    0    0    0    0    0    0    0    0   92    0   89   88    0    0    0    0    0    0    0    0   97    0    0   95   86    0    0  100    0    0    0    0    0    0    0   92    0    0    0    0   97    0    0   86   86    0    0   93    0    0    0    0   98   94    0    0    0    0    0    0    0    0    0    0    0    0    0    0    0    0    0    0    0    0    0    0    0    0   96    0    0   96    0    0    0    0    0   91    0    0    0    0   99    0    0    0   87   90    0  
   0    0    0   90   89    0    0    0    0    0    0   88    0    0   92    0    0   89    0    0   94    0    0    0    0   89    0    0    0    0    0    0    0    0    0    0    0    0    0    0    0    0    0   97    0    0   91    0    0   87   95    0    0    0    0    0    0    0   86   95   92    0    0  100    0    0    0    0    0    0   93    0   87    0    0    0    0    0    0    0    0    0   99    0    0   96    0    0    0    0    0    0    0    0    0   98    0    0    0    0  
   0    0    0    0    0    0    0    0    0    0   93    0    0    0   90   88    0    0    0    0    0    0    0   98    0    0    0    0    0    0    0    0   99    0   94   86   97    0    0   96   96    0    0    0    0    0    0    0    0   98    0    0    0    0    0    0   94    0   92    0    0    0    0   96    0  100    0    0    0    0    0    0    0    0   89    0    0   95    0    0    0   87   96    0    0    0    0    0    0    0    0   91    0    0    0    0    0    0    0    0  
   0    0    0   90    0   98    0    0    0    0    0    0   93    0    0   94    0    0    0    0    0    0    0   96   89    0    0   93    0    0   97    0    0   87    0    0    0   91    0    0    0    0    0    0    0    0    0    0   87    0    0    0    0   87   99   86    0    0    0    0    0    0    0    0    0    0    0    0    0    0   88    0    0   98    0    0    0    0    0    0   92    0    0    0   90    0    0    0    0    0    0    0    0  100   95    0    0    0    0    0  
   0    0   95    0   91   95    0    0    0    0    0    0    0    0    0   97    0    0    0    0    0    0    0    0    0    0    0   88    0   98    0    0    0   93    0   99    0    0    0    0    0   87    0    0    0    0    0    0   86    0  100    0    0    0    0   91   92    0    0    0   89    0    0    0    0    0    0    0   99   90    0    0    0    0    0    0   99    0    0    0    0    0    0    0    0   96    0    0    0   99   94    0    0    0    0    0    0    0    0    0  
   0    0    0    0   98   89    0    0    0    0    0   88    0    0    0    0    0   86    0    0    0    0   87    0    0    0    0  100    0    0   93    0    0    0    0    0    0    0    0   98    0    0    0   94   91   90    0    0    0    0    0    0    0   97    0    0   88    0    0    0    0    0    0    0   90    0    0   97   99   96    0    0    0    0    0    0    0    0    0    0    0    0    0    0    0    0    0    0   90    0    0    0    0   92    0    0    0    0    0   95  
   0   92    0    0    0    0    0    0    0    0    0    0    0    0    0    0    0    0   87    0    0    0   86    0   87   90  100    0   91    0    0   89    0    0    0    0    0    0    0    0    0    0    0    0    0   95    0    0   87    0    0    0    0    0    0    0    0   87    0   99    0    0    0    0    0    0    0    0    0   93    0   98    0    0   96    0    0    0    0    0   87   88    0    0    0    0   87    0   97    0    0    0    0   94    0    0    0    0    0    0  
  91    0    0    0    0    0    0    0    0   87   97    0   87    0   99    0    0   91    0    0    0    0    0    0    0    0   92    0    0   93    0   86    0    0    0   87   95    0    0    0    0    0    0   87    0    0    0    0    0    0   98    0    0   96    0    0   88    0    0    0    0   89    0    0    0   90    0    0    0    0   94    0    0    0    0    0    0    0    0    0    0   86    0    0    0    0    0  100    0    0    0    0    0    0    0    0    0    0    0    0  
   0    0   97   90   93    0   98    0    0    0    0    0    0    0    0    0    0    0   94   99    0   89    0    0    0    0    0    0    0    0   95    0    0    0    0    0   96    0    0    0    0    0    0   88   93   98    0    0    0    0    0    0    0    0    0    0   92    0    0   91    0    0    0    0    0    0   98    0    0    0    0    0    0    0    0    0    0    0    0    0    0    0   86    0    0    0    0    0    0    0    0   96    0    0   87    0    0  100    0   91  
   0    0    0    0    0    0    0    0    0    0   91    0   96    0    0    0    0   88    0    0    0    0    0   93   87    0   95    0    0    0    0   89    0    0    0    0    0    0   86    0    0    0    0    0    0   89   94   88    0   87    0    0    0    0    0    0   87    0    0    0    0    0    0    0    0    0    0    0    0    0  100   92    0   97    0    0    0    0    0    0    0    0    0    0    0   86    0    0    0   98    0    0    0   99    0    0    0   90    0    0  
   0    0    0   94    0    0    0   88    0    0    0   91    0    0    0    0   92    0   87    0   91    0   86    0    0    0    0    0    0   99    0    0    0    0    0    0    0    0    0    0    0    0   99    0    0    0   97    0   91    0    0    0    0    0    0  100    0    0   96    0    0    0    0    0    0    0    0    0    0    0    0    0   95    0    0    0    0    0    0    0   93    0    0    0    0    0   94    0    0    0   89   90    0   98   98    0    0    0    0    0  
  89    0   93   92    0   88    0    0    0    0    0    0    0    0    0    0   95    0    0    0    0    0    0    0    0   96    0  100    0    0    0    0    0    0   98    0    0    0    0    0    0   96    0    0    0    0   86    0    0    0    0    0   87    0    0    0    0    0    0    0    0   86    0    0    0    0    0    0    0   97    0   90    0    0    0    0   94   99    0   95    0    0    0    0    0    0    0    0   86    0    0    0   98    0    0   91    0    0    0    0  
   0    0    0    0   86    0    0    0    0    0   90   91   97    0    0    0    0    0    0   93    0    0   88    0    0    0    0    0    0   88    0    0  100    0    0    0    0    0   92    0   87   98    0    0    0    0   99    0   94    0    0    0    0    0    0   99   95    0    0    0    0    0    0    0    0    0    0    0    0    0   91    0    0    0    0    0   96    0    0    0    0    0   90    0   89    0    0    0    0    0    0    0    0    0    0    0   96    0    0    0  
   0    0    0    0    0    0    0   86    0    0    0    0    0   97    0  100    0    0    0   90    0   99    0    0    0    0    0    0    0    0   95    0    0    0    0    0    0    0    0    0    0    0   96    0    0    0    0    0    0    0    0    0   87    0    0    0    0    0   99   88    0   94    0    0   89   99    0    0    0    0    0    0    0    0    0    0   97   91   94   93    0    0    0   98    0    0    0   91    0    0    0    0    0    0    0    0    0    0    0   92  
   0    0    0    0    0    0    0   92   93    0    0    0    0    0    0    0    0    0    0    0   95    0   86    0    0   86    0    0    0    0   90    0    0   86    0    0    0    0    0    0    0    0    0  100    0   97    0    0    0    0    0    0    0    0   94    0    0    0    0    0    0    0    0    0    0   99    0   90   89    0    0    0    0   88    0   91    0    0    0    0    0    0   87    0    0    0    0    0    0    0    0    0    0   89   96    0    0   91   98    0  
   0    0    0    0    0    0   91    0    0    0    0    0    0    0    0   88    0    0  100    0    0    0   96    0    0    0    0    0    0   96    0    0    0    0    0    0    0    0    0    0    0    0    0    0    0   99    0   91    0   94    0   97   95    0    0    0    0    0    0    0    0   89    0    0    0    0    0    0   93    0   90    0   98    0   92    0    0    0    0   86   90    0   91    0    0    0    0    0    0    0    0    0    0    0   96    0    0    0    0   87  
   0   87    0    0    0    0    0    0    0    0    0    0    0   93    0   96    0    0    0    0    0    0    0    0    0    0    0    0    0    0    0   91    0    0    0    0   88    0   86   95    0    0    0    0    0    0   98    0   99   99    0    0  100    0   89   98    0    0    0   94    0    0    0    0    0    0    0    0    0    0    0    0    0    0    0   95    0    0    0    0    0    0    0    0    0    0    0    0    0    0   92   90    0    0   91    0    0   97    0   90  
   0   92    0   89    0   90    0    0    0   92    0    0    0    0    0    0    0    0    0    0    0    0    0    0    0  100    0    0    0    0   90    0    0    0   88    0    0    0    0   97    0   86   86    0    0    0    0    0   92    0    0    0    0   95    0    0   94    0    0    0    0    0   91    0    0    0    0    0    0    0    0    0   98   99    0    0   96    0    0    0    0    0    0    0    0    0    0   93    0    0    0    0    0    0    0    0   94    0    0   87  
   0    0    0    0    0    0    0    0    0    0    0   89    0    0    0    0    0    0    0   92    0   93   99    0   87    0    0    0    0    0   91    0   95    0    0   90    0    0    0   98    0    0   96   97    0    0    0    0   86    0    0    0    0    0   92    0    0    0  100    0   97    0    0    0   88    0    0    0    0    0    0    0    0    0    0   94    0   95    0    0    0    0    0    0    0    0    0    0    0    0    0    0    0    0  100    0    0    0    0   98  
  89    0    0    0    0   94    0    0    0    0    0    0    0    0   95    0   88    0    0    0    0   92   97    0   96   93    0    0    0    0    0    0   89    0    0    0    0    0    0    0    0    0    0    0    0    0    0    0    0    0    0    0    0   93    0    0    0    0    0    0    0   90    0    0    0  100    0    0    0    0   91    0    0   89    0    0    0    0    0   97    0    0    0   87   93    0   86    0    0    0    0    0    0    0    0    0    0    0   98   99  
  86    0    0    0   87    0    0   96    0    0    0   93    0    0    0   95    0   94    0    0    0    0    0    0   99    0    0   90   92    0    0    0    0    0    0    0    0    0    0    0  100   91    0   92    0    0    0    0    0    0    0    0   99    0    0    0    0    0   87    0    0    0    0    0    0    0   93    0   88    0    0    0    0   97    0   98    0    0   89    0   99    0    0    0    0    0    0    0    0    0    0    0    0    0    0    0    0    0    0    0  
   0    0    0    0    0    0    0    0    0    0   90  100    0    0    0   90    0    0    0   93    0    0    0    0   96    0    0    0    0    0    0    0    0    0    0    0    0    0   87  100    0    0   90    0    0    0   86   95    0    0    0    0    0    0    0   91    0    0    0    0    0    0    0    0   88    0   97   95    0   99    0    0    0    0    0    0   92    0    0    0    0    0    0    0    0    0  100    0    0    0    0   89    0    0    0    0   98    0   94    0  
  92   89   90    0    0    0    0   96    0    0   96    0    0    0    0    0    0   94    0   94    0    0    0    0    0    0    0    0    0    0   88    0    0    0    0    0    0   86    0    0    0    0   97    0    0    0    0    0    0    0    0   88    0    0    0    0    0    0    0    0    0    0    0   89  100    0    0    0    0    0    0    0    0    0    0    0    0    0    0    0   93    0  100   98    0    0    0   91    0    0    0   87    0    0   99   95    0    0    0    0  
  93    0    0   91    0    0    0   97    0   91    0   92    0    0    0    0   87    0    0    0    0    0    0    0    0    0    0    0   88    0   90    0  100   95    0    0    0   97    0    0    0    0   94    0    0    0    0    0    0    0    0    0    0    0    0   87    0    0    0    0   86    0    0    0    0    0   98    0   88   89    0    0    0    0    0    0   86   96    0    0    0    0    0    0    0    0    0    0    0    0   99    0    0    0    0    0    0    0    0    0  
   0    0    0    0   86    0    0    0    0   91    0    0    0   88    0    0   93    0    0    0    0    0    0   97   86    0    0    0    0    0    0    0    0    0    0    0   92    0    0    0   99    0   96    0    0    0    0    0    0    0   87    0    0   98    0    0    0    0    0   89  100    0    0    0   94    0    0   91    0    0   90    0    0    0    0    0    0   95    0    0    0    0    0    0   91    0    0    0   89    0    0    0    0    0    0   97    0    0    0    0  
   0    0    0    0   92    0   88    0    0    0    0   95    0    0    0    0    0    0    0    0    0   94    0    0    0    0   87    0    0    0   90    0   99    0    0    0    0    0    0    0    0    0   88    0    0    0    0    0    0    0   96   96   98    0   87    0   91   94    0    0    0    0    0    0    0    0    0    0    0    0    0    0   89    0    0    0    0    0  100   86   97    0    0    0    0    0    0    0    0    0    0    0    0    0    0    0    0   92    0   93  
   0    0    0   87    0   93    0    0    0    0    0    0   92    0   87    0    0    0    0   95    0    0   99    0    0    0    0    0    0   93   97    0    0    0    0    0    0   90    0    0    0    0    0    0    0    0    0   86   94    0    0    0    0    0    0    0  100    0    0  100    0    0    0   93    0    0   98    0    0    0    0    0    0    0    0    0    0    0   91    0    0    0   88    0    0    0    0    0    0    0   96    0    0    0    0    0    0    0   96   89  
   0   93    0    0   87    0    0    0    0    0   98    0   93    0    0    0    0    0    0    0    0   91    0    0    0    0    0    0    0    0    0    0    0    0   86    0    0   86    0    0   86    0    0   86    0   89   96    0    0    0    0    0    0    0   97    0    0    0    0    0    0    0    0    0   88    0   90  100    0    0    0    0    0    0    0    0    0   92    0    0   94    0   97    0    0    0    0    0    0   95   99    0    0    0    0    0    0    0    0    0  
 100    0    0   93    0    0    0    0    0   92    0    0   89    0    0    0    0    0    0    0    0   96    0    0    0    0    0   98   99    0    0    0    0    0    0   90    0   87    0    0    0    0    0    0   91    0    0    0    0    0    0    0    0    0    0    0    0    0    0    0    0    0    0   94   92    0   86    0    0    0    0    0    0    0   96    0    0    0   95    0    0    0    0    0   89   97    0    0    0    0    0   95   88    0    0    0    0    0   89    0  
   0   94    0   95    0    0    0    0    0   88    0    0    0    0    0    0    0    0    0    0   99   90    0    0    0    0    0   87    0    0    0   89    0    0   86    0    0    0    0   95    0    0    0    0    0    0   92    0   93    0    0   99    0    0    0   99    0    0    0    0    0    0    0   87    0    0    0    0    0    0    0    0   97    0    0    0    0    0  100    0   91    0    0   90    0   98    0    0   96    0    0    0    0    0    0    0    0    0    0    0  
   0   87    0    0    0    0    0    0    0   93    0    0   98   87    0    0    0    0    0   86    0   89    0    0    0    0    0    0    0    0    0    0    0    0   96   99    0    0    0    0   95    0    0    0    0   88    0    0    0    0   92    0    0    0    0    0    0    0   95    0    0   88  100    0    0    0    0   97    0    0    0   93    0    0    0    0    0    0    0    0    0    0    0    0    0    0    0    0    0    0    0   89    0   90   91    0   94    0    0    0  
  86    0    0   86    0    0   98   94    0    0    0    0    0    0    0    0    0   94    0   92    0    0    0    0    0    0    0    0    0   97    0    0   93    0    0    0    0    0    0    0    0    0    0    0    0   86   87    0    0    0    0    0    0    0    0    0    0   95    0   89    0    0    0    0    0    0    0    0    0    0    0   90    0    0    0    0    0    0    0   88    0    0   91    0   99  100    0    0    0    0   91    0   96   97    0    0    0    0    0    0  
   0    0    0    0    0    0    0    0    0    0    0    0    0    0    0    0   92    0    0    0   98   90    0   91   93    0    0    0    0  100    0    0    0    0   87    0    0    0    0    0    0   98    0    0    0    0   91    0    0   94    0    0    0    0    0    0   88    0    0   95   94    0    0    0    0    0    0    0   88   97    0    0    0    0    0    0    0   99    0    0   98    0   86   96    0    0    0    0    0    0    0    0    0    0    0    0    0   89    0    0  
   0    0   90   97    0    0   95    0    0    0   91    0    0   86    0    0    0    0   96    0    0    0    0    0    0   99    0    0    0   94    0    0    0    0    0    0    0    0    0    0  100    0  100    0    0    0    0    0   98    0    0    0    0    0    0    0    0    0    0    0    0   89    0    0    0    0    0    0    0    0    0    0    0    0    0    0    0    0   92    0    0    0    0   93   99    0    0    0    0    0    0    0    0   88   87   98   97    0   89    0  
   0    0   99    0    0    0   92    0    0    0   89   93    0    0    0    0    0    0   97    0    0    0   91    0    0    0    0    0    0   92    0    0    0    0    0    0    0    0   95  100    0   90    0   95   94    0    0    0    0    0   87   88    0    0    0    0   86    0    0    0    0    0   96    0    0    0    0    0   98    0    0    0    0    0    0    0    0    0   97    0    0    0  100    0    0    0    0    0    0    0    0    0    0    0    0   95    0    0    0    0  
  93   95    0    0    0    0    0    0   96   91    0    0    0    0    0    0   90    0    0    0   99   98    0  100    0    0    0   98   91    0    0    0    0    0    0   97    0    0    0   92    0    0    0    0    0    0    0    0    0   87    0    0    0   94    0    0    0    0    0    0    0    0    0   96    0    0    0    0    0    0    0    0   89    0    0   96    0    0    0    0   88    0   98    0    0    0    0    0    0    0    0    0    0    0   86    0    0    0    0    0  
   0    0    0    0    0    0    0    0    0    0    0    0    0    0    0    0    0    0   91   92    0    0    0    0    0    0    0    0    0    0    0   90   97    0    0   96    0  100    0    0    0    0    0    0    0   98    0    0   97    0    0    0    0   87    0    0    0   93    0    0   92    0    0    0    0   94    0    0    0    0   99   95   89    0    0    0    0   88    0   86    0    0    0    0    0    0    0   99    0    0    0    0    0   96   86    0    0    0    0    0  
   0    0   88    0    0    0    0    0    0   97    0   91    0    0    0    0   94    0    0   92    0    0    0    0    0    0   87    0    0   95   89    0    0    0   95    0    0    0    0    0   96    0    0    0    0    0    0    0    0    0    0    0    0    0    0   90   93    0    0    0    0   98    0    0    0    0    0    0    0    0    0    0   89    0    0    0    0  100    0    0   87   99    0    0   97    0    0    0    0    0   86    0    0    0    0    0    0   92    0    0  
   0    0    0    0    0   87   95    0    0    0    0   98   88    0  100    0    0    0   91    0    0    0    0    0    0    0    0    0    0    0    0   93    0    0    0    0    0    0    0    0   88    0    0   89    0    0    0    0    0    0    0   94    0    0    0   90   98    0    0   96    0    0   99    0    0    0    0    0    0    0    0    0    0    0   97    0    0   98   86   98    0   88   92    0    0    0    0    0    0    0    0    0    0    0    0    0    0    0    0    0  
   0    0   89   93    0    0    0    0    0    0    0    0    0    0    0    0   94    0   99    0   91   96    0    0    0    0    0    0    0    0    0    0    0    0   88    0   98    0    0    0    0    0    0   97   94    0    0    0    0   96    0    0    0    0   87   90    0    0   99    0    0    0    0    0    0    0    0    0    0    0    0    0    0    0    0    0    0    0    0    0   95    0    0    0    0   86    0    0   86   92    0    0    0   91    0    0  100    0    0    0  
   0   96    0    0    0    0    0    0    0    0    0    0    0    0    0    0    0    0    0    0    0    0   87    0    0   92    0    0    0    0    0   89   97    0    0    0    0    0   90    0    0   94   98    0    0   99    0   94    0    0    0   86    0    0    0    0    0    0  100    0   99    0    0    0   88    0    0   91    0   93    0    0    0    0    0    0    0    0    0   95    0   92    0   87    0    0    0   99    0    0    0    0    0    0    0    0    0    0    0    0  
   0    0    0    0   99    0   89    0    0    0    0    0    0    0    0    0    0    0   93    0    0   92    0    0   97    0  100    0  100    0    0    0    0    0    0    0   93    0    0   98    0    0    0    0    0    0   86   90    0    0    0    0   97  100    0    0    0   88    0    0    0    0   96    0   91    0   87    0    0    0    0    0    0    0    0    0   94    0    0    0    0    0    0    0    0    0    0    0    0    0   99    0   95    0    0    0    0    0    0    0  
   0    0    0    0   88    0    0    0   92    0    0    0    0    0  100    0    0    0    0    0    0    0    0   90   86    0    0    0    0    0   88    0    0    0    0    0    0   89   97   94    0    0    0    0    0    0    0    0    0  100    0    0   87    0    0    0    0    0    0    0   95    0    0   91    0    0   96    0    0   98    0    0   95    0    0    0    0    0    0    0    0    0    0   94    0    0    0    0    0    0    0    0   99    0   93    0    0   90    0    0  
   0    0    0    0    0    0    0    0   95    0   88    0    0    0    0    0    0   91    0  100   92   92    0    0    0    0   95   96    0    0   93   92    0    0    0   97    0   87    0    0    0    0    0    0    0    0   95    0    0    0    0    0    0    0    0    0    0    0    0    0   90    0    0    0    0    0    0    0    0   94    0   98    0    0    0   86    0    0    0    0    0   89   88    0    0    0    0    0    0    0    0   99    0    0    0    0    0    0    0    0  
   0    0    0    0    0    0    0    0    0    0    0   98    0    0    0    0    0    0    0    0   92    0    0    0    0    0    0   96    0    0    0    0    0   96   99    0    0    0    0    0    0    0   94    0  100    0    0    0    0    0   93   99    0    0    0    0    0    0   86    0    0    0    0    0    0    0    0   89    0    0    0    0    0    0    0    0    0    0    0    0    0   91    0    0   95   90    0   92   90    0   87   97    0    0    0    0    0   94   88    0  
   0    0   97    0    0   94   90    0    0   95   92    0    0    0    0   96   88    0    0    0    0   91    0   87    0    0   95   86    0    0    0    0    0    0    0    0    0    0    0    0    0    0  100    0    0    0    0    0    0    0    0    0    0    0   90    0    0    0   99   91    0    0   92    0   89    0    0    0    0    0    0    0    0    0    0    0    0    0    0    0    0    0    0    0    0   93    0    0    0    0   98    0    0    0    0   90    0    0    0    0  
   0    0    0    0    0    0    0   95   91    0    0    0    0    0    0    0    0    0    0    0    0    0    0   86   92    0    0   91    0   87    0    0    0    0    0    0    0    0    0    0   93    0   97    0    0   95    0   92   89    0    0    0    0    0    0    0    0   91    0    0    0    0    0    0    0    0    0    0   98    0    0   94    0    0    0  100    0    0    0    0   96   94    0    0    0    0    0    0    0   99   90    0    0    0    0    0    0    0    0   88  
   0    0    0    0   86    0    0   91    0    0    0    0    0    0   88    0    0    0   97    0    0   90    0    0    0    0    0    0    0    0    0   92    0    0    0    0    0   86    0    0    0    0  100   93    0    0    0    0    0    0   89   94    0    0    0    0    0    0    0    0    0    0    0    0    0    0   89    0    0    0    0   99    0    0    0  100   96   98    0    0    0    0    0    0    0    0   87    0    0    0    0   92   92    0    0    0   95    0    0    0  
  98    0   93    0    0    0   88    0   91    0    0    0    0    0    0    0   95    0    0    0    0    0    0    0   94    0    0    0    0   86    0    0    0    0    0   91    0    0    0    0    0    0    0    0    0    0    0    0    0    0    0    0    0    0    0    0    0    0    0    0    0    0    0    0   92    0   91    0    0   86    0    0    0    0    0   99    0    0    0   90    0    0    0   86    0   87  100    0    0   96    0    0   89    0    0    0  100   97    0    0  
   0    0    0    0    0   92    0    0    0  100   90    0    0    0    0    0   87    0    0    0    0   89    0    0    0    0    0   92    0    0   88    0    0    0    0    0    0    0    0    0    0   89    0   91   98    0    0    0    0    0    0   97    0    0   87  100    0    0    0    0    0   86    0    0    0   98    0    0    0    0    0    0    0    0    0    0   93    0    0    0    0    0   94    0    0    0    0   99    0   96    0    0    0    0    0   95    0    0    0    0  
   0    0    0    0    0   93    0    0   98   97    0   92    0    0    0    0    0    0    0    0   91   95    0    0    0   87    0    0   99    0    0    0    0    0    0    0    0    0    0    0    0    0    0    0    0  100    0    0    0    0    0   95    0    0   97   86    0    0    0    0   96    0    0    0    0    0    0    0   89    0    0    0    0    0    0    0    0   90    0    0    0    0   97    0    0    0    0    0    0    0    0   97   94    0    0    0    0   88   99    0  
   0    0    0    0    0   90    0    0   99    0    0    0    0    0    0    0    0    0    0   96    0    0   87    0    0   90    0    0    0   88    0    0    0    0    0    0    0    0    0   86    0    0    0    0   89    0    0    0   98    0    0    0    0    0    0    0   91    0    0    0    0    0    0    0    0    0    0    0    0   93  100    0    0    0   94    0    0   95    0   88   92    0    0    0    0    0   95   92    0   90    0    0    0    0   97    0    0    0    0    0  
   0    0    0    0    0    0    0    0    0    0    0    0   93    0    0    0    0    0   89   93    0    0   99   86    0    0   89    0    0    0    0    0    0    0    0   88    0   97    0    0   86    0    0    0    0    0    0    0    0    0    0    0    0    0    0    0    0    0    0    0    0    0    0   94   92   86    0   87   96    0    0   98    0  100    0   90    0    0    0   95   92    0    0    0    0    0    0    0   91    0    0    0    0    0    0    0    0    0    0    0  
  89    0    0    0    0    0    0    0   91    0   95    0    0    0    0    0    0   97    0    0    0    0    0    0    0    0    0    0   90    0    0    0    0    0    0    0    0    0    0    0    0   98    0   87    0    0   91    0    0    0    0    0    0   99    0    0    0    0   95    0   93   91    0    0    0   96    0    0   94    0    0    0    0   92    0    0    0    0    0  100    0    0    0    0    0    0    0    0    0    0   88    0    0    0   86    0   87    0  100    0  
   0    0    0    0    0    0   86   98    0    0    0   93    0    0    0   87   87    0    0    0    0   96    0    0   86    0    0    0    0    0    0   93    0    0   90    0    0   88    0    0    0    0  100    0   89    0    0    0    0    0    0    0    0    0    0    0    0    0    0    0    0    0    0   87    0    0    0    0   94    0   95    0    0    0    0    0    0    0    0    0    0    0    0    0    0   97    0    0    0    0   92    0    0   90    0    0    0   91    0   99  
   0    0   98   95    0   99    0    0    0    0    0    0    0    0   96    0   93    0    0    0    0    0    0    0    0    0   97   86   88    0    0    0    0    0    0    0    0    0    0    0    0    0    0   89    0    0   90    0   87    0    0    0    0    0   89   94    0   94    0    0    0    0    0    0    0    0    0   88    0    0    0   92    0    0    0    0    0    0    0    0    0    0    0   91  100    0    0    0   97    0    0    0    0    0   88    0    0    0    0    0  
  88    0   89    0    0   92    0    0    0    0    0   97    0    0    0    0    0    0    0   99    0    0    0    0    0    0    0    0    0    0    0   89    0    0    0    0   94    0    0    0    0   96    0   86    0    0    0   87    0    0    0    0   98    0    0    0    0    0    0    0    0    0   96    0    0   96   91    0    0   96    0    0    0    0    0    0    0    0    0    0   93    0    0    0    0   95    0   90    0  100    0    0    0    0    0    0    0   90    0    0  
   0    0    0    0    0    0    0    0    0    0    0   94    0    0  100   87    0    0    0    0   98    0    0    0    0    0   86    0    0   95    0    0   92   99    0    0    0    0    0    0    0   90    0   89    0    0    0   98    0    0    0    0    0   96    0    0    0    0    0   90    0    0    0    0    0    0   97    0    0   93    0    0    0   91    0   86    0    0    0    0    0    0    0    0    0    0    0    0    0   88   86    0    0    0  100    0    0    0    0    0  
  87    0    0    0    0    0   86    0    0    0    0   86    0    0   88   97    0    0    0  100    0   91    0   98    0    0    0    0    0    0    0    0   94    0    0    0   95    0    0    0    0    0    0   90    0   88    0    0    0    0    0    0   92    0    0    0    0    0    0    0    0    0    0   89   95    0    0    0    0    0    0    0   99    0   93    0   86    0    0    0    0    0    0    0    0    0    0   88   96    0    0    0    0    0    0    0    0    0    0    0  
   0    0    0    0    0    0    0    0    0    0   94    0   97   86    0   91    0    0    0   94    0    0    0    0    0    0    0    0    0    0    0   98    0    0    0    0    0    0    0    0   93   97    0   94    0    0   87    0    0    0    0    0    0    0    0    0    0    0    0    0    0    0   96    0   99    0    0   90  100    0    0    0    0    0   88    0    0    0    0   92   89    0    0    0    0   89   95    0    0   94    0    0    0    0    0    0    0    0    0    0  
  96   95  100    0    0    0    0    0    0    0    0    0    0    0    0    0    0    0   86    0    0   91    0    0    0    0   94    0    0   86    0    0    0    0    0    0    0    0    0    0    0    0    0    0    0    0    0   88    0    0   90    0    0    0    0    0   86    0    0    0    0   93    0    0   89   87   87    0   96    0    0    0    0    0   99   98    0   92    0    0    0    0    0    0    0    0    0    0    0    0   95    0    0   97    0    0    0    0    0    0  ] 
BUDGETS : [    1    1    4    6   11   13   17   20   20   24   29   32   35   36   37   38   39   40   41   43   45   48   48   50   53   56   62   68   72   72   73   74   75   76   76   78   79   81   86   96   97   97   98  100  100  102  102  103  103  104  107  107  110  114  114  115  116  117  117  118  119  120  120  125  126  127  136  137  141  142  143  144  145  145  145  146  147  149  150  152  154  155  155  160  161  162  163  163  165  166  170  174  186  186  187  189  190  192  194  196  ] 
