K : 100
I : 100
PREFERENCES : [   54    9   65   49   11   53    4   14   13   88   70   69   43   26   85   94   94   31   57    8   15    6   19   50   22   46   73   18   55   89   28   66   51   64   30   27   77   84   50   48   91   86   24   52    3   61   45   62   76   83   56   25   59   44   60   58   63   29   83   42   12   23   93   47   90   87   82   96   79   38   71   16   10   78   32   80    2    1   39   95   21   74   36   67   81   68   75   35   41   17    5   72   20   37   34   40    7   92   97   33  
  23    4   20   37   61   82   86   13   74   97   79   12   57   21   67   96   59    8   89   68   42   70   40   22   34   83   16   31   33   24    9   63   75    6   77   11    1   80   30    5   69    3   18   14   51   73   19   35   81   43   94   56   55    7   38   25   84   93   57   92   47   29   58   49   32   87   27   54   45   48   39   15   88   10   85   46   41   62   78   36   95    2   50   72   65   66   76   55   90   71   53   26   56   52   60   64   44   28   17   91  
   5   93   90   52   32   60   15   17   91   84   39   56   25   66   73   44   80   85   38   82   31   46   19   22   70    8   29   38   11   96   35   83   49   95    9   45   14   20   65   48   33   78   68   28   53    1    7   42   62   55   26   47   71   24    2   18   77    5   81   75   79   30    9   12   76   64   63   10   23   41   21    6   86   51   67   34   36   87   69   97   13   59   89   94    4   58   16   57   74   40   88   50   43   27   61   54   72   92   37    3  
  83   68   53   47   49   59   96   40   56   90   83   27   14   20   32   74   34   44   94   36   19   75   37    5   86   88    8   93   62   45   79    7   80   70   48   76   87   71   89   69   73   81   25   46   41   65   60   55   39   23   66   83   12    6   15    4   42   35   57   78   30    2    1    3   64   24   21   67   43   72   26   17   82   52   61   29   77   38   63   95   97   91   92   51   35   58   10   31   54   85    9   50   28   18   16   33   13   84   22   11  
  76   50   92   47   23   55   67   17   78   71   27   22   85   75   67   60   73   70   19    1   63   54   45   19   21   43   37   93   36   84   83   30    4   91   11   68   25   52   16   94   32   44   29   88    6   57   72   97   82   28   90   56    9   38   12   89   49   34   18   48   96   65    5   87   14   41   61   66   26   13   53   15   95   81   31   46   80   77   39   62    8   79   33   20    3   64   69   86   24   43   42   35   40   59   10    2   74    7   51   58  
  70   54   35   84   78   36   62   73    7   53   74    8   50   24   68   76   47   15   80   47   61   55   90   97   38   95    6   63   25   81    9    1   20   46   77   59   45   83   18   23   91   33   37   72   41   60   26    2   19   12   28   58   69   42   21   70   17   13   14   10   22   31   67   75   57   64   85   71    5   92   87   92   16   66   88   29   51   79   40   89   82   52    4   30   32   44   49   27   34   39   86   43   94   93   56   11    3   48   96   65  
  68   95   27   74   86   34   17   43   32   50   82   26   71    1   47   79    5   10   35   18   41   49   91   40   63   93   46   28   12    8   94   65   13   56   36   39   97   24   53   83   14   67   96   77   69   76   22    9   30   20   16   92   71   62   81   61   55   15   75   87   80   33   60   31   72   19   70   64   74   57   59   44   48   21   25   45   88   84   90   46   38    4   89    7    2   11    3   85   78   37   52   42   73   58   23   66   29   51   54    6  
  79   57    1   55   48    9   58   18    7   80   49   59   14   29   33   52   11   87   62   96   25   71   44   52   91   70    3   79   22   16   84   90   53   47   64   88   81   24   27   19   32   78   75   85    5   46   40   34   67   86   37   82   51    4   23   63   50   41   21   74   43   93   13   66    2   73   35   17    6   20   94   28   10   68   15   65   30   42   54   36   45   95   38   12   97   12   26    8   77   72   92   56   60   89   39   76   83   31   61   69  
  87   70   64   62   16   60   49    9   50   21   61   25   73   79   66   33   55   28   80   14   78   97    6   58   54   67   17   74   22   44   57   37   35   68   95    8   26   23   18    7   69   96   31   10   81   52   19   71   45   92   93   11   51   36   24   56   20   82   42   43   85   90   53   63   59   83   86   27   29   76   84   12   89   32   13   47   12   38   48   88   84   34    4   75   30   15    5   65   46   77   61   91    2   40   94   39    3   72   41    1  
  15   62   47   62   42   38   30   36   11   83   60   79   75    4   43   88    4   66   57   70   45   64   53   31    3   40   76   87   72   13   25   67   69   80   17   89   26   77   22   93   85   21   54    9   50   92   55   33   94    7   41   32   95    5   81   24   58   48   35   39   29   23   68   78   51   97   44   65   63   18   27   10   16    2   82   84   20   12   74    1   61   86   73   59   19   90   33    8   56   46   14   96   71   52   37    6   28   91   34   49  
  22   78   67   38   28    5   57   39   43   95   71    4   84   24   79   92    1   31   20   83   13   88   94   37   53   74   48   64   50   26   58   21   90   16    2   65   29   36   52   44   49   15   80   77    6   33   40   12   51   86   63   54   19   89   68   29   69   66   76   11   75   10   30   97    9   72    7   17   92   27   93   32   45   82    8    3   35   70   96   23   62   18   55   91   87   14   42   45   34   56   61   73   81   59   47   85   41   25   46   60  
  38   36   24   18   25   86   58    6   95   84   68   71   21   65   27   50   89   91   87   17   32    4   66   79   49   67   26   52    7   42   22   74   70   45   39   69   61   59   96   78   75   13   32   63   82   14   30   47   57   23   19   31   29   97   10   84   15   83   73   77   54   53    3   93    2   56   46   33   76   94   72   20   28    9   16   43   11   60   51   55   80   62   40   35   92   48   88   59   12   64    5   34    1   44   37   90    8   41   85   81  
  68   37   20   27   48   82   16   18   38   57   86   58    3   21   50   49   17   81   91   87   71   34    1   92   10    8   79   70   54   13    6   96   28   35   46   24   60   42   43   65   95   75   94   77   13   63   51   55   90   43   12    2   11   29   41   80   76   64   15   85   59   72   73   44   66    7   30   52   33   19    5   93   31   97   32   22    4   69   89   45   26   78   67   88    9   14   53   56   40   25   84   61   16   74   36   23   62   83   39   47  
   3   34   58   25   62   89   23   17   10   75   53    5   77   16   15   28   48   52   47   50   33   86   73   21   27   66   41   63   32   72   39   81   91   30   74   92   93   12   44   76   70   14    2   71   24   52   46   55   84   83   42   69   49   45   51   80   35   68   94    1   67   57   65   95   96   56   97   70   13    6   54   22   88   11   59   18   90   64   60   25   87    7    4   20   38   78   31   40   79   43   26   61   37   82    9   36   29   19    8   85  
  29   80   73   25   88   79   51   57    3   95   69   52   91   66   44   55   90   85    4   61   39    5   74   59   48   81   71   45    8    2   58   31   30   35   67   62   76   16   10   40   86   60   64    6   68   93   27   38   87    2   42    9   18   50   54   70   17   41   24   53   82   23    1    2   28   91   77   49   97   22   34   36   14   72   32   96   65   43   92   12   94   63   46   13   20   21   19    7   11   47   56   37   83   78   26   75   89   33   15   84  
  86   76   88   35   13   96   92   52   37   89   94   91   62   65    9   43   58   22   80   95   34   17   57   56    2    3   74   47   27   77   93   36   97   11   49   63   32    4   31   73    6   46   15   83   69   84   21   66   20   64   45   79   60   10   39   48   78   59   44   16   55   53   51   12   76   67   61   85   18   23   54   82   17    1   31   72   29   68   71   14    7   81   30   42   24    5   50   38    8   28   19   33   26   75   87   40   70   41   90   25  
   8   16   23   91   45   55   54   48   47   87   50   90   53   57   94   89   88   31   79   84   24   29   69   17   11   60   13   41    7   36    2   72   25   77   39   80   27   95   22   32   73    4    6   81   97   83   78   30   86   52   58   42   26   61   37   55    5   40   96   34   85   65   33   46    9   74    1   19   62   67   64   14   92   75   94   28   22   38   12   43    3   68   18   63   21   35   44   71   82   93   49   59   15   10   66   51   20   56   70   76  
  20   36   55   23   90   16   94   87   38   96   10   78   24   56   97   53   67   61   15   95   29   72    9   83   89   87   13   26   73   60   62   68   25   42   84   64   32   33   12   92    8   92   77   46   80   37   18    2   91   85   58    5   81   47    4   65   66   14   79   59   35   70   48   21   43   63   86   34   69   39   88    3   52   40    6   93   27   82   45   49   28   30   31   87   75   76   71   54   57   51   74   17   41   44   11    7   22   50   19    1  
  97   63   26   94   55    1   88   59   87    3   80   62   27   44   24   76   19   31   43   69   13   58   89   79   78   41   11    7    6   56   61    5   93   30   50   28   42   95   86   18   74   75   38    9   53   17   64   85   22    4   51   29    8   90   33   47   65   96   34   39   92   87   54   73   35   14   37   70   23   52   40   68    2   81   71   60   36   10   82   20   84   48   46   83   54   16    3   25   49   67   77   91   21   66   45   57   12   32   15   72  
  25   78   19    6   36   61   28   54    2    9   80   74    8   50    3   84   63   53   89   38   44   32   58   35   52   51   13   31   67   93   66   76   16   88    4   17   47   77   94   82   21   12   33   73   70   65   95   57   87   64   62   86   27   30   97   96   60   34   42   90   24   23   10   14   56   46   22   75   92   45   11    5   81   97   48   85   55   15   72   69   91   52   39   20   59   31   41    1   40   83   49   26   71   79   68   43   29   37   18    7  
   2   95   75   68   29   30   40   62    9   54   23   73   66   96   55   32   57   46   10   42   63   47   21   17   19    5   93   72   73   82   48   89   36   14   12   76   11   45   35    7   80   24    6   49   61   28   56   86   26   25   88   27    4   92   34   94    8   60   83   33   74   91    1   38   90   29   71   58   44   52   18   67   84   97   70   81   59    3   22   13   43   77   16   20   15   53   39   41   64   79   78   87   50   93   85   65   69   51   31   37  
  36   23   60   63   59   40   93   57   54   38   58   65   85   45   12   69   22   86    3    1   95   14   47   29   97   76   56   81   68    3   87   31    6   94   41   59   46   78   70   64   25   50   96   43   92   28   55   83   33   15   91   79   34   24   32   63   26   44   10    2   62   20   42    9   82   80   74   49   71    4   27   37   73   53   21   88   89   90   66   67   51   16   77   18   84   19   35   52   13    7   39    5   72   17   30   61    8   75   11   48  
  97   44   39   20   31   42   33   71   29    5   34   65   50   35    7   43   69   58   91   72   90   83   17   52   32   13   86   27   66   22   16   59   77   47   36   60   34   67   11   91   41   92   40    6   89   53   57   51    3   82    4   19   45   15    1   73   81   94   48   84   10   38   95   23   18   28   54   68   62   76   55   56   87   93   21   85   25   12   78   30   96    9    8   80   70   37   26   74   75   88   64   63    2   24   70   49   46   61   79   14  
  55   75   33   71   40   54   67   72    9    2   23   41   93   86   81   35   60    1   87   42   47   13   96   45   37   68   43    4   94   44   50   22   80   90   36   64   10   50   56    7   51   77    8   95    6   21   14   18   29   53   27   92   83   49   48   25   38   24   57   31   19   89   30   65   58   11   17   15   32   20   97   70   12    3   39   73   26   66   91   74   84   28   82   62   78   69   52   76   59   85   46   63   58    5   79   16   61   22   34   88  
   9   52   19   71   83   91   39   85   40   61   70   87   48   49   15   60   26   90   35    8   76   95   44   27   53   75   66   93   25    7   16   69   56   78   72   45   31   43   89   50   62   80   22   46   55   13   33   79   97   47    6   65   74   14   96    2   37    5   84   21   18   29   67   30   23   42   41   73   10    3   76   82   38   77   51    1   94   63   57   64   24   12   92    4   34   17    4   59   88   81   32   68   54   36   47   58   20   86   28   11  
  10   47   44   60   12   30   40   24   58   69   97   21   81    4    5   78   90   72   18   41   54   70   88   27   89   14   67   94   83   87   13   22   74   20   84   19    1   55   49   34   16   33   64   91    8    9   37    3   76   43   96   92   73   53   15   46   56   17   26   51   75   85   77   28    7   86   23    6   80   68   93    2   31   38   52   63   61   25   66   50   36   39   45   79   44   11   71   29   82   95   59   48   35   65   32   58   62   42   57   17  
  34   36   44    5   32   71   19   21   76   95   87   42   33   41   15   67   53   59   69   12   50   91   90    3   75   62    9   30   28   88   89   24   40   43   78   20   97   84   10   42    8   35   85   74   63   93   54    7   86   58   64   70   46   29   51    2    1   80   31   13   49   48   79   57   60    6   83   37   25   66   65   39   45   52   82   96   23   14   92   68   18   94   71    1   38   16   27   72   47   55   56   26   77   22   11   73   61   81   17    4  
  62   67   33   40   78   66   90   57   71   81    6   19   51    9   86   29   26   23   70   27   39    8   53   88   96   36   73   87    1   74   61   94    5   68   59   52   16   80   77   49   82   93   13    7   18   76   85   24   10   58   84   72   50   95   97   42   54   55   89   75   11   60   47   58   46   17   76   45   32   28   48   37   35    3   25   64   56   63   91   21   20   31   92   14   34   79   44   30   83   41   86   12   38   65    4   22   15   43   69    2  
  27    2   80   46   61   93   76   45   78   91   73   94   32   31   56   88   10   16   44   40   79   54    6   52   77   38   66   84    3   24   12   22   30   65   57   25   48   33   81   82   34   43   32   13   62   67   70   92    1   60   49    7   21   97   83   58   36   19   11   42   50   74   59   41   51   68   59   39   63   26    4   71   53   15   90   95   47   72   29   55    9   96    8   23   69   75   28   89   35   64    5   85   18   37   14   87   86   20   17   96  
  81   49   26   83   80   57   63   33   87   59   71    6   69   76   57   20   62   45   54   70   97   19   14   48   84   10   28   65   60   56   44   29   55   91   27   78   13   18   68   55   32   74   96    1   31   42   73    7   41    5   34   58   12   72   24   86   39    4   67   21   93   89   77   37   16   40   23   41   52   22   85   43   75   92    9   47   38   95   11   88   51   35   50   66   90   36   82   79   30   46   17   61   25    2   64   53   15    8    3   94  
  58   51   42   38   36   54   83   89   13    3   69   25   49   62   11   97    5   29   56   28   44   74   92   85   66   33   18   65    1   64   26   40   10   94   37   61   72   47   12   68   32   21   90   53   87   81   80   20   57   60   65   41   16   78   43   93   50   34   27   86   59   22   35   66   67   30   71   88   24   17   48   73   39   79    8    4   52   31   19   82   23   14   96   84   95   46   77   15    2   75   76   63   91    7   95    6    9   45   55   70  
  49   36   68   77   38   12   19   26   65   51   66   47   94   52   78   54   13   64   62   72   74   48    7   10   61   24   63   21   93   41   90   44   55   17   34   14   45   58   28   56   84   42   37   40   11   40    8   83   89   80   23   79   43   71   33    1   76   16   95    4   15   50   59   39    5    6    3   45   91   35   85   18   25   53   70   82   69   22   20   97   67   92   30   29   46   81   31   87   86   57   60   75    2   24   27   32   96    9   88   73  
  60   50   16   83   52   79   91   86   95   15    1   75   36   44   34    2   11   53   28   82   71   30   37   47   18   69   27   81   67    9   62   10   59   92   97   12   61   29    8   21   86   24   68   33   22   77   55   42   66    6   43   41   25   39   94   90    3   57   69   19   13   84   35   20   72   46   56    5    4   78   32   48   65   40   17   26   64   74   58   49   88   85   63   38   93   14    7   70   31   87   45   76   82   96   51   80   54   89   73   23  
  36   78   26    2   10   91    1   97   16   40   43   44    5   19   60   29   65   77   21   79   27   15   20   21   52   39   83   33   47   54   71   22    8   86   17    6   73   38   58   74   50   11   82   27   34   48   45   24   53   85   92   67   35   45   76   87   55   57   75   23   62   68    9   13   18   80   28   90   89   31   42   93   84   32    7   66   64   14   88   46   95   41   56   63    4   69   72   37   61    3   81   96   30   94   49   70   12   59   51   25  
  24    2    8   51   57   91   40   41   86   90   15   43   65   19   69   70   82   43   59    1   48   28   72   73    4   23   56   96   38   36   37   97    7   74   87   11   76   25   75   67   92   45   63   34   21   68   31   85   30   89   33    3   54   27   95   50   20   42    9   49   46   61   29    5   13   71   81   12   26   80   60   47   83   88   93   82   64   53   94   18   10   14   22   35   52   79   30   62   32    6   39   77   17   55   44   78   84   16   58   66  
  49   18   43   44   55   52   86   10   26   20   62   67   95   64   72   84   81   17    9   87   33   15   65   32    8   38   56   30   79   89   75   40   29   63    4   53   41   92   51   14   35   25   31   12   59   19   90   59    6   93   71   21   66   81   11   74   34    1    7   61   22   77   78    5   76   23   97   39   28   70    2   85   68   24   27   57   96   16   13   54   53   88   47   45    3   60   82   83   42   80   69   58   36   91   94   50   46   73   37   48  
  17   25   85   20   53   12    8   14   51   41   10   19   72   46   11   28   61   26    4   34   42   95   38   88   60   79    6   58   48   62   63   33   73   29   86    5   68   64   77    1   87   16   43   92    3   56   67   82   32   74   54   76   70   50   83   49   80   91   75   89   28   47   65    7   57   35   15   18   39   84    2    9   24   40   30   52   44   66   59   71   45   69   55   23   27   22   31   93   97   96   78   21   90   81   13   37   36   94   57   16  
  51   90    3   68   41   89    5   35   43   12   64   20   61   85   42   75   21   71   25    4   53   40   38   27   54   47   94   48   83   33   37   28   82   95   63   67   31   39   14   65   18   30   74   44    8   28    7   70   11    2   16   86   66   59   19   26   97   29   57   60   10   49   15   87   34   28   96   79   24   81   50   80   55    6   58   91   73   13   92   46   56   76   22   62   23   45   32   72   69   36    1   84   88   95    9   17   77   93   78   52  
   4   39   77   26   75   38   31   96    5   41   16    6   62   66   89   28   43   84   17   51   68   54   40   57   22   83   24   81   36   69   42   35    2    7   21   14   71   44   19   46   91   90   88   30   93    1   58    8   94   33   49   32   11   95   59   61   34   37   29   23   47   72   78   13   18   27   65   82   12   86   10   60   80   67   64   85   55   20   79   41   76   48   97    9   70   92   63   15   50   52   53   18   73   45   56   25   87    3   70   74  
  60   73   76   30   29   12   58   91   89   71   44   87   39   74   59   38    1   55   88   27   13   16   70   10   49   37   18   47    4   72   23    8    6   79   40   68   17   93   62   83    2   69   21   46   94   46   66   43   56   82   92   26   35   14   51   81   85   41   63    5   53   22   86   33    9   90   52   57   77   20   84   95   34   79   14   31   54    3   65   64   45   24   25   75   78   42   28   97   96   67    7   19   50   36   32   15   11   80   48   61  
  89   66   74   12   42   27   40    8   22   91   13   28   47   52   97   92   57   23   88    9   31   34   53   84   82   71   58   70   96   33   83   30   79   37   16   46   38   87   73   44   50    2   17   36   62   32   90   43    7   67   14   59   61   11   35    6   78   77   76   48   72   51   85    5   95   60   10   18   33   15   20   65   49   29   69   24   42   55   54   56   57   64   26    1   19   86   81   45   94   39   68    4   63   93   25   41   21   75   80    3  
  32   74   78   22   49   83   63   21   60   17   23   30   57   35   87   76   44   34   59   90   92    5   46   31   72   82    9   29   56   89    8   10   94    6   91   58   39   75   33   47   43   81   13   95   71   65    4   24   27   84   79   52    7   96   62   73   66   18   53   25    2   16   37   42   15   48   45    1   68   55   11   70   40   26   14   41   77    3   86   28   88   19   82   38   50   64   93   67   97   59   69   20   54   61   85   51   12   36   80   45  
  19   53   56    1   11    7   57   47   28   75   60   80   21   18   79   63   36   43   95   30   96   61   44   48   89   35   15   81   12   59   24   27   69   58   70   34   40   49   85   91   90   33   68   77   74   17   37   78   88    5   93   73    4   25   76   97   13   83   52    6   50   26   14   62   92   41   16   55   20   41   10   54   84   29    3   32   87   82   71   54    9   65   31    2   66   72   42   67   38   39   86   45   94   46   94    8   22   51   23   64  
  77   19   81   48   41   71   17   92   63   23   59   47   66   60   45   21   32   34   43    4   15   88   11   82   94    3   73   21   18   89   69   26   29   53   25   58    5   36   27   78   16   39   51   85   68    8   62   64   80   90   38   93   31   86   10   76   67   44   14   52   13   83   76   28   91   46   84   12   55   50   79    6   20   40   33   42   66    1   49   54   96   57   97   65   37   61   35    7   56    9   30   70   72   74   95   22   87    2   24   75  
  44   30    3   83   85   43   36   91   89   61   33   94   17   86   22   73   35   11   42   61   70   21   45   55   84    5   40   39   74   66   41   80   54    4   34   50   59    1   79   92   37   20   28   47   15   48   78   90   63   72   47   62   19   29   67   56   26   57   65   71   24   46   14    2   12    6   31   13   32   76   58   27   25    8   23    7   75   16   68   18   52   49   51   87   93   96   95   69   77   10   81   64   53   60   88    9   97   38   79   82  
   6   17   64   45   73   25   55   36   91   55   26   53   41   90   57    8   79   69   56   68   20    2   70   27   11   16   13   31    9   71   33   50   34   97   32   87   83   28   92   52   47   35   89   24   66   74   38   37   54   94   80   88    1   12   49   15   43   14   81    7   63   23   10   62   61   40   95   67    5   93   38   75   18   29   84    3   22   58   51   85   75   30   42   82   65    4   44   78   77   76   60   96   86   19   72   59   48   46   39   21  
  25   26   50   83   57   49    1   34   97   88   28    8   45   20   87   43   47    5   59   66   85    4   74   10   51    6   54   38   52   13   92   19   44   23   81   89   73   70   36   86   71   53   77   22   69   27   91   37    2   72   18   60   63   78   42   67   30   65   79   24   48   90   96   62    9    3   11   40   12   17   33   39   31   80   64   16   95   93   61   75   82   35   32   46   82   94   14   41   21   84   29   55   68    9   58   97   15    7   56   76  
  58   65    7   33   76   55    6   68   84   43   78   18   16   22   61   34   12   88   11   29   45   40   28   86   66    5   41    4   94   71   56   75   46   30   80    8   72   14    3   48   42   82   92   20   93   77   90   63   17   51   59   89   19   85   81   35   53   25   47   27   52   96   87   73    9   54   15   79   21   83   24   44   69   62   13   70   74   32    1    2   57   49    4   64   95   97   36   31   39   67   60   37   23   38   50   10   33   91   26   21  
   7   11   53   96   64   43   20   12   27   17   86   82   26   25    9   87   18   84   44   65   21   42   72   28   41   31   24   14   92   59   75   80   15   69   58   83   54   60   61   52   40   62   67   76   10   95   32   91    5   37   68   68   35   89    6   90   13   33   93   71   23   97   70   19   48   78    2   46   38   88   78   74   56    3   85    8   77   51   22   81   45   49   43   47   73   55   36   50   29   66   63   79   34   57    1   94    4   30   16   39  
  60   88   45   23   85   52   63   84   70   72    3    8   15   65   55   58   54   42   83   53   50   15   18   43   48   90   82    1    4    7   57   64   16   32   71   77   39   91   94   41   47   29   30   13   25   22   68   28   62   73   34   79   69   59   76    5   21   12   10   81   61   17   20    6   74   33   93   97   14   96   51   78   95   35   86   46   87   16   27   36   67   89   40   38    2   26   92    9   49   37   82   24   44   19   56   31   11   80   75   66  
   4   75   27   52   48   72    3   68   19    8   18   34   50   54   41   74   23   30   40   26   22   60   93   95   62   36   14   77   51   20   70   85   56   19   16   39   64   96   63   67   32   83   37   92    7   12    1   65   81   45   46   28   44   97   17   15   73   49   13   61   53   88   43   38    1   59   10   69   29   66   78   55    5   86    2   80   33   84   82   57   89    9   24   25   11   31   47   94   76   90   79   32   71   87   91   35   21    6   42   58  
   9   77   93   87   30   27    8   20   79   63   69   83   90   31   57   86   48   56   73   28   52   26   43   21   16   64   91   38   70   32   49   89   55   92   29   12   42    5   13    3   39   78   96   17   23   72   10   33   61   95   22   68   85   34   36   53   60   54   88   71   15   67   51   18   46    4   97   82   76   94   19   84    1    9   25   14   74   37   81   80   35   75    6   50   45    2   78   44   40   62   65   24   59   47   65   58   11    7   66   41  
  49   20   43   44   67   23   65   72   71   47   57   62    9    3   64    4   91   78   37   54   82   33    2   89   75   51   38    5   83   45   95    6   22   31   80    1   93    8   79   42   17   41   69   90   45   76   86   16   21   77   68   96   19   26   88   97   66   40   32   55    2   18   61   70   85   73   63   59   39   87   50   30   52   56   36   53   74   15   84   11   10   94   14   27   46   58   92   25   28   60   35   48    7   34   43   24   12   81   29   13  
  80   48   94   56   53   91   36   60   75   26   33   85   62   44   55   69   81    8   83   41   49   68   59   95    2   38   13    4    7   40   54   18   21   17   58   39   20   19   25   42   12   64   11   82   52   45   37   67   72   96   63    5   90   65   57   16   71   74   43   65   10   87   61   86   76   93   92   15   49   78   73    9   28   66   51   35   50   79   22   79   29   97   14   27    3   77   24   84   70   23   32    1    6   89   46   34   30   31   88   47  
  65   80   32   59   57   79   95    7    4   94   72    8   38   90   58   97   93   48   54   67   53   41    6   50   82   81   52   83   45   39   69   33    1   10   46   87    9   64   43   62   34   78   44   25   15   35   18   22   75   76   24   74    5   12    2   37   31   40   14   30   29   20   68   88   60   85   65   91   23   86   49    3   71   56   44   63   96   27   16   26   89   13   92   28   61   17   19   11   70   73   51   66   49   77   36   47   42   55   84   21  
  44   87   33   42   16   84    9   14   66   88   45   57   39   82   31   10    1   54   92   43   21   25   24   29    6   63   75   36   55   23   34   51   95   52   85   80   89   83   46   67   30   69    4    2   59   35   74   18   96   26   94   19   22    3   93   61   48   27   68   81   50   11   32   37   86   12   56   79   28   13   29   88   72   71   40   62   20   64   58   49   78   60    7    5   38   97   47   77    8   25   73   41   76   53   90   91   15   17   65   70  
  65   51   35   31    5   91    6   59   12   66   22   53   86   80   83    2   63    1   17   50   43   46   54   10   73   88    3   11   94   72   82   14   41   62    9   60   81   28   15   18   33   75   74   97   55   24   13   20   32   85   45   30   37   47   34    8   18   42   96   70   44   69   21   38   56   25   49   27   16   82   48   23   89   68   95   87   84   76   78    7   93   64   79   36   40   19   26   58   92   90   61   29   77    4   14   52   39   71   67   57  
  62   92   14   40   28   63   41   76   85   50   33   44   11   53   16   34   29   82   22   23   37   66   79   38   95    5   94   35    4   52   90   61   72   88   57   51   65   12   49   59   96   75   68    7   54   45   86    1   74   89    3    9   19   80    6   58   15   47   25   39   83   18   64   43   10   48   67   53    8    2   55   71   26   73   17   87   77   27   13   81   60   36   93    4   30   46   21   74   24   78   32   84   70   56   31   69   97   20   42   91  
  51   44   42   69   31   70   20   80   17   55   40   21   45   70    2   29   37   47   58   52   15   88   94    9    3   92   81   68   34   72   87    4   32   19   95   78   56   83   27   85   62   79   89   86   14   12   65   38   24   93   30   67   76    5   46   59    6   26   73   41   43   71   57   49   49   28    1   18   77   60   36   13   66   22   75   11   44   33   64   53    7    8   23   97   39   74   61   96   82   10   16   25   63   54   35   84   90   48   50   91  
  34   93   59   34   68    9   73   81   36   32   27   87   40   95   56   23   31   48   16   94   91   88   78   44   89   39   72   30   29   12   96   24   10   71   52    4   67   82   14   97   77    7   80    5    8   28   65   49   75   62   41   29   21   33   18   45   46   86   79    6   63   61   11   55   54   57   19   74   66   49   64   85    1   53   37   69   13   25   22   20   90   50   43   38   26   60   17   58   84   92    2   51   70   15   76   42   47   83    3   35  
  93   28   17   13   82   24   63   23   89   97   69   59    8   61   57   64   66   76   54   18   94   26   81   44   75   39   37   86   91   22    5   55   49   85    6   67   27   58   46   30   33   80   25   79   62   73   42   52   12   70   71   84    2   72    1   43   15   77   25   78    9   83   10   51   90   38   74   48   20   29    4   21   88    7   56   36   19   34   87   68   11   96   32   50   76   16   60   14   47   92   65    3   31   45   53   35   36   40   95   41  
  77   91   72   45   15   63   86   44   74    3   54   11   80   37    2   89    7   97   67   62   21   21   76   61   40   30   25   43   92   83    8   51   69   64   75   34   90   66   42   28   46   17   68   38   70   35   18   83   32    5   41   55   56   29   31   93   82   33   48   71   87   94   81   24   27   78   13   50   58   96   19   53   52   49   22   16   79   26    1   57   14   36    9   73   12   84    4   95   23   60   39   59   65   24   85   47    6   88   10   20  
   4   39   58   28   45   52   49   70   63   10   33   27    1   72   90   73   77   92   34   61    3   55   57   81   67   47    9   97   96   20   14   46   40   15   79   32   71    6   42   87   83   84   43   37   26   80   94    7   31   59   89   64   88   68   53    8   60   56   85   48   12   82   69   50   44   51   41   23   93   78   68   17   73   74    2   54   66   75   65   91   19   95   38    5   62   29   36   13   24   11   47   18   21   22   30   35   86   76   25   16  
  79   45    3   92   90   73   16   86    7   75   47    8   23   77   67   40   53   74   36   17   84   89   31   34   70    4   41   63   96   35   72   12   85   10   69   65   42   91   37   62    9    1   56   78   30   14   15   24   88   49   28   25   57   11   55   64   20   54   60   27   13   97   61   44   51   16   32   33   21   18   52   83   59   81   82   26   68    9   71   39   38    2    5   29   95   46   19   94    6   76   58   88   80   22   50   66   93   87   48   43  
   2   47    8   87   89   45   38   86   29   92   68   52   70   11   18    7   74   67   69   51   56   19   39    1   66   50    3   16   20   95   79   55   90   97   25   10   17   48    6   71   63   88   91   58   85   60   30   76   73   34   82   81   32   61   26   15   64   77   40   80    5   28   22   46   37   45   31   75   43   57   41   62   84   36   78   24   59   35   23   42   94   12    4   65   13   72    9   70    9   96   44   14   53   49   33   21   54   93   83   27  
  58   51    9   67   70   79   15   17   92   94   62   25   95   38   27   44   53   48   93   88   97   29    3   69   64   83   19   39   11   59   91   89   50    2   54    1   39   34   36   68   46   30   66   26   76   22   41   33   40   81   80   13   85   20   60   16   90   62   12   14   42   49   73   56    5   24   43   57   37   31   71   74   62   72   21   61   96   84   78    4   23    7   63   28   55   77    8   82   75   18    6   35   45   32   47   86   65   87   10   52  
  86   90   69   60   87   61   80   23   35   44   39   83   68   59   76   63   21    3   43   26   28   14   93   38   85    7   24   22   57   97   48   14   42   96   15   70   87   62   32   65   71    5   45   84   41   36    9   88   52   78   64   37   77   47   66   72   12   13   18   10   20   74   30   49   17   33   58   82   54   75   81   91    2   89   19   55   25    1    8   16   94   53   79   67   51   56   73    4   29   34   40   50   70   46   95   31   11    6   27   92  
  22    7   37   46   89   58   65   29    8   42   27   25   90   91   54   20   57   80   16   31    2   87   93   18   24    9   51   21   69   45   60   44    6   75   97   71   63   82   43   59    1   14   72   70   34   64   36   48   15   47   41   73   33   66   67   94   95   13   26   49   52   62   32   77    5   86   39   92   85   11   88   17   84   40   96   49   12   30   19   74   35   56   76   44   83   78   23    4    3   53   81   38   10   50   79   28   61   66   55   68  
  41   82    2   65   97   15   32   28   62   49   22   45    8    7   47   17   18   21   83   66   87   73   74   26   90   36   78   60   68   23   12   29   70   25   55   38   19   20   37   94   33   58   69   10   64    1   77   42   30   16    9   81   13   72   71   84   34   67   48   40   91   95   57   96   46    4   52   61   47   86   50   39   43   59   89   27   93   53   35   14   75   79   76   11    3   63   88    5   54   44   77   92   44   80   31   85   51   24    6   56  
  89   22   17   90   21   51   59   45   97   91   74   55   66    5   72   85   50   13   15   16   41    1   54   80   70   10   49   43   53   62   69    6   82   12   96   93   85   38   95   57    9   20   11   56   32   19   81   78   63   84   42   34   65   73   24    8    2   14   94   83   44   87   88   23   39   48   18   76   40   71    3   26   61   12   37   79   68    4   92   46   66   25   47   60   29   31   33   30   28    7   75   77   35   58   64   67   86   36   27   52  
  80   71   21   67   44   92   84   70   32   51   55   40   95   12   75    5   81   10   16   90   42   82   11   31   20   27   22   60   77    8   17   49   74    6   38   85   30   89   66   56   26   57   65   14   61   88   19   60    9   64   33   87   84   25   69   57   39    7   54   62   53    4   96   97   41   78   46    3   24   28   34    2   94   73   52   76   13   58   91   15   43   68   50   29   79   59    1   86   93   45   36   18   35   72   47   63   48   23   37   83  
  79   16   83   89   14   77   15   84   90   25   62   17   37   49    2    7   81   73   38   56   11   86   95   44   75   31   32    6   34   28   39   72   92   71   19   48   65   61    8   76    9   69   18   36   97   52   30   80   22   68   13    4    1   66   24   94   42   26   82   84   21   93   78   96   20   29   74   12   27   70   54   43   51   45   85    5   57   55   91   63   62   10   46   88   12   59   40   50   47   41   53   35   33    3   67   87   58   60   64   23  
  43   42   38   81   66    5   78   62   17   73   60   95   69   58   35   57   26   64   12    4   10   82    1   40   54   76   84   19   41   24    8   52   89   76   83   21   22   86   63    3   11   80   96   13   31   97   15   59   49   68   67   77   51   32   23   78   14    6   91   71   44    7   70    9   87   45   90   47   50   53   27   37   65   29   85   92   93   25   30   33   88   46   74   36   51   34   48   18   72   16   55   75   20   56   94   39   61   79    2   28  
  45   13   39   72   36   48   28   24   19   31   59   26   17   72   94   42   27    7    9   21   22   67   69   49   53   29   60   73   20   46   51   76   80   87   52   25   88   84   14   91   75   16   78   12   71   56    5   89    1    6   83   68   47   18   85   82   93   90   65   57   11   66   97   38   63   58   63   86   79   55   92    3   10   14   77   50   41   32   96   95   40   43   54   30   15   35    4   33    2   37   74   62   34   44   64    8   70   23   81   61  
  93   43   35   31   80   95   42   52   58   82   57   40   88   16   64   84   96   15   27   17   14   61   53   78   56   76   77   66   33   69   94   45   71   24   70   26   12   57    4   10   51   65   19   74   72   49   32   28   20    5    7   39   68   38   11   59   47   67   22    8   91   75   35   86   18   83   34   73    3   60   89   46   16   29    1   55   13   23   30   25    6   62   92   36   81    2   63   48   90   21   41   50   37    9   85   44   97   87   79   54  
  96   90   21   58   42   83   41   26   86   44   70   78   64   31   62   13   36   85   24   18   38   82   76   27   40    6   74   28   61   34   77   47   48   95   23   25   66   73   11   87   59   17   89   71   39   22   88   55    4   57   65   97   30   14   68   35   37   19   97   80   45   87   46   93    8   20   94   10   29   51   54   92    2   49   53   12   67   72   32   75   60   50   33    3    7    9   79   20   56   16   43   81   63   15    5   52   91   84    1   69  
  77   67   69   80   15    1   39   60   26    8   22   68   43   23   28   67    7   50   11   71   93    2   52   81   18   51    5   41   31   54   33   97   73   45   64   92   25   83   38   44   57   72   46   42   20   62   86   84   14   70    3   53   79   75   21   27   32   47   56   91    2   76   29   13   74   78   82    9   12   55   19   87   59   49   58   66   63   61    6   27   65   24   36   30   16   48   40   10   17    4   37   35   34   94   85   95   90   96   89   88  
  52   45   14    8   71   58   23    6   83   49   79    2   77    1   26   75   22   50   12   70   69   27   95   64   18   65   60   11   28   32   43   24   84   16   13   33   39   41   15   85   51   81    5   93   62   82   46   53   37   54   38   24   34   91   86   76   88   55   72    9   86   68   30   59   78   96   80   56   63   44   21   71   19   17    3   61   94   36   47   74    7   73   87   89   20   40   97   42   92   10   31   29   90   66   67   57    4   25   35   48  
  93    9   87   95   68   70   26   24   46   16   57    4   23   86   71   67    6   79    2   49   53   78   13   33   29   37   91   28   34   58   51   62   25   96   48   90   43   82   63   75   61   27   76   65   74   83   39   77   47   84   88   19   73   38   41   10   85   44   69   81    1   28   14   50   94    5   45   72   60   31   12   15   56   52   71   40   59   17   22   97   32   11   64   89   30   36   20   92   35   42   80    6   21    8   55    7   18   66    3   54  
  60   22   24   87   74   37   93    2   46   41   42   26    6   30   97   85   72   19    5   67   17   44   82   33   83   88   20   47   92   73   50   10   34   54   27   18   78   95   45   75   76   48    3   91   55   84   94   43    4   79   32   15   61   31   36   21    9   12   77   11   29   16   14   51   62   68   27   46   56   40   35   13   25   86   80   23   69   63   38   59   58   52   57   49   64   53   65    7   71   96   39    8   89   66   73    1   81   70   90   28  
   4   79   61   21   64   67   85   90    8   47   39   86   48   24   77   96   10   32   37   27   71   91   82   92   76   13   46   68   26   14    5   28   17   36   45   50   74   20   43   31   69   11   12   40   42   97    7   29   65   73   56   34   38   54   95   49   88   57   84   81   63   35   66   80   93   72   16   78   60   59   25   53   18   55    3   52   62   19   51   30   89   75   15    6   22    2   58   94   41   79   24   83   33   44   23   87    9    1   70   79  
  31   52    4   15   78    5   14   28   54   73    1   88   93   83   35   86   68   27   20   56   79   75   37   57   94   53   69   24   64   58   55   76   25   29   84   71   50   34   10    7   49   43   97   51    8   45   65    3   40   48   41   89   85   32   47   63   36   60   81   44   67   11   38   27    6    2   21   77   31   16   59   61   80   62   90   87   12   46   70   96   74   13   39   22   72   33   18   23   66   95   30   26   42   19   73   92    9   17   91   82  
  48   50   75    1   69   74   78   80   11   49   47   30    2   52   32   44   23    3   45   17   70   24    4   82   39   63   41   55   21   73   56   83   71   27   22    8   76   31   18   61   37   81   10   94   20   88   40   67   95   85   53   86   77   97   42   66   96   62    7    6   59   79   87   26    9   36   91   57   89   16   68   10   90   63   65   15   34   72   33   28   12    5   19   64   29   14   13   93   46   92    5   43   38   60   54   84   25   58   51   35  
  83   85   42   76   50    2   48   78   14   19   90   96   67   45   37   39   70   38   59   62   63   92   55   26   95    9   12   66   22   61   47   64   28   94   75   10   77   23   84   65   31   72   60   24    1   16   34   25   18   97   21    8   79   56   32    3   87   69   33   73   93   17   59   86   53   51   71   15   20   80    6   89   27   57   43   81   41   44   96   54   29   68   13   35   11    7   49   58   30    5   46   88   86   82   36   74    4   52   40   91  
  24   25   33    9    2   87   58   48   70    8   96   65   79    4   14   49   45   35   68   21   82   11   83   34   89   62   31   76   74   63   15   39   50   88   69   75   20   73   51   71   16   26   61   85   22   43   19   17   53   92   77   97   93   52   13   59   46   44   32    6   72   91   36   95   13   90   60   55   30   54   84   29   81   28   42   15   38    5   57   56   41   27    3    7   10   18   12   66   86   23   78   40   47   67   94   37   64   96    1   80  
  19   81   30   93   68    2   70   33   38   56   59    1   11   34   38   75   14   49   56   88   62   17   21   76   89   91   82   53    6   31   12   51   64   32   65   39   28   74   23    3   83   22   95   50   27   90   47   24   43   40   78   84   29   42   18   44   73   15   92   58   54   77   79   63   85   20   26   41   66    8   16   87   60   45   96    5   86   48   46   94   35    7   13   72   69   37   55   61   80   97   67   36   52    9   10   57    4   71   44   25  
  74   75   84    4   23   89   33   16   60   54   37   87   88   44   79   93   71   94   78   18   22   25   37    9   42   55   51   77   52   41   90   95    7   96   73   49   50   12   46   66   61   53   80   15   32   29    5   40   43   86   10   24   64   47   81   13   27   35   83   68    6    2   38   69   17    1   76   19   59    8    3   92   21   20   56   67   48   16   26   45   92   70   58   62   63   30   85   31   65   39   72   82   11   36   34   28   91   14   57   97  
  36   72   12   13   94   25   20   56   26    5   63   22   27   35   58   89   33   67   71   40   55   81   29   76   57   53   18    4    9    7   92    3   88   47   14   45   64   70   43   31   54   37   49   30   50   83   10   39   44   11   19   12   85   48   87   77   51   84   42   78   97   62   17   59   15   24   34   75   82   66   38   23   46   95   65   52   41   11   61   96   68   93    8   21   28   16   53   80   74    2   32   79   91   86   69    6   60   73    1   90  
   4   22   32   79   60   54   94   18   21   47   95   16   68   42   71   27   93   88   78   70   62   13    2   15   36   39   70   14   89    7   96   97   51    1   74    5   20   77   91   59   75   19   84   31   76   92   64    6   50   85   80   30   63   10   23    3   12   24   26   25   53   57   52   28   49   35   56   72   33   73    9   65   11   58   81    8    5   82   67   38   43   87   45   83   48   37   69   61   55   41   40   66   46   86   68   29   44   17   34   90  
  20   96   58   54   74   75   37    6   73    9   45   24   91   92   13   35   72   23   44   28   71   82   38   63   53   59   89    5   34   65   25   55   36   14    2   84   96   47   64   46   81   33   85   15   52   93   87   32   24   21   16   40   66   76   29   56    8   94   31   43   41   10   49   48   86   90    1   88   19   51   39   26   27   68   42   80    7   60   61   70   97   12   79    4   67   77   17    3   62   30   22   57   83   18   78   11   50   95    8   69  
  74   71   14   29   64   87   24    7   10   15   19   41   76   37   73   97    3   22   11   56   35   42   72   34   30   50   38    5   58   85   59   93   52   25   39   86   96   69   63   91   94   77   51    1   57   78   45   17    2   27   92   70    7   95   26   54   61   12    6   47   55   65    9   36   83   44   60   75   89   66   87   84   18   20   40   88   67   16   81   53   90   13   68   28   79   21   80    8   46   32    4   33   23   82   25   43   48   62   31   49  
  44   39   93   12    2   40   29   57   18   74   68   27   63   10   89   56   67   34   51   85    9   23   24   71   49   65   46   97   13   50   16   20   73   45   43   32   25   62    4   54   21   52   79   94   42   30   92   76   41   64   50   91   78   17   22    8    1   95   75    6   51   47   48   35   36   61   70   10   53   26   81   28    5   19   82   11   60   80   31   84   90   72   14   87    3   88   37   77   66   59   58   15   38   86    7   69   96   33   83   55  
   4   31   86   14    7   34   55   64   78   72   75   76   30   16   47   84   10   59   82   53   45   61   93    5   89   43   66   27   18   42   40   11   25   38   39   95   69   77   29   68   96   20   32   33   92   57   50   24    6    3   35   12    9   21   11   15   88   49   54   70   13   97   23   28   26   62   36   94    2   37   73   41   51   60    8   85    1   44   87   52   56   81   80   71   74   79   46   65   19   35   83   48   58   63   67   90   22   76   17   91  
  24   93   43    3   59   58   80   71    7   34   63   76   62   90   19   91   72   27   74   83   35   56   40   85   14   77   29   50   22   49   96   44   47   75   82   17   21   68    2   94   88    9   46   66   23   36   69   79   20   45   70   39   89   21   48   67   57   36   16   24   15   41   87   61   86    5   30   38   54   11   13   10   73   64   42   92   81   32   33   60    4   12    1   53    6   78   26   51   28   84   52   18   55    8   95   25   65   97   31   37  
  47   30   29   81   80   86   67   24   71    7   63   15    5   22   33   54   97    4   62   28   64   92   25   75   19   70   35   79   91   69    8   82   80   49   95   66   44   17   93   50   51   34   13   72   90   88   60   94   45   89   41   43   12    1   23   16   21   11   61   37   57   77   74   96   32   83   35   53   26   59   38   55   27   18   87   84   48   40    2   73   65   46   58   76   31    3    9   36   42   78    6   68   52   39   10   85   16   14   20   56  
  24   58   33   69   55   73    6    9   43   75   65   22   49   89   46   17   67   77   93   57   44   10   70   51   71    4    8   15   40   83   76    5   37    1    7   59   85   82    2   68   53   81   61   36   14   90   60    4   28   45   52   19   74   35   42   30   97   80   86   41   79   13   38   44   91   29   47   16   34   94   39   21   66   72   78   48   25   50   88   84   31   56   18   63   87   32   64   95   12   27   92   20    3   62   96   11   23   77   54   26  
  39   30    2   80   69   44   62   96   91   87   81   83   10   43   28   49   21   37    7   67   75   74   11   94   54   50   93    5   52   79    1   82   88   12   55   85   58    3   48   63   34   32   56    4   29   35   51   14   86   97   21   15   59   17    6   24    8   41   47   40    6   60   16   66   23   53   70   84   42   27   20   76   73   95   26   31   25   77   18   19   36   57   33   38   22   78   71   64   61   46    9   90   65   96   89   92   72   45   13   68  
  84   73   57   18   56   57   32   86   41   10   23   87   69   22   11   43   29    7   26   47   78   60   27   96   55   71   16   93   90    6   92   37   30   44   94   89   50    1   64   31   63   83   53   82   28   39   46   65   92   35   85   27   19   38   75    5   95   62   79   70   33   25   74   67   34   20    3   21   45   66   61   81   42   12   54   40   72   17    9   15   97   51   88   58    4   52   77   48   91   24    8   68   49   80   13   59   76   36   14    2  
  42   96   73   77   62   66    5    4    7   50   72   13   60    8   47   68   47   27   91   51   65   52    6   39   70   12   84   61   14   78    9   97   19   86   69   56   55   44   48   18    1   20   85   26   37   16   87   37   40   38   90   17   29   54   82   80   25   15   64   71   92   28   49   67   35   23   83   21   34   57   32   74   11   94   79   88    2   31   46   24   53   76   81   22   59   43   33   45   89   95   30   84   63   41   58   75   10   36   93    3  
  12   84    6   15   63   34   93   41   56   42   80   10   24   67   18   32   61   64   74   50   45   36    7   22   73    4   78    2   48   88   77   21   57   45   89   55   49   23   95   59   39   37   29    1   14   69   11   96   40   62   33   75   25   15   30   86   68   53    8   91   31   31   70   94   87    3   16   71   92   65   76   28   82   13   81   27   44   66   43   46   60   19   79   47   58   20   51   38   85   54   52   17    5   72   83   97   35    9   90   26  ] 
BUDGETS : [    1    2    7   12   14   15   15   18   19   22   23   24   24   28   28   32   32   32   33   35   36   36   38   39   42   47   48   49   51   51   54   56   60   61   61   63   65   69   72   75   79   81   82   82   83   85   87   90   96  100  105  106  109  111  114  118  121  123  124  125  126  127  128  130  134  135  142  142  143  143  144  147  149  149  149  150  153  155  160  164  165  172  173  177  177  179  181  181  181  184  189  189  190  191  192  192  193  193  196  199  ] 
