K : 100
I : 50
PREFERENCES : [   47   28   11   43   44   21   15   30   38   40    5   12   36    9   17   39   13   16   45   24   37    7   23   18   11   27    3   14   41    4    2   28   35   10   33    5    1   26   25    8   42    6   34   29   31   19   22   32   46   20  
  33   20   27   40    9    2   28   34   21   17   31   15   32   13   11    4   39   29   47    3   24   30   23   43    7   16   10    4   34   25    5   37   14   46   40   22   45    8   35   41    6   19   42   44   18   26   38   36    1   12  
  30   12   21    9   25   31   34   38   20    7    2   10   14   24    8   13   16   41   45    3   22    6   37   18   42   11    6   27   46   47    1   28   32   39   33   44   19   16   35   32   29   40   26   23    5   43   17   36    4   15  
   7   30   10   29   42    9   19    5    8    6   47   43   39   33   13   37   47   19   20   28   21   35   17    4   18   37   44   14   23   41   15   25   31   40   24   38   16    1   36   12   26   46   34   45   22    2    3   32   27   11  
  16   15   47   32   27   39   37   22   17    7   20   29   30   12   23   41   42   28   21   10    3    9   29   24   38    5    6   26   40   45   25    2   46    1    4   36   31   13   11   44   18   35   10   34   29   43   14   33   19    8  
  14    5   35   11    6   46    4   43   34   26   45   42   47   38    1   23   32    8   39   40   41   30   28   16   31   36   29    7   24   27   15    3   10   25   37   37   12   20   17   18    2    5   19    9   44   13   22   42   21   33  
  19   40   33   32   37   16   39   45   21   46    1   22   45   38   41   14   47   27   26   24   36    8   47   15   13    3   31   23   35   42   10   27   17    6    4    2   20   18   25    9   30    5    7   11   12   28   43   29   44   34  
  10   47   12   19   41   12   14   31   30   42   13    5   24   17   15   26   32   22   39   11   28   35   33   40   46   27   18    3   36   43   36    4   21   45   37   44    8   29   16    9   34    1   23    2   34   25   20    6    7   38  
  20   16   12    3   35   45   14   13    2   11    5   30    7   26   25   10   35    8   27    1   21   41   40   46   33   15   22   29   42   44   36    9   18    4   17   34   32   37   41   23   43   19   24   28    6   31   12   38   39   47  
  43   46   39   41   14   29    3    6   34    4    5   30   44   45   32   22   23   28   26   38   24   15   37   35   19   13   10   33   38   18    9   11   17   28    7   27   28   16    2   12    8   47   40    1   31   25   36   20   21   42  
  29    2   17   36   11   37   45   32   10   16   21   33   20   42   41   35    3   24    9   31   18   28   19    4   46   25   23   39   47    1   34    7   44   40   14   22   13    2   12    6   33   15   27   43   30   38    8    5   26   21  
  45   29   44   35   38   24   16    9   41    9   13   17   28   14   37   23   30   15   20   36    2   11    5    1    6   34    8   26    3   32    7    4   25   47   33   39   46   28   43   22   27   12   19   42   21   18   40   31   10    5  
  24   32   46    8   15    3   12   42   34   38   30   44   40   42   36   23   26    7   18    5    9   14    4    2   31   47   10   20   17   16   33   29   35   43   16   45   22   39   28   27   13   25   37   19   36   11   21    6    1   41  
  43   38   34   36   45   40   14   41   20   25   37    7   33   42   24   16    8   23   12   11   17   18   28    3   27   46   27    4   31   29    2   30   25   10   22   26   32   15   47   35   39    5   44   13    9    6    1    1   21   19  
  12   32   25   15   40   13    3    5   42    1    4    6   47   18   46   43   17    2   34   24   20   23   43    8   19   36   15   31   14   29   16   39   45   26   10   35   41    7   13   27    9   44   21   33   30   37   22   11   28   38  
  40   45   19   43   46    4    8   21   13   17   44   25   37   42   10   22   33   27   12    1    9    3   23   20   24    5   38   11    6   47   26   41    7   34    2   36   15   29   21   16   24   39   18   32   35   34   14   28   30   31  
  32   44   29   19   30   14    6    4   24   12   28   46   43   11    7   15   33   42   25   27   17   40   37   16   43    8   39   47   38   22   18   34   26   10    3   13   31   35   41    6   36   45    1    5    2   21   33   20   23    9  
  26   41    4   23   32    5    9   25   31   14   20    6   31   17   11   19   16   36    3   42    8   39   30   22   44   18   24   45   27   43   28   21   46   13   21   47    1   38   29   34   40   12   35   15   37    7   33    8   10    2  
  20   40   26   42   45   31   18   27   29   24   28   30    5   10   44   22    7   21   32   39   37   35    9   16   15   23   35   25   38    4   13   12   36    3   14   43    6   46   10   17   24   34    2    1   41   33    8   19   11   47  
  31   29    8   36    5    7    3   34   27   11   12   20    4    9   35   26   13   39   18   24   30   45   21   46   11   42   41    6   44   40   19    5   17   10   28   43    2   34   14   22   15   23   16   32   25    1   38   33   47   37  
  35   44    4    6   47   38    1   28   18   46   39   21   43   42   19   10   33   15    2    9    6   31   37   17    8   45   12    7   22   11   24   16   25   41   34    5   13   14   40    3   10   30   29   20   14   32   27   36   26   23  
  42   42    5   22    5    6   30   19    8   27    7   12   16    4   40   39   43   20   14   46   17   18   44   37   13   45   23   11   29   33   34   28   25   24   36    3   38   41   31   47    9   15    2   35   21    1   13   32   10   26  
  47   37   43   11   34   19   28   10   21   41   20    4   25   16   23    2   39   11   17   35   26   33   24   33    6    3   31   45   36   13   42   15   32   14    1   40   38   22    7   30   27   44   18   46   37   29    9    8    5   12  
  20   11    8   30   36    9    3   45   35   43   37   25   38   39   42    7   35   44   23    2   17    1   13    6   26   21   24   34   10   31   22   14   28   16   12   19   40   16   41   46   47   33   32   18   19    4   27    5   15   29  
  31    1    6   42   23   37   45   30   18   38   10   41   17   39    7    5   24   47   13    8   36   28   33   12    2   25   44    9   32   22   19    9   29   27   34   46   14   15    4   21   40   20    7   11   16   20   35   43   26    3  
  28   19    7   31    1   10    5    8   20   11   36   14   39   17   18   32   43   38   30    6   47   26   29    9   41   33   13   13   10   22   46   16    2   23   12   42   44   45    3   25   35   21   40   27    4   26   24   37   15   34  
  33   46    8   13   41    4    7   18    1   17   27   14   21    5   24   34   30   43   37   20   11   32   15   22    6    3   39    9   26    7   44   45   19   36   31   38   47   35   23   42   10   25   30   16    2    1   12   40   28   29  
  22   18   42   34   13   11   17   44   12   29   27   25   17    7   43    1   38   36   45   28   10    5   24   40   46   39   32   38    4   20   37   19   42    3    9   26   21   31   23   41    6    2    8   16   15   47   35   33   14   30  
  41   34    3   33    9   16   45   13   30    2   29   14   20   32   27   17   37   42   22    8   21   43   38    5   39   31   46   11    4   19    6   10   26   28   15   21   35   47   36   25   44   18    7   40    1   33   12   39   24   23  
   6   41   47   30   26   24   40   34   29   15   12    7   27   46   36   38   44    2   23   25   37    5   22    1   18   10   20   23   32   19    8   15   21   33   43   28   42    3    4   17   13   45    9   39   44   14   11   16   31   35  
  43   11   26   39    6   16   25   19    1   24    5   31   33   28   17   24   45   21   23   34    4   10   46   13   35   27   47   12    2   40    8    7   18   15   28   37    3   44   36   41   29   20   30   22   32   42   14   38   41    9  
  40   29   43   11   14   35    6   31   34   42   18    2   12    9   33   39   46   36   44   24   20   16    1   17   32   41    8   18   18   10   22   19    5   13   45   23   38   28   37   34   26   30   21   15    3    4   47   25   27    7  
  46   35   34   38    9   44   37   28   23    2   27   23   43   42    6   21   20   26   31    3   19   41   13   30   15    5   29   24   41    8    1   32   45   11   39   33   16   14   40   47   36   25   10    7   18    4   22   27   12   17  
   6   14    1   38   47   45   26   25   35   19   18   22    9    8   43   16   15   34   21   11   33   17   24   44   37   10   22   42   15   29   41   27   31    2    7   32   13   23   46   30   22    3    4   36   28   40    5   39   12   20  
  38   33   47   42   32   39   24   12    8    6   36    7   41   45   26   14   36   10   18   19   32   31   37   43   21   22   46    1   16    4    9   44    5   35   11   29   27    4   20   23   40   15   17    3   30    2   13   28   34   25  
  26   40   28   21   46   10   45    9   15   41   44   11   12   41   27   33   39   38   22   18    7   23   25   14   24    9   37   32    5   16   47   35    1   31   30   29   43    4   36    8   17    3   42   13   20   34    2   14   19    6  
   9   47   17   39   14    7    5    2    4    3   46    1   28   23   45   11   32   33   37   43    6   27   42   15   10   18   24   33   44    8   40   13   12   19   41   20   16   46   35   31   34   36   22   20   30   38   21   25   26   29  
   6    1   35   28   43   24   36   29   16   11   13   31   15    2   40   21   10    4   27   39   33   25   30    5   14   46   38   41   32   47   34   26   14   21    7   20    3   17    9   18   19   15   12   22   44    8   42   45   37   23  
  25   27   45    8   42   12   11   32   39   10   43   33   27   47   23   40   41   14    3   46    7    6    5   37   20    9    1   15   31   24   44    2    4    6   22   19   38   29   26   36   35   21   16   30   13   18   28    3   34   17  
   7   38   25    5   10   43   14   32   20   31   28   27   47   37    2   22   16   12   36   29   40   11   19   26   46    9   24   24   41    4   33   23   21   34   39    6   42   42   45    3   35   25    8   30   17   13   44    1   18   15  
   2   31   23    7   44   30   37    1   13   40   21   38   19   39    8   20   27   15    4    5   46   24   26   42   14   25    6   10   45    9   11   18   41   47   43   35   17   28   36   29   20   16   22   32    3   12   34   13   33    3  
  10   17    6   32   43   21   25   34   44   38   13   29   46    5   35   22    1   28   23   27   31    7   20    2   26   33   12    4   37    9   34   19   24   47   16   15    3   42   41   29   30   27   11   45   36   39   40    8   18   14  
  47   21   35   36    6   46   37    6   11   20    7   12   18   32    4   26    3    1   41   19   28   17   30    8   22    2   39   40    9   15   13   25   10   34   24   29   14   33   42   27   30   23   31   32   45   38   16    5   43   44  
  11    8   19   44   41   13   30   43   25   46   35   13   21   36   15   29   31   23   45   24   28   39    1    9    6    3   37   22   47   20    5   27   32   40   17   38   18   34   42   10    2    7   33   38   12   16   14    4    6   26  
   9   43   17   34   29   27   47    3   33   44   12   41    7    5   36   46   10   31   39   13   22   11   25   16   35   30   19   37   20   18    1   45   26   32   21    5   28    6   24    8   33   38   42   23   14    4   26   15   40    2  
  18   31   44   43   17   16   19   21    4    3   36   47   24   31   28    8   38   13   29   27   39    9   33   15   25   23   35   46   22   14   40   34   42   10   26   11   20   30   45   12    5   32   11    1    2    6   17   41   37    7  
  39   19   46   14   20    4   47   26   18   21   43   24   13    6   17   23    5   10   33    3    8   29   36   44    1   38   34   15    8    7   16   41   45   22   35   28   25    9   32   27   11   14   37   42   12   30   40    5   31    2  
  47   15   19   12   42   10   30   11   29   46   19   22    1   41   35   37    3    6   26   43   31   25   36   17    9   14    5   44    8   27   28   13   32   40    7   46   21   39    2   23    2   45   18   20    4   34   33   16   24   38  
   4   22   31   45   26    9   12   28   13   40   16    8   42   33   29   38   37   21   32   47    3    7   44   18   23   39   20    5   19   17   45   11    6   46    2   15   42    1   36   30   10   27   25   24   35   34   41   18   43   14  
  43   32   19    6   29    8   45   28   13   38   40   31   12   46    4    8    9   16   15   14   46   11   23   10   17   25   44   41    2   26    1   37   39    7   36   30   18   33    3    2   21    5   35   47   27   24   22   20   34   42  
  10    4   30   25   15   43    1    4    8   40   35   17    9   36   11   42    6   31   29   11   19   38   26    7   20   23   46   13   14   41   44   24   47   39   32   37   16   22   27   18   45   21    2    5   26   12    3   33   28   34  
  33   46   21   17   38   22   24   32   43   15   20   30   40   26   36    4   13   36   41   45    9   19    7   42   11   14   28   34   47    1    2    6   39   27   12   13   37   19   29   16    5   31   25   23   35    3    8   44   18   10  
   4   28   11   37   27   20    7    8    5    1    2   13   21   30   14   44   19   36   35   42   12   29   33    6   17   22   32   15   25   16   47   34   38    3   45   39   40   28   26   46   18   41   46    9   23   31   43    5   10   24  
  23   12   21   10   13    4   22   47   28   41   30   39   43    3   29   17    2    8   11   26    6   34   19   38    9   18   31   40   41   20   44   25   32   35   42   11   16   37   27   45   15    1   24   18   33    5   14   46   36    7  
  15    2   18   43   16   25   12   31   44   14   30   33    7    1   39   21   19   42   22    5   10   37   32    4   24   40   26   28   46   13   41    8   11   23    6    2   34   35   36   47    3   38   22   20   45   23   17    9   27   29  
  21    7    2   16   45   17    9   11   43   32   31   28   13   29   35   12    8   30   22    4    6   36   28   39   46   40   12   26   42   23   44   17    3   14   47   20   33   27    1    5   25   24   19   37   15   34   38   41   18   10  
  37   18   20   45   16   43   32   19   37   38   22   21   40   35   31   36   15   34   31   33    9   42   27    7   10    3   29   26   39   25    4   24    1    6   44    8   11   14   46   17   28   23   13   30   41    5   12    2   47   28  
  34   14   37   13    8    9   39   32    5   12    2   40   41   35   30   32   20   46   12   33   24   22   27   31    4   20   42   21   16   18    3   44   11   10   38   43   17   25   36   19    6   28   47   23   29   15   45    1   26    7  
  21    2    1   11    8   27   45   41   17   39   15    9   33   35   32    3   38   44   25    5   19   23   16   34   22   31   10   11   28   29   12   47   14   37    4    7   42   20   30   36   26    4   46   40    6   24   43   18    9   13  
  27   43   37   29   35   47   33   17   22   20   40   19    2   34   23   30    5   38   26   13   32   39   16   25    8    4   10   19   41    3    6   36   31   11   24   45   44   28   42   18   21   15   22    9   12   46   14   20    7    1  
   5   27   16   11   14   39   45   35   26   40    7   12   11   22   29    1   30   13   46   41   29    8   31   21   23    2   43   19    9    4   25   36   18   47   33    6   28   32   24   15   10   42   21   44    3   17   37   38   20   34  
  31   32   38   23   46   13   41    1    4   42   25   33   15   28    9   24   10   22   44   35   17   21   16   19   37    7    2   35    8   20   26   29   11   43   34   40   45   27   23    5   12    6   30   14   18   10    3   47   39   36  
  13   31   40   37   22    9   15   41   36   17   25   42   24    6    5   20   19   38   11   23   13   26   45   18   47   12   39   46   34    7    4   27   32   10   43    3   16   14    1    2   21   28   30    5    6   44   29   33    8   35  
   8   17   12   25   44    3   43   19    9   39   26   24   28    5   33   47   29    2   27   16   45   21   30   13   20   10   37   32   42    4    7    6   23   14   34   27   35   18   31   38   36    4   11   40   15    2   41    1   46   22  
   8   21   15   26   18   27   17    3   30   45   15   13    2   19   23   40   37   39   41   14   46   47   35   26    5   20    9   12   31   11   16   10   44   24   32    4   27   42   28   38   36   29    6   22    7   33   43   34   25    1  
  47   10   27   24   12   40   45   30   22    4   33   41   36   32   38   14    1   20   44    7    7   35   18   46    2   23    5    6   19   34   21   11   17   16    9   15   28   13   26    3   37   29   39   42   43   25    8   31   14    2  
  25    7    6   33   36   13    1   46   47   16   35   38   37   26   10   44   14   19   43    4    5   42    3   30   32   24   15   31   17    9   20   45   12   11   18   27   39   28   34   42   40   23    8   22   36   21   29    2   41   18  
  27   40   14   47   10    3   21   46   13    7   17   21   36    9   11   34    8   15   12   33   41   28   19   20   29   37   32    2   22   24   25   30   39    6    4   11   16   44   26   23   38   31    1   35   43   39   42   18   45    5  
  15   28   18   11    4    6   35   14   33   25   30   20   46   38   24    6   47   34   30    5   29   39   41   16   31    2    8   27    9   17   26   40   23   44    1   37   43    3   45   32   10    9   19   42    7   12   13   22   21   36  
  20   34   39   27   24    7    6   28   11    1    1   36   33   16   19   41   42   45   47   14   23   30    2   38    8    3   13   37   46   29   15   32   10   40   44   25   34   15   43    9    5   35   26   31   18   17    4   21   12   22  
   8   29   19   24   43   33   20   31   35    4   40   17   27   10    7   38   36   45   12   23   22   30   28   47    5   15    9   34    2   41   14   32    3    6   27   26   37   25   27   42   16   44   39   18   46   21    1   13   36   11  
   6   13   18   14   46    1   31   17    5   47    3   15   23   38   30   43   41   21   10   26   27   26   19   44    7   16   20   37   35    4   22   11   34    9   33    8    1   29   39   24   32   28   45   12   36    2   40   42   39   25  
   5    6   38   24   10   47   21   32   30   27    2   43    7   28   20   33   44   22   18   17    8   16   29   23    2    8   34   15   39   25   26   42   45    3    9   35   46   19    1    4   11   14   40   41    4   36   31   37   12   13  
  20    8    8   33   10    3   46   25   44   46   34   17   18   15   22   14   37   28   13   40   36   24    4   43    6    2    9    7   11   29   12   26   27    1   16   45   31    2   35   21   38   30   19   23   39   47    5   42   32   41  
  14   33    6   35   43    9    2   42   26   39   15   32   30   36    7   25   24    5   17   45   44   37    1   17   22   20   18   23   19   38    3   41    8   13   11   12   21   21   28    4   39   27   46   47   16   34   29   31   40   10  
   3   17   42   37   24   45   14   26    9   11   39   19   44   10   22   47   41   38   16   29   46   38    7   21   36   12    4   30    6   19   34    8   33   31   43   20   25   23   35   27   13   15    2   28   18   40    5   31   32    1  
  33   16   35   24   12   27   21   23   18    8   15   20   22    3   43   32   25   25   19    4   14    5   40   34   10   29   31   36    7    6   39   44   41   26   25   30   37    2   42   38   45   19   28    1   17   46   47   11    9   13  
   9   47   42   21    7    1   20   16    2   45   10   35   38   41   30   32   28   22   14   39   31    5    8   33   37    4   40   13   25   19   17   18   23   12   11   34   47   36   26    6   46   29    3   32   24   17   15   43   27   44  
   4   42    7   40   41    8   39    3   25   34   27   23   14   21    9   26   47   32   10   29   11   44   12   15   28   32   45   36   17   30   14   16   20   18    5   31   35   13    6    2   43   38   19    1   37   22   27   33   46   24  
  11   20   28   15   30   41    2    7   17    5   19    6   43   24   33    9   31   38   23    2   42    4   29   12    3   15   18   37   14   27   22   36   32   46    1   25   34   10   40   16   35   39   47    8   44   13   21   45   32   26  
  35   25   21   36   40   26   10   15   20   11    8   18   22    3   27   29    2   14   30   38   17   33    9   46   29   16   31    6   37   41    7    5   43   23   39   28   42   47   44   34   24   12   13   45   19   32    4    1   24   25  
  32    5   31   11   22   18   36   26   17   16    3   41   43   23   27   30   29    2   19   15   14   10    4   38   39   42   34   35    1   20   37   25   32   32    8   40   16   21   28   12   24   47   13    6    9   33    7   45   44   46  
  17   10   42   36   24   21   45   12    7   13    4   27   32    8   41   30   29   10    9    6   14   28    3   44   26   31   22   18    5   25   39   37   43   22   16   46   38   33   40   15   11   21    1   20   35   19   47   23   34    2  
  16   17   15    6   13   14   22   36   34   41   24   30   44   29   15   18   31    9    8   25    2    5   46   19   11   39   12   30   32    7   43   47    1   10   28   38   37   33    3   42    4   26   23   27   20    8   40   21   35   45  
  15   10   25   30    3   11   17   15    5   25   14   42   21   12   16   28    4    8   29    6   47   24   18   46   40   34    2    9    7   26   45   41   20   32   22   35   38   33   19   23   30   13   39    1   36   31   44   27   43   37  
  12   45   37   20   44   41    9   33   31   19    1   47   35   30    8    2    4   40   22   34    6   46   43   29    1   27   39   26   13   16   21    3   36   32   23   10   42   11   14   28   38    7   18    2   15    5   24   25   17    1  
  23    9   32   39   24   43    2   38   28    3    4   36   14   47   11    6   19   40   33   38   25   30   18   35    8   17   15   44   12   16   10   26    1    5   45   29   41   42   37   20   34   27    7   33   22   21   46   31   10   13  
   4    1   38   11   14   18   24   17   44   10   42   40    6   30   17   20   29   12   15   21   45    3   43    2   26   38   28   13    8    5   16   46   41   37   39   14    9   22   31   32   27   33    7   25   23   34   19   35   47   36  
  22    9    8   36   23   10   15    2   28   12   25    6   17   43   30   16   26    4   33   31   44   11   32   46    7   39   40   38   10   42   34    5   18   20   14   35   19    1   41   46   29    2   24   13   45   21   47    3   27   37  
  36    5   41   33   46   10   35   32    1   24   29   25   34    7   13    4   15   18   19   43   15    6   45   12   22   16   20   47   17   30   42   38   26   21   44   14   27   40    3   29   37   31   39   17   11   23    8   28    2    9  
   8   28   11   37   31    1   10   16   47   12    4   42   17   29   30   21   45   41   43   33    7   33   29   19   18   14   14   44    6    9    3   38   13   46   34   35   20   32    5   36    2   23   26   22   24   27   40   39   25   15  
  24   16   35    2    6   45   11   20    3    8   41   12   17   27   43   47   31   42   15   46   14   44   19   25    1   18   29   30   38   21   36    4   32    9   39   40    5   28   13   33   10   22   37   26   12   24   29   23   34    7  
  10   24   28   47   23   41   31    1    6   18   15   39   13   43   20   30   34   44   39   46   16   33   27   40   45   41   42    9    6   32   19    3    7    2   25   17   36    5   35   21   14   12   11   37   29   26    4    8   38   22  
  12   43   36    9   37   33   46   30   44   29   10   35   40   27   14   45    3   11   21   26   47   41    4   42    5    7   15   31   32   16   18   23   39    2   22   28    1   17   36    8   19   12   20    6   46   38   34   24   13   25  
  43    1   19   45   34   46   33    2   39   35   32   26   41   10    8    4   11   31    7   24   14   15   47   25   27   11   20   37   30   17   42   24   13    3   45   44   38    6   28   29   23   36   22    9   21   16   40   18   12    5  
  14   31   10    8   29   21   22   38   16    1   36    4   23   13   39   11   41   26   27   30    5   34   43    7   37   33   17   32   42   42   45   44   25   13    2   28   29   20   19    6   35    3   12   18   15   24    9   47   40   46  
  29    4   13   16   24   30   41   45   23   21   19   15    5   27   39   26   47   38    7   31   20   18   42   40   46   43   12   37    2   44   39   36   21    6   23   25    1   17   14   35   28   33    8    9    3   32   34   10   22   11  
  41   23   42   28   26   20   19   34    9   47   31   14   22    3    4   42   17    8   24   43   10   21   11   25    2   39   30   29    6   12   40   44   27   37   36   38    7   16   18    1   36   13   46   35   32   15    5   33   42   45  
  47   45   42   37   17   39   16   46    7   35   32   18   38   28    3   20    6    5   10   38    2   31   17   21   11   27    6   24   23   43   19   12   30   34   13   25   14    4   33    9   44   22   15    1   36   41   26   40   29    8  
  33    6   18   16    5    3   47   24   39   26    1   37   25   42    9   45   32   21   31    7   14   43   15   34   22    5   19   20   35   13   21   17   38    4    8   12   23    2   36   45   10   44   46   30   27   11   40   28   41   29  ] 
BUDGETS : [    4    5    6    8   11   13   15   17   21   22   25   26   28   31   31   35   37   38   39   41   42   46   46   47   50   51   53   55   56   57   58   60   65   68   70   70   75   76   79   85   87   92   93   95   95  101  104  106  106  107  115  115  116  117  117  118  122  125  127  127  127  128  128  132  135  136  136  136  139  139  139  139  143  144  147  150  150  151  151  151  155  155  157  163  165  165  171  172  174  177  180  181  183  184  186  189  190  194  199  199  ] 
