K : 100
I : 100
PREFERENCES : [    4    8    0    0   32    0   24    7    0    0   39   38    0    0    0   14    0    0    2   12    0    0    0    0    0    6    0    0   25   31   16   13    0   27   36    5    0   10   32   33   17   21    0    6   30    0    0    0    0   15   18   24    0   43   29    0    0    0   42    0    0    0    0    0   26    0    0   45   23    0   44   37    0   22   35    9   20    0   28    0    3    0   40   34    0   41   11    0    0    0   41    1    0    0   19    0   43    0    0    0  
   0    3   31    2    0    0   36   28    0   18    0    0   35   25    0    8    0    0   29    0    4    0   34   16   22   37    1    0    0   24   15    0    0    0   20    0   14   21    0    0   32    0    0   39   35   40    5   16    0   35    7   30   12    9   44   26   19    0    0    6   10    0    0   23    0   45    0   27   17    0   42    0    0    0    0   43    0    0   41    0    0    0    0    0    0    0    0   13    0    0    7    0   11   38    0   33    0    0    3    0  
   0   32   19    0    0   11    0    0    0    0   28    0    0    0    0    0   12    0    0   21    3   41    0    0    0    7    0    0   44    0    0   45    0    0   33    0    8   39   42    0    0   40    0    0   22    0    4    0   17    6    0    0    0   31   38   13    0   29   11    2    0    0   24    0   36   16    5   34    0    1   37    9    0    0    0   20   43   17    0   23    0    0   12   37    0   18    0    0    0    0   35   25   15   10   14   27   26    0   30   24  
   0    0    0   23    0    0    9   36    0   27    0    0   30    0   42   19   39    0    0   14   17   37   18    0    1    0    0    0    0   17   28   32    0   22    0   29   21   45   24   21    0    0   20    0   16    0   10   34   31   35   18    0    8    0    0   38    0    0    2    0    0    0    0    0   13   12   25    0   15    5    0    0   45   26    0   11    4   22    0    0    0    0   33    0    3    0    7   41    0   40    0   44    0   43    0    0    0    0    0    6  
   0    0   37    0    6    0    0    0    0   21   36    0   39   43    9    0    0   24    0    0   44    0    5    0    0   12    0   17    0    0    0    0    0   26   21    0    0   20   16    0   31   27    0    0    0   41    0   23    0   22   19    0    0    0   18   15   34   38    0   30    0    4    0   26    0    0   31    0    3    0   13   35   10    0   11    0   40    0    0   10    0    0    0    7   29    8   42   32    0    0    0    2   45    6   33   25    0   14    1   28  
   0    0    0   32    0    9   29    0   12    0   25    0    0    0   11    0    1    0    0    0    0   28   43   36    0   22    0   14    7   45   38    0    0    0    0    0   31    0    4   44   30    5    0    0   24   24    0   27    0   13    0   17   20    0    0    0   10    8    0   15   41    0    0    3    0    0    0    0    2    9   19    0   37   18   34   35    0    0   42    0    0    0    0    6   23   26   40    0   39   20   38   33    0    0    0   16    1    0   21    0  
  31    0    0   30    0    0   14    8    0    2    0    0    0    0   32    1    0   42   10    0    0   38   33    0   41    0   19    0    0    0   25   44   11    0    7   22    0   40    0   13    3    0   20   26    0    0   36    0    0   43   12    0   16    0    0    0   45    4    0    0   11    0   37    0    0   27    0   15   34    0    0    0    5   29    0   39    0    0   17   28    5    0   21    6    9   35   23    0    0   18    0    0   24    7    0    4   18    0    0    0  
  10    0    0   27   44   35    0    0    0   21    0    2    0    0    9    0    0    0    0    0    0    0    0    0    0    0   37    0   29   24   19   38   33   23   26    0   33   29    0    8    0    5   43   25    6   34    0   28    0    0    0   16    0    0    0    0    0    0    0   12   13   14   31    0   42    0   41    1   20   18    3    0    0   30   41   36    0    7    0    0   37    0   17    4    0    0   12    0   22    0   39    0    0   11   40   45   15   32    0    0  
   0    0   41    3   39    0   17   42   23    0    0   40   35   17    9   12   16    0   18   39   22    0   36    0    6    0   17   34    0    0    0    0    0    0    0   15    0    0   43    0    7    0   14    0    0    4    0    0   27   28    0    0   24   24    5    0    0    0   30    0    8    0   29    0    0    0    0   38   33    0   45    9    0    0    0    0   32    0   21    2   11    0    1    0   37    0   44   20   26    0    0    0   19   10   25    0    0   13   31    0  
  39   41    0    0   12    0    0    0   11    0   28   40   17   27    1    0    0    0   36   32    0   31   37   20    0   21    0    0    0   23    5    0    2    0    0   22   13    0   41    0    0   24   10    0    3   44    0    0   11    0    0    0   34   26    0    0    0   33   18    7    0    0   15    0   19    0    0    0    4    9    0    0   13   24    0    0   25    0   16    0   35   22   42    0   45    0    8   38    0    0   43   29    0    0   30   14    0    0    0    6  
   0    0   40   16    0   45   15    0    0    0   30   28   35   43    0    0    0    0   11   14    0    0    0    0   37   18    0    0   41   23    8    4   32   38    0   26   19   25   44    0    2    3    1    0    0   16   42    9    0    0   27    8   17    0    7    0   39    0   34   36   12    0   33    0    0    0   19    0    0    0    0   29   25    0    0   30    0    0   10    0    0    0    0    0   20   13   31    0    0   24    5    0    0    0   21    6    0    0    0   22  
   0   13   17    0    0   42    0    0   36   32    0   16   39   14    1    0    0    0    0    2   45   29   23    0    9    0    0    0    0    0    4    7   19    0   38   18    6   37    0   31    0    2   17    0    0    0   27    3   26   34   12    0    0    0   10   44   22    0    0    0   21   25   39    0    0    0    0   41    5   40    8    0   35    0   43   36    0    0    8    0    0    0    0    0   28    0   30    0    0    0   11    0   33   20    0    0   15   24    0    0  
   0   34    4    2   41   44   17    0   29    0    0   12    0   33   39   23   42    9    0    3   15    0   21   18   32   19    0    0   45   27   28    0    0   13    0   11    0    0    0    0    0    7    0    5   26    0    0   16    0    1   31    0   22   25    0    0   29    0    0    0    0   14    0    0    0   25    0   13    0    0   38   40   30   24    8    0    0    0   39    0    0    0    0   35   20    0   10    6   13    0   37    0    0    0    0    0   36   43    0    0  
   0    0    4   27    0    0    2    0    0    0    0   25   33    0    0    0    0    0    0    0    0   10   35    0    0   31    0   28   32   42    0   37    0    6    3   41   15    0    9   43    0   13   36    0   44   45   28   11   12    8    0    0    0   39    0   28   14    0   17    0    0    0   21    0    0    0    1    0    0    0    0   24    0   23    0    0   20   30    7    0    0    5   34   29    0   26   40   14    0   22   16    0    3   38   19   38    0   18    0    0  
  27    0    0    0    0    0    6    0    0    0    8    0    0    0   23   42   30    0   39   12    0    0    0    0   11   10    0    0   19    0    0    0   26    0   22    0   25    5   35   34    0    0   38   23   14    0   28    0    0   19    0    9   45   16   36    4   22    7    0   41   43    0    0    0   33    0   13    0    0    0    0   20    0    0   17   38   32    3    0    0   38   44    0    0   24    0   40   31    0    1    2    0   18    0    0   29   15    0   21   37  
   0   33   31    0    0    0   17    0    0   32   34   26    0   36   17    7    0    0    0   38    0    0   19    0    2   43   42   35   23    0    0    0    0    0    0   13    0    0    0    0    1    0   36   44    0    0    0   16   28    3   20   12    6    0   39   10    0    0    0    9    0   29    0    0   40   30   41    0   11    0    7   26    0    0    0    5   14    4   37    0    0    0   35    0   24    0   15    8   18    0   22    0   25    0   27   21    0    0    0   45  
   0   20    0    0    0    3    0    0   42    0   28    1    6    0    0   11   29   37   27   42   40    0    0   32    9   19   12   36    0    0    0    0   23    5   10   14   24    0   45    0    0   25    0    0   30    0   15   38    0   21    0    4    0   15   44    0    0   31    0   43   18    0    0   17    0   34    0    0   13   26    0    0    2    7   39    0    0    0   22    0    0   14    0   14   16    8    0    0    0    0    0   35   33    0    0    0   12    0    0   41  
   0   41    0   43    9    0   13    0    0    0    0   30    9   35   18    0    0    0   42    0    0    0   27   20    0    0    4   11    0   34    0   38    7   32    2    0    0   40    0   19    0    0   22   26    0    0    0   21    0   45    0    0   24   44    5   25    0   37    3    0   10   36    0    0   12    0   23    0    0   17    0   15    0    1    8   29   29    0    0    0   28    0    0   16    0   14    6    0   31    0   10    0   41    0    0    0   33    5    0   39  
   0   40    0    0   36   43   21   44    0   16    0    0    0   28    0   31    0    0    0    0    0   22    0   14    6   42    0    0   27   18   26   24   34   13    3   23   12    0    0    0   22   22    0    0   32    0    0    0   39   19   29    0    0   37   35    0    0    0    0    0   15    4    0    0    0    0   11   20    0    0    2    0    0    0   41   35    0    0    7   18   33    9    0    0    1   45    0    8    0    0    0   17   10    5    0    0   25   30   38   41  
  10    0   40    0    2    0    0   30    1    0    0   26   19    0   20    0    0    0    9    0   22    5    0    6   12   36   32    0    0    0    0    0   23   16    0   38   23    0    0    3    4    0    0   18    0    0   43    0    0    0   11    0    0    0   33    0   35   37   31   37    0    0   14    0   41   44   29    8    0   34    7    0    0    0   24   25    0    0    5    0    0    0   21   39   27    0   19    0   45   42    0    0   13    0    0    0   12   28   15   17  
   0   43   27    0    0    7    0    0   44   11    0   14   34    0    0    0    6    0   38    0   13    0    0    0    0   10   42   12    0    0   21    5    0    0   15    9    0   34    0    1   30   17    0   38    0    0   18   16    2    0    0    0    0   40   39    0    0    0   35    0   31   33   23    0   29   22    0   33    0    4   19   19    0   45   37    0   26    0   20   32   36   24    0    0    0    0   28    0   20   25    3    0    0    0    0   41    0    8    0    0  
   0    0   33   44    0    0    5   13   34    0   36   43   10    0   24    0   38    0   19   29   30   45   22    0   32    0   28   41    3    0    0   10   14   37    0    0   35    0    1    0    0    0    1    0    0   17    0    0   27    0    0   40    6   42    0   18    0    2   12    0   15    0    0    0   26   11    0    0   16    0   32   31    4    0    0    0   21   20    0    0    0    0    0    0    8    0    0    7    0    0    0    0   30    0    9   23   37   39   25    0  
  13    0    0    0   39   28   41    0    0    0   18    0    4    0   22    2    0   32   11    0    0    0    0   38   37    0   20   35    0   30   25    0   30   31   12    0   27   36    7   43    0    5    1   34   37    0   28   20    0    0    0    6    0    8    0    0    0   26    0    0    0    3    0    0    0   24   33    0    0   42    9   10    0    0    0    0   21   19   44    0    0    0   29   16   15    0    7    0    0    0   45    0    0   14    0   17    0   40    0   23  
  12    6   35    0   10   27    0    0   16    0    0    0    0    0   25    0    4    0    4   43    0    0    0   15    2   29   30    0   42    0   11    0    0    0   17    0   44    0    0    0   18    0    0    0   43    0   34   21   39   29    0    4    0    0    0   37   31    0    0   22   38    0   19    1   24    0   33   32    0   36   41    0   28    8   14    0    0    0   45   20   43    0    0   26    0    0    0    0    5   13    3    7   40    0   23    0    0    0    9    0  
  23    0    0    0   29   15    3    0    0   45    0    0   37    0   19    0   25   29    0    0    0    0    8   44    4   12    2   33   20   32    0    0    0    0    0    6    0   42    1    7    0   34   40    0   36   28   17    0    0   22   18   41   13   26   24   21    0    0    9   14    0    0    0    0   35   10    0    0    0    0    0    0    0   18    0    0    0   27    0    0    0   42    0    0    0   34   16   11    0    0   43   23   30    5   39    0   31    0   38    0  
  43    0    9   29   41   42    0   17    7   23   10    0    0    6    0   44   39   39   38    0   15   22    0   30    0   27   28    0    0   12    0    0    5   16    0   35   42   36    0   41   31    0   11   37    0   14    3    0    0    0    0   33    8    0    0    0    0    0    0   13    0   40    0    0    0    0    0   21    0    0    0   34   19   45   24    0    0    0    0   18    0    0    0    4    0   18    0    0    0    2   25    0    0   41    1   20    0   26   32    0  
   0   39    0   31    0    0   20    0   25    0   42    0    0    0   28   34    0    0    0   10    0    0   44    0   43    4    0    5    2    0    0    0   12    0    0    0   38    0   19   30   26    0   22   11   37    0    0    0   15    9    7   13    0    0    3    0    0   24    4    0    0    0    1    0    0    0   14   21   27    0    0   16    0    0    0   35   17   18    2   32   10   23    0    0    0   45   14    0   18    6   40    0    0   41    8   33   29    0    0   36  
   6   18    0   10    0    0    0    0   40    0    0   24    0    0    0    2    0   34   31   29    0    3    0    0   30    0    0   38    0   20    0    8   16    0   39    0    0    0    0   18    0   11    0    0   22    0   26    0   27   12   21    0    4   17    0   35    0   45    0    0   33   44    0   30   43   13    0    0    0   36   30    0   25   41    0   15    0    0   14    0    9   42    5    0   38    0    0    7    0    0   37   40   23    0   32   28    0   19    0    1  
   0   33    9    0    0    0    0   14   39   21    5    0    2    0    0    0    0   31   29    8    0   19    3    0   35   15    0   25    0    0   38    0    0    0    0    0    4    1    0    0    0   27    0    0    0    0   32    0    0   44   11    0   12   34    9   41   42    0   30    0    0   45    0    0    7   25    0   37   17    0    0   24   28   26    0   30    0    0    2    0    0   36   13    0    9   20    0    6    0   23   43    0    0   10    0   16    0   22   40   18  
   0   43    0    0   31    0    3   14    6    0    0   25    0    7   31    0    0    0    0    0   29    0   11    0   23    0   13    0    0   37   41    0    0   24   44   42    0    0   37    0    1    0   27    0    0    0    4    0   28   26   32    0    0    0   10    0   15    0    0   45    0    8   33    0    0    0   17    6    0   12   39   19   18    0   20   38    0    0    0    5   22    0   16   36    2    0   40    0    0   10    0   21   30    0   40    0    0   35   34    9  
  32    7   10    0   34   35    0    0    0    0    0    0   24    0    0   31    0    0   15    0    0    2    0   40    0   28   23    0    1    0    0    0    0    0   22    0   17   33   14   18   26    0    0    0    0   20    0    0   27   25   22   21   45    4    5    0   30   45    0   11    0    0   35   16   15    0   39   43    0   29   38   12    3    0    6    0    9    0   36    8   42    0    0    0    0    0   41   32    0    0    0   19    0    0    0   44   13    0   37    0  
   0   11   32    0   15   26    0    0   25    0   20   14   23   21    0    0   28    0    7   30    0    0    0    0    0    0    0    8    0    0   36   40   19    0    1    0    0    0   41   22    0   37   40    0    0   27    0    0    0    0   17   29   12    5   13    0    0    5    9    0    2    0    0    7    0    0   24    4    0    0   35   45    0    0   39   18    3   31    0    0   34   10   38   42   16   33    0    0    0    0    0    0   16    0    6   44   37   43    0    0  
   0    0    0    0    1    0    0    4    0    0    0   36   33   14   42    0    0   37   12   29   26    0    0   13   35   18    0    0   15    0    7    0   20   10    0    5    9   43   19    0   35   34    0    0   24    0    0    0    0    0   41   16   27    0   40   24   38    0    0    0    0    0   17    0   31   45    6    0   39    3   17    0    0    0    2   37    8    0   28    0    0   30    0   22    0   15    0    0    0    0   23   32    0   44   25   21    0   11    0    0  
  41   12   22    9    0    0    3    5    0    0   30   26    1   40    0    4    0   27   28    0   40   30    0    0    0   23   38   15    8   43    0    0    0    0   27    0    0   42    0    0   44    0    0    0    0    0   38    0   44   10    0   20    7   11   45   13    0   18    0    0    0   24   39    0   25    0    0    0    0   33   17    0   35   37   16   31   36    0   14    0    0    0    0   19    0   34   21    0    0   29   32    0    0    0    0    2    6    0    0    0  
  26   40   35   32    0   28   28    0    0   31    0   14    0    0    0    0    8    0   34    0    0    0    2    0    0   37    1    0    0    0    0   21   20    0    0   17    0   16    0    0    0    7    0   38   25   15   22    0    0    9    0   18   27   23    3    0   36    0   30   41    0   45    0    0    0   42    0    6    0   12    0   24   14    0    4    0    0   44    0    0   44   29    0   44    5    0    0    0   43   29    0    0    0   19   11   39    0   33   13   10  
  22    9   25    0    0    0    0    0   17    0   20    0   11    0    0   10    0    0    0    7    0   30    0   23    0    0    0   37   18    0    4    0    8    5    0   23   21    0    0   35   38    0   16   32   26    0   14    0   29    2    0   23    3    0   45    0   19    0    0   13   40   39   44    0    0   15   43    0    0   12   42    0   13    0    0    0    0    0   28    0    0    0    1   34   36   24   31   33    0    0    0    0    0    6   27   41    0   24   13    0  
   0    0   27    0   38   30    0    0    0   31    0    0    0   39   12   25   15    0   42   10    0   14    0    4    0    0   13   24    0   28    5    0   24    7    0    0    0   23    0    0   35    0   21   17    0    0   40    0    0    0   22   16    0   43   45    0    0    0    0    0    0    8    0    0    0    0   29   11    0   20    0   39   32   41   34    0    6    0   26   19    0   36    3   28    0   35   33    0    0    0   44    0   37   18    0    9    2    0    1   15  
  38    3   15    0   35    0    0    0   39   30    0   44    0   21    0    8    0    0    0    0    7    0   41    0    0    0    0    6    0    0   31    1   42   23    0    0   22   11   39   17    0   22    0    0    0   12   45    0    2    0   18    0    5   32   16    0   13   24    0    0    0    0   28   43   10   24    0   19    0    0   40    0    0    0   27   36   36   26   36    0    0   25    0   34    0   37    9    0    0    0    0   14    0    0   29    0   20    0    4   33  
   0   20    0    0   28   38   45    0   29    0    0   15    0   39    0    0   22   11    0   31    0   17    9    0    0    0    6   33    0    0   14   27   36    5    0   38    0    0   19    1    0   12   41    0   21    0    0    0   15    0   37   44    4   42   25   30    8    0   14    0    7   10   35   16    0    0   32   24    0   15   13   40   14    0   26    0    0    0    0    0    0    0    0    0    0    0   34    3   18   43   23    0    0    0    0    0    2    0    0    0  
   7    0    0    0    5   26   31    9   23    0    0    8    8   10    0    0    0    3    0   18    0    0   24   42    0   40   41    0    0    0    0   39   22    0   28    0   26   16   35    2   22    0    0    0    0   30   10    0   45   37    0    0    0    0    0    0    0   13   21    0   32    0   14   20    0    0   17    0    0   43   15    0    0    0    0    4   38   33   29   25   12   19    0    0    0    0    0   34    0    6    0   11    0    0   36   27   26   44    1    0  
   0    0   16   35    0    0   37   15    0    0    0    0    0   26   33   42   21    0    1    0    0    0   40   34   25    0    2    2    0    0   24    0    6    0    0   17    0    0    9    0    0    0   10    0    0   19   23    0   28   27    4    0   18   43    0    0   12    8    0   13    0   14    0   39   11   29   41   38   45    7   12    5   28    0    0    0    0   31    3    0    0    0   18    0    0   36   44    0    0   32    0    0    0    0    0   22   38   30    0   20  
   0   20    0   44    0   12    0    0   28    0    0    0    0   10   43    0    0    0    0    0   14   38    0    0    7    0    0    1   33   28   30   13    0    0    0    0    0    0   36   29    0   19    0    0    0    8    0    2    0    0   42    9    2    0   27    0    0   26    0   18    0   37    0   41   34    0   31    0   25    3   35   11    0   22    0    0    0   15   39    0   45    5   24   35    0    0   21   32   40    0    0   17   11    0    4   23    0   16   40    6  
  28   23    0    0   16    1    0   16   24    0   18    0    0    0    0    0   37    0   12   38    0    0    0   19    3   30    0   10    2   40    0    0    6   42   43   45   14    0    0    0    0   27    0   33   45    8   29    0   26   41    0    4    0   13    0   31   11    0    0    0    5    0   25   32    0   25    0   17   22    9    0    0    0   21    0   15   39    0    0    0   20    0    0   35    0    0    0    0    0   26    0    0   36    0    0    0   44   36    7   34  
   9   37    0    0    0   27    0    0    0   30    0    0    0    0    0    0    2   31   36    0    0   17   35    0    0    5    0   26   33   45    0    0   20   15    0    7   29   44   32    0   16   43    0   10   25    4    0   37   13    0   39    0    0    0    1   34   12   40    0    0   42    0    0    0   18   21    0    3    0    0   25   11    0    0    0    0    0    0   28    0   14    0    6    0   24   23    0    0    0    0   19   31   26   38   22    0    0    8   12   41  
   2   24    0    0   25   33   20    0    0   21   43    0    0   11    0    0    0   42    3    0   39    0    0   38    0   10   32   40    0   13   26    0    0   45   19    0    0   29    0    0    0   12    0   24   29    0    0    5    4    0    0    0    8   41   28   14   17    0    0   44   14    0    0    0   30   22    0    0    9   15    0    6   18    0    0   37    0   31    0   34    0    0    0   13   16    0    1    0   31    0   23   27    0    7    0    0   35    0    0   36  
   0   28    8    4   36    0   21    0   38    0   27    9   43    0    0   18    0    0    0    0    0   31    0    0   39   10    0   19   23   41   42   16    0   25    0   12   22    0   10   38   26    0    0   17    0    0    0   13   15   40    5    0    0   34   32    0    0    0    0    0    3   41    0    0    0    0    6   30   33   44   45    0    0    0    0   35    1    0   24    2    0   14   11   29   20    0    0    0   30    0    0   37    0    7    0    0    0    0    0   20  
  20    0    2   19   16   17   37    4   41    0    3    0   42    7    0    0    0    0    0   26   31   43    0    9    0    0   29    0    0    0   10    2    0    0   32    1    0   18    0   40    0    0   28   23    0    0    0   15   35    0    6   38   33    0   21    0    0    0    0   36   13    8    0    0    0    0    0    0   44    0    5   14   30   22   25   27    0   11    0    0    0   34    0   24    3    0    0    0    3   12   43   15    0    0    0    0   39   45    0    0  
   5   45   38    0    0    0    0    0    0    0    0   39   32    0    0    0   31    0    0    0    0    0    2    0   42    0   28   18    0    0    0    0    7    0   35    3   25    0    0    0   41    0    0    6   12    8    0   36    2    0    0    4   31    0   18    0   10    0    0   22   29   27   15    0    0    9    0    0   34   11   14    0    0   44   20   19   43    6   33    0   30   37    0   24   10   23    0   16   17    0   26    0    0   40    0   21    1    0   13    0  
   4    0    0   41    0   27   42    0    0    0   25   36    0    7   38    0    6    0   15   45    0   23    0    0   29   10   14    0   26    0    0    5    0   31    0   43   33   29    0   35   17    0   20    6   17    8    0    0    3   24   13    0    0    0    0    0   18    0    0    0    0    0    0    0    0    0    0    0   44   37   16   19   28    2   44   21    7   34    0    0   40    0    0    9    0    0   39    0    0    0   30    0   11   22    1   12    0    0   32    0  
   0    0   16    0    0    0   34    0    0    0   15    0   22    6    0    0    0   12   26    0    0   27    5    0    0    0    0    2   18    8    0   11   16   20    0    0   36   45    0   13   25   35    0    0   30   38   10   32   44   10   14    0    0    0    7    0    0    0    0   24    0   41    0   23   33    1    0   19   17   31    4    1    0   39   37    0    9    2    0    0    3    0   42    0   29   43   21    0    0    0    0    0    0   40    0   38    0    0    0   28  
   0    0   29    0   38   21   40    0    0    0    4   20    0   27   28    0   39    0    0    7    0    0    0    8   33    0    0   14   35   45    0    0   25   34    6   18    0    0    0   32    0    0    0   26   17    0   15    5   19    8    0   44    2    0    0    0   11   35    0   16    0   37    0   43   44    0    0   15    0    0    0    0    9    3    0    0    0   23    1    0    0    0    0    0    0   13   24    0   30   41   42   19   10    0   36    0   22   31   12    0  
   0    0   31    0    4    0    0   35    0    0   16    0    0   43   34   29    0   44    0    6    0    0   13    1    0    0    0    0   45    0    0    0    0    0    0   10   21   21    0    0    0   11    0   37   12   42    9   15   19   22    0    0    0    0   25   39   17   33   20    0   18    7    2   42   23    0    0    0    8    0   17    0   36    0    0    3   38    0   27   26   32   24    0   41   30   25    0    0   28    0    0    0    0    5   40   14   13    0    0    0  
  22    7    1    0   18   12   40   38   37    6   14   39    9   10    0   13   33    0   44   19    0    0   32   36    0   15    0    0   24    0   26    0    0   30    0   43   31   45    0    3   29   35    0    0    5    0    0    0    0    0    0    0    0    0    0   27   41    8   34   28    2   37    0    0   21    0    0    0    0   23    9    0   17   37    0    0    0    0    0    0    0    0    0   25    0    0   42   42    0    0    0    0    0    0   16    4   20   11    0   37  
   6   18   36   37    0    0   17    0    0   45   21    0    4   19    0   10   23   31    0    3   16    0    0    0   27    0   15   43    0    0    0    0   32   25   39    0    2    9    0   38    0    0    0    0   34    0    0    5    0    0   12    0    7   42    0    0   27    0    0    0   18    1    0    0    0   30   24    0    0    0    0   13   11    0    0   40    0    0    0    0   20    0   41   27    0    0   35    0   28   33   33   44   29   22    0    0    1    8   14   26  
   0    0    6    0   16    0   35    0   43   33    0    0    0   40   17    0   33    0    0    0   36    7    0   21    1    5    0   23    0   14    0    0   28    0    0    0    0   20   45    0   15   19   26   22    0    0   10    0   42    0   12    0    0    0   11    0    0    0    0    0    0    0   27    0   24    0    0    0   44   25    0    2    0   13    9    3   25    0   29   39   30    0   25    8   38   37   32   18   27    1    0    0   34    0    0    4   31    0    0   41  
  29    0    0    0    0   39    0   36    0   34    0   32    0   22    0   21    0    8   18    0   19    0    0    0   31    0   45   30   38    0   10    0    0    0   13   37   33   39    0   17    0   27    0    9    0    0    3    0    1    0    0   26    0   43    0    0    0   12    0    7    0   23    0   20    0    6   11    0   43    5    0   16    0   40    0   28   14    0   44    0   10    0    0   33    0    0   45    0    2    0   41    0   15    0    0    4   25   35   24   42  
  12   24    9    0    6   10    0   35   15    0   38   11   31   27    0    0   13    0   28    0   19    0    0    0   33    0    0   39    0   17   16    0    0    0    0   34    1    0    2    0    0    0   42    0   44    0   30    0    0    0    0   37    0    0   22   44    0   36    0    0   43   45    0   41    0    4    0   29    0   33   14    8    4    0    0   32   18   26    0   29    0   40    0   25    0    0   20    7    5   21   23    3    0    0    0    0    0    0    0   36  
  45    0   42    0    0    0    0   37   45    9   19    5    0   36   26    0   18   14    0   25    0    0    0    0    0    0    0   21   24   43    0    0    0    0   12   35   10    0    0   39    7    0   28    0    0   34    0   23    0    0    0   33    0   31   32   13   23    8    0   20    0   22    0   15    0   11    0    0   27    0    0    4    0    0    0    0    1    0   11    6   16   40    0    0   38   17    0    0   12    2   43    0   44    3    0   30   29    0   41    0  
  37    0    0   41    0   24   23    6    0    0    0   11   40   12   34    7    0    0    8    5    3    0    2    0    0    0    0    0   18    0    0   43    0    0    0    1    0    0    0    2    0   16   32   22    0   17   39   31    4    0    0   36    0    0   19    0    0    0    0   38   44   42    0    0    0    0    0   13   14    0    8   30    0   10   20   27   25   26   33   35   43    0   28   29   45   25    0    0   21    9    0    7    0    0    0    0    0   15    0    0  
   8    0    0   41    0    7    0   23   19    0    0   36   41    0   30   10    0    0    0   24    0    0   28    0    0    0    0    5   16   43    0    1    0    0    5    0    0   38   38    0   40   25   21   14    4    0    0    0   11    9    0    0    0   32   34    0    0   41   15   20    0   33    0   45   42    0    2   44    0    0    0    0    0   42   26   35   13   27    0   31   37   12    0   22    0    0    0    0    0    0    0   18   17    0    3   29   39    6    0    0  
   0    0   27    0   43    0    2    0   20   45    0   37   11   31    0    0    0   29    0    1   41    0   23    0    1    0    0    3   28    6    0   39   44    0    0    7    0   14    0   40    6    0    0    0    0    0    0    5   33    0    0   19   42   15    0   12   10    0    0    0    0   17    0   36   31    0   16    0    0    0   24   32    0    0   22    4   13   21   30    0   18    0    0    8    0   37    0    0    9   38    0   26    0   35    0   28    0    0   25   34  
   0   22    0   13   27    0    0   12   26    0    0    0   22    0    0    7    0    0   32   25    0    0    0   15   40    0   33   43   40   19   14    0   24   39    0    0    0    1    5    0    2   38    0   44    0   21    0   31    0    0   17   20    0    0   45   34    0    0    9    0   11    0    0    0    0   23    0   42    0    0    0   12    0   16    7    0   37    4    0   28    0    0    8   30    0    3   36    0   14    6   10   18   29    0    0    0    0   35    0   41  
   0    0   26    0   36    0    0    0    0    0    0   37    0    0    1    0    0    0    4   34    0   32    6    0    0   35    0   11   33   38   14    0    0   38   43    0    0    0   20    0    8    0   24   40   13    0    0   15    0    0    0   16   12    0   45   17    0    0    0    0    0    0   13    0   41    0   27   19   39    0    0    0    7   31    0    0   25    3   18    0   44   29   38   23    0    0   42   30   28    9   21   21    0   10    0   22    0    2   26    5  
   0   10   31    0   42    0   35    0   28    0    0    0    0   40    6    0    0    1   18    0    0   43   32    0   11   38    0   19    0   21    0    0   22    0    0    8    0    9    0   20    0   36   25    0    0   41    0   14   24    0   20    3    0    4   16   33    2    0   44    0    0   45    7    0    0    8    0    0    0   30    0   23    0    0   11    0   18    0   34   29   37    0    0    0    0    0   39   15    0    0   12    0   17   13   36   27    0    0    5   26  
   0    0    0   26    0   14    0    0    0    0    0    0   44   45   21   39   29   22   38    0    0    0    0    0   15   43   10    2    0    0   32   36    0   19    0    0    1    0    0   24    7    0   20    0    0   27    0    0   35   28    0    0    0    0    5    6    0    0    3    0   31   17    0   11   29    0    0    4    8    0   29    0    0   42    9    0    0    0   18    0    0   37   34   12    0   41   42   29   16    0   25   33    0   13    0   23    1   40   30    0  
  16   30    0    0   11    0   44    0    0   12    0   38   29    0    0    0   42   40    0    7    0    0    0    2    0   33   36   10   18   24   37    9   32   19    6   21    0    4   13    0   43   22    0    0    0   36   15   39    3    6    0   28    0    0    0    0   18   25    0   41    0    0   34    0    0   14    0   31    0    0    0    0    8   26    0    0    0   20    0   17    1   28    0    0    0    0   27   45    0    5    0    0    0   35    0    0   23    0    3    0  
  16    0   21    0   42    0   10   14   24    4    0   43    0    0    0   36   23   41   27   13   32    0   33    1   18    0   15    0    0    0    0    0    5    0    5   20   31    8    0    0    0    0    0    0    0    0    0    0   29   28   40   17    0    0    0    0   26    0    3   11    0    0    0   39    0    0    0   37   38    0    0   17    0    0   44    0   23    6    7   22   45    0   34   35    0    0    2   25    9    0    0   30    0   33    0    0    5   19    0   12  
   0   19    0    0    0   39    0    3   34   44   42    0    0    0    0   36   16   10    7   22   27   26   31    8    2   14   32    0    0    0    0   15    0    0    0    0   20    0    6   35   23    4    0    0    5   34   29    0   13    0    0   21    0    0    0    0    0    0   16    0   27    0   18    0    0   12    0    0    0    0    0   37   45   30   41    0    0    0    9   33    9    0    1   11    0   19    0    0   25   24    0    0    0   28   38    0   40   43   17    0  
   0   14    0   20    0    9   42    0    3    0    0   25    0    0    0    0    0   22   19    0    0    0    0   38   33    0    0    0    7    0    0    0    0    0    4   28   41    0   26   24    1    0    0   29   17    5    0   35    2    0   18   20   44   17   39    0    0    0   37    0   23   30    0    0   17   27   16   32   45   43    0    0    0    0    0    6   34   12   15    0    0   36    8   25    0   40   31    0   13    0   21    0   11   17    0    0    0    0    0   10  
  43    0    0    0   34    0    0    0   20    0    4    0    0   27    7   11    0    0    0   29   19   26    8    0   37   21    0    0    0   11   31    0    0    0   30   11    6   39    0    0   36    0   20   45    0    0    0    0    0    3   15    0   28   35   23    0   14   23   41    0   40   22    0    0    0    0    0   44   24    0   18    0    0    5   42   10    1    0    0    0   12   25    0    9    0   33    0    0    0   38   16   17    0    0   13   32    0    0   39    2  
   0    0    0   24   36   42   14   12    6    0    0    0    0    0    0    0    0    2    0   18   20    0   30   39    0    0    0   16   31   32    0    0    0    0    0    0    0   13    0   25    5    0   32    0   38   26    0    0    3    0    8    0   44    0    0   45   41    0    0   28    0   33   17   11   23    0    0   28    0    0   34    1    0    0   19   29    0    0   10   33   40    9    0    4    0   11   15    0   27   35   33   37    7    0   21    0    0   43   22    0  
   9   31   43    0   32   31   28   23   35   20   22   34    8    0    0   19    0    0   29    0   13   40   42   30    7    0    0   24    0   45   15    0    1    4    0    0    0    0    0    0    0    0   18   27    0    6   19   25    0    0    5   14    2    0   24    0   10    0   26    0    0    0    0    0   37    0    0    0   16    0    0    0    0    0    0   38    0   33   11    0   44    0   17    0   12    0   41    0   36    0    0   21    0    3   40    0    0    4    0   39  
   0   11    0    0   26   22    0    0    0    0   40    0    0   26   31    0   29    0   20    0    8    0    5    0    0    0   13   44    0    0   16   34    0    0   12    1    0   15   28    0    0   17    0    0   22    0    0    0    3    9   41   18    7    0   23    0    0   38    5    0   39   43    0   27   42    0    0   10    4    0   45    0    0    0   14   17    0   40   33   37   24   35    0   25    0    0    0    0   32    0    0   21    0   36    0    0   19    6    2   30  
  14    2   44   32    0    0    0   36    0    1    0   13    7    0    0    0    0   15    0   36   21    0    0    0   24    0    0   40    0   16    0    0    0    6    0    0   28   33    0    0    9   37    0   42   31    0   34    0   25    0   29   27   30   22    0    0    0    0    0   35   38   17    0    0   41    0   28    9   43    0    0    5    3    0   11   20    0   10    0   18   23    0   25   39    0    0    0   26    8   45    0    0    4   19   12    0   20    0    0    0  
  34    1    0   16    6    0   23    0    0   35    0    0   13    0    0    0    0   30    0    7   14    0    0    7   33   19    0   27   33   38    0    9   19    3    0    0    0    0    0    0   25   39    5   20    0    0   45   18    0    0    0    0    0    0   43    0    0    0   10    0    0   37   24    0   25   44    0   29    0    8    0   21   22   28    0    0    0    4   36    2    0   42   40   26   31    0   15   41   44    0   32    0   17    0    0   11    0   12    0    0  
  17    0    0    1    0    3    0   23    0   25    9   39    0   32   18    0    0    0    0   41    6   31   44   45    0    1    8    0   37   33    2    0    0    0    0    0   13    0    0   12   42    0    0    0   35    0    0    0   10    0   38   20    0   30   43   19    7   24    0    0   21   36   11    0    0    0   25    0    0    5    0   40    0    0   16   29   30    0   22    0   30    0    0    0    4    0    0    0   26   14    0    0   15    0   30    0   28    0   27   34  
  13    2   23   21   44   24    0   32    0   20   37    0    0    0   34    0    0    4    6   36    0    9    0   29   16    0   42    0    0   31    0    0    0   25   28   41    0    0    0    7   39   15   45   38   22    0    0    6   33    0   14   26    0   27   30    0    0   13    0    0   35    0   19    0    0    0    1    0   17    0    0   40   11    0   43    0    0   23    0    0    0    8   29    0    0    0    5    3    0    0   18    0   10    0   29    0   12    0    0    0  
   0   39    4   17   27   38   40   34    0    0    0    0    2    0   43   38   32    0    0    0    0   37   22   30   36    0    0    0    0   24   12   29    0    0   15    0    0    8   25    0   31   27   14    0    0    0   16    1    0   21   24    0    5   45   23    9    0    0    0    0    0    0    0    0   29    0    0   41    0    0    0   35   26   44    7    0    0   11   28    0    0    0    6   20   42    0    0    0    0    0   33    0   18    0    0   10   13    3   19   45  
   0   32   13    1   34    0    0   44   12   17    0    0   18    0    0    0    0   24    0   43   11   37    0    0   45   27    0    0    0    0    0   38    0   28   15    0    7    0    0    0    0    6   29   21    0    0    0    0   36    0   21    0    0    0   33   45   18    2   14   40    9    3    0    0    5   25    0    0    0   35    0    0    0    0    0    0    0   42   23   10   19   26   20   31   22    0    8    0   36    0    0    0    0   39    4    0   16   30   41    3  
  14    0   22   45   38    0   17   27   13    0   26   12    0   30   16   15   14    4    2    0    0    0   39    0   15   20    0    0    0    0    0    0    0    0    0    0   29    6    0    0    0    0    3   28    0    0    0    5    0   34   21    9   19    0   24    0    0   37    0   41   42    0    0    7    0    0    0    0   32    0    0    0   18    0   23   40   43    0   28   44    8   25    0    0   39    0   26   36    0    0    0   35    1    0    0   31   33   10    0   11  
   0    0   13    0   32    0   14   21    0   23   42    0    0    5   10   20   25   40   30    0    0    0   35   28    1   29    0   22   34   37    0    0    0   36    0   19    0    0   26    0    0    0    0    0   31   41    0    5    3   17    0    4    8   38    9    2    6   17    0    0    0    0   16    0   45   11   44    0    0    0    0    0    7   39    0    0    0   27    0   38    0    0    0    0   43    0    0    0    0   34   18   24   12    0    0   33    0   15    0   38  
  44    0    0    2   40   32   17    0    0    0   20    0    5   19   11   42    0    0    0   37   34    0   29    0    3    0    9    0    0    0    0    0    0    8   35    0   21    0   31    0   22    0    0   38    7   12    0    0    1    0    0   18    0    0   24   28   23   14    2    0    4   22   10    0    0    0   25    0   33    0   45    0   30   13    0    0    0   15   41    0    6    0    0   28    0    0   26   39    0   16   17    0   27    0   37    0    0    0   36   43  
  30   37   35    2   22    7    5   29    0    0   14    0    0   36   25   13    0   19   26   44   24    0    0   15   45    0    0   16   45   19    0    0   28    0    4    0    0   18   12    0    0    0    1    0    0   23    0    0    8    0    0    0    0   39    0    0    0   41    9   26    0   32   21    0    0    0    0    0   31    8   40    0    0    0    0   34   20    0    0   17   43    0    0   10    0   27    0    0   11   42    0   38    6   43    0    0    0    0   33    3  
   6   12   14    4    0   13   42    0   31   29    0   30   43    0    0    0   21   37    9    0   31   32    0    0    0    0    2    0   10    0    8   26    0   28    0   18    0    0    0    0    0    0    0   34    0    0   15   24    0    0   44    0   23   27    0   20   39    1    0    0   18   16    0   19    0    0    0    0    0    0   33    0    6    0    0   36    0    3   22   38    0    6    0    0   41    7   11   40   35   17   25    0    0    0   45   24    0    5    0    0  
   0    0    3    0   39    0    0    0    0    0   45    0    0    0   43   38    0    0   29    0   17    0   36   32    0   25    0   23   28    4   42    0    0   14    0    7   34    0   20   24    0    0   44    0    0   33    0    0    0   18   10   13   27    8    0   24    9    0    0    0   15   16    0    0    5    1    6    0   40    0    0    0   41   37    0    0   19   40    0    0    0   11   30    0   22    0   30   31    0    0   12   21   26   40    0   41   35    0    0    2  
   0   22    0   33    0   21    0    0    0    0    3    0    0   42   18    0    0    1   30    0   40   13   44   20   15    0   16    0    9   12   43    0    0   28    0   26    0   25   22    0    4    0    0    0    0   45   11    0    3    0    0   19    0    0   36   41    0    0    0   38   32    0    6    0    0   23   34    2    7   39   29    0    0    0    0    0    0   10    0    8   27    0   41    0   31    0    0    0    0   35   17   20    5   24    0    0   37   19   14    0  
  15    0    0   13   20   42   34   12    0    0   38   21   39   28   11   30   35    0    0    0    0    0    0    4    1   30    0   44    0    0    0   25    7    0    0    6    0   16   37    9   36    0    0   40    0    0    0   17    0   27    0    0   22    0   37   14   19   26   43   33    0    0    0    0    0   32    0   12   24    0   41    0    0    0    0    0    0   45    0   11    0   29    0    0   23    8   31    5    3    6   10    2    0    0    0    0    0    0   18    0  
   0   26   27   37    0    0    0   20   31    0   29   18   22    0   19    0    0    6    0    0   39   38   12   15    5   41    0   17    0    0    0   23   11   30    0    0   28   10    0    0    7   28   11   44   24   32   13    0    0   21    0    0    8   42    0    0    0   40    0    9   36   43    0    0    0    2    3   35    0   45   34   14   25   17    0   19    0    0    1    0    0    0   16    0    0    4    0   33    0    0    0    0    0    0   35    0    0    0    0    0  
   0   22    0    0   32   20    2    0   43   16    3    0   18    0    0   15   35    0   38    0    0   33    0    0    0    0   42   31    0    0   19    0    0    0   23    0   14   10    0    0    0   17    0   30    1    0   41    0    4    0    0    7   19   11    0   40    0    9    0    5    0    0   24   13   28   21   37    0   34    0    0    2    0   12    0   27    0   36    0    0    0   25   45   22    6    0   44    0   39    0   26   16    0    0   29    0    8   39    0    0  
   0   43   21   41    0    0    0    0   31   25    0    0    0    0    0   28   23   19   20    0    0   40   39   22    0   27    0    9   44   37    0    0   34    0    0    0   14   16    0    0    8   13    0    0   17    0   12    0    0   33   35   45    0    0   12   42   14   38    4   36    0   11   26    2    0   35    6    0    0   29    0   14   24    0    0    3    0    0    0    0   18    0   32    0    1    0   30    0    0    0   44    0    7    5    0    0    0   10    0   15  
   0    0   10    0   18   13    0    1   11   27    0    0    0   33    0   28    0    6    0    0    0    0    3    0    0    0   22    0   22   42    0   40    0    0   37   13   32   14   41    0   19    0    0   44   24   12    0    0   43    0   35   13    0   38    0    0    0    7    0    9   15    0    0   39   17    4    0    0    0   20   45   25   16    0    0    0    2   23    0    0    0    0   36    0   26    0   25   34    8   29    0   21    0   31    5    0   23   30    0    0  
   2   21    0   41    5    0    0    0   22   30    0   27    0   23    0    0    0   28    0   37    0   42   41   32   25    0   39   13   38    3    0   45    0    0    0    0   19   12    0   29    0    0    0    0   18    0   10   30   15   23    0   35   20   16    9    0   24    0   31    2   40    0    0    0    0    0    0    0    0   34    0    0    0    0    0   26    1   31    0    0    0   36    0    0    0    0   43    0    7   33   14   44    0   17    8    6    0    4   11    0  
   0   33    0   10    0    8    0    0   34   26   43    0    0   40    0   36   22    0    0    0    0    0   20   45   15    0    0    0    0    0   13    0    6    0   41    0    0   42    4    0   44    0   18   19    1   21   30   39    0    0   29    0    2    0    4   17   12    0   28   16   23    0   24   14    0   43    0   35   27    0   22   11    0    0    3    5    7    0    0   37    0    0    0   32    7    0    0    0    0    0    0    0   31   41    0    0   38    0    9   25  
  28    0   43    0    3    0   32   39   17   43   23    0    0    0    9   27    0    0   42    0    0   41    5    0   13    2   45   24    0    0    6    0    0    0    0    8    0    0   35    0   19   16    0    0    4   37   21    0   10    0    0    0    0    0   29   31   20    1    0    0    0    0   30   18   12   11    0    0    0    0   33    0   45    0    0    0   25    0    0   15    0    0    0   44   40   22    2    0   26   38   34    0   39    0    7   14   36    0   37    0  
   0    8    4   44   14    6   18   21   33    0    0   16   42   15    7    0    5    0    0    0   11    9   32   35   38   31    0    0   36    0   41   15   39   27   43   10    0    0    0    0   30   22    2    0    0    0   12   31    0   24    0   13    0   34    0    0    0    0    0   29    0   25    3   44    0   26    0    0   40   20   19    0    0    0    0    0   45    0   23    0    0    0    0   37    0    1    0    0    0    0    0    0    0    0    0   15   28   22   17    0  
  43    5   40    0    0   32    0    0    1    0    0   15    3    0   19   18    4    0   25    0    0    0   22   28    0    0    0    0   23    0   33   37    0    0   42    7    0    0   26   27    0    0   35    0    9    0   32   17    0   31   34    0    0    0    0   14   13    0    0   10    0    0    0   21    0   12    0   44   45    6    0   29   41   38   40    0    0   22    0    0    0    0   36    2   20   30   18    0    0   11    0   24   39    0    0   25   16    0    0    8  
   0   34   41    0    0   24    0    0   38   40    0    0    0    5   18   44    0   37   32    0   31    2    0    0   30    0   35    0   17    0    0    9   14   30   28   10    0    0    0   23    0   15    0    0   33    0    0    0   16   32    0   19    0    0   25   36    8    4    6   39    0    0   45    7    3   22   13    0   39    0   11   26    0    0    0   20    0    0   12    0   29    0    0    1   45    0    0    0    0    0    0   27   31   21   42   43    0    0    0    0  
   0    6    0   26   34   30   35   40    0    0    0    0    0    5   21    0    3   15   44    0    0   37    0    9   22   28   16    0   19    0    4    0    0   33    0    0    0   12   36    1   31    0    0   35    0    0    0    0    8    0    7   40    0    0   34    0   16    0    0   13    0    0    0    0   43   29   27    0    0   18    0   10   17   42    0   38   11   23   14    0   32   39   24   45    0    0    5    2    0   25    0    0    0    0    0    0   41    0    0   20  
  36    0    4   28    0   24    0   23   39   31   44    0   25    1    8    0    0    0    0    0    0   30   32    0    0   43    6   29    3   44   19   35   14    0   16    0    0    0    0    0    0   21    0    0    0    0    0   41    0   35   13   45    0    0   40    0    0   38    0    0    0    0   26   27    0    0   42    0    1   42    0    0   34   11   18    2    0   37    0    0   20   22    0    7    5   12    0    0   15   10    9    0   44   33    0    0   17    0    0    0  
   0    0    0   45    0    0    0    0   36   20   32    0   29    0    0    0    0   41    0   25    6    0    0    5    0   42    0    0   43   24    0    0    0    9    0    0   11    0   10   34   40   35   12    0   21   33   23    0    0   15    0    8    0   15    7   44    0   39    0    3   14    0   38    7    0    2   16    0   28    0   30    0    0    0    0   31   17   12    0    0    0   27   37   22    0    1   18   19   26   43    0    0    0    3    4    0    0    0   13    0  ] 
BUDGETS : [    2    7   13   15   22   24   25   34   34   36   37   54   56   57   59   60   62   69   71   72   74   74   75   75   75   77   78   81   85   89   90   91   94   95   99  100  102  103  105  107  107  111  114  116  118  124  124  124  126  128  134  134  134  136  139  140  141  142  143  143  143  144  145  146  148  148  148  149  152  155  157  160  161  165  165  169  170  171  172  173  174  177  178  183  184  184  186  186  188  189  189  190  190  193  193  193  195  196  199  200  ] 
