K : 100
I : 100
PREFERENCES : [   97   93    0    0   69    0   77   94    0    0   62   63    0    0    0   87    0    0   99   89    0    0    0    0    0   95    0    0   76   70   85   88    0   74   65   96    0   91   69   68   84   80    0   95   71    0    0    0    0   86   83   77    0   58   72    0    0    0   59    0    0    0    0    0   75    0    0   56   78    0   57   64    0   79   66   92   81    0   73    0   98    0   61   67    0   60   90    0    0    0   60  100    0    0   82    0   58    0    0    0  
   0   98   70   99    0    0   65   73    0   83    0    0   66   76    0   93    0    0   72    0   97    0   67   85   79   64  100    0    0   77   86    0    0    0   81    0   87   80    0    0   69    0    0   62   66   61   96   85    0   66   94   71   89   92   57   75   82    0    0   95   91    0    0   78    0   56    0   74   84    0   59    0    0    0    0   58    0    0   60    0    0    0    0    0    0    0    0   88    0    0   94    0   90   63    0   68    0    0   98    0  
   0   69   82    0    0   90    0    0    0    0   73    0    0    0    0    0   89    0    0   80   98   60    0    0    0   94    0    0   57    0    0   56    0    0   68    0   93   62   59    0    0   61    0    0   79    0   97    0   84   95    0    0    0   70   63   88    0   72   90   99    0    0   77    0   65   85   96   67    0  100   64   92    0    0    0   81   58   84    0   78    0    0   89   64    0   83    0    0    0    0   66   76   86   91   87   74   75    0   71   77  
   0    0    0   78    0    0   92   65    0   74    0    0   71    0   59   82   62    0    0   87   84   64   83    0  100    0    0    0    0   84   73   69    0   79    0   72   80   56   77   80    0    0   81    0   85    0   91   67   70   66   83    0   93    0    0   63    0    0   99    0    0    0    0    0   88   89   76    0   86   96    0    0   56   75    0   90   97   79    0    0    0    0   68    0   98    0   94   60    0   61    0   57    0   58    0    0    0    0    0   95  
   0    0   64    0   95    0    0    0    0   80   65    0   62   58   92    0    0   77    0    0   57    0   96    0    0   89    0   84    0    0    0    0    0   75   80    0    0   81   85    0   70   74    0    0    0   60    0   78    0   79   82    0    0    0   83   86   67   63    0   71    0   97    0   75    0    0   70    0   98    0   88   66   91    0   90    0   61    0    0   91    0    0    0   94   72   93   59   69    0    0    0   99   56   95   68   76    0   87  100   73  
   0    0    0   69    0   92   72    0   89    0   76    0    0    0   90    0  100    0    0    0    0   73   58   65    0   79    0   87   94   56   63    0    0    0    0    0   70    0   97   57   71   96    0    0   77   77    0   74    0   88    0   84   81    0    0    0   91   93    0   86   60    0    0   98    0    0    0    0   99   92   82    0   64   83   67   66    0    0   59    0    0    0    0   95   78   75   61    0   62   81   63   68    0    0    0   85  100    0   80    0  
  70    0    0   71    0    0   87   93    0   99    0    0    0    0   69  100    0   59   91    0    0   63   68    0   60    0   82    0    0    0   76   57   90    0   94   79    0   61    0   88   98    0   81   75    0    0   65    0    0   58   89    0   85    0    0    0   56   97    0    0   90    0   64    0    0   74    0   86   67    0    0    0   96   72    0   62    0    0   84   73   96    0   80   95   92   66   78    0    0   83    0    0   77   94    0   97   83    0    0    0  
  91    0    0   74   57   66    0    0    0   80    0   99    0    0   92    0    0    0    0    0    0    0    0    0    0    0   64    0   72   77   82   63   68   78   75    0   68   72    0   93    0   96   58   76   95   67    0   73    0    0    0   85    0    0    0    0    0    0    0   89   88   87   70    0   59    0   60  100   81   83   98    0    0   71   60   65    0   94    0    0   64    0   84   97    0    0   89    0   79    0   62    0    0   90   61   56   86   69    0    0  
   0    0   60   98   62    0   84   59   78    0    0   61   66   84   92   89   85    0   83   62   79    0   65    0   95    0   84   67    0    0    0    0    0    0    0   86    0    0   58    0   94    0   87    0    0   97    0    0   74   73    0    0   77   77   96    0    0    0   71    0   93    0   72    0    0    0    0   63   68    0   56   92    0    0    0    0   69    0   80   99   90    0  100    0   64    0   57   81   75    0    0    0   82   91   76    0    0   88   70    0  
  62   60    0    0   89    0    0    0   90    0   73   61   84   74  100    0    0    0   65   69    0   70   64   81    0   80    0    0    0   78   96    0   99    0    0   79   88    0   60    0    0   77   91    0   98   57    0    0   90    0    0    0   67   75    0    0    0   68   83   94    0    0   86    0   82    0    0    0   97   92    0    0   88   77    0    0   76    0   85    0   66   79   59    0   56    0   93   63    0    0   58   72    0    0   71   87    0    0    0   95  
   0    0   61   85    0   56   86    0    0    0   71   73   66   58    0    0    0    0   90   87    0    0    0    0   64   83    0    0   60   78   93   97   69   63    0   75   82   76   57    0   99   98  100    0    0   85   59   92    0    0   74   93   84    0   94    0   62    0   67   65   89    0   68    0    0    0   82    0    0    0    0   72   76    0    0   71    0    0   91    0    0    0    0    0   81   88   70    0    0   77   96    0    0    0   80   95    0    0    0   79  
   0   88   84    0    0   59    0    0   65   69    0   85   62   87  100    0    0    0    0   99   56   72   78    0   92    0    0    0    0    0   97   94   82    0   63   83   95   64    0   70    0   99   84    0    0    0   74   98   75   67   89    0    0    0   91   57   79    0    0    0   80   76   62    0    0    0    0   60   96   61   93    0   66    0   58   65    0    0   93    0    0    0    0    0   73    0   71    0    0    0   90    0   68   81    0    0   86   77    0    0  
   0   67   97   99   60   57   84    0   72    0    0   89    0   68   62   78   59   92    0   98   86    0   80   83   69   82    0    0   56   74   73    0    0   88    0   90    0    0    0    0    0   94    0   96   75    0    0   85    0  100   70    0   79   76    0    0   72    0    0    0    0   87    0    0    0   76    0   88    0    0   63   61   71   77   93    0    0    0   62    0    0    0    0   66   81    0   91   95   88    0   64    0    0    0    0    0   65   58    0    0  
   0    0   97   74    0    0   99    0    0    0    0   76   68    0    0    0    0    0    0    0    0   91   66    0    0   70    0   73   69   59    0   64    0   95   98   60   86    0   92   58    0   88   65    0   57   56   73   90   89   93    0    0    0   62    0   73   87    0   84    0    0    0   80    0    0    0  100    0    0    0    0   77    0   78    0    0   81   71   94    0    0   96   67   72    0   75   61   87    0   79   85    0   98   63   82   63    0   83    0    0  
  74    0    0    0    0    0   95    0    0    0   93    0    0    0   78   59   71    0   62   89    0    0    0    0   90   91    0    0   82    0    0    0   75    0   79    0   76   96   66   67    0    0   63   78   87    0   73    0    0   82    0   92   56   85   65   97   79   94    0   60   58    0    0    0   68    0   88    0    0    0    0   81    0    0   84   63   69   98    0    0   63   57    0    0   77    0   61   70    0  100   99    0   83    0    0   72   86    0   80   64  
   0   68   70    0    0    0   84    0    0   69   67   75    0   65   84   94    0    0    0   63    0    0   82    0   99   58   59   66   78    0    0    0    0    0    0   88    0    0    0    0  100    0   65   57    0    0    0   85   73   98   81   89   95    0   62   91    0    0    0   92    0   72    0    0   61   71   60    0   90    0   94   75    0    0    0   96   87   97   64    0    0    0   66    0   77    0   86   93   83    0   79    0   76    0   74   80    0    0    0   56  
   0   81    0    0    0   98    0    0   59    0   73  100   95    0    0   90   72   64   74   59   61    0    0   69   92   82   89   65    0    0    0    0   78   96   91   87   77    0   56    0    0   76    0    0   71    0   86   63    0   80    0   97    0   86   57    0    0   70    0   58   83    0    0   84    0   67    0    0   88   75    0    0   99   94   62    0    0    0   79    0    0   87    0   87   85   93    0    0    0    0    0   66   68    0    0    0   89    0    0   60  
   0   60    0   58   92    0   88    0    0    0    0   71   92   66   83    0    0    0   59    0    0    0   74   81    0    0   97   90    0   67    0   63   94   69   99    0    0   61    0   82    0    0   79   75    0    0    0   80    0   56    0    0   77   57   96   76    0   64   98    0   91   65    0    0   89    0   78    0    0   84    0   86    0  100   93   72   72    0    0    0   73    0    0   85    0   87   95    0   70    0   91    0   60    0    0    0   68   96    0   62  
   0   61    0    0   65   58   80   57    0   85    0    0    0   73    0   70    0    0    0    0    0   79    0   87   95   59    0    0   74   83   75   77   67   88   98   78   89    0    0    0   79   79    0    0   69    0    0    0   62   82   72    0    0   64   66    0    0    0    0    0   86   97    0    0    0    0   90   81    0    0   99    0    0    0   60   66    0    0   94   83   68   92    0    0  100   56    0   93    0    0    0   84   91   96    0    0   76   71   63   60  
  91    0   61    0   99    0    0   71  100    0    0   75   82    0   81    0    0    0   92    0   79   96    0   95   89   65   69    0    0    0    0    0   78   85    0   63   78    0    0   98   97    0    0   83    0    0   58    0    0    0   90    0    0    0   68    0   66   64   70   64    0    0   87    0   60   57   72   93    0   67   94    0    0    0   77   76    0    0   96    0    0    0   80   62   74    0   82    0   56   59    0    0   88    0    0    0   89   73   86   84  
   0   58   74    0    0   94    0    0   57   90    0   87   67    0    0    0   95    0   63    0   88    0    0    0    0   91   59   89    0    0   80   96    0    0   86   92    0   67    0  100   71   84    0   63    0    0   83   85   99    0    0    0    0   61   62    0    0    0   66    0   70   68   78    0   72   79    0   68    0   97   82   82    0   56   64    0   75    0   81   69   65   77    0    0    0    0   73    0   81   76   98    0    0    0    0   60    0   93    0    0  
   0    0   68   57    0    0   96   88   67    0   65   58   91    0   77    0   63    0   82   72   71   56   79    0   69    0   73   60   98    0    0   91   87   64    0    0   66    0  100    0    0    0  100    0    0   84    0    0   74    0    0   61   95   59    0   83    0   99   89    0   86    0    0    0   75   90    0    0   85    0   69   70   97    0    0    0   80   81    0    0    0    0    0    0   93    0    0   94    0    0    0    0   71    0   92   78   64   62   76    0  
  88    0    0    0   62   73   60    0    0    0   83    0   97    0   79   99    0   69   90    0    0    0    0   63   64    0   81   66    0   71   76    0   71   70   89    0   74   65   94   58    0   96  100   67   64    0   73   81    0    0    0   95    0   93    0    0    0   75    0    0    0   98    0    0    0   77   68    0    0   59   92   91    0    0    0    0   80   82   57    0    0    0   72   85   86    0   94    0    0    0   56    0    0   87    0   84    0   61    0   78  
  89   95   66    0   91   74    0    0   85    0    0    0    0    0   76    0   97    0   97   58    0    0    0   86   99   72   71    0   59    0   90    0    0    0   84    0   57    0    0    0   83    0    0    0   58    0   67   80   62   72    0   97    0    0    0   64   70    0    0   79   63    0   82  100   77    0   68   69    0   65   60    0   73   93   87    0    0    0   56   81   58    0    0   75    0    0    0    0   96   88   98   94   61    0   78    0    0    0   92    0  
  78    0    0    0   72   86   98    0    0   56    0    0   64    0   82    0   76   72    0    0    0    0   93   57   97   89   99   68   81   69    0    0    0    0    0   95    0   59  100   94    0   67   61    0   65   73   84    0    0   79   83   60   88   75   77   80    0    0   92   87    0    0    0    0   66   91    0    0    0    0    0    0    0   83    0    0    0   74    0    0    0   59    0    0    0   67   85   90    0    0   58   78   71   96   62    0   70    0   63    0  
  58    0   92   72   60   59    0   84   94   78   91    0    0   95    0   57   62   62   63    0   86   79    0   71    0   74   73    0    0   89    0    0   96   85    0   66   59   65    0   60   70    0   90   64    0   87   98    0    0    0    0   68   93    0    0    0    0    0    0   88    0   61    0    0    0    0    0   80    0    0    0   67   82   56   77    0    0    0    0   83    0    0    0   97    0   83    0    0    0   99   76    0    0   60  100   81    0   75   69    0  
   0   62    0   70    0    0   81    0   76    0   59    0    0    0   73   67    0    0    0   91    0    0   57    0   58   97    0   96   99    0    0    0   89    0    0    0   63    0   82   71   75    0   79   90   64    0    0    0   86   92   94   88    0    0   98    0    0   77   97    0    0    0  100    0    0    0   87   80   74    0    0   85    0    0    0   66   84   83   99   69   91   78    0    0    0   56   87    0   83   95   61    0    0   60   93   68   72    0    0   65  
  95   83    0   91    0    0    0    0   61    0    0   77    0    0    0   99    0   67   70   72    0   98    0    0   71    0    0   63    0   81    0   93   85    0   62    0    0    0    0   83    0   90    0    0   79    0   75    0   74   89   80    0   97   84    0   66    0   56    0    0   68   57    0   71   58   88    0    0    0   65   71    0   76   60    0   86    0    0   87    0   92   59   96    0   63    0    0   94    0    0   64   61   78    0   69   73    0   82    0  100  
   0   68   92    0    0    0    0   87   62   80   96    0   99    0    0    0    0   70   72   93    0   82   98    0   66   86    0   76    0    0   63    0    0    0    0    0   97  100    0    0    0   74    0    0    0    0   69    0    0   57   90    0   89   67   92   60   59    0   71    0    0   56    0    0   94   76    0   64   84    0    0   77   73   75    0   71    0    0   99    0    0   65   88    0   92   81    0   95    0   78   58    0    0   91    0   85    0   79   61   83  
   0   58    0    0   70    0   98   87   95    0    0   76    0   94   70    0    0    0    0    0   72    0   90    0   78    0   88    0    0   64   60    0    0   77   57   59    0    0   64    0  100    0   74    0    0    0   97    0   73   75   69    0    0    0   91    0   86    0    0   56    0   93   68    0    0    0   84   95    0   89   62   82   83    0   81   63    0    0    0   96   79    0   85   65   99    0   61    0    0   91    0   80   71    0   61    0    0   66   67   92  
  69   94   91    0   67   66    0    0    0    0    0    0   77    0    0   70    0    0   86    0    0   99    0   61    0   73   78    0  100    0    0    0    0    0   79    0   84   68   87   83   75    0    0    0    0   81    0    0   74   76   79   80   56   97   96    0   71   56    0   90    0    0   66   85   86    0   62   58    0   72   63   89   98    0   95    0   92    0   65   93   59    0    0    0    0    0   60   69    0    0    0   82    0    0    0   57   88    0   64    0  
   0   90   69    0   86   75    0    0   76    0   81   87   78   80    0    0   73    0   94   71    0    0    0    0    0    0    0   93    0    0   65   61   82    0  100    0    0    0   60   79    0   64   61    0    0   74    0    0    0    0   84   72   89   96   88    0    0   96   92    0   99    0    0   94    0    0   77   97    0    0   66   56    0    0   62   83   98   70    0    0   67   91   63   59   85   68    0    0    0    0    0    0   85    0   95   57   64   58    0    0  
   0    0    0    0  100    0    0   97    0    0    0   65   68   87   59    0    0   64   89   72   75    0    0   88   66   83    0    0   86    0   94    0   81   91    0   96   92   58   82    0   66   67    0    0   77    0    0    0    0    0   60   85   74    0   61   77   63    0    0    0    0    0   84    0   70   56   95    0   62   98   84    0    0    0   99   64   93    0   73    0    0   71    0   79    0   86    0    0    0    0   78   69    0   57   76   80    0   90    0    0  
  60   89   79   92    0    0   98   96    0    0   71   75  100   61    0   97    0   74   73    0   61   71    0    0    0   78   63   86   93   58    0    0    0    0   74    0    0   59    0    0   57    0    0    0    0    0   63    0   57   91    0   81   94   90   56   88    0   83    0    0    0   77   62    0   76    0    0    0    0   68   84    0   66   64   85   70   65    0   87    0    0    0    0   82    0   67   80    0    0   72   69    0    0    0    0   99   95    0    0    0  
  75   61   66   69    0   73   73    0    0   70    0   87    0    0    0    0   93    0   67    0    0    0   99    0    0   64  100    0    0    0    0   80   81    0    0   84    0   85    0    0    0   94    0   63   76   86   79    0    0   92    0   83   74   78   98    0   65    0   71   60    0   56    0    0    0   59    0   95    0   89    0   77   87    0   97    0    0   57    0    0   57   72    0   57   96    0    0    0   58   72    0    0    0   82   90   62    0   68   88   91  
  79   92   76    0    0    0    0    0   84    0   81    0   90    0    0   91    0    0    0   94    0   71    0   78    0    0    0   64   83    0   97    0   93   96    0   78   80    0    0   66   63    0   85   69   75    0   87    0   72   99    0   78   98    0   56    0   82    0    0   88   61   62   57    0    0   86   58    0    0   89   59    0   88    0    0    0    0    0   73    0    0    0  100   67   65   77   70   68    0    0    0    0    0   95   74   60    0   77   88    0  
   0    0   74    0   63   71    0    0    0   70    0    0    0   62   89   76   86    0   59   91    0   87    0   97    0    0   88   77    0   73   96    0   77   94    0    0    0   78    0    0   66    0   80   84    0    0   61    0    0    0   79   85    0   58   56    0    0    0    0    0    0   93    0    0    0    0   72   90    0   81    0   62   69   60   67    0   95    0   75   82    0   65   98   73    0   66   68    0    0    0   57    0   64   83    0   92   99    0  100   86  
  63   98   86    0   66    0    0    0   62   71    0   57    0   80    0   93    0    0    0    0   94    0   60    0    0    0    0   95    0    0   70  100   59   78    0    0   79   90   62   84    0   79    0    0    0   89   56    0   99    0   83    0   96   69   85    0   88   77    0    0    0    0   73   58   91   77    0   82    0    0   61    0    0    0   74   65   65   75   65    0    0   76    0   67    0   64   92    0    0    0    0   87    0    0   72    0   81    0   97   68  
   0   81    0    0   73   63   56    0   72    0    0   86    0   62    0    0   79   90    0   70    0   84   92    0    0    0   95   68    0    0   87   74   65   96    0   63    0    0   82  100    0   89   60    0   80    0    0    0   86    0   64   57   97   59   76   71   93    0   87    0   94   91   66   85    0    0   69   77    0   86   88   61   87    0   75    0    0    0    0    0    0    0    0    0    0    0   67   98   83   58   78    0    0    0    0    0   99    0    0    0  
  94    0    0    0   96   75   70   92   78    0    0   93   93   91    0    0    0   98    0   83    0    0   77   59    0   61   60    0    0    0    0   62   79    0   73    0   75   85   66   99   79    0    0    0    0   71   91    0   56   64    0    0    0    0    0    0    0   88   80    0   69    0   87   81    0    0   84    0    0   58   86    0    0    0    0   97   63   68   72   76   89   82    0    0    0    0    0   67    0   95    0   90    0    0   65   74   75   57  100    0  
   0    0   85   66    0    0   64   86    0    0    0    0    0   75   68   59   80    0  100    0    0    0   61   67   76    0   99   99    0    0   77    0   95    0    0   84    0    0   92    0    0    0   91    0    0   82   78    0   73   74   97    0   83   58    0    0   89   93    0   88    0   87    0   62   90   72   60   63   56   94   89   96   73    0    0    0    0   70   98    0    0    0   83    0    0   65   57    0    0   69    0    0    0    0    0   79   63   71    0   81  
   0   81    0   57    0   89    0    0   73    0    0    0    0   91   58    0    0    0    0    0   87   63    0    0   94    0    0  100   68   73   71   88    0    0    0    0    0    0   65   72    0   82    0    0    0   93    0   99    0    0   59   92   99    0   74    0    0   75    0   83    0   64    0   60   67    0   70    0   76   98   66   90    0   79    0    0    0   86   62    0   56   96   77   66    0    0   80   69   61    0    0   84   90    0   97   78    0   85   61   95  
  73   78    0    0   85  100    0   85   77    0   83    0    0    0    0    0   64    0   89   63    0    0    0   82   98   71    0   91   99   61    0    0   95   59   58   56   87    0    0    0    0   74    0   68   56   93   72    0   75   60    0   97    0   88    0   70   90    0    0    0   96    0   76   69    0   76    0   84   79   92    0    0    0   80    0   86   62    0    0    0   81    0    0   66    0    0    0    0    0   75    0    0   65    0    0    0   57   65   94   67  
  92   64    0    0    0   74    0    0    0   71    0    0    0    0    0    0   99   70   65    0    0   84   66    0    0   96    0   75   68   56    0    0   81   86    0   94   72   57   69    0   85   58    0   91   76   97    0   64   88    0   62    0    0    0  100   67   89   61    0    0   59    0    0    0   83   80    0   98    0    0   76   90    0    0    0    0    0    0   73    0   87    0   95    0   77   78    0    0    0    0   82   70   75   63   79    0    0   93   89   60  
  99   77    0    0   76   68   81    0    0   80   58    0    0   90    0    0    0   59   98    0   62    0    0   63    0   91   69   61    0   88   75    0    0   56   82    0    0   72    0    0    0   89    0   77   72    0    0   96   97    0    0    0   93   60   73   87   84    0    0   57   87    0    0    0   71   79    0    0   92   86    0   95   83    0    0   64    0   70    0   67    0    0    0   88   85    0  100    0   70    0   78   74    0   94    0    0   66    0    0   65  
   0   73   93   97   65    0   80    0   63    0   74   92   58    0    0   83    0    0    0    0    0   70    0    0   62   91    0   82   78   60   59   85    0   76    0   89   79    0   91   63   75    0    0   84    0    0    0   88   86   61   96    0    0   67   69    0    0    0    0    0   98   60    0    0    0    0   95   71   68   57   56    0    0    0    0   66  100    0   77   99    0   87   90   72   81    0    0    0   71    0    0   64    0   94    0    0    0    0    0   81  
  81    0   99   82   85   84   64   97   60    0   98    0   59   94    0    0    0    0    0   75   70   58    0   92    0    0   72    0    0    0   91   99    0    0   69  100    0   83    0   61    0    0   73   78    0    0    0   86   66    0   95   63   68    0   80    0    0    0    0   65   88   93    0    0    0    0    0    0   57    0   96   87   71   79   76   74    0   90    0    0    0   67    0   77   98    0    0    0   98   89   58   86    0    0    0    0   62   56    0    0  
  96   56   63    0    0    0    0    0    0    0    0   62   69    0    0    0   70    0    0    0    0    0   99    0   59    0   73   83    0    0    0    0   94    0   66   98   76    0    0    0   60    0    0   95   89   93    0   65   99    0    0   97   70    0   83    0   91    0    0   79   72   74   86    0    0   92    0    0   67   90   87    0    0   57   81   82   58   95   68    0   71   64    0   77   91   78    0   85   84    0   75    0    0   61    0   80  100    0   88    0  
  97    0    0   60    0   74   59    0    0    0   76   65    0   94   63    0   95    0   86   56    0   78    0    0   72   91   87    0   75    0    0   96    0   70    0   58   68   72    0   66   84    0   81   95   84   93    0    0   98   77   88    0    0    0    0    0   83    0    0    0    0    0    0    0    0    0    0    0   57   64   85   82   73   99   57   80   94   67    0    0   61    0    0   92    0    0   62    0    0    0   71    0   90   79  100   89    0    0   69    0  
   0    0   85    0    0    0   67    0    0    0   86    0   79   95    0    0    0   89   75    0    0   74   96    0    0    0    0   99   83   93    0   90   85   81    0    0   65   56    0   88   76   66    0    0   71   63   91   69   57   91   87    0    0    0   94    0    0    0    0   77    0   60    0   78   68  100    0   82   84   70   97  100    0   62   64    0   92   99    0    0   98    0   59    0   72   58   80    0    0    0    0    0    0   61    0   63    0    0    0   73  
   0    0   72    0   63   80   61    0    0    0   97   81    0   74   73    0   62    0    0   94    0    0    0   93   68    0    0   87   66   56    0    0   76   67   95   83    0    0    0   69    0    0    0   75   84    0   86   96   82   93    0   57   99    0    0    0   90   66    0   85    0   64    0   58   57    0    0   86    0    0    0    0   92   98    0    0    0   78  100    0    0    0    0    0    0   88   77    0   71   60   59   82   91    0   65    0   79   70   89    0  
   0    0   70    0   97    0    0   66    0    0   85    0    0   58   67   72    0   57    0   95    0    0   88  100    0    0    0    0   56    0    0    0    0    0    0   91   80   80    0    0    0   90    0   64   89   59   92   86   82   79    0    0    0    0   76   62   84   68   81    0   83   94   99   59   78    0    0    0   93    0   84    0   65    0    0   98   63    0   74   75   69   77    0   60   71   76    0    0   73    0    0    0    0   96   61   87   88    0    0    0  
  79   94  100    0   83   89   61   63   64   95   87   62   92   91    0   88   68    0   57   82    0    0   69   65    0   86    0    0   77    0   75    0    0   71    0   58   70   56    0   98   72   66    0    0   96    0    0    0    0    0    0    0    0    0    0   74   60   93   67   73   99   64    0    0   80    0    0    0    0   78   92    0   84   64    0    0    0    0    0    0    0    0    0   76    0    0   59   59    0    0    0    0    0    0   85   97   81   90    0   64  
  95   83   65   64    0    0   84    0    0   56   80    0   97   82    0   91   78   70    0   98   85    0    0    0   74    0   86   58    0    0    0    0   69   76   62    0   99   92    0   63    0    0    0    0   67    0    0   96    0    0   89    0   94   59    0    0   74    0    0    0   83  100    0    0    0   71   77    0    0    0    0   88   90    0    0   61    0    0    0    0   81    0   60   74    0    0   66    0   73   68   68   57   72   79    0    0  100   93   87   75  
   0    0   95    0   85    0   66    0   58   68    0    0    0   61   84    0   68    0    0    0   65   94    0   80  100   96    0   78    0   87    0    0   73    0    0    0    0   81   56    0   86   82   75   79    0    0   91    0   59    0   89    0    0    0   90    0    0    0    0    0    0    0   74    0   77    0    0    0   57   76    0   99    0   88   92   98   76    0   72   62   71    0   76   93   63   64   69   83   74  100    0    0   67    0    0   97   70    0    0   60  
  72    0    0    0    0   62    0   65    0   67    0   69    0   79    0   80    0   93   83    0   82    0    0    0   70    0   56   71   63    0   91    0    0    0   88   64   68   62    0   84    0   74    0   92    0    0   98    0  100    0    0   75    0   58    0    0    0   89    0   94    0   78    0   81    0   95   90    0   58   96    0   85    0   61    0   73   87    0   57    0   91    0    0   68    0    0   56    0   99    0   60    0   86    0    0   97   76   66   77   59  
  89   77   92    0   95   91    0   66   86    0   63   90   70   74    0    0   88    0   73    0   82    0    0    0   68    0    0   62    0   84   85    0    0    0    0   67  100    0   99    0    0    0   59    0   57    0   71    0    0    0    0   64    0    0   79   57    0   65    0    0   58   56    0   60    0   97    0   72    0   68   87   93   97    0    0   69   83   75    0   72    0   61    0   76    0    0   81   94   96   80   78   98    0    0    0    0    0    0    0   65  
  56    0   59    0    0    0    0   64   56   92   82   96    0   65   75    0   83   87    0   76    0    0    0    0    0    0    0   80   77   58    0    0    0    0   89   66   91    0    0   62   94    0   73    0    0   67    0   78    0    0    0   68    0   70   69   88   78   93    0   81    0   79    0   86    0   90    0    0   74    0    0   97    0    0    0    0  100    0   90   95   85   61    0    0   63   84    0    0   89   99   58    0   57   98    0   71   72    0   60    0  
  64    0    0   60    0   77   78   95    0    0    0   90   61   89   67   94    0    0   93   96   98    0   99    0    0    0    0    0   83    0    0   58    0    0    0  100    0    0    0   99    0   85   69   79    0   84   62   70   97    0    0   65    0    0   82    0    0    0    0   63   57   59    0    0    0    0    0   88   87    0   93   71    0   91   81   74   76   75   68   66   58    0   73   72   56   76    0    0   80   92    0   94    0    0    0    0    0   86    0    0  
  93    0    0   60    0   94    0   78   82    0    0   65   60    0   71   91    0    0    0   77    0    0   73    0    0    0    0   96   85   58    0  100    0    0   96    0    0   63   63    0   61   76   80   87   97    0    0    0   90   92    0    0    0   69   67    0    0   60   86   81    0   68    0   56   59    0   99   57    0    0    0    0    0   59   75   66   88   74    0   70   64   89    0   79    0    0    0    0    0    0    0   83   84    0   98   72   62   95    0    0  
   0    0   74    0   58    0   99    0   81   56    0   64   90   70    0    0    0   72    0  100   60    0   78    0  100    0    0   98   73   95    0   62   57    0    0   94    0   87    0   61   95    0    0    0    0    0    0   96   68    0    0   82   59   86    0   89   91    0    0    0    0   84    0   65   70    0   85    0    0    0   77   69    0    0   79   97   88   80   71    0   83    0    0   93    0   64    0    0   92   63    0   75    0   66    0   73    0    0   76   67  
   0   79    0   88   74    0    0   89   75    0    0    0   79    0    0   94    0    0   69   76    0    0    0   86   61    0   68   58   61   82   87    0   77   62    0    0    0  100   96    0   99   63    0   57    0   80    0   70    0    0   84   81    0    0   56   67    0    0   92    0   90    0    0    0    0   78    0   59    0    0    0   89    0   85   94    0   64   97    0   73    0    0   93   71    0   98   65    0   87   95   91   83   72    0    0    0    0   66    0   60  
   0    0   75    0   65    0    0    0    0    0    0   64    0    0  100    0    0    0   97   67    0   69   95    0    0   66    0   90   68   63   87    0    0   63   58    0    0    0   81    0   93    0   77   61   88    0    0   86    0    0    0   85   89    0   56   84    0    0    0    0    0    0   88    0   60    0   74   82   62    0    0    0   94   70    0    0   76   98   83    0   57   72   63   78    0    0   59   71   73   92   80   80    0   91    0   79    0   99   75   96  
   0   91   70    0   59    0   66    0   73    0    0    0    0   61   95    0    0  100   83    0    0   58   69    0   90   63    0   82    0   80    0    0   79    0    0   93    0   92    0   81    0   65   76    0    0   60    0   87   77    0   81   98    0   97   85   68   99    0   57    0    0   56   94    0    0   93    0    0    0   71    0   78    0    0   90    0   83    0   67   72   64    0    0    0    0    0   62   86    0    0   89    0   84   88   65   74    0    0   96   75  
   0    0    0   75    0   87    0    0    0    0    0    0   57   56   80   62   72   79   63    0    0    0    0    0   86   58   91   99    0    0   69   65    0   82    0    0  100    0    0   77   94    0   81    0    0   74    0    0   66   73    0    0    0    0   96   95    0    0   98    0   70   84    0   90   72    0    0   97   93    0   72    0    0   59   92    0    0    0   83    0    0   64   67   89    0   60   59   72   85    0   76   68    0   88    0   78  100   61   71    0  
  85   71    0    0   90    0   57    0    0   89    0   63   72    0    0    0   59   61    0   94    0    0    0   99    0   68   65   91   83   77   64   92   69   82   95   80    0   97   88    0   58   79    0    0    0   65   86   62   98   95    0   73    0    0    0    0   83   76    0   60    0    0   67    0    0   87    0   70    0    0    0    0   93   75    0    0    0   81    0   84  100   73    0    0    0    0   74   56    0   96    0    0    0   66    0    0   78    0   98    0  
  85    0   80    0   59    0   91   87   77   97    0   58    0    0    0   65   78   60   74   88   69    0   68  100   83    0   86    0    0    0    0    0   96    0   96   81   70   93    0    0    0    0    0    0    0    0    0    0   72   73   61   84    0    0    0    0   75    0   98   90    0    0    0   62    0    0    0   64   63    0    0   84    0    0   57    0   78   95   94   79   56    0   67   66    0    0   99   76   92    0    0   71    0   68    0    0   96   82    0   89  
   0   82    0    0    0   62    0   98   67   57   59    0    0    0    0   65   85   91   94   79   74   75   70   93   99   87   69    0    0    0    0   86    0    0    0    0   81    0   95   66   78   97    0    0   96   67   72    0   88    0    0   80    0    0    0    0    0    0   85    0   74    0   83    0    0   89    0    0    0    0    0   64   56   71   60    0    0    0   92   68   92    0  100   90    0   82    0    0   76   77    0    0    0   73   63    0   61   58   84    0  
   0   87    0   81    0   92   59    0   98    0    0   76    0    0    0    0    0   79   82    0    0    0    0   63   68    0    0    0   94    0    0    0    0    0   97   73   60    0   75   77  100    0    0   72   84   96    0   66   99    0   83   81   57   84   62    0    0    0   64    0   78   71    0    0   84   74   85   69   56   58    0    0    0    0    0   95   67   89   86    0    0   65   93   76    0   61   70    0   88    0   80    0   90   84    0    0    0    0    0   91  
  58    0    0    0   67    0    0    0   81    0   97    0    0   74   94   90    0    0    0   72   82   75   93    0   64   80    0    0    0   90   70    0    0    0   71   90   95   62    0    0   65    0   81   56    0    0    0    0    0   98   86    0   73   66   78    0   87   78   60    0   61   79    0    0    0    0    0   57   77    0   83    0    0   96   59   91  100    0    0    0   89   76    0   92    0   68    0    0    0   63   85   84    0    0   88   69    0    0   62   99  
   0    0    0   77   65   59   87   89   95    0    0    0    0    0    0    0    0   99    0   83   81    0   71   62    0    0    0   85   70   69    0    0    0    0    0    0    0   88    0   76   96    0   69    0   63   75    0    0   98    0   93    0   57    0    0   56   60    0    0   73    0   68   84   90   78    0    0   73    0    0   67  100    0    0   82   72    0    0   91   68   61   92    0   97    0   90   86    0   74   66   68   64   94    0   80    0    0   58   79    0  
  92   70   58    0   69   70   73   78   66   81   79   67   93    0    0   82    0    0   72    0   88   61   59   71   94    0    0   77    0   56   86    0  100   97    0    0    0    0    0    0    0    0   83   74    0   95   82   76    0    0   96   87   99    0   77    0   91    0   75    0    0    0    0    0   64    0    0    0   85    0    0    0    0    0    0   63    0   68   90    0   57    0   84    0   89    0   60    0   65    0    0   80    0   98   61    0    0   97    0   62  
   0   90    0    0   75   79    0    0    0    0   61    0    0   75   70    0   72    0   81    0   93    0   96    0    0    0   88   57    0    0   85   67    0    0   89  100    0   86   73    0    0   84    0    0   79    0    0    0   98   92   60   83   94    0   78    0    0   63   96    0   62   58    0   74   59    0    0   91   97    0   56    0    0    0   87   84    0   61   68   64   77   66    0   76    0    0    0    0   69    0    0   80    0   65    0    0   82   95   99   71  
  87   99   57   69    0    0    0   65    0  100    0   88   94    0    0    0    0   86    0   65   80    0    0    0   77    0    0   61    0   85    0    0    0   95    0    0   73   68    0    0   92   64    0   59   70    0   67    0   76    0   72   74   71   79    0    0    0    0    0   66   63   84    0    0   60    0   73   92   58    0    0   96   98    0   90   81    0   91    0   83   78    0   76   62    0    0    0   75   93   56    0    0   97   82   89    0   81    0    0    0  
  67  100    0   85   95    0   78    0    0   66    0    0   88    0    0    0    0   71    0   94   87    0    0   94   68   82    0   74   68   63    0   92   82   98    0    0    0    0    0    0   76   62   96   81    0    0   56   83    0    0    0    0    0    0   58    0    0    0   91    0    0   64   77    0   76   57    0   72    0   93    0   80   79   73    0    0    0   97   65   99    0   59   61   75   70    0   86   60   57    0   69    0   84    0    0   90    0   89    0    0  
  84    0    0  100    0   98    0   78    0   76   92   62    0   69   83    0    0    0    0   60   95   70   57   56    0  100   93    0   64   68   99    0    0    0    0    0   88    0    0   89   59    0    0    0   66    0    0    0   91    0   63   81    0   71   58   82   94   77    0    0   80   65   90    0    0    0   76    0    0   96    0   61    0    0   85   72   71    0   79    0   71    0    0    0   97    0    0    0   75   87    0    0   86    0   71    0   73    0   74   67  
  88   99   78   80   57   77    0   69    0   81   64    0    0    0   67    0    0   97   95   65    0   92    0   72   85    0   59    0    0   70    0    0    0   76   73   60    0    0    0   94   62   86   56   63   79    0    0   95   68    0   87   75    0   74   71    0    0   88    0    0   66    0   82    0    0    0  100    0   84    0    0   61   90    0   58    0    0   78    0    0    0   93   72    0    0    0   96   98    0    0   83    0   91    0   72    0   89    0    0    0  
   0   62   97   84   74   63   61   67    0    0    0    0   99    0   58   63   69    0    0    0    0   64   79   71   65    0    0    0    0   77   89   72    0    0   86    0    0   93   76    0   70   74   87    0    0    0   85  100    0   80   77    0   96   56   78   92    0    0    0    0    0    0    0    0   72    0    0   60    0    0    0   66   75   57   94    0    0   90   73    0    0    0   95   81   59    0    0    0    0    0   68    0   83    0    0   91   88   98   82   56  
   0   69   88  100   67    0    0   57   89   84    0    0   83    0    0    0    0   77    0   58   90   64    0    0   56   74    0    0    0    0    0   63    0   73   86    0   94    0    0    0    0   95   72   80    0    0    0    0   65    0   80    0    0    0   68   56   83   99   87   61   92   98    0    0   96   76    0    0    0   66    0    0    0    0    0    0    0   59   78   91   82   75   81   70   79    0   93    0   65    0    0    0    0   62   97    0   85   71   60   98  
  87    0   79   56   63    0   84   74   88    0   75   89    0   71   85   86   87   97   99    0    0    0   62    0   86   81    0    0    0    0    0    0    0    0    0    0   72   95    0    0    0    0   98   73    0    0    0   96    0   67   80   92   82    0   77    0    0   64    0   60   59    0    0   94    0    0    0    0   69    0    0    0   83    0   78   61   58    0   73   57   93   76    0    0   62    0   75   65    0    0    0   66  100    0    0   70   68   91    0   90  
   0    0   88    0   69    0   87   80    0   78   59    0    0   96   91   81   76   61   71    0    0    0   66   73  100   72    0   79   67   64    0    0    0   65    0   82    0    0   75    0    0    0    0    0   70   60    0   96   98   84    0   97   93   63   92   99   95   84    0    0    0    0   85    0   56   90   57    0    0    0    0    0   94   62    0    0    0   74    0   63    0    0    0    0   58    0    0    0    0   67   83   77   89    0    0   68    0   86    0   63  
  57    0    0   99   61   69   84    0    0    0   81    0   96   82   90   59    0    0    0   64   67    0   72    0   98    0   92    0    0    0    0    0    0   93   66    0   80    0   70    0   79    0    0   63   94   89    0    0  100    0    0   83    0    0   77   73   78   87   99    0   97   79   91    0    0    0   76    0   68    0   56    0   71   88    0    0    0   86   60    0   95    0    0   73    0    0   75   62    0   85   84    0   74    0   64    0    0    0   65   58  
  71   64   66   99   79   94   96   72    0    0   87    0    0   65   76   88    0   82   75   57   77    0    0   86   56    0    0   85   56   82    0    0   73    0   97    0    0   83   89    0    0    0  100    0    0   78    0    0   93    0    0    0    0   62    0    0    0   60   92   75    0   69   80    0    0    0    0    0   70   93   61    0    0    0    0   67   81    0    0   84   58    0    0   91    0   74    0    0   90   59    0   63   95   58    0    0    0    0   68   98  
  95   89   87   97    0   88   59    0   70   72    0   71   58    0    0    0   80   64   92    0   70   69    0    0    0    0   99    0   91    0   93   75    0   73    0   83    0    0    0    0    0    0    0   67    0    0   86   77    0    0   57    0   78   74    0   81   62  100    0    0   83   85    0   82    0    0    0    0    0    0   68    0   95    0    0   65    0   98   79   63    0   95    0    0   60   94   90   61   66   84   76    0    0    0   56   77    0   96    0    0  
   0    0   98    0   62    0    0    0    0    0   56    0    0    0   58   63    0    0   72    0   84    0   65   69    0   76    0   78   73   97   59    0    0   87    0   94   67    0   81   77    0    0   57    0    0   68    0    0    0   83   91   88   74   93    0   77   92    0    0    0   86   85    0    0   96  100   95    0   61    0    0    0   60   64    0    0   82   61    0    0    0   90   71    0   79    0   71   70    0    0   89   80   75   61    0   60   66    0    0   99  
   0   79    0   68    0   80    0    0    0    0   98    0    0   59   83    0    0  100   71    0   61   88   57   81   86    0   85    0   92   89   58    0    0   73    0   75    0   76   79    0   97    0    0    0    0   56   90    0   98    0    0   82    0    0   65   60    0    0    0   63   69    0   95    0    0   78   67   99   94   62   72    0    0    0    0    0    0   91    0   93   74    0   60    0   70    0    0    0    0   66   84   81   96   77    0    0   64   82   87    0  
  86    0    0   88   81   59   67   89    0    0   63   80   62   73   90   71   66    0    0    0    0    0    0   97  100   71    0   57    0    0    0   76   94    0    0   95    0   85   64   92   65    0    0   61    0    0    0   84    0   74    0    0   79    0   64   87   82   75   58   68    0    0    0    0    0   69    0   89   77    0   60    0    0    0    0    0    0   56    0   90    0   72    0    0   78   93   70   96   98   95   91   99    0    0    0    0    0    0   83    0  
   0   75   74   64    0    0    0   81   70    0   72   83   79    0   82    0    0   95    0    0   62   63   89   86   96   60    0   84    0    0    0   78   90   71    0    0   73   91    0    0   94   73   90   57   77   69   88    0    0   80    0    0   93   59    0    0    0   61    0   92   65   58    0    0    0   99   98   66    0   56   67   87   76   84    0   82    0    0  100    0    0    0   85    0    0   97    0   68    0    0    0    0    0    0   66    0    0    0    0    0  
   0   79    0    0   69   81   99    0   58   85   98    0   83    0    0   86   66    0   63    0    0   68    0    0    0    0   59   70    0    0   82    0    0    0   78    0   87   91    0    0    0   84    0   71  100    0   60    0   97    0    0   94   82   90    0   61    0   92    0   96    0    0   77   88   73   80   64    0   67    0    0   99    0   89    0   74    0   65    0    0    0   76   56   79   95    0   57    0   62    0   75   85    0    0   72    0   93   62    0    0  
   0   58   80   60    0    0    0    0   70   76    0    0    0    0    0   73   78   82   81    0    0   61   62   79    0   74    0   92   57   64    0    0   67    0    0    0   87   85    0    0   93   88    0    0   84    0   89    0    0   68   66   56    0    0   89   59   87   63   97   65    0   90   75   99    0   66   95    0    0   72    0   87   77    0    0   98    0    0    0    0   83    0   69    0  100    0   71    0    0    0   57    0   94   96    0    0    0   91    0   86  
   0    0   91    0   83   88    0  100   90   74    0    0    0   68    0   73    0   95    0    0    0    0   98    0    0    0   79    0   79   59    0   61    0    0   64   88   69   87   60    0   82    0    0   57   77   89    0    0   58    0   66   88    0   63    0    0    0   94    0   92   86    0    0   62   84   97    0    0    0   81   56   76   85    0    0    0   99   78    0    0    0    0   65    0   75    0   76   67   93   72    0   80    0   70   96    0   78   71    0    0  
  99   80    0   60   96    0    0    0   79   71    0   74    0   78    0    0    0   73    0   64    0   59   60   69   76    0   62   88   63   98    0   56    0    0    0    0   82   89    0   72    0    0    0    0   83    0   91   71   86   78    0   66   81   85   92    0   77    0   70   99   61    0    0    0    0    0    0    0    0   67    0    0    0    0    0   75  100   70    0    0    0   65    0    0    0    0   58    0   94   68   87   57    0   84   93   95    0   97   90    0  
   0   68    0   91    0   93    0    0   67   75   58    0    0   61    0   65   79    0    0    0    0    0   81   56   86    0    0    0    0    0   88    0   95    0   60    0    0   59   97    0   57    0   83   82  100   80   71   62    0    0   72    0   99    0   97   84   89    0   73   85   78    0   77   87    0   58    0   66   74    0   79   90    0    0   98   96   94    0    0   64    0    0    0   69   94    0    0    0    0    0    0    0   70   60    0    0   63    0   92   76  
  73    0   58    0   98    0   69   62   84   58   78    0    0    0   92   74    0    0   59    0    0   60   96    0   88   99   56   77    0    0   95    0    0    0    0   93    0    0   66    0   82   85    0    0   97   64   80    0   91    0    0    0    0    0   72   70   81  100    0    0    0    0   71   83   89   90    0    0    0    0   68    0   56    0    0    0   76    0    0   86    0    0    0   57   61   79   99    0   75   63   67    0   62    0   94   87   65    0   64    0  
   0   93   97   57   87   95   83   80   68    0    0   85   59   86   94    0   96    0    0    0   90   92   69   66   63   70    0    0   65    0   60   86   62   74   58   91    0    0    0    0   71   79   99    0    0    0   89   70    0   77    0   88    0   67    0    0    0    0    0   72    0   76   98   57    0   75    0    0   61   81   82    0    0    0    0    0   56    0   78    0    0    0    0   64    0  100    0    0    0    0    0    0    0    0    0   86   73   79   84    0  
  58   96   61    0    0   69    0    0  100    0    0   86   98    0   82   83   97    0   76    0    0    0   79   73    0    0    0    0   78    0   68   64    0    0   59   94    0    0   75   74    0    0   66    0   92    0   69   84    0   70   67    0    0    0    0   87   88    0    0   91    0    0    0   80    0   89    0   57   56   95    0   72   60   63   61    0    0   79    0    0    0    0   65   99   81   71   83    0    0   90    0   77   62    0    0   76   85    0    0   93  
   0   67   60    0    0   77    0    0   63   61    0    0    0   96   83   57    0   64   69    0   70   99    0    0   71    0   66    0   84    0    0   92   87   71   73   91    0    0    0   78    0   86    0    0   68    0    0    0   85   69    0   82    0    0   76   65   93   97   95   62    0    0   56   94   98   79   88    0   62    0   90   75    0    0    0   81    0    0   89    0   72    0    0  100   56    0    0    0    0    0    0   74   70   80   59   58    0    0    0    0  
   0   95    0   75   67   71   66   61    0    0    0    0    0   96   80    0   98   86   57    0    0   64    0   92   79   73   85    0   82    0   97    0    0   68    0    0    0   89   65  100   70    0    0   66    0    0    0    0   93    0   94   61    0    0   67    0   85    0    0   88    0    0    0    0   58   72   74    0    0   83    0   91   84   59    0   63   90   78   87    0   69   62   77   56    0    0   96   99    0   76    0    0    0    0    0    0   60    0    0   81  
  65    0   97   73    0   77    0   78   62   70   57    0   76  100   93    0    0    0    0    0    0   71   69    0    0   58   95   72   98   57   82   66   87    0   85    0    0    0    0    0    0   80    0    0    0    0    0   60    0   66   88   56    0    0   61    0    0   63    0    0    0    0   75   74    0    0   59    0  100   59    0    0   67   90   83   99    0   64    0    0   81   79    0   94   96   89    0    0   86   91   92    0   57   68    0    0   84    0    0    0  
   0    0    0   56    0    0    0    0   65   81   69    0   72    0    0    0    0   60    0   76   95    0    0   96    0   59    0    0   58   77    0    0    0   92    0    0   90    0   91   67   61   66   89    0   80   68   78    0    0   86    0   93    0   86   94   57    0   62    0   98   87    0   63   94    0   99   85    0   73    0   71    0    0    0    0   70   84   89    0    0    0   74   64   79    0  100   83   82   75   58    0    0    0   98   97    0    0    0   88    0  ] 
BUDGETS : [    2    7   13   15   22   24   25   34   34   36   37   54   56   57   59   60   62   69   71   72   74   74   75   75   75   77   78   81   85   89   90   91   94   95   99  100  102  103  105  107  107  111  114  116  118  124  124  124  126  128  134  134  134  136  139  140  141  142  143  143  143  144  145  146  148  148  148  149  152  155  157  160  161  165  165  169  170  171  172  173  174  177  178  183  184  184  186  186  188  189  189  190  190  193  193  193  195  196  199  200  ] 
