K : 150
I : 75
PREFERENCES : [    0    0    0   65   71   53   67    0   51    0    0    0    0   75   62   52   66   68    0    0    0    0    0   54   56   69    0   59   60   64    0    0    0   64    0   46   50    0   61   73    0   43    0    0   45    0   63    0   58   48    0    0    0    0    0   49   57   55   47   50   42    0    0   70   41   44   56   72   74    0    0    0    0    0    0  
   0   42    0   52   62    0   51    0    0   54    0    0   49   70   45   59    0   43   56    0    0   48    0   75    0   67    0    0    0   58    0    0   73    0    0   41    0   64    0   69   63    0    0    0   44    0    0   60    0    0    0    0   72   50    0    0   65   68   67   58    0   55    0    0    0   61   71   66   47   53   46   68   74    0   57  
   0    0    0   75   42   59   65    0   66    0   72   73   58    0   41   48    0   63   46    0    0   71    0   70    0   67   45    0    0   43   68   54    0   61   50    0    0   73   52    0    0    0    0    0    0    0    0   62    0   56    0   42    0    0    0    0    0   64   44   51   51    0    0    0   69    0   53   60   74    0   47   57   55    0   49  
   0    0    0    0   67   72   60   43   53   46   65   50    0   68    0    0   43   46    0    0    0   48   66   45   61    0    0   62   55    0    0    0    0    0   54    0    0   58    0    0    0   52   42   59   56    0   75    0    0    0    0   44   64    0    0    0   49    0   69   65    0    0   51    0   70    0   47    0    0   41   63   73   74   57   71  
  53   51   59   61   47    0    0    0   66   43   49    0    0   69    0    0   43    0   54   64    0    0   75   70   42    0   41   68   72   75    0   71   55   44    0   63    0   46   62    0   50    0   48   52    0    0   67    0    0    0    0   45    0    0   63    0    0    0   56    0    0   60    0    0    0   73   74    0    0   58    0    0    0   65   57  
  49   56    0    0   74    0   69   66   53    0    0    0   42   63   67    0   64   59    0    0   46   62   51    0   47   55   70   44    0    0    0   47   52    0   50   73    0    0    0    0   58    0   68    0   51   61    0    0    0    0   45    0    0   57   41   43    0   54    0    0    0    0    0    0   75    0   48   59   65   72   60    0    0   71    0  
   0   65    0    0   50   74    0    0   45   73   66   60    0    0    0   59    0    0    0    0   49   61    0    0   43   61    0   50   44   41   68    0   48    0   57   53   71    0    0   67    0   63   72   75   69    0    0   62    0   70   42   58    0    0    0   51    0    0   45    0   56    0    0    0   52   55    0    0   46    0   54    0   47    0   64  
   0   56   68   43   44    0   41    0    0   67   65   75   45    0    0   63   50   60    0   47   66    0   71    0   57    0   43    0    0    0    0    0    0   58   48    0   73    0   59    0    0   70   74   42   55   69   54    0    0    0   49   52    0   61    0   51    0    0    0   46   64   47   62   72    0    0    0   48    0    0    0    0   53    0    0  
  53    0    0    0    0    0    0   67   58    0    0    0   66   43   65   63   70    0   47   62   41    0   57    0   61   59    0   56   71    0    0    0    0    0   73   44    0    0    0   43    0    0   51   55   69   58    0    0    0   42    0   62    0   49   75    0   46    0   48    0    0   54    0    0   52   64    0    0   74   72   68   45   50   60    0  
   0    0   48   44   68    0    0   60    0    0    0   66    0   67   69    0    0   57   53   70    0    0    0    0   73   65    0    0   55   63    0   46   49    0   62    0    0    0    0   72   74    0   42    0   52    0   45   61   75   71   51   64    0   41   56    0    0    0    0    0    0    0   59   73    0    0   75   54    0   43   50   58   51    0   47  
  62    0    0    0    0   56    0   53    0   73   72   69    0   58   59   68    0    0    0   48   58   57    0    0   66    0    0    0   67    0   75    0   47   60   52    0   50   41   49    0    0   51    0   63   42    0    0   64   55    0    0   46    0    0    0   45   46   57    0    0    0   71    0   44    0    0    0   54    0   43   74   70   65    0   61  
  48   72   75   52    0    0   46   63   68    0   57   41    0    0    0    0    0   44   67   51    0   62    0   56    0   53   69   71   59   70    0    0   65    0    0    0    0   66   61   42    0    0    0   66   64    0   49   67   60   74    0   45    0    0    0    0    0   55    0    0   58   50   54   46    0    0    0    0    0    0    0   47   73    0   43  
   0    0    0   63   46    0    0   55    0   69   58   66    0   49   65    0   75    0    0    0    0   71   70    0   64    0    0    0   50   44    0   45   57   47    0   52    0    0   67   53   61    0    0   72   74    0   56    0   59    0    0   48    0   42   43    0   72   73    0   60    0   68    0    0    0    0   62    0   67   41   54   51    0    0   59  
   0    0   61   53    0   60   46    0   68    0    0    0    0    0   68   63    0   66   42    0   50   64    0    0    0    0   57   41    0   74   62    0    0    0    0   55   47    0   71   72   73   65    0   59   67    0   52   51    0    0    0   49    0    0    0   66    0    0   75    0    0    0   70   43    0   61   54   48    0    0   45   58   69   56   44  
  56    0   43   41   69    0   70    0    0    0   66   44   50   75    0    0    0    0   49    0   61   58    0   42    0   72   45   64    0    0    0   52   48    0   55   54   47   46    0    0   73    0    0    0   53   51    0   63   64   71    0   59   62    0   68   46    0    0    0    0   43   65   74    0    0    0    0   67   60    0    0    0   57    0    0  
  67    0   59    0    0    0   52    0    0   58   55    0    0   48    0    0   42   49   64   53    0    0   56   54   63    0    0    0    0    0    0   46    0   63    0    0    0   57   43    0   71    0    0   74   75   73    0    0   44   68   66   50   69   60   51    0   72   41    0    0    0    0    0   47   61    0   70    0   65   68   45   62    0    0   75  
  73   49   42   66   62   58    0   67    0   56   55    0   60   68    0   57    0    0   43    0   52    0   58    0   64    0   47   74   59   75    0   65   71   50    0   70    0    0    0    0    0    0    0   54    0   51   46    0   48    0    0   41   56    0    0    0    0   49   69   61    0    0    0    0    0    0   44   63    0    0    0   72   45   53    0  
   0   67    0   51    0    0   72   47   44   71   73   52   66    0   60    0   50    0   64    0    0   42   65    0   74   67   51   69    0    0   75    0    0    0   55    0    0   54   45    0    0    0   49   59    0    0    0   69    0    0    0   41    0   56    0   63    0    0    0   58    0   53   57    0   70   61   43    0   48   68    0   62    0    0   46  
  61   74   54    0   61    0    0    0    0   52    0    0    0    0    0   41    0   69    0    0    0    0    0    0   70   45   75    0   63   53    0   66    0    0   67   71    0   65   71    0    0   44   43    0    0    0    0   61   47    0   56   42   72   55   51    0   58   64   46   73   68    0   57   60    0    0    0   62    0   48    0   49   59    0   50  
  44    0    0   74    0   43   45   66   60    0   75   58    0    0    0    0   55   51   49    0    0    0   46    0    0   54   63    0    0   48   72    0    0   53   67    0   50    0   58    0    0   47   41   57    0    0    0   73    0    0    0    0   61   56   42   62    0   64    0    0   67   65    0   69   68    0    0   71   66   59    0   52    0   70    0  
  61   69    0   53    0   57    0    0   68    0    0   48    0    0   44    0    0    0    0    0   70   65   73    0   54    0    0    0   42    0    0    0   63   60   52   67    0   62   64   74   71   56   46    0   58    0   61   55    0    0   66    0   51    0   49   47    0    0   45   42    0    0    0    0   72   75   43    0   41    0   50    0    0   55   59  
  67    0    0   54   43    0   53   72   51    0    0    0   75   49   61    0   46    0   62   48    0   42    0    0   50   48    0   53    0   71   74    0    0   49    0    0   57    0   63   56   45   66    0   70    0   41   73    0    0    0    0   60    0   65    0   64    0    0    0   69   47    0    0    0    0    0   58    0    0   52    0   59   68   55   44  
   0    0    0    0    0   70   69    0    0    0   67    0   43   64   57   50    0    0    0   75   53    0    0   56   41   49    0    0   72    0    0    0    0    0    0    0   46   73   51   44   71   66   58   62   55    0   74   65   45   52    0   54   42   60    0   74    0   59    0    0    0    0   63   48   61   41   68    0    0    0    0    0    0   47   66  
  62    0   53    0    0   41   56   63   74    0   64   42    0    0    0   54   46   65   69    0    0   57   54    0   43    0   49    0    0    0    0    0    0   59   68    0    0    0   73   60    0   46   58   47   66   72   45    0    0    0   52    0    0   75   50    0    0   55   70    0   51    0   44    0   50   67   71    0    0   61    0   48    0    0    0  
  63    0   64    0   69    0   50    0   57   43   66    0   56    0    0   49    0   54    0    0    0    0    0   75    0   70    0   47   51    0   41   68   71    0   44    0    0   58   55   67   74    0   60    0    0   48   52    0   45    0   72   42   65    0   46   63    0    0    0    0    0   55    0   73    0    0   59    0    0   62    0   61   71   53    0  
  65    0    0    0    0    0   62    0    0    0   47    0   49   42   72   75    0   55    0    0    0    0    0   50    0    0   54    0    0   53   43    0   41    0    0   48    0    0   75   52   58    0   72   74    0   63    0   68   66   45   58    0   70   46   51   67    0   56   71   61    0   64    0    0   44   69   60   73    0    0    0   59    0   57    0  
   0   68   58   50    0   54    0    0   62   63    0   44   63   46   49    0   56    0    0   68   45   67   55    0    0    0   73    0    0    0    0   43    0   51   41   70   61   59   72    0    0   47    0   69    0    0   74    0   56    0   75    0    0   71    0    0    0    0   66   64    0    0   53   42   48    0    0   60   57   65    0    0    0    0   52  
   0   66    0    0    0    0    0   47    0    0    0   75    0   52   67   42    0    0   44    0   49   48   64   73    0   65   46    0   59    0    0   58    0    0    0    0   60   61   73    0    0   70   56   51   71   50   53   50   61    0    0   72    0    0    0    0   55   74   69   57   63    0   45   43    0    0    0   68   41   54    0    0   62    0    0  
   0    0    0   57   55   65   63    0   47    0    0    0    0    0   70    0    0    0   56   44   44   67    0   46    0   75   69    0    0    0   71   46    0    0    0    0    0   49   59    0    0   51   43    0    0   60   50   68    0   53   41   74   58    0    0   45   42    0   61   52    0    0   64   68    0   54   48   62   72   66    0    0    0    0   73  
  43    0   71   74    0   55   64   66    0    0   65   72   75    0    0    0   58   73    0    0   51    0    0    0   50   48   60    0    0   57   44   63   52    0    0    0   45    0    0   55   67    0    0    0   68   46   54    0    0   53    0   41    0   47    0    0    0   59   49    0    0   42   46   62   61    0   56   69    0   70    0    0    0    0   63  
  74    0    0    0    0   71   59    0   75   48   68   72   55   49   67   45    0    0    0    0    0   42   63    0   56    0    0    0    0    0   60   64   66   70   44   41    0    0    0   51   46    0    0    0    0   61   65    0   57    0   69   44   62    0    0    0    0   53   47   52    0    0   58    0   59   50    0    0   54    0   71    0   43    0   73  
  42    0   69    0   71    0    0    0   43    0   67    0    0   63    0   61   52    0    0   72    0   64   51   48    0    0   41   66    0   75    0   53    0   56   46   68   55   60    0    0    0   41    0   70   47    0   44    0    0    0   43    0   62    0   73   58    0    0   50   57   54   65    0   74    0    0   48    0    0   59   45    0    0   49    0  
   0   41    0   52   74   60   57   43    0   61    0   51   58   53    0    0   64   68   65    0    0   47   41    0    0    0    0   66   71   49   42    0    0   55   46    0    0    0    0    0    0   67   70    0   75    0    0    0    0   44    0    0   72    0   48   54   73   54   50   59    0   56    0   63    0    0    0   69    0    0   62    0   45    0   46  
  51   53   63    0   47   70    0   69    0   72   43   62    0    0    0   74    0   60    0    0    0    0    0    0    0   58    0   54    0   53   59   52    0   75   61   55   64    0   49   42   48    0    0    0    0    0   73   68   71   57   56    0    0    0   65    0   46   50    0   63    0    0    0   45    0    0   67    0   44   41    0    0   66   71    0  
  47    0   60   66    0   54   53   75   63   59    0    0   52    0    0   42    0   70   69    0    0    0   68   44    0    0   56    0    0   71    0    0   63   45    0   65   73   62    0   43    0    0   64   49    0   61   67   74    0   63    0    0   48    0    0    0    0   58   50   55    0    0    0   41    0   57    0    0   51   46   72    0    0   63    0  
  64   60   58    0    0    0   72    0   42    0   44    0   63    0   53    0    0   54   65   54    0    0    0    0   47    0    0   75    0    0    0   70    0    0    0   48   56    0   46    0   53    0   49   43   50   71   61   73    0    0    0   45   68    0   51   62   52    0   44   57    0   55    0    0   74    0   41   66    0    0   69    0    0   67   59  
  53    0   62    0   60    0    0    0   72    0   63   59   46    0   46   69   75   74   42   67    0   70   52    0   73    0    0   56    0   68    0   65   61    0   45   65   57    0   51   71    0    0    0   55    0    0   44    0   49    0    0    0   48    0    0   50    0    0   47   54   58   64   66    0    0   46   43    0    0    0    0    0    0    0   41  
   0    0   64   54   57   66   72    0    0   46    0   62    0    0   63   41    0   67   75   42   65    0    0    0   53    0    0   70   60   58    0    0   71    0    0   49   68   66    0   69   55    0    0   48   65   45    0    0   74   44    0    0    0    0    0    0   52    0    0   51   61   61    0   50   47    0   56    0    0   43    0    0   73   59    0  
   0    0    0    0    0   64   43   59   72   58   47    0   53   62   48   46    0   61   41    0    0    0    0    0   45    0   55    0   50    0   66   74    0   46    0   63   75    0   49    0    0   69    0   70   54   65    0   56   51    0   70   52    0   71    0    0   67   73   64    0   68   60    0    0    0    0    0    0    0   42   57    0    0    0   44  
   0    0   68   75   70    0   51    0    0    0    0   44   61    0   73    0   45    0   67    0   43   52   46   50   41    0    0   65    0    0   60    0    0   49    0    0    0    0    0    0   63   42   55   47   47    0   64   54   69    0    0   74   71    0    0    0    0   57   58   65    0    0   66   48    0   59   53    0    0   45   62    0    0   72   56  
  58    0   52    0    0   47    0    0   49    0    0    0    0    0   46    0    0   44    0   71    0   50   43    0   75   60    0    0    0    0   53   48   54   65   70   61    0   68   69    0   64   63    0    0   42   55   51   66   41    0    0   73    0   67    0   62    0   74   59   57    0    0    0    0    0    0   72    0    0    0   55   48   47   45   56  
   0    0   45   68    0   74    0   58   58    0   51   60   50   67    0   59    0    0    0    0    0   44    0    0   47   69    0   44    0    0   75   46   66   63   73    0    0    0    0   56    0   53   70   72   49    0   71    0   57    0    0    0   55    0   41    0    0   42   61   48    0    0    0   47    0   62   64   65    0   54   43    0    0    0   52  
  52   62    0    0    0    0   51   45   62    0    0   70   46   68   47    0    0    0   56   57   61   54    0   53   58   64    0   58   44    0    0    0   55   72   49    0   75    0   73   41    0   48    0   74    0    0    0    0   59   65    0    0    0   71    0    0   60    0   42    0    0   50   63    0    0    0    0    0   66    0   43   46   67   69    0  
  63    0    0   50   43   67    0    0    0    0    0    0    0   62    0    0    0   45    0    0    0    0    0   60    0    0   71   66   61   75   42    0   70   74   74    0    0   53    0    0   65   57    0   52   46   41   48    0   72   58    0   54   69    0    0   47   68   49    0   56   59    0   51    0   44    0   54   64   48    0    0   55   73    0    0  
   0   44    0    0    0    0   51   59   72   42   56    0   45   67   58   74    0   71    0    0   42   68    0   60    0    0   49   69   57    0    0   55   46   65    0   61    0    0    0   66   52    0    0    0   47    0    0   41   63    0   75    0    0   71   48   54    0    0    0   50    0    0    0    0    0   70    0   62   73   53   43   48    0   64    0  
  52    0    0    0   44    0    0   57   42    0   70   66    0    0    0   68    0   51   43    0    0    0    0   71    0   56   64   55   48   53   49    0   59    0   49    0   72   60    0   75   45    0   48    0    0   62   54    0   63    0    0    0    0   58   47    0   75    0    0   74   50    0   61   67    0    0   46   65   41    0    0    0   69   73    0  
  69   44    0   71    0    0    0    0   54    0    0    0   74    0   51   47    0   46    0   50    0   75   52   41    0    0    0   45   48    0    0   65   42    0    0    0   59   53   49    0   46   58    0   56    0   55    0   57    0    0   60   67   68    0   73    0   63   49    0   54    0   66   62    0   70   72   64    0    0    0    0    0   61   43    0  
  51    0   74   75   43    0    0    0    0    0   46    0    0   41   49    0    0   70   50    0   44    0   66    0    0   62   71   45    0    0    0   60   73   63   69   55   57   67    0   53    0    0    0    0    0   59   52   72    0   47   48    0   58    0    0    0   61    0   54    0    0   43    0   47   47   64    0    0    0   56   42   68    0   65    0  
  75   61   66    0    0    0   51    0    0    0    0    0    0    0   64   66   68    0   59    0   42   49   41   62    0    0    0   52    0    0    0   74    0    0   67   73    0   50    0   69    0    0    0    0    0    0   45    0   72   72   71   60   55    0   53    0    0    0    0   63   48   47   58    0    0   43    0   57   70   65   44   54   46   72   56  
  67    0    0   52    0   49   68    0   57   42   75    0    0    0    0    0    0    0   53   48    0    0   62   73   50    0    0   61   72    0   55   51    0   43   46   48   65    0   59   41   58    0   64    0   53   71    0    0   63   56    0    0    0   70    0    0    0   60   69    0    0   45   47   44    0    0   74   54   72    0    0    0    0    0   66  
  69    0    0    0    0    0    0    0   75   75   47   51    0   56   61    0    0    0   53   43   63    0   45    0    0   65    0   59   66   52   74    0   48   50   62    0   57    0    0   55   54   60    0   67   58    0    0   42    0    0    0    0    0   71    0   46    0   41   73    0   49   44   70    0    0   72    0   68   66   63    0    0    0   64    0  
   0   51   55    0    0    0    0    0   56   52   58    0   67   75    0   47    0    0    0   43    0    0   65   46    0   59   41    0    0   48    0    0   57   70   53   73    0    0    0    0   50   67    0   42   54   63   49    0   64    0   66    0   69    0   44    0   62    0    0   57    0   61   45   60    0   74    0    0   47    0   68    0    0   71   72  
   0   61    0   65    0   54   69   72    0   73   52   48    0    0   47    0    0    0    0    0    0   60   70   57   53    0   74    0    0    0    0   67   70   63    0    0   49    0    0    0   56   43   55   75   71    0    0   46   58    0    0    0    0   66    0    0   51    0    0    0   42   55   59   68    0   50   45    0   64    0   44   41   68    0   62  
  44   46   53   70   71    0    0    0    0   62    0   49    0   68    0   57    0   72   58   61    0    0    0   52    0   55   41   63    0    0   50   74    0    0   67   59    0   43    0    0   73   51    0   69    0    0   47   48    0    0   65   54    0   58    0   46    0   45    0    0   75   42    0    0   60    0    0    0    0   58    0   66   56   64    0  
   0   49   51    0    0    0    0    0    0    0   58   67    0   42   50    0   62   73   48    0   65   70    0   48    0    0   46    0    0    0   54    0   68   56   74    0   72   42    0   64    0    0    0   59    0   41   63   70    0    0   69    0    0   53   52   44   60   71    0    0    0   61    0    0   57   47   45   43    0   55    0    0   66    0   75  
  53   72    0   49    0   51    0   45    0   73   44    0    0    0    0   69   52    0   55   70   41    0   70    0   66   68   67   43   56    0    0    0   60   50   59    0    0    0   48    0   71   65   58    0    0   74    0    0   70    0   46    0   63    0   62    0    0    0   50    0   64    0    0   54   42    0   47    0   61    0    0    0    0   57   75  
   0    0    0    0   71   41   61   72   63   46    0    0    0    0   49    0   55   52   48   60    0   44    0   65    0    0    0   64    0   42   47   54   58    0   53    0   57   66   50   74    0   70   69    0   50    0   63    0    0    0    0   43    0    0   45   43    0   67   73    0   51    0   68   56    0    0   59   75   62    0    0    0    0    0    0  
   0    0    0   51    0    0    0    0   41   69    0    0   45   57    0   41    0   46   66    0    0   43    0    0   53    0   55   70   52   51   61   60    0    0    0   73   41    0    0   67    0    0    0   62   72    0   75    0    0    0   59    0    0   44    0    0    0   50   54   42   68   63   56   71    0   47    0   64    0   65    0   58   74   48   49  
  74    0    0    0    0    0    0   49   69   52    0    0    0   49   66    0    0   51    0   68   67    0   57    0    0    0   44   64   54    0   42   58    0   62    0   60    0   43   59    0    0   73    0   72   53    0   61    0   56   71   45   41   63    0   50    0   46   66   47   70    0   55   65    0    0    0    0    0    0    0    0   48   55    0   75  
  67    0    0    0   57   52   69    0   44   73    0    0    0   59   65    0   61    0   64    0   62   75    0    0   41    0    0   68    0    0    0   58    0   55   46    0   47    0    0   53   50    0    0    0    0   67   56    0   66   51    0   71   43    0   42    0    0   44    0   54   49    0   60    0   70    0   48    0   45   74    0   63   52   72    0  
  59    0    0    0   73   70    0    0    0   41    0    0   58   56    0    0   60   43   46   68    0    0    0    0   72    0    0   53   44    0    0   57    0    0   48   49   63    0   71    0   52   45   65   62   66    0    0   74    0    0   51   55   61    0   64    0   42    0    0   50    0    0   69   63   67   54    0   75    0    0    0   70   47   62    0  
   0   64   56    0   55    0    0    0   66   60    0   59   53    0   73    0    0   46   68   75    0   45    0   49    0    0    0    0   74    0   42    0   57   45   71   63    0    0    0   47   72   50    0   41   48   65    0   58    0    0    0   69   43    0    0   54   70   56    0   54    0    0    0    0   61    0   67   52   51   44    0    0    0   62    0  
  57    0   50   42   73    0    0   69    0   46    0   71   52   74   45   41   44    0    0    0    0   53    0    0    0    0   61    0    0   58    0    0    0    0   44    0   66   65   43   63    0    0    0    0    0   62    0   48   55   72   64   75    0   49   47    0    0   59   54   64   51    0    0    0    0    0    0   52    0   67    0   68   56   70   60  
   0    0   43   49   66    0    0    0   42   62    0   54   63    0   51   46   74    0   71    0    0    0   49    0   59   64   75    0    0   61   69   47    0    0    0   72   44   57   56   70    0    0    0    0   63   50   52    0    0   53   48    0    0    0    0    0   60    0    0   55   73   67    0   41   58   65    0    0   45   55    0    0    0    0   68  
   0    0   70   73    0   57    0    0   72   66   44   56   61   67   71   42    0    0    0   48    0    0   63   47   75    0    0   60    0    0   64    0   65   55    0   69   52   41    0    0   74   62    0   46    0    0   71   53    0    0   51    0    0   68    0    0   49   45    0    0   71   54   59    0    0   58   50   53    0    0    0    0    0    0   43  
   0    0    0    0   51    0    0   75    0    0    0   72    0   59   66   71    0   62    0   54   68    0    0   47    0    0    0    0   73    0   41    0   67    0   74   52    0    0    0   70    0    0   55   45    0   44   50    0    0   67   48   46    0    0   61   57    0   69   60    0   56   58   46   50   42    0   53    0   49   63   64    0   43    0   65  
   0   61    0    0   56    0   53    0   71   74   57    0    0    0    0   62    0   48    0   46   69    0    0   50   55    0   55   54    0    0    0   64   43    0   75    0    0   60    0   72    0   70   42    0    0    0   41    0   44    0   47    0   49    0    0   67   51   58   59    0    0    0   73    0   65    0   45   63    0   66   46    0   68   66   52  
  68    0   57   63    0   74    0    0   59    0    0   65   70    0    0   41   45    0    0    0    0   68    0   54   52   64    0   61    0    0    0    0   62   51   73    0    0    0    0   47    0    0   58   67   66   53    0   69   68   49   46   60    0   52    0    0    0    0    0    0    0    0    0   71   75    0   48    0   42   56   55   44   50   43   72  
  47    0    0   61    0   55    0    0    0    0   71   67   50   70   74    0    0   44    0   48    0    0    0    0   45    0   62   75   42    0    0   41    0   72    0    0    0    0   69   51   65    0   60   56    0   52   66   47    0   73    0   54   43   63   46    0    0   59   71   58    0    0    0   70    0   57   68    0   64    0   53    0    0   49    0  
  47    0   63   53   66    0   62   60    0   58    0    0   59    0   65   54   44   45   46   61   75   67    0   64    0    0    0   50    0    0    0    0    0    0    0    0   75    0    0   72    0    0   73   56    0   42   48   43   52   68   57    0    0    0    0    0    0   42   74   41   55   70    0    0   49    0    0   71    0   69    0   51   41    0    0  
  44   69   49   61    0   59   63   54    0    0   45   58   75   73   56   74    0    0   62   52    0    0   68    0    0   64    0   42    0    0    0    0   70   48   41    0    0   72    0   55    0    0   66   47    0    0   65   67   58    0    0    0    0    0   50   53    0    0   43    0    0   59    0    0   60   57    0   51   71   61    0   46    0    0    0  
  75   57   53   53    0    0    0   63    0    0   67   59    0   73   45    0   68    0    0    0   62   57    0   69   71   70    0   49   42   55    0    0    0   47   60   61    0   46    0    0    0   51    0   48    0   43   64    0    0    0   56   50    0   52   66   54   44    0   41   58   72   74    0    0    0    0    0    0    0   48    0    0   65    0    0  
  59    0    0   63    0   50    0    0   64   67   55    0   65    0   62    0   53   54    0    0    0   57    0   46    0   66    0   68   41   61    0   45   56    0    0   60    0    0   49    0   73    0    0    0    0   52   42    0   58    0   69    0   48    0   47   44   71    0   72    0    0   75   51   66    0    0   65    0    0   74   43   61    0    0   70  
  43   60    0    0   64   42   65    0   51   73    0   71   48    0   68   47    0   75   42    0   41    0    0   63    0   54    0   67    0    0    0    0   60   50    0    0   57    0   72    0    0    0   66    0   52    0    0   74   49   45    0   58   56    0   53    0   62   61    0    0    0    0   55    0    0   44   45    0   59   69    0    0   46    0   70  
   0    0   67    0   75    0    0   66   42    0    0    0   58    0   55    0    0    0   46   54   51    0   43   65   64    0    0    0   59    0   53    0    0   61   63   55    0   41    0   47    0   45   49   52   44   70   60   48   71   72    0   61    0    0   63   68    0    0   69    0    0   57   74   50    0   73    0    0    0    0    0    0   56    0   62  
  52   41   64   70   67   50   58    0   74    0    0   63   69    0    0   51    0    0    0   58   47   66    0   65    0   48    0   49    0   42    0   53   46   45   59    0    0    0    0    0   68   75   61    0    0   71    0    0    0    0    0   62   54   43    0    0   55    0    0    0   44   53   72    0   60   53    0    0    0   56   57   73    0    0    0  
  51    0   71   69   72    0    0   41   47    0   70    0   67   73   67   46    0    0    0    0    0    0    0   60   57    0   63    0    0    0   61   68   74   66    0   54    0   46   62    0   55   43    0   49    0    0    0   50    0    0   65    0    0   75   64    0   44    0    0    0   58    0   52   54   53   42   48   56    0    0    0    0   45    0   59  
  60    0   41   44   54   49    0    0    0   67   63    0   61    0    0   75    0    0    0    0    0    0   43   73    0   59    0   51    0    0    0   74    0   68    0   50   53    0   64   57   71    0   70    0   69    0   50   45   72    0   52   66   47   61   56   48    0   65    0    0    0   62    0   58    0    0    0    0    0    0   46   42   55    0   68  
  61   43    0   58    0    0   64    0   67   41   54   42   46    0   71   59   50   65    0    0   75    0   60   51    0   49   65    0   44    0    0    0   47   72    0    0    0   70    0    0    0    0    0    0   53   57   68   55   69   52    0   59   71    0   56    0   66    0    0   62    0    0   48    0   45    0    0    0    0    0    0   74    0   63   73  
   0    0   71   63   63    0   44   46    0    0   63   66   65   74    0   43   73    0   51    0    0    0   62    0    0    0    0   53   42    0   67   45    0    0   55   49    0    0   41    0   52    0    0    0    0    0   56    0   75   51    0    0   59   54    0   72    0   58   47   68    0    0   60   57   64    0    0    0    0   69   61   70    0   50   48  
  46    0   52   44    0    0   45   51    0   72   48    0   47    0    0    0   53   60    0   74   57   75    0    0   50   61   71    0    0   54    0    0   68    0   63    0    0   62    0    0   43    0    0    0   67   64    0   73    0   70    0   52   41   58    0    0    0   65   49   70    0   69    0    0   66    0   55    0   42   56    0   41    0    0   59  
   0    0    0    0   61    0   56    0   60    0   48   69   67    0   75   66   41    0   43    0    0   49   74   52   73   53    0    0    0   70    0    0    0    0   63   71   47   50   46    0   51    0    0    0   59   60   57   44   62    0    0   43    0    0   42    0    0    0   72   51   45   68   54   64    0    0   55    0    0    0   58    0    0   65    0  
  65   53   73   43    0    0   74   72    0    0   52    0   67    0    0   51   58   60    0   47    0   59    0    0    0    0    0    0   44    0   55   71   48    0   54   57   69    0    0   46   64    0   42    0    0   63    0   41    0   62   62    0    0   45   61   70    0    0    0   56   75    0   47    0   49    0    0    0    0   48   68    0   66   50    0  
  48   50    0   59   55    0    0    0    0    0    0    0   60    0   49    0    0   75    0   65   73   53    0   56    0   72   45    0   66   63   68    0    0    0   42   51   41    0    0    0    0   62   64   47    0   69    0    0    0    0   44   69   52   67    0    0   70    0   57    0   74    0   51    0   64    0   54    0   46    0   43   58   71   61    0  
  68    0    0   50   48    0    0    0    0   65    0    0   42   75   46    0   52   62    0    0    0   73   47   57   64   54    0   58    0    0    0    0   60    0   43   61    0   45   56   51    0   53    0    0    0    0    0   69    0   51    0   59   69   44   55   41    0    0    0    0   55   74    0   70    0   63   67    0   66    0   71    0    0   72   49  
  73   46    0   62    0   60    0   71   54    0   45   66   65    0   64   57    0   44   50    0   45    0    0   63    0    0    0   69   56    0   54    0   51   55   70    0    0   53   41    0    0    0    0    0   75    0    0    0   68   59    0   49   55   61    0   48    0   58   74    0    0    0   47    0    0   72   67   52    0   42    0    0   43    0    0  
  60    0   66    0   69   53    0   64    0    0    0    0   65   74   47   44   43    0    0    0    0    0   72   50    0   75   52    0    0   46   70    0    0   55   61   63   41    0    0   48    0    0   73   59    0   56    0    0    0   62    0    0   51    0    0    0   53   42    0   57   71    0   67   54    0    0   58    0   68   45    0   49   69   67    0  
   0   51   63    0    0   73   60    0    0    0    0   69   75   64    0    0    0   65    0    0    0    0   48   62    0    0   49   64   71   62   56    0   44    0    0   66    0   46   68   43   54    0    0   47    0    0   58   52    0   41    0    0   42   61    0    0    0   45   70    0    0    0   72   50   67   57    0    0   53    0   43    0   74   59   55  
   0   48    0    0   58    0    0    0    0   51    0   49   53    0   74    0   46    0    0   62    0    0    0    0   55   41    0   57   45    0    0   42    0   44   75    0   72   67   56    0    0    0   52   41   73   69   64   66    0   65    0   59    0    0   43    0   63    0    0    0   70   54   71   68    0    0    0   61   47   60    0   65   41    0   50  
  70    0   68   62   53   56   73   67   47   64   48    0    0    0    0    0   55    0    0    0   59   63   54    0    0    0   43   66   52    0   58    0   51    0   57   69    0    0    0    0   46    0    0   61    0   42    0   52   49    0   41    0    0   71    0   65   44    0   72    0    0    0    0    0    0    0   70   50   74   65    0   45   75   60    0  
  74   58    0   57   73    0   52    0    0    0   61   41   63    0   59   69    0    0    0   50    0    0    0   54   45    0   59   70   62   48   53    0    0    0    0    0   51    0    0   43   42   66    0   55    0    0    0   75    0    0   46    0   67    0   44   47   49    0   54   72    0    0   68    0   74   71   65    0    0   60    0    0   64    0   56  
   0    0   66    0   48   44    0    0   60   55   65    0    0   68    0   74    0   46   43    0    0   41    0   47    0   51    0    0   74   49   50    0    0   53   55   57    0    0   64    0    0   69    0   42   45    0   70    0   67   61    0    0    0    0   54    0    0    0    0   56    0   71    0   59   58    0   63   62   52   68   75    0    0   72   73  
  49    0    0    0    0   61    0    0   74   59   50   65   71   71   54   62   73   51    0   60   66   72    0    0    0    0    0    0    0   43    0   75   56    0   58    0   41   52   70   63    0    0   44    0    0    0   69   57   47    0    0   55   59    0   45    0   48    0   46   68   64    0   67   42    0    0    0   53    0    0    0    0    0   58    0  
   0    0   55   48   41   75    0   63   57   61   51   45   74   46   62    0    0    0    0   51    0    0    0   49    0   59   69   66    0   47   56    0    0    0    0    0   73   64   50   60   70   71   75    0   58   65    0    0    0    0   68    0   43    0    0    0    0   67   42   62    0   72    0    0    0    0    0    0   44    0   54   52   53    0    0  
  51    0    0   52   55   47    0   73   60    0   67    0   54    0    0   64    0    0    0    0    0   61    0   69   42   65    0   63   41   62   56   48   45    0    0   59    0    0   70    0   49   58    0    0    0   43   74   58   71   75   44    0   50    0    0    0    0   68   72    0    0    0    0    0   57    0   46   53   66    0   51   58    0    0    0  
   0    0    0   50    0    0   61    0    0   73    0   66    0   49   60   42   45    0    0    0    0   56    0    0   48   59   44    0   68   46   62   52   55    0   71   74    0   51   64    0   70    0    0   75   66   53    0    0   57   61   41   67   54    0    0    0    0    0   63   65    0   43   47    0   58   72   69    0    0   44    0    0    0    0    0  
  65    0   75    0    0   44    0   71   48   59    0    0   52   69    0   53   60    0    0   70    0    0   56   54   61   68    0   43    0   57    0   45    0   75   67   48    0   47    0    0   62   74    0   72    0   58   66   73   41   51    0    0   64    0   66    0    0    0    0    0    0    0    0    0   46    0   55    0   63    0    0   50   49    0   42  
  43   55   48    0    0    0    0   70   45    0    0    0   54   49   72    0    0    0   74    0    0   61   66    0    0   68   59    0   75   63   73   71    0    0   60    0   70   44    0   69    0   56    0    0    0    0   64   67   46   58    0   53    0   57   72    0   65    0    0    0   62   50    0    0    0   51    0   41   52    0   42    0   47    0   67  
   0   52    0   44    0   74   46    0    0   41    0   51   63    0    0   50    0    0   50   60    0   70   49   54    0   70    0   73    0    0    0    0    0   65    0   64    0    0   56    0    0   53   62    0   75   66   42    0    0   45   48    0    0    0   57   55   43   61   68   67   70    0   58    0   71    0    0   69    0    0   59    0    0   47   72  
   0    0   43   45   47   75    0    0   48   56   49    0   51    0    0   69    0    0   72    0    0   54    0   61    0   71    0    0   62    0    0   50    0   68   42    0    0   52   52   63   74   70    0   53   66    0   46   55   67    0    0   58    0    0    0    0   64   53    0   48    0   57    0    0   60    0    0   44    0    0   65   73    0   59   41  
  66   63    0    0   53    0    0    0    0   67   64    0    0    0    0    0   68   44   74   54    0   56   52    0   72    0    0    0   73    0   59   71   69    0    0   75    0    0   70   49    0   75    0    0   51   46    0   65   42   50    0    0    0   60   48    0   58   61   45    0   41    0   57   55   70    0    0   43    0   47    0    0    0   62   56  
  44   67    0    0   51   45    0    0    0    0   63   64    0    0   52   49   54   41   65    0   50    0   61   69    0   58   53    0   47    0   73   70   46    0    0    0    0    0    0   66   56   48    0    0   75   55   43   71   68    0    0   62   60    0   52   69    0    0   57    0   74    0    0   42   49    0    0   59   72    0    0    0    0    0    0  
   0   46   71   41    0   44   68   60    0   52    0   64   66   74   72   63   62   69    0    0    0   67    0   56    0    0   71    0    0    0    0    0   53    0   61    0   42    0    0    0   72    0    0    0   70   58   65   57   73    0    0   56   75    0   54   47    0   43    0   50    0   51   55    0    0    0   59    0    0    0   49   48   45    0    0  
  72    0    0    0    0   73   56    0    0   41    0    0    0    0    0   42   43   74   44    0   63    0   57    0   46   53    0   65   59   61    0   47    0   66    0   52   71   67   41    0   69   62    0   51    0    0   48    0   70    0   60   49    0   58   55    0    0    0   45    0    0    0    0    0    0   69   75   68   50   47    0    0   64    0   54  
  69    0    0   55    0    0   51    0    0   44   46   42    0   67   53   66   41   59   49   61    0    0   70    0   73    0   41   63    0    0   68   48    0   72   54   63   58    0   60   52    0   56    0   43   57   71    0    0    0   65    0   50    0    0   74    0   62    0   75    0    0    0    0   54    0    0   47    0   45    0    0    0    0   64    0  
  71   62    0   64   68   43   49    0   65    0   55   47   72    0    0   58    0   50    0    0   44    0    0   63   46    0   59   61    0   70   72    0    0    0   60    0    0   56    0    0   74   45   73    0    0    0    0   75   41   51   60    0   69    0   53    0    0   57   67    0   54   42    0   48    0    0   66    0   52    0    0    0    0    0   70  
  65   59    0    0   74    0   68    0    0    0    0    0    0   75    0   69    0   58   71    0    0   70   64   54   51   61    0    0    0    0   41    0   49    0    0    0    0    0    0    0   61   48    0    0    0   52    0    0   53   60    0   49   46   73    0    0    0   72    0   72    0   67   50   43   63   47   45   62    0   66   57   42   56   44   55  
  56   74    0   49   50   66    0   62   42    0    0    0    0    0    0    0    0   70    0   46    0   73   69   41   44    0   68    0   64   53    0   52    0    0    0    0   60    0    0    0   65    0   43    0    0   75    0   58    0   72    0    0    0   61   59    0   54   55   41   58    0   67    0   45   57    0   47    0    0   63   69    0   71   48   51  
  46    0    0    0    0   62   50    0   75   72    0   65    0    0   71   54    0   58   42    0   64   68   55   70    0   56   73   41    0    0   44   63    0    0    0   63    0    0   51    0    0   49   69   52   45    0    0   74    0   50   61   48   47   66    0   57   67    0   43    0    0    0    0    0   53    0    0    0    0   60    0    0   75   59    0  
   0    0   71    0   75    0    0   66   52    0    0   64   41    0    0   45    0   42   63   67    0    0    0   51   61    0   56    0   55    0    0    0    0   62   43    0    0   57    0   70    0   47   73    0   53   59    0   48   46   57   60    0   74    0   49    0    0    0   54   43    0   58    0   50    0   68   72    0   47   65    0   44    0   69    0  
   0   64   74   42   60    0   68   60   55   49    0    0    0   63   59    0   52   65   63    0   67    0    0   46   56    0    0   50   72    0   41   45   62   66    0    0   61    0    0   71    0    0    0   51   69    0    0   75    0   57    0    0    0   44   53   47    0    0    0   58   73    0   43   44    0   54    0    0    0    0   48    0    0    0   70  
  74   69    0    0   60   65    0    0   49    0    0   50   71    0   42   63   43   72    0   75   54   47   48    0    0   53   57   44   55   64    0    0   67    0    0   45   56    0    0    0   41    0   46    0    0   68   70    0    0   66    0    0    0    0   73   61   58    0    0    0   46   75   62   46    0    0    0   59    0    0    0    0   51   52    0  
   0   75    0   59    0    0   62    0   55    0   50    0    0   72   47    0   58    0   68    0   63    0    0    0   74   48   64   56    0   70   41   45    0   66   42    0   51    0   53    0   44   60   67   57   49    0   69    0    0   65   55    0    0   52   73    0   55    0    0    0   41   46   71    0   61   43    0    0   54    0    0    0    0    0    0  
  68    0    0    0   70    0    0    0    0   57    0   60    0   66    0    0   51    0    0   43    0    0   56   61   55   62    0    0   64    0    0    0    0   45    0   44   58   65    0    0   65    0    0   71   59   75   50    0   69   48   73   74    0   46    0    0    0    0   63   43   53   52    0    0   47   42   67   72    0    0   54   41   67   49    0  
   0   64   60    0   50    0   50    0    0   70    0    0    0   61    0   75   68    0    0   74    0   55   69   54   43    0   67   57    0   70    0   65   47    0    0    0   41   63    0   48    0   44    0   52    0   62   42    0   71    0   59   73   56   53    0   72   45   66    0    0   46    0    0   51   58   66    0    0    0    0    0    0   49    0    0  
   0    0    0    0    0    0   48    0   44    0   73   58    0    0    0   46    0    0    0   55   50    0    0   65   72    0   70   50   67   59   75    0    0   54   50    0   45    0   57   50   51   68   61    0   42   41   49   66   47   71   74    0    0    0   56    0   52    0    0   60   62    0   69   63    0    0   64    0   53    0    0    0    0   43    0  
  42    0   46   51    0   66   43    0   61    0    0    0   70    0   52   54   57   72   53   64    0    0   73   56   63    0    0    0    0    0    0   69    0   59   68   58   47   49    0   50   75   67    0    0    0    0   74   45   44    0    0   54   66    0    0   48    0   41    0    0    0   55   65   58    0    0   71    0    0   62    0   60    0    0    0  
  55    0    0    0   45   73    0   50   44   68    0   61   45    0   53    0    0   58    0   42   64    0   52    0   41   48   43   59    0    0    0   56    0   49   75    0    0   50    0    0    0   70   47    0    0    0    0    0    0    0   46    0   67   72   71   51   63   65   54    0    0    0   69   57   45    0   66    0   62    0   60   74    0    0    0  
   0   41   75    0    0   55   72    0    0    0    0   61   53   60    0    0   46   45   68    0    0    0    0   62   44   66   73    0   58    0    0    0    0    0    0   74   49   70   50   64   59    0    0   54   72   47    0   67    0   54    0   69    0   45    0    0   63   52    0   65    0   71   43   48    0   42    0   57    0    0    0   56    0   51    0  
   0   46   51    0    0    0    0   75    0   66    0   63   74   53    0   55   64    0    0   68    0   71    0    0   60   50    0   59    0    0    0   62    0   45    0   42    0    0    0    0   61   65   69    0   44   54   67   72   52    0   63   49   48   41    0   58   73   56    0    0   43    0    0    0   47   42    0    0    0   51    0    0   57   70    0  
   0   60    0    0    0    0    0    0    0   42   72   48    0    0    0    0    0   73    0    0    0   51   52   47   70    0   75   41   43    0   44   58   65   49   56    0    0   68    0   61    0    0   46    0   69    0   66    0   57   45    0   71    0   62    0   55   53    0   45   50   74   63    0    0   63   59    0    0    0    0   64   67   54   65    0  
  62    0   53   70   49   54    0    0   74    0    0    0    0   45   50    0   63   69   46   49    0   66   64   68    0   65   59   51    0   48    0    0   58    0    0    0   42    0   55   73   47    0   71   61    0   44    0    0    0   57   43    0    0   75   41    0   71    0    0    0    0   56    0    0    0   72    0   60   67    0    0    0   67   52    0  
   0    0    0   53    0   55   49    0    0    0    0    0    0    0    0   41   69    0    0    0   73   48    0    0   71    0    0    0   42    0   68    0   47   65   50   51   75    0    0   57   74    0   64   44   61    0    0    0    0   63   70   61   59    0   67   62    0   66    0    0   56    0   42   45   46   54    0    0   43   72   74   60   52   58    0  
  58   48   56   46    0   75   71    0   41   62   53   56   64    0    0    0    0   44   50   52    0   61    0   60    0    0    0   47    0    0   70    0   68   60    0    0   69    0    0    0   65   59   72    0    0   74    0    0   49    0    0    0   49    0    0   67   42   51   43   57   45   66    0    0    0    0   63   54    0    0    0    0   55   73    0  
  49   69   57   55   70   67    0    0   63    0   45    0    0   75    0    0   43    0   71    0   56    0    0   74    0    0    0   72    0   63    0    0    0   44    0   55   59    0    0   52   46    0    0   62   54    0    0   68    0   50   48   73    0   60   47   61    0   58    0    0   41   66    0   65    0    0   51    0    0   64    0   60   53   42    0  
  66   55    0   54    0    0   68    0   49   44   59    0    0    0    0    0   43   43    0    0   50    0   64   60    0   73    0    0   52    0   63   56   67    0   42   69   47    0   41   65   71    0   53   46    0   70   45    0   57   58    0   51    0    0    0    0    0   48    0   61    0   62    0   59    0   75    0   42    0   74    0   72    0    0    0  
   0    0    0    0    0   48    0   42   72   60    0   47   54    0   41   74    0   46    0   61    0   68   45   58    0   67    0   44    0   71    0    0    0    0    0   66    0   56   57    0   64   49    0    0   62    0   59   55   50   61    0   65   70    0    0   51   53    0    0    0    0    0    0    0    0   52   63    0   50   43   75    0   69   73   48  
  60    0    0    0   57   67   71    0   51    0    0   59   70    0    0    0    0   74   68    0   42   64   49    0   55   73   47    0   63    0   44    0   58    0   43    0   66   50    0   56   62    0    0    0    0    0   65    0   61    0    0    0   75    0    0    0   41    0    0   62   72   52    0   69   63   46    0   48    0   45    0   54   53    0   53  
  68    0    0    0   49   42   74    0   58    0    0   44    0   65    0    0   46   51   55    0    0   46   72   53    0    0   73    0   67    0   75   56   69   54    0    0    0    0   50   70   71    0    0   63   64   52    0   47    0    0    0   47    0    0   59   74    0   45    0   62   48   43    0    0   60    0   61    0    0    0   57   41    0   66    0  
  74   51   45    0   59    0   73    0    0   65    0    0    0   71    0   54   53    0   67   60   63   62   44   75    0   46    0    0    0    0   57    0    0   42    0    0   69   70    0    0    0   52   43    0   58    0   41   43   72   50    0   73    0    0   47    0   64    0    0    0   56   49   55   68   66   58    0    0   61    0   48    0    0    0    0  
   0    0    0   55   57    0    0    0    0   53   72    0    0   71    0   60    0    0    0   54    0   71    0   42   65   61    0   45   43   46   63   67   53   64    0    0   56    0    0   66   50    0    0    0   68    0   41    0    0   74   69   51   49   62   75   52    0   73    0   58    0   70   66    0    0    0    0   48    0   47    0    0   44   59    0  
   0    0   61   72    0    0    0    0   53    0   50   61   49    0    0   64    0    0   62   48   55    0   53   49    0   63   68    0    0    0    0   59    0    0   46    0   71    0   57    0    0    0   54    0    0   51   66    0   41   45    0   44    0   73   52   47    0   74   58    0    0   56    0    0   42   69   60   67   43   70    0   75    0   65    0  
  44   59   50    0    0    0    0   58   46   61    0    0   70    0   63   48    0    0    0    0   52    0    0   71   65    0   71    0   72    0    0    0    0    0    0   54    0   57    0   43    0   62    0   41    0   69   55    0   42   69    0   68   56    0    0   64    0   60   49   45   66    0   47   53   73    0    0   51   67    0    0   61   75    0   74  
   0   47    0   42    0    0    0   54    0    0    0   58   68   71    0   43   58   55    0    0   59   65   61   60   46   75    0   53    0   41   63   45   72    0    0    0    0   69    0    0   66   52    0    0    0   50   57   51   73   43   49   62    0    0    0   70   67    0    0    0    0   64   56    0    0   44    0   48    0    0    0    0   74    0   66  
  64    0   57    0   74    0   69    0   55    0   67   60    0   62    0    0   52   54   42    0    0    0    0   70    0    0    0   60    0   61    0   51    0    0   65    0   75   63    0    0    0   47    0    0   58    0   46   41    0    0    0   68    0   48   56   49   71   45   72    0   66    0   59   50   73   62    0    0   44    0    0    0   65   43   53  
   0    0    0    0   73    0   53   67   56   52   48    0    0    0   42    0    0    0   69    0    0   50    0    0   58   72   66    0    0    0    0    0   57    0   42   63   75   59   70   60    0   59   44    0   64    0   68    0    0   41    0   55    0   64    0    0   47   46    0   45   51    0    0   61   54   71    0   49   62   65   43    0    0    0   74  
   0   68   72   57   56   46    0   65    0    0   59   53    0   55    0   45    0    0   62   67   73   54   64   41   61    0    0   70   58   66    0   73    0    0   75   53   50    0   47   52    0    0   42    0   44    0   49    0    0    0    0    0   48    0    0    0   58    0    0    0   51   71    0   74    0    0    0   43   60    0   63    0   69    0    0  
  61    0   54   66    0   45    0    0    0    0    0    0   63    0    0   58   48   44   68   60   71    0    0   41    0   69    0   43    0   52    0    0    0    0    0   50    0   74    0    0    0    0   47   72   73    0   51    0   46   42    0   62    0    0    0    0    0   64    0   49    0   67   70   53   56   70    0   65   59    0   46   49   57   75   55  
   0   41    0    0   56   56    0    0    0    0   63    0   60    0    0   44   64   67   52   71    0    0    0    0   58    0   43   65   49    0    0    0   50    0   59    0    0   55    0   48    0    0    0    0    0   62   61    0    0    0   70   53   57    0   47   68   72   45   42    0    0    0    0   52   74   51    0    0   44   73   46   54   75   69   66  
   0   64    0    0   68   47   74   51   59    0    0   43    0    0    0    0   68   71    0    0   61    0    0   49   63    0   52   45    0    0    0    0    0   58    0   70    0    0   71   54    0    0   48    0    0   72    0    0    0   62    0    0   69   41   44   75   46   60    0    0   57   66   50   67   55   65    0   73   53    0   44   56   42    0    0  
   0    0    0   62    0    0   67   66    0   49   57    0    0    0    0   47   41    0   48   69    0    0   64   42   65    0    0   67   57   74    0    0    0   52   50   61   71    0   51   53    0    0    0   46    0   65    0    0    0   68   70    0   60    0   58   43    0   56    0   55   73   72   44   63   45    0    0    0    0    0    0    0   75   59   54  
  70   67    0    0    0   45    0   68   43   52    0   66    0    0   59    0   66    0   63    0   62   75    0   57   60    0    0    0   74    0   47   57   69   53   73   50    0   51   72    0    0   64    0   56    0    0   61   54    0    0   44   55    0   48   65    0    0    0    0   42    0   47    0    0   71    0   46    0    0   41    0    0   58    0   49  
  72   54    0   67    0   69   64   45   74    0   70    0   61   46    0    0   55   51   65   47    0    0   73    0   53   75    0    0    0    0    0   58   43    0    0   52    0   68   49   44    0   41    0   50   57    0    0    0    0    0    0    0    0   66   56    0    0   59   63   42    0   60    0    0    0    0    0    0    0   62   51   71   64   70   48  
  66   41    0    0    0    0   60   47   63    0   64    0   49   64   73   57   55   64    0    0   42   75   67   50   72   58   53   48   54   51    0    0    0    0   44    0    0    0   61    0    0   74   68    0    0    0    0    0    0   70   56    0   59    0    0    0    0    0   65   46   62    0   43    0   56   71    0   69   45    0    0   52    0    0    0  
  75    0    0   65   53    0    0   49    0   46    0   73    0   62    0    0    0    0    0    0    0    0   48   51   42   68    0   67   66    0    0    0    0    0   50   43   70   67    0   44   64    0   71   69    0    0   60   54   68   61   72   59    0   56   57    0   41    0    0    0    0    0    0   52   45   63   71    0   47   58   55    0    0    0   74  
  43   59   65   45    0   46   74   54    0    0    0   50   70    0   66   58    0   52   69    0    0    0    0    0    0   55    0   63    0    0   46   64   47   72    0   62    0    0   67    0    0   60    0    0   54    0   44   51    0   75    0   48    0   61    0    0   41    0   71    0    0   73   68   53   56    0   49    0    0   49   57    0    0   42    0  
   0    0   58    0    0   72    0   53    0   45   68    0   60   70   57   62   51   61   69   56   50    0   63   43   44    0    0    0    0    0    0    0    0    0   41   52    0   59   53    0   49   42   66   73    0    0    0   55   44   69   46    0    0    0    0    0    0    0   64   48   74   75    0    0    0   67   71   54    0    0    0   47   65    0    0  
  53    0    0    0    0   55    0   52   72    0   43   64    0    0    0   59    0   56    0   57   67   71   48   69   51    0   58    0   48   70    0    0    0   60    0    0   75    0   74   54    0    0    0   64    0   63    0   41    0   46   61    0    0   42   73   45    0   65   50   49    0    0   47   43    0    0    0   44   68    0   62    0    0   66    0  
  61   45   55    0    0    0   52    0    0    0   67   49   57   68    0   74    0    0    0   63    0   72   51    0   41   42    0    0    0    0   48    0    0    0    0   58   53   64   56    0    0   75    0   46   44    0   68   70   68    0   73   60    0    0   43    0    0   63   62    0    0   50   59    0    0    0   66   65   69   47   54    0    0    0   71  
  72    0   43   54    0    0   71    0    0    0    0    0    0    0    0   68    0    0   75    0    0    0   51    0    0   41    0   46   53   73    0   42   44   49   60    0   70    0   67   60   62   56   57    0    0    0    0   42   63   53    0   65   58    0    0   64    0   74   66   55    0    0    0    0   69    0   52   47   45   61   48    0   50   59    0  ] 
BUDGETS : [    1    1    1    2   12   13   14   16   17   20   23   24   26   32   40   43   45   47   48   52   52   55   61   62   63   64   65   65   67   75   77   80   81   82   82   84   87   91   91   93   93   93   96   98   99  101  104  106  109  118  118  119  120  120  121  121  122  123  125  125  126  127  130  141  141  141  144  147  148  152  154  160  160  162  167  168  170  173  173  173  175  180  182  182  182  183  186  186  188  190  192  194  194  198  200  203  203  207  209  210  210  211  214  216  217  219  222  225  225  229  230  231  237  239  241  241  242  245  245  248  249  249  253  259  260  261  261  262  263  264  264  265  265  266  267  270  275  275  276  277  279  288  288  289  291  293  295  296  297  298  ] 
