K : 100
I : 50
PREFERENCES : [    0    1    0    0    0    3    0    0   12   15   12    8    0    0    0   14    0    0    0   10   15    0    6    0   10    0    9    0   10    0    4    0    6   15    5    0   11    0   12    0    7    8    0    0    0    6   13    2    9    0  
   5    0    0   15    0    0   12    2    0    0   14   11    0    8    0    0    0   10    0    8    0   13    0    4    2   15    0    0    0    4   13    7    0    2    9    0    0    1   13    0    0    0    3    0    0    6    0    2    7   13  
   7    0    1    0    0    0    0    0    0   10    0   11   12    9    5    0    6    8    7   12    0   12   12    3    0   10    5    0    0    0    0    0    0    0   13   12    0    0    4    0    2   13   12   12   14    0    0    0   15    0  
  15   15    0   15   15    8    0    7    9    0    0    0    0    6    1   14    0    0    0    0    0    9    0    4    0    4    0    0    0    0    0    0   10    2   11    0    8   12    0    0    3   10    0    0    8   13    0    1   15    5  
   0    1    6    9    8    8    0    0   12    5    0    0   10    0    9   11    0    2    0    4    0   12   12    1    0   13    0    0    1    0    0   12    4    0    0    0    2    0    8    0    0    3    0    0    7   14    0    0    0   15  
   0    6   14    0    7    0    0    0    0    0   13   10    0    3    1    2    3    7    0    0    2    0   11    0    0    0    4    0   15    8    0    0    0    0   12   13   13    0    3    0    0   14    3    3    0    0   11    0    9    5  
   0    0    1    3    7    0    5    4    0   15    0    0    0   12    0    2   10    1    0    1    0    8    0    0    0    0    0    0    0   14   11    0    0    0    1    0    9    9    0    0    6   10    0    8    8   13    6    0    1    9  
   0    3    0    4    7   10   15   10    0    0    0    0    6    0    0    0    1   13    1    8    0    0   13    0    9    0    0   11    0    3    6    0    0    0    0   10    0   14    2    0    1    4    0    0    1   12    1    0    5    0  
   0    0   13    2    0    9    3   14   12    0    5    0    8    0    0    0    8   10    0    0    0    0   15    4    8    6   15   12    1   11    0    0    8    0    0    0    0    0    2    0    1    0    0    0   12    0   10    0    8    7  
   5    0    2    0    0    0    8    6    0    0    0    0    0   12   11    0    0    4   15    4    6    0    0    9    0    3    0   14    0   13   10    0    7    0    8    6    9    0    4   13    5    0    3    0    0    0    1    0    6    0  
  11    0    8    0    0   10    0    0    0    0    0    0    0    7   12    6    5    7    8    0    0    0    0    2    9   13    0    0   15    7   10   15    0   15    0    4   12    1    0    3    0    0   15    0    0    0   10   13   14    0  
  12    0    8    0    5    2    0    0    3    0    0    0    0   12    0    0    0   11    0    9    0    0    2    0    0   13    0    6    7   15    3    0    4    1    5    0    0    0   10    1   14    7    8   14    0    0    0    2    4    0  
  11    2    0    0    4    6   11   15    0   13    0    0    8    0    0    5   14    0    9    3    0    0    0   14    0    0    0    0    0    0   13   14   10    0    1   12    0    2    0    0    8    0    0    0    5    0    7   14    1   12  
  14   10    0    0    5    0    2   10    0    9    0    2    1    7    0    9    0    0    0    3    6   10    0    0    0   11    0    7    6    0    0    0    2    0    0    0   10   12   15   10   13    0    0    8    0    4    0    0    8    0  
  15    0    0    0    5    0    0    0    2    0    9   13    0    6   12    0    0   14    0    0   12    4   12    1    6    0    0    0    0   10    8    0    0   10   15    0   14    3   12   11    0   10   14    0    0    0    7    2    0    0  
   4    8    0    0   14    0    0    0    0    4   10   14    0    0    0    0    0    0    9    4    0    0    9    6    0    3    0    0   11    1    0    7    2    0    0    4    4   15    0    2   13    0    0    0   12    5   15    0   12    8  
   4    0    0   14    0    0   10    0    0   10   15    0    0    0    0    0    8    0   14    2   12   13    0    7    0    0    3   12   15    0    0    0    0    0    0    9   11   10    4    0    0    5    9    5    6   12    0    2    1    0  
   7    0    8    0    6    0    0    0    0    1    0    0   14   15    0    0    2    0    0   12    9    0    4   13    4    5   11    5    0   14    0    0    5    0   10   12    0    0    6    0   12    3    0   12   13    0    0    0    0   12  
   0    0    0    0    0   11    9   10    5    0    3    0    0    2   13    0   10    8    0    0    0    0    0   10    4    0    0    0    1   10    0   14   15    2    9    7    4    0   13   13    6    0   13    0    0    7    0    0   12    0  
   0    1    0    0    0    9    0   10   14   13   12    0    0    7   10   10    0    0    8    0    2    9    0   10    0    3    2    1    0    0   15    0    0    0   10    0    0    9    0   12   11    4    0    0   13    0    0    6    5    0  
   7    0   14    0    0   14    0    3    0    0    0    0    0    0    0    0    1    0   14    0    0    4    0    0   11    4    6    4    7    9    6    4    0    0   10    5    0    0    1    2    0    0    0   15   13   14   14    8   12    0  
   0   15    1   15    0   12    5    6    0   11    8    0    0   10    3    8    0    0    0    0    0    6    0   10    0    0    0    3    0   10   13   13    0    0    2    9    0    0    4    0   13    0   14    0    3    7    0   15    0    0  
   1   14    0    4    7    5   14   10    8    5    0    0    0    4    0    0    6    7    0    0    0    7    2    3    9    0    0   13    0    0   12    0   15    0    0    0    0    0    0    9   11    9    0    0    8    0    0    9   14    0  
   0    0    8    0    0    0    0    4    0   12    0    0   14    0    0   10    0    0    6   11    0    0    5    8   15    0    2    3    0    5   12   13    7   11    9    0    0    0   13    9    0    1    0    5    0   15    6   15    0    0  
   9    1    0    6    5    0    0   15    0    8   14    0   11   13    2   14   11    0    0   10    0    3    0    0   10    0    7    0    0   15    0    0    0   12    4   10    0   15    0    0    0    0    0    0   12    6    3    0    0   13  
   0    0    0    0    0    3    0    2    6    2    0    0    9    0   15    4    6    0    0   14    0   14   10    0    5   14    0    0    0    4    0    0    0   12    3    5    0    0    4    0   13   11    0    7    5    4    0    1    0    8  
   0    0   12   13    0    3   15   15    2    0    0    0    0   10    0   13    8    0    1    0   15    5    0    0   12    0    0    1   15    0   15    0    9   10    0    6    0    3    7    0    0   14    0    0    4   15    0    0   11    0  
  10   11    0    2    0    0    0    5    0    4    0    0    3    4    0   13    0    0    3    8    0    0    0    3    4   13    0    0    1    9   12    0    0   15    0    6    0    7    5    9    0    0    0    4    0    7   14    0    1    0  
   0   11    0    0   10    0    0    4   12    4    0    0   10    0    0    0    6    5    1    1    0   10    9    0   15   14    0    0    0    3    0    8    7   12    1    0    0    0    0   13    0    0    7    0   13    2    0    8    0    1  
   0   11    5    0    0    7    0    0    0    5    2   12   15    0    0   10    9    1    0    0    7    4    0   12    0    0    0    3    0    3    0    5   13    6    0    0   14    0    7    0    8   15    0    3    0    0    0    1    0    5  
   0   12    0    0    2   14    1    0    0    0    0    5   12   12    5    0   13    0    6    0    0    0    9    0    0    0   14    0    0    6    0   14    0   15   11   10   12    0    0    6    0    7    6    0    4    0    0    8    3    4  
   0    5    2    0    0    0    0    9    8   14   15    0    5    0    7    0    9    3    0    2   13    0    6    6    0    3    0    2    0    5    0   11    0   12    8    0    4    0    5    0    0    0    0    0    0    0   13    1   10    0  
   0    6    7    0   12    5    0    6    0   13    1    0   13   14    0    0    0    9    7    0    0    0   11    0   15    0    0    0    0    4    0    0    3   13    4    0    2    0    5    0   14    3   11    0    8    0    0    0   11   10  
   0    0    0    9    0    0    3    1    0    1    2    6   10    0   13    9    0    0    8    0    0    0    0   11   12    0   14    0    9    2    8    4    0    3    2    9    0    0    0    0    5    0    2   15    0   15    0    0    7    0  
   0   10    0    0   12    0    0    7    0    3    0    2    0   14    0   13    0   15    8    5    0    0   15    0    5    4    0    5    0   12    9    6    3    0   12   11   11    1    6    0    0    0    0    0    0    0    0    1    0   14  
  11    0    0    2    0    4    0    7    7    0    5    0    5   10    0    6   12    0    5    0    5    2   10    0    0    8    3    0   13    0   15    0    0    4    0    0    1    0    1    9    0    0    0   14    0    0    5    0    5    0  
   0   10    2    0    1    0    8   13    0    0    8    0    9    0    0    5    0    0   12    0    0   14    0    0    2    3    3    4    0    6    0    8    0    3    0    0    8   13    0    0   11    0    0    0    5    7    1    0    6   15  
   0    8    0    0   14    0    7    2   11   12   13   10    0    0    4    0    3   11    6   12    0   15    9    8    8    0    0    0   14    7    0    0    0    0    0    1    0    5   12    0    0    0    4    5    0    0    0    0    0    5  
  13   11    7    0    0    9    6    5    0    1    4    0    1   11   10    0    0    0    6    6    0    8   15    5   13    0    4   10    0    0    0    7    0    0    0   14    1    3    0    0    2    0   12    0    0    0    0    0    0    0  
   0    8    0    0   13    0    3    4   15    0    2   12    7    0    0   13    4    0    0    0   14    6    0    0    8    0    0    0    0    0    0    5    1    0    0    4    0    0    4    0   11    4    7    0    8   10    8    0    9    9  
   0    4    0    5    0    0    9    0    0    5    0    0    2    0    5   15    0    0    0    2    0    5   11   13   14    0   10   10    0   10    6    8    7    0    0    0    0    1    0    0   10    9    0    3    0   14    0    0   12    9  
   0    4    0    0    0    8    5    0    7    1    0   14    6    0   10   14    3   11    0   15    0    7    5    0   12    0   13    9    0    0    5    9    0    2    0   15    1    8    0    9    0    0    0    0    0    0    0    0    0    5  
   0    0   12    6    5    9    0    7    0   10    0    0   15    3    0    0   13    0    3    0    0    0    2    3    0    1    0    8    0    0    0   12    0    0    0    0    2   11   10    5    0    4    0   13    8    0   14    0    8    8  
   3    3    0    0    6    0   13    0    2    0    7    0    3    4    0    2    0    0    4    0    0    5    0    0    0   12    1    0    9    9   14    0   10    0    0    0    4    2    4    0    2    8    0    0   14    0   11   15    0    0  
   0    0    0   14    0    8    7   14    0    1    0    8    0    8    0   11    0    9    0    0   13    0    3    5   14   13    0    0    0    0    8    2    0    4    0    0    0   10   15    0    6    4    0    0   12    0    3   12    0   13  
   4    0    0    6    0    0    2   15    0    0    1    0    4    0    0   14    0    0   10    9    5    0    4    3    0    8    0    0    0    7    0    7   13    0   11    0    0    4    0    0    5   12    8    0    3    0   11    0    6    3  
  13    0    0    0    6   12    0    0   13    0    4    0    8    0    0    6    9    0    0    5    0   10    0    0   12    0    3   15    0   12    0    3    1   15    7    0    2    6    0   12    0    0    6    0   15   11    0    0    0   14  
  12    4    9   14    0    0    0    3    5    0    6    8   13    8    0    0    2   13    0    0    0    0    0    0    0   11    9   10    2    0    3    0    0    9    0   15   14    0    0    0    0    0    0   14    1    8    7   14    0    0  
  14    0    0    0    0    0    4    0   12    9   14    3    0    4    0    0    0    0    0    6    0   11    9    5    1    0    0    2    0    8    0   13   10    0   10   15    0   14    7    0   15    0    1   14    6    0    0    3    0    0  
   0    1   11    0    5    0   10    1    0   14    5    0    2    0    0    0    8    0    7    4    5    0   13    3    3    0   15    8    0    0   13    0   11    0    0    9    0    0    0   11    0    0    0   12    6    8    8    0    0    0  
   0   11    0    0    6    0   11   10    0    8    5    3    0    0    6    3   13   11   15    0    0    0   13    9    0    0    4    0    0    6    1    0    0    0   12    2    0    0    7    0    6    0    0   14   13    0    0    1    0   15  
   0    8    0   11    1    0   12   13    0    0    3    3    7    0    0   15   14   12    5    0   12    0    0    0    2    0    0    0    8    6    0    0    3    4    2    0    2   10    0    0    0   11    0    0    0    4    9    7    0    0  
   0    8    4    0    0   12   10    3    0    0    0    0    0    0    0    0    0    8    9   11   13    0   11    0    0    0    1    8    0   12   15    0    0   15    0    0    0    5    0    5    6    0    2    8    2    7   14   12   12    0  
  14    0    3    0    0    0    0    7    5    0    0    8    0   11    0    2   10    0    8    0    0   11   12    6   15    8    0   11    2    1    0    0    0   13    0    9    0   14    0    0    0    6   11    0   10    0    4    8    0    0  
   6    7   11    0    0   11   12    0   10    6    0    0    0    1    0    0    3    1    0   15    8    0    1    0    0    0    0    0    6    5    0    0    0   10   13    0    0    0    0    7    4    2    0    7   14    0    9    5   14    0  
   0   13    0   14    2    0    0    0    7    0    9   11    1    8    0   10    5    0    0    0    7    0    6    0    0    0    3    0    0    1    0    0    6    0    0   10    4   15   13    0    0    2    4    0   12    4    0    7    3    0  
   0   13    0   15    0   15   11   14    0   15    0    2   12    0    8   15   13    1    0    6    0    0   10    0    0    0    0    0    0    0   14    9    0    0    0    0    7   13    0   13    0   13    5    4    0    0    3   13    0   13  
   0    8    0   12    0    5    0   13    0   11    3    2    2    0    0    9    0    0    0    0    0    2    0    4    2    9   10    6    0    9    1    0    2    0    0    0    0    0    0   15    0    0    2    0    7    0   14   12    9    7  
   8    6    0   10    6    0    0    0    0    0    6    0   14    0    0    0    0   12    0    3    0    2    8   15    4    0    0    0    0    8    9   13    8    0    6    5   14    0    9    7    0    0    0   11    5    1    1    0    0    0  
  12    7    0   13    2   10    0    1    0    6    0    4   13    6    1    3    0    5    0    1    0   14    0   15    0    0    0   13    0    0    0    0   12   10    0    0    5    0    9    0    0    0   11    6    0    0    8    6    0    0  
   0   12    2    0    0    7    2    0    0   11    5    0    0   14    6    0    4    0    0    0    5    0    7    9   10    3    0    0    0   13    0    2    2    0   12    0    8   15    8    0    2    0    7    1    0   13    0    0    0    0  
   3    9    1    0    0    0    8    0    0    6    0    9    5    0    1   14    9    6    2    0    0    0   11    6    0    0    0    6   12    5    0    0    0   15    8    7    0    0    0   13    0    0    0    0    0    5    2    0   10    4  
   0    0    0    2   10   12    0    6    0    5   13    0    0    0    0    5    1    1    9   11    0    3    0   11    0   15    1    4    7   12    0    0    0   15    0   14    8    8    0    2    0    4    0    0    0    0    4    0    0    0  
  15    9    0    0    0    2    0    0    0    0    0    9    0   11   13    0    0    8    0    0   10    3    0    1    0    0    0   13    8    0    5    9    0    0    4    0    4    0    6   12    0    4    5   11    9    0    7    0    3   14  
   0    0    0    0    0    6    1   13    3    0    0    0    2    7    0    0   14    0    0    7    0   11    0    3    4    0    0    0    5    0   15   11    0    2   13    0   12    1   11    0    8    0    2   10    0   10    2    0    0    9  
   0    0    6    8   15    0   14    0    0    0    0    7    0    0    5    0   11    0    1    1   14    4    0   12    0   13    0    0    3    0    0    0    3    1    5    1    2    9    9    0    0   10    0    0   15    0    0   13    0    1  
  15    0   13    0    0    0    0   12    0    0    0    0    4    6    0    4    0    4    0    0   11   14   11    4    0    0    8    0    7    0    0    2    0   15    0    3    0    1    5    4    0    0   13    4    0    9   11   13    0   10  
   5   13    0    5    0    0    0    1    0    4    2    0    0    0    3    6   10    0    4    9    0    0    0    0    0   14    8    0    1    0    1    0    2    7    0    5   11    0    0    0    0    1   12   15    0   10   10    0    8    0  
   2    1    5    5    0    0    1    2    8    3    0    0    5   11    0    0    3    4    0    5    0    5    0    0    0    0   10    0    0    0    0    0    0    9    3    0   15   13    0    7    8   12    0    0    0    0    0   15    6   14  
   0    0    0    0    0    4    0   14    3    1    0    9    0    0    6   12    0    4    0    0   10    0    0    0    8    0    0    0    8    5    3    7    0    4    8   15   11    0    2   13    2   10    1    0   15    0   12    0    0    0  
   4   13    4    0    7    0    9    0   15    0    0    1    0   12   10    0    0    0    5    0   13    0    8    0    4    4   14   15    0    0    5    6    0    0    0    3   15    4   11    0    0    0   10    2    0    0    9    0    0    0  
   0   13    2    0    7   15   10   11    0    0   12    0    0    0    0    7    0   14    0    0    0    6    9    0    7    8   11   15    1    4    7    0    0    9    0    0    0    5   11    0    0    0    0    9    0    6   12    3    0    0  
   0    7    0    0    0    6    4   13    0    0    0   12    0    0    5    3    5    0   11   14   14    9    0    0   15    2   11    0   10   13    0    0    0    0    0   15    0    8    1    0    0   11    9   12   11    0    0   12    0    0  
   0   13   13    0    0   14    0    6   10    9    0    0    2    3   11   15    0    0    0    0    0    9   12    0    7    5    8    0    0   14    8    0    0    0    0    4    0    0    0   13    0    4    0   14    8    0   12    1    0    3  
   0    0    0   14    0    5    7    0    0   10   12    0    9    0    8    0   11    0    2    7   12    7   13    5    0    0    0    0    0    5    0    7    0    7   12   15    0    1    3    0    0    0    0    6    0    5    0    3    4    0  
   0    0    3    0   15    0    2    0    0   12    3    0    0   10   12    3    0   15   15    0    9    6   13    2   11    0   14    0    0    0    0    0    1    0    0    0    8    0    2    0    4    3   15    5    0    0    8    7    0    0  
   0   14    0    2    8    4    0    0   15    0    1    0   15   14    0    0    9   12    8    0    0   13    8    4    0    0   10    0    0    6    4    0    0    0    8    0    0    0    9    9    0    0    0    0   12    5   11    0    3    7  
   1    0    0    0    0   15    0    2   14    0    6    9    0    0    0    5    0    0   13    7    6    0    0   12    0    4   12    0   11    0    0    0    9   10   13   11    0    6   12    8   15   11    0    3    0    0    0    0    0   13  
   0    0    0   12    0    2   11    9    8    4    0    1    0    1    0    0    6   11    0    0    2    5    0    0    2    0    0    7    0    0    0    0   13   15    3    0   10    0   13    5   13    0   14    0   15    0    2    0    3    0  
   0    0    0   15    0    0    7   12    4   10   11    0    6    0    0    0    0   12    5    0    0    4    0    0    8    0    7    0    0    0    2   15    0    9    1    0   11   13    0    0    0    4    4   14    3   10    3   11    0    0  
   0    0    0   15    0    3    6   12    0    5   13    0    0    0    0   12    7    0    0    0    0    0    0    8    0   11    0    2    6    0    6    7    0   14    6    7    7    0    4   10    1    0    9    0    5    0   12    6    0    0  
   0   15    0   14   10    0    0   12    9    0    0    0    0    0    0    0    0    0   14    0    0    7    2    8    0    8    0    7    7    0    1    1    4    0    0    0   11    6    1    0   13    9    0    0    9   12    5    3    0    6  
   6    4    0    0    3   12    0    0    0    0    0    9    9    0    0    0    0    0   15   14    4    5   15    0    1    3    5   10    0    0    7    0    0    1    0    0   13    0    1    0    2    0   11    0   12   15    0    0   15    8  
   0    1    5    0    0   11    1   10    0    9    0    0    3   14    1    0    0    0    8    0   13    0    2    0    4   14    3    7    0    0   15   15    0    0    2    8    0    0    6    0    0   12    9    0    0    0    0    1    1    0  
   3    0   11    0    1    0   10    0    8   15    0    0    0    0    0    0   10   12   10   12    0   11    4   11   15    0    0   13    0   14    9    0   10    0    0    1    6    0   10    0    7    0    2    5    0    0    0    0    0    1  
   0    0    0   15    0    0    0    0   15    0    0    0    6    1    0    0    0    0    5   10    4    0    0   15   14   15    9   11   10    0    0    7   15    0   13    0    2   14    5    0    0    3   12    0   15    0    5    0    8   14  
   2    0    0   14   12    3    0   15    0    8    3    3    0    0    0   14    9    0    0    0    0    0    0    0    0    4    0    0    1    0    0    5   14    0    0    0    0    9    6    3    5   10   10   11   13    3    0    7    1    0  
  11    0    2   13   14    0    0    8    0    5    0    6    3    2    0    7    0    0    0    2    0   14    6    1    0    0    4    0    4    0    0    0    8    0    0   10    1    0    4    0    0    0    0    0    9   15    6    0   11   12  
   7    6    0    0    2   13   10    0   10    0    0    5    0    0    8   14    0    0    0    9   15    0   12   10    0    0    0    7    0   10   10    0    0    0   10   11    0    4    0    0    0    1   10    7    3    0    0    7   10    0  
   0    0    9    5    0    5    8    0    0    0    7    3    4    8    6    4    4    4    4    0   12    0    0    4    0    0    2    0    6    0    0    0   14    0    0   10   11    0   15    0    0    4    0    1    9    0    0    0   13    0  
   0   13    0    0    0   12    0    0    9   13    0    0    3    0    0    0    9    7   10    5    0    0    0    4   15    6   15   14    0    0   10    0    7    1   15    0    0    8    7    5    0   11    0    8   15    0    0    0    2    0  
   0    5   15    0    3   13    0    0    0    0    0    0    7   10    1   11   10    0   11    0    0    0    0   12    0    0    0    4    1   14   15    4   11    6   15    0   14    0    0   12    0    0   11    8    0    0    0    2    9    0  
  11    0    0    4    0   10    0    0    0   11    0    0    0    0    0    9    6    2    0    0    9    0    1   12    0   11    5    0   15    0    0    9    0   13    8    0    0   13    3    1    0    0   11    0    0    1   14    6    7    2  
   0   12    0    0    0   12    7   10    7    0    5    0    0    4    1   13    0    0    9    0   15    0    0    0    0    0    4   10    0    8    6   12   12    1    1    0    2   14    0    0    1    0    0    3   11    9    0    0    0    0  
   2    0    0    0    7   15    9    6   11    0    0    0    0   10    0    8   12    0    2    9    0    0    0    3   13    5    0    7   12   11   13    0    9    0    0    0    1    0    0    0    0   12   14    0    0    5    0    0    4   12  
   7   11    1   13    5    0    0   13    0    5    0    0   10   14    0    4    0    0   13    0   13    0    0    3    2    0    1    0    0    0    0   15    0   12    0    9   15    0    0    6    0    0    0    6   14    8    0   13    0   11  
   0    0    7    0    0    0    4   11    8    0    0    7    8   11    0   11    0    0    0    0    5    0    6    0    2   10    0    1    0    1   14    0    9    1   12    0    3    7    0    1   15    0    0    0    0    1   13    4    0    0  
   0    8    0    8    8    0    1    0   10    0   11    0    6    0    0   15    7    7   13    0    0    9    0    0   15    0    4    8   14    0    0   12    0    0    8    1    0    0    0    0    0    0    0    3    0    6   13    5    2   15  
   0    0    8   13    2    0    0    0   12    9    0    5    6    3   11    0    0    0   12   10    0   13    0    4   13    0    4    0    0   14    0    0    6    7    9    6    0    4    0    0    2    0   15    1    0    0    0    0    0   11  
   0   13    0    0    0    0    3    0    0    0    0    7   13    1    9   14   12    0    0    3    0    5    0   14   14   11   14   13    2    0   11    0   13    4   15    0    0   10    0    0    0    6    0    0    1    0    8    0    6    0  ] 
BUDGETS : [    5   11   20   24   26   27   28   36   36   37   41   43   44   47   51   52   54   55   59   62   69   69   74   76   78   79   80   81   81   82   83   89   89   90   91   93   97   99  100  104  104  104  106  108  110  111  112  113  113  116  117  117  120  122  122  124  124  126  126  127  133  134  137  137  139  139  140  142  142  143  145  147  147  149  150  157  158  159  162  163  169  170  170  170  171  174  175  177  179  182  187  190  190  191  192  193  194  197  197  198  ] 
