K : 100
I : 50
PREFERENCES : [    0   50    0    0    0   49    0    0   34   31   35   41    0    0    0   32    0    0    0   37   30    0   44    0   39    0   40    0   38    0   48    0   46   29   47    0   36    0   35    0   43   42    0    0    0   45   33   49   39    0  
  42    0    0   29    0    0   33   47    0    0   30   34    0   37    0    0    0   35    0   38    0   31    0   44   48   29    0    0    0   43   32   40    0   46   36    0    0   50   30    0    0    0   45    0    0   41    0   49   39   32  
  44    0   50    0    0    0    0    0    0   40    0   39   34   41   46    0   45   42   43   33    0   33   35   48    0   40   47    0    0    0    0    0    0    0   32   38    0    0   48    0   49   31   37   36   30    0    0    0   29    0  
  32   33    0   30   29   40    0   42   38    0    0    0    0   43   50   34    0    0    0    0    0   37    0   46    0   45    0    0    0    0    0    0   37   48   36    0   41   35    0    0   47   36    0    0   39   34    0   49   31   44  
   0   48   42   39   40   40    0    0   32   43    0    0   37    0   38   36    0   46    0   43    0   34   33   49    0   31    0    0   50    0    0   35   44    0    0    0   47    0   41    0    0   45    0    0   42   30    0    0    0   29  
   0   40   31    0   38    0    0    0    0    0   33   36    0   44   50   49   45   39    0    0   48    0   35    0    0    0   42    0   29   37    0    0    0    0   35   32   34    0   47    0    0   30   46   43    0    0   36    0   37   41  
   0    0   47   45   41    0   43   44    0   29    0    0    0   32    0   45   35   46    0   48    0   38    0    0    0    0    0    0    0   30   33    0    0    0   50    0   37   36    0    0   42   34    0   40   39   31   42    0   49   38  
   0   45    0   44   40   36   29   37    0    0    0    0   41    0    0    0   46   32   48   39    0    0   31    0   38    0    0   34    0   45   42    0    0    0    0   35    0   30   46    0   47   43    0    0   50   33   49    0   43    0  
   0    0   30   47    0   36   46   30   31    0   44    0   39    0    0    0   37   34    0    0    0    0   29   45   41   43   29   33   49   33    0    0   40    0    0    0    0    0   48    0   50    0    0    0   32    0   35    0   38   42  
  44    0   49    0    0    0   38   41    0    0    0    0    0   33   34    0    0   47   29   45   40    0    0   37    0   47    0   30    0   31   35    0   39    0   38   43   36    0   46   32   45    0   48    0    0    0   50    0   42    0  
  37    0   40    0    0   37    0    0    0    0    0    0    0   42   36   45   46   43   41    0    0    0    0   49   39   34    0    0   30   44   37   32    0   31    0   47   35   50    0   48    0    0   29    0    0    0   38   33   32    0  
  34    0   39    0   44   48    0    0   46    0    0    0    0   33    0    0    0   35    0   37    0    0   47    0    0   32    0   42   40   29   46    0   46   49   43    0    0    0   36   50   31   41   38   30    0    0    0   49   45    0  
  39   49    0    0   46   44   38   29    0   35    0    0   42    0    0   46   30    0   41   47    0    0    0   33    0    0    0    0    0    0   34   31   40    0   50   37    0   48    0    0   42    0    0    0   45    0   43   32   49   36  
  30   38    0    0   44    0   47   35    0   39    0   48   50   41    0   38    0    0    0   46   43   37    0    0    0   33    0   42   42    0    0    0   49    0    0    0   36   32   29   34   31    0    0   40    0   45    0    0   39    0  
  30    0    0    0   45    0    0    0   48    0   40   33    0   43   35    0    0   32    0    0   36   46   37   50   44    0    0    0    0   40   41    0    0   39   29    0   31   47   34   38    0   40   31    0    0    0   42   49    0    0  
  44   39    0    0   32    0    0    0    0   46   37   31    0    0    0    0    0    0   39   48    0    0   38   42    0   49    0    0   36   50    0   41   49    0    0   47   45   29    0   49   33    0    0    0   35   43   30    0   34   40  
  47    0    0   31    0    0   38    0    0   37   29    0    0    0    0    0   41    0   30   49   35   32    0   42    0    0   48   34   29    0    0    0    0    0    0   40   36   39   46    0    0   44   40   45   43   33    0   49   50    0  
  41    0   40    0   42    0    0    0    0   50    0    0   30   29    0    0   49    0    0   34   39    0   47   31   48   44   37   46    0   30    0    0   45    0   38   36    0    0   43    0   33   49    0   32   31    0    0    0    0   35  
   0    0    0    0    0   35   40   39   44    0   47    0    0   48   31    0   37   41    0    0    0    0    0   38   45    0    0    0   50   36    0   29   29   49   40   42   46    0   32   30   43    0   33    0    0   42    0    0   34    0  
   0   49    0    0    0   41    0   35   29   30   33    0    0   43   37   36    0    0   42    0   47   39    0   37    0   46   48   50    0    0   29    0    0    0   38    0    0   40    0   32   34   45    0    0   31    0    0   43   44    0  
  40    0   33    0    0   30    0   47    0    0    0    0    0    0    0    0   50    0   30    0    0   44    0    0   36   43   42   46   41   38   42   45    0    0   37   42    0    0   49   48    0    0    0   29   34   32   31   39   35    0  
   0   29   50   30    0   34   45   44    0   35   40    0    0   36   47   41    0    0    0    0    0   43    0   37    0    0    0   47    0   38   33   33    0    0   49   39    0    0   46    0   32    0   31    0   48   42    0   31    0    0  
  50   32    0   47   43   44   31   36   41   45    0    0    0   46    0    0   43   43    0    0    0   42   49   48   38    0    0   33    0    0   34    0   29    0    0    0    0    0    0   39   35   37    0    0   40    0    0   38   30    0  
   0    0   42    0    0    0    0   47    0   35    0    0   32    0    0   39    0    0   44   38    0    0   46   42   29    0   49   48    0   46   36   34   43   37   40    0    0    0   33   41    0   50    0   47    0   31   45   30    0    0  
  41   50    0   44   45    0    0   31    0   41   33    0   37   34   49   32   38    0    0   40    0   47    0    0   38    0   42    0    0   29    0    0    0   36   46   39    0   30    0    0    0    0    0    0   35   43   48    0    0   34  
   0    0    0    0    0   47    0   49   38   48    0    0   35    0   29   43   39    0    0   31    0   30   34    0   42   30    0    0    0   44    0    0    0   33   46   41    0    0   45    0   32   33    0   37   40   42    0   50    0   36  
   0    0   39   37    0   47   31   32   49    0    0    0    0   40    0   36   43    0   50    0   30   46    0    0   38    0    0   50   29    0   33    0   42   41    0   45    0   48   44    0    0   35    0    0   46   34    0    0   39    0  
  34   33    0   49    0    0    0   40    0   43    0    0   46   44    0   31    0    0   47   37    0    0    0   48   45   31    0    0   49   35   32    0    0   29    0   39    0   39   41   36    0    0    0   42    0   38   30    0   50    0  
   0   35    0    0   38    0    0   43   34   44    0    0   36    0    0    0   41   42   49   48    0   37   39    0   29   30    0    0    0   45    0   39   40   33   50    0    0    0    0   32    0    0   41    0   31   46    0   40    0   47  
   0   34   42    0    0   40    0    0    0   44   48   33   29    0    0   35   36   49    0    0   38   44    0   33    0    0    0   45    0   46    0   41   32   41    0    0   31    0   39    0   37   30    0   47    0    0    0   50    0   43  
   0   33    0    0   49   31   50    0    0    0    0   44   34   35   45    0   33    0   43    0    0    0   39    0    0    0   30    0    0   41    0   32    0   29   37   38   36    0    0   42    0   41   43    0   46    0    0   40   48   47  
   0   43   48    0    0    0    0   36   37   30   29    0   41    0   38    0   35   46    0   49   31    0   39   40    0   47    0   47    0   42    0   33    0   32   37    0   45    0   44    0    0    0    0    0    0    0   31   50   34    0  
   0   43   41    0   35   45    0   43    0   34   50    0   32   30    0    0    0   40   42    0    0    0   37    0   29    0    0    0    0   45    0    0   47   33   46    0   49    0   44    0   31   48   36    0   41    0    0    0   38   39  
   0    0    0   36    0    0   44   50    0   50   49   41   34    0   32   35    0    0   38    0    0    0    0   33   33    0   31    0   37   46   39   43    0   45   47   38    0    0    0    0   42    0   48   29    0   30    0    0   40    0  
   0   37    0    0   32    0    0   40    0   47    0   48    0   31    0   32    0   30   39   45    0    0   29    0   43   45    0   44    0   34   38   42   46    0   33   36   35   49   41    0    0    0    0    0    0    0    0   50    0   32  
  32    0    0   47    0   45    0   38   37    0   44    0   43   34    0   39   31    0   44    0   41   48   33    0    0   36   46    0   30    0   29    0    0   46    0    0   49    0   50   35    0    0    0   30    0    0   42    0   40    0  
   0   34   48    0   50    0   39   32    0    0   36    0   35    0    0   42    0    0   33    0    0   30    0    0   47   44   45   43    0   41    0   37    0   46    0    0   38   31    0    0   33    0    0    0   42   40   49    0   41   29  
   0   40    0    0   31    0   42   49   35   33   32   37    0    0   47    0   48   36   43   33    0   29   38   39   41    0    0    0   30   41    0    0    0    0    0   50    0   45   34    0    0    0   47   44    0    0    0    0    0   46  
  31   34   39    0    0   37   42   44    0   49   45    0   50   35   36    0    0    0   40   41    0   38   29   43   32    0   46   37    0    0    0   40    0    0    0   30   50   47    0    0   48    0   33    0    0    0    0    0    0    0  
   0   39    0    0   31    0   49   48   29    0   50   33   42    0    0   32   45    0    0    0   30   43    0    0   40    0    0    0    0    0    0   44   50    0    0   46    0    0   47    0   34   45   41    0   38   35   38    0   36   37  
   0   46    0   44    0    0   38    0    0   43    0    0   49    0   43   29    0    0    0   48    0   45   34   32   30    0   36   37    0   35   42   40   41    0    0    0    0   50    0    0   35   38    0   47    0   31    0    0   33   39  
   0   46    0    0    0   39   43    0   40   49    0   30   42    0   34   30   47   33    0   29    0   41   44    0   32    0   31   37    0    0   45   35    0   48    0   29   50   38    0   36    0    0    0    0    0    0    0    0    0   43  
   0    0   32   41   43   36    0   41    0   35    0    0   29   47    0    0   31    0   46    0    0    0   48   45    0   50    0   39    0    0    0   32    0    0    0    0   49   33   34   42    0   44    0   30   40    0   29    0   37   38  
  46   45    0    0   39    0   32    0   49    0   38    0   44   44    0   48    0    0   42    0    0   40    0    0    0   33   50    0   35   36   31    0   34    0    0    0   43   48   41    0   47   37    0    0   30    0   34   29    0    0  
   0    0    0   30    0   41   44   32    0   50    0   42    0   43    0   38    0   40    0    0   33    0   48   45   31   34    0    0    0    0   44   49    0   47    0    0    0   39   29    0   45   46    0    0   37    0   48   36    0   35  
  44    0    0   38    0    0   49   29    0    0   50    0   45    0    0   30    0    0   34   35   41    0   43   48    0   36    0    0    0   37    0   37   30    0   32    0    0   42    0    0   40   31   36    0   47    0   33    0   39   46  
  34    0    0    0   44   37    0    0   33    0   46    0   41    0    0   43   40    0    0   45    0   39    0    0   36    0   48   29    0   38    0   47   50   30   42    0   49   45    0   35    0    0   44    0   31   38    0    0    0   32  
  36   46   39   33    0    0    0   46   45    0   44   41   34   42    0    0   49   35    0    0    0    0    0    0    0   37   40   38   48    0   47    0    0   39    0   29   31    0    0    0    0    0    0   32   50   43   44   30    0    0  
  30    0    0    0    0    0   44    0   34   39   30   47    0   45    0    0    0    0    0   42    0   35   38   43   49    0    0   48    0   40    0   33   37    0   36   29    0   32   40    0   29    0   50   31   41    0    0   46    0    0  
   0   50   34    0   44    0   36   50    0   30   45    0   49    0    0    0   40    0   42   46   43    0   32   47   48    0   29   41    0    0   31    0   33    0    0   37    0    0    0   35    0    0    0   33   43   38   39    0    0    0  
   0   37    0    0   44    0   36   39    0   41   45   46    0    0   45   47   33   38   30    0    0    0   34   40    0    0   46    0    0   43   49    0    0    0   35   48    0    0   41    0   42    0    0   31   32    0    0   50    0   29  
   0   38    0   35   50    0   31   30    0    0   45   45   39    0    0   29   29   33   42    0   32    0    0    0   48    0    0    0   37   41    0    0   46   44   47    0   49   36    0    0    0   34    0    0    0   43   37   40    0    0  
   0   40   47    0    0   33   38   48    0    0    0    0    0    0    0    0    0   42   39   36   32    0   37    0    0    0   50   41    0   35   29    0    0   30    0    0    0   45    0   46   44    0   49   40   50   43   31   32   34    0  
  31    0   47    0    0    0    0   42   45    0    0   40    0   34    0   49   36    0   39    0    0   33   32   43   29   41    0   34   48   50    0    0    0   32    0   37    0   30    0    0    0   44   34    0   35    0   46   38    0    0  
  44   41   35    0    0   34   33    0   37   43    0    0    0   49    0    0   47   50    0   29   39    0   50    0    0    0    0    0   42   46    0    0    0   36   32    0    0    0    0   40   46   48    0   39   30    0   38   45   31    0  
   0   31    0   30   47    0    0    0   38    0   36   33   49   37    0   34   43    0    0    0   39    0   42    0    0    0   46    0    0   50    0    0   41    0    0   35   45   29   31    0    0   48   44    0   32   44    0   40   47    0  
   0   37    0   29    0   32   42   33    0   30    0   49   41    0   43   31   35   50    0   45    0    0   42    0    0    0    0    0    0    0   33   43    0    0    0    0   44   38    0   36    0   40   46   47    0    0   48   34    0   39  
   0   39    0   31    0   42    0   30    0   33   44   46   48    0    0   36    0    0    0    0    0   46    0   43   47   38   34   41    0   37   50    0   45    0    0    0    0    0    0   29    0    0   49    0   39    0   30   32   35   40  
  37   42    0   33   41    0    0    0    0    0   43    0   30    0    0    0    0   31    0   48    0   49   39   29   47    0    0    0    0   36   34   31   38    0   44   46   31    0   35   40    0    0    0   32   45   50   49    0    0    0  
  34   39    0   31   47   35    0   49    0   39    0   45   32   40   50   46    0   44    0   48    0   30    0   29    0    0    0   33    0    0    0    0   35   36    0    0   43    0   37    0    0    0   35   42    0    0   38   41    0    0  
   0   34   49    0    0   39   47    0    0   35   42    0    0   30   41    0   43    0    0    0   42    0   40   36   36   44    0    0    0   32    0   46   45    0   33    0   38   29   37    0   48    0   38   50    0   31    0    0    0    0  
  46   33   49    0    0    0   37    0    0   40    0   35   44    0   50   30   34   41   48    0    0    0   32   39    0    0    0   41   31   42    0    0    0   29   36   38    0    0    0   30    0    0    0    0    0   43   47    0   32   45  
   0    0    0   47   36   33    0   40    0   41   32    0    0    0    0   42   49   48   37   35    0   46    0   36    0   29   50   45   39   34    0    0    0   30    0   31   39   38    0   47    0   43    0    0    0    0   44    0    0    0  
  29   38    0    0    0   49    0    0    0    0    0   36    0   34   32    0    0   39    0    0   35   47    0   50    0    0    0   31   40    0   44   38    0    0   47    0   45    0   42   33    0   46   43   34   37    0   41    0   48   30  
   0    0    0    0    0   41   49   32   44    0    0    0   48   40    0    0   30    0    0   41    0   35    0   45   43    0    0    0   42    0   29   36    0   46   31    0   33   50   34    0   39    0   46   37    0   36   47    0    0   38  
   0    0   40   38   29    0   31    0    0    0    0   39    0    0   41    0   35    0   48   47   31   43    0   34    0   32    0    0   44    0    0    0   45   48   42   49   46   37   36    0    0   35    0    0   30    0    0   33    0   50  
  29    0   32    0    0    0    0   35    0    0    0    0   48   42    0   45    0   47    0    0   36   31   38   44    0    0   40    0   41    0    0   49    0   30    0   48    0   50   43   44    0    0   33   46    0   39   37   34    0   38  
  42   31    0   41    0    0    0   49    0   44   47    0    0    0   45   40   35    0   43   37    0    0    0    0    0   30   39    0   49    0   48    0   46   40    0   42   33    0    0    0    0   50   32   29    0   34   36    0   38    0  
  47   50   40   42    0    0   49   48   34   44    0    0   38   32    0    0   45   43    0   41    0   39    0    0    0    0   32    0    0    0    0    0    0   33   46    0   29   31    0   36   35   31    0    0    0    0    0   30   37   31  
   0    0    0    0    0   43    0   30   47   49    0   36    0    0   41   33    0   44    0    0   36    0    0    0   37    0    0    0   38   42   46   40    0   45   39   29   34    0   48   31   48   35   50    0   29    0   32    0    0    0  
  47   33   45    0   40    0   38    0   31    0    0   50    0   35   37    0    0    0   43    0   34    0   40    0   46   45   32   29    0    0   42   41    0    0    0   48   30   44   36    0    0    0   38   49    0    0   39    0    0    0  
   0   32   49    0   42   30   37   36    0    0   33    0    0    0    0   41    0   31    0    0    0   46   40    0   44   40   34   29   50   47   43    0    0   39    0    0    0   47   35    0    0    0    0   38    0   45   33   48    0    0  
   0   43    0    0    0   44   47   32    0    0    0   33    0    0   46   48   45    0   38   30   30   42    0    0   29   49   36    0   40   31    0    0    0    0    0   29    0   43   50    0    0   37   41   34   39    0    0   35    0    0  
   0   33   34    0    0   30    0   45   39   41    0    0   49   49   38   29    0    0    0    0    0   40   37    0   44   45   41    0    0   32   43    0    0    0    0   47    0    0    0   35    0   46    0   31   42    0   36   50    0   48  
   0    0    0   30    0   47   38    0    0   35   33    0   36    0   37    0   34    0   50   39   34   42   31   45    0    0    0    0    0   46    0   40    0   41   32   29    0   50   49    0    0    0    0   43    0   44    0   49   48    0  
   0    0   45    0   30    0   49    0    0   35   44    0    0   37   35   46    0   29   32    0   38   40   34   47   36    0   33    0    0    0    0    0   50    0    0    0   39    0   48    0   42   43   31   41    0    0   39   40    0    0  
   0   30    0   49   38   47    0    0   29    0   50    0   30   31    0    0   36   34   40    0    0   32   39   46    0    0   36    0    0   43   45    0    0    0   41    0    0    0   38   37    0    0    0    0   33   44   35    0   48   42  
  50    0    0    0    0   30    0   49   31    0   44   40    0    0    0   46    0    0   32   42   43    0    0   34    0   47   33    0   36    0    0    0   39   38   33   37    0   45   35   41   29   36    0   48    0    0    0    0    0   31  
   0    0    0   35    0   48   37   39   40   43    0   50    0   50    0    0   42   36    0    0   49   43    0    0   46    0    0   41    0    0    0    0   34   30   44    0   38    0   32   43   33    0   31    0   29    0   47    0   45    0  
   0    0    0   29    0    0   39   33   44   36   34    0   41    0    0    0    0   33   42    0    0   43    0    0   38    0   40    0    0    0   49   30    0   37   50    0   36   32    0    0    0   45   46   31   47   37   48   35    0    0  
   0    0    0   29    0   48   45   34    0   45   31    0    0    0    0   33   39    0    0    0    0    0    0   37    0   35    0   49   44    0   43   40    0   30   42   41   38    0   47   36   50    0   37    0   46    0   32   42    0    0  
   0   29    0   31   36    0    0   34   39    0    0    0    0    0    0    0    0    0   30    0    0   42   48   40    0   41    0   43   43    0   50   48   47    0    0    0   35   45   49    0   32   38    0    0   37   33   46   47    0   44  
  41   43    0    0   46   34    0    0    0    0    0   37   38    0    0    0    0    0   31   32   44   42   32    0   48   45   42   37    0    0   40    0    0   49    0    0   33    0   50    0   47    0   36    0   35   29    0    0   30   39  
   0   46   41    0    0   33   48   34    0   36    0    0   43   31   49    0    0    0   38    0   32    0   44    0   42   30   42   39    0    0   30   29    0    0   45   37    0    0   40    0    0   32   35    0    0    0    0   50   47    0  
  46    0   34    0   50    0   39    0   41   30    0    0    0    0    0    0   37   32   36   31    0   35   45   33   29    0    0   31    0   31   40    0   37    0    0   48   43    0   38    0   42    0   47   44    0    0    0    0    0   49  
   0    0    0   30    0    0    0    0   31    0    0    0   43   50    0    0    0    0   45   39   47    0    0   30   34   29   41   38   40    0    0   43   30    0   36    0   49   33   44    0    0   48   37    0   32    0   46    0   42   35  
  48    0    0   31   33   46    0   29    0   37   43   45    0    0    0   32   36    0    0    0    0    0    0    0    0   42    0    0   49    0    0   41   30    0    0    0    0   36   39   47   40   35   35   34   33   44    0   38   50    0  
  34    0   47   31   31    0    0   38    0   42    0   39   45   46    0   38    0    0    0   48    0   30   41   49    0    0   44    0   43    0    0    0   37    0    0   35   50    0   45    0    0    0    0    0   36   29   40    0   33   32  
  44   47    0    0   49   30   39    0   40    0    0   47    0    0   42   29    0    0    0   41   29    0   31   38    0    0    0   43    0   36   33    0    0    0   37   32    0   47    0    0    0   50   35   46   48    0    0   45   34    0  
   0    0   35   42    0   41   36    0    0    0   38   49   47   37   40   48   47   45   44    0   32    0    0   46    0    0   49    0   39    0    0    0   30    0    0   33   33    0   29    0    0   43    0   50   34    0    0    0   31    0  
   0   35    0    0    0   35    0    0   39   34    0    0   48    0    0    0   40   42   38   45    0    0    0   47   30   44   32   33    0    0   37    0   42   50   29    0    0   41   43   46    0   36    0   40   31    0    0    0   49    0  
   0   44   30    0   47   33    0    0    0    0    0    0   42   39   49   35   40    0   37    0    0    0    0   34    0    0    0   45   50   31   30   46   38   43   29    0   32    0    0   33    0    0   36   42    0    0    0   48   41    0  
  34    0    0   44    0   36    0    0    0   34    0    0    0    0    0   38   41   47    0    0   38    0   49   32    0   35   43    0   29    0    0   37    0   31   39    0    0   30   45   50    0    0   33    0    0   48   30   42   40   46  
   0   34    0    0    0   32   41   36   41    0   42    0    0   44   47   31    0    0   38    0   29    0    0    0    0    0   43   37    0   40   41   33   33   50   49    0   46   30    0    0   48    0    0   45   35   39    0    0    0    0  
  49    0    0    0   43   29   39   45   37    0    0    0    0   38    0   42   33    0   50   41    0    0    0   48   31   46    0   44   34   37   32    0   40    0    0    0   50    0    0    0    0   35   30    0    0   46    0    0   47   36  
  42   38   49   36   45    0    0   34    0   46    0    0   40   32    0   47    0    0   37    0   35    0    0   48   49    0   50    0    0    0    0   29    0   38    0   40   30    0    0   44    0    0    0   43   31   41    0   33    0   39  
   0    0   38    0    0    0   44   33   36    0    0   39   37   33    0   33    0    0    0    0   42    0   41    0   46   34    0   48    0   49   30    0   35   47   32    0   45   40    0   50   29    0    0    0    0   47   31   43    0    0  
   0   39    0   42   41    0   50    0   36    0   35    0   45    0    0   29   43   43   32    0    0   37    0    0   30    0   47   40   31    0    0   34    0    0   38   49    0    0    0    0    0    0    0   47    0   44   33   46   48   30  
   0    0   39   32   49    0    0    0   34   38    0   43   42   47   36    0    0    0   35   38    0   33    0   44   31    0   45    0    0   30    0    0   41   40   39   41    0   46    0    0   48    0   29   50    0    0    0    0    0   37  
   0   35    0    0    0    0   46    0    0    0    0   42   34   50   40   31   37    0    0   47    0   45    0   31   32   38   30   36   48    0   38    0   33   45   29    0    0   39    0    0    0   43    0    0   49    0   41    0   44    0  ] 
BUDGETS : [    5   11   20   24   26   27   28   36   36   37   41   43   44   47   51   52   54   55   59   62   69   69   74   76   78   79   80   81   81   82   83   89   89   90   91   93   97   99  100  104  104  104  106  108  110  111  112  113  113  116  117  117  120  122  122  124  124  126  126  127  133  134  137  137  139  139  140  142  142  143  145  147  147  149  150  157  158  159  162  163  169  170  170  170  171  174  175  177  179  182  187  190  190  191  192  193  194  197  197  198  ] 
