K : 150
I : 15
PREFERENCES : [   14    4   10   15    6   14    8   15    9    8   12    5    7   11   13  
  12   15    4    5   11   15    7    6   13   12   14    8   10    9   10  
  10   14    9    5    8   14   15    7   13   13   12    6    4   11   12  
   5   13   12   10    6   11   12    4   14   15    7    9   12   13    8  
  14    9   14    5   11   13   12    6   15   14   10   12    8    7    4  
   9   13   15   14   13   10   12    6    7    5    8   11    4   11   11  
  12   10   12   15   11    4    8    4    6   14   12    7   13    9    5  
   7   13   10   14   10   15   11    9    8    5   12   11   13    6    4  
  10    8   12   13    7   11    9    5    4   12   14   15   14   12    6  
  13   12    9   15    7    5    7    8   11    4    7    6   15   10   14  
   8   13    9    5    9    6   11   14    4   15    9   12    7   12   10  
  13   13    5   10    6    4   14    8    9    5   11    4   15    7   12  
  13   10    8    7    5   14    9   12   11   14   14   15   10    6    4  
  15   13   10    9    4    8    6   13   13    5   11    7   12    5   14  
  11    8   14    6    5    8    9   13   10    9    4    7   12    8   15  
   7   14    8   15    5   11    5    9    6   13    4   10    5   12   10  
   4   15   14    7   10   13    5   11    8   15    9   12    6   14    9  
  12    4   10   13    8    6    9   10   11    5    6   14    5   15    7  
   4   13   12    5    6   10    6   15   12    7   14   11   13    9    8  
  13   14   15   12   10   15    6    7    9    4    8    9    5    9   11  
  15    4   10    5    8    7   12   13   14   11    9    6    8   10   10  
  12   12    5    7    9   15    9    4   13   14    8   10    5    6   11  
   7    5   10   12   11    4   15    9   10   14    7   13    7    6    8  
  14    7   11    8   12    6    4    4    5    5   13    4   15    9   10  
   4    6   13   11    7    8   10    9    9   12    5    7   14   15    8  
   8    5    9    6   10    6   11    4   14   15    4    6    7   13   12  
   7    5    4    6   10   15   15   11    9   13   14    8   12    7   15  
  13    9   10    6    5   11    9    7   12   12    4    8   15   14   11  
  10   14    7    5    6   11   15   10    9   12    8   13   10    4   13  
   5   10   15    7    9   13    6   12   11   14    8    4    8    8    4  
  10    7    4   14   12    5   10   11    7    6    9    5   15    8   13  
  14   15   12   11    7    9   10    4    6    5    4    8    9   13   13  
   8   12    7   10    8    7    5    9   15   11   15    4    6   13   14  
   8    9    8   12   10    7    6    5   15   14    7   11    4    9   13  
   5   12    4    6    5    8   11    9   15   13    6   10   15    7   14  
  15   11   10    8    7   14   15   15   12    4    6   10    5   13    9  
  11    6    4   12    7    8    4    9   10   13    5   14   10    5   15  
   5    7    9    9    6   11   13   10    4   14    8   15    9   13   12  
  10    9   15    9   11    8    4   14    5   12    6    7   13   13   15  
   4    8   12    5   15    6    9   13   11   14    8    8   10   11    7  
  14   11    9    4   13    8    5   10    4   15   11   14    7    6   12  
   7    8    4   14   11   10   14    9   12    6    5    7   15   13   15  
  11   13    5    7    4    8   11   12   10    9   15   14    6    5   12  
   5   10   14   12   15    6    7    4   13   11   15    8    9    4   12  
  11    7    5    9    5   12   14    8   10   13    4   11   12    6   15  
  12   14   10    6   15    8   11    5    7   13    4   14   13    9   11  
   5    5    9    5    8    4    8    7   11   14   15   12    6   10   13  
  14    8    7   12   13    9   14    5   14    6    4   15   11   10    9  
   7    7   10    7   14   11   15    4    5   13    9   12    8    6   13  
   4    6    5   14   15    8    9    9   11   13   13   13   12   10    7  
  13    4   12    5   14   15   12   13    6    7    9   11    8   10    8  
  13    9    4    7    4   11    8   10   14   12    5   15   12    6   14  
   5   13   14   15   12   14    6   11    9    4   10   10    8   14    7  
  14   12    9    8   10    7   14   13   15    5    6    4   11   15   14  
  12   15    4    6    7   14    8    9   13    9   11    5    4   10    4  
  11    6    4    9   15   15   14   12   13    8   10    4    5   15    7  
   5    9    5   11   14    4   10   12    7   14   14    8   13   15    6  
  12    6    4   15   10   15   10    9    7    8    8    5   13   11   14  
   4   12   15    9   14   11   13   10   10   11    7    5    5    6    8  
  14   13   15   12   15    8   14    9   15    6    7   11    4    5   10  
   8   10    7    4    6   11   12    5    9   10   15   14   11    6   13  
  15    5   13   13    8    4   14   10    9   12    7    6   15   11   13  
   5    6   15   12    9    7    8   14   13   10    6   14    4   11    4  
   6    5   15   11   14   15   13   12    7   12    9   11   10    4    8  
  15    5   12    4   12   13    5    7   11    9   10    6   13    8   14  
  11    8   10   15   14    4    4    6    5    9    8    7   13    5   12  
  13   12    8   11   10    4   15    5   14    4    7    6   14    9   13  
  12   10    7    9    6   10    5   15   14   12   12   13    8    4   11  
  12   12    7    5    8   13   11   14    4    5   15   14    9   10    6  
  13   11    8    9   15    5   12    7    5    4   14    6   13   13   10  
   8   10    6   12    9    5   14   15   11    4    8    8   13    8    7  
  13   12   12    7    6   15   10    9   15   11   15   14    5    4    8  
  11   12    8   10   13    4    4    7    9   15   14    5   15   12    6  
  15   10   14    8    5   13   12    6   15    4    9   14    7   11    9  
  15   12    9   11    5    8   13   14    4    9    9    8   10    6    7  
   8    9   10   13   10    7    5    4   14   15   11    7    5   12    6  
  15   13    5    6   11    7   10   12   14    5    8    4    7    7    9  
  14    5    8   10   12    6    8   15    4    4    6   11    9   13    7  
  15    5    8    7    9   13    6   15   10    4   12   14   14   11   10  
   6    8    9   11    9   13   10   15   13    8    5   14    4    7   12  
   4   14    4    8   11   10   15    5   12    7   13    6    9    6   14  
  10    8   12    4   15    7   13   14   10   10    9   14    6    5   11  
  10    6   11    5    9    6    9   13   12    7   15    6    4    8   14  
  11   15    8    7    4    8    9   10   14    5   12    4   13    9    6  
  12   12    4   10   14   11   13    9    6    4    8    6    7   15    5  
  14   11    7    5    4   15    8    9   13    4   12    8   10   10    6  
   8    6    4    8    9   13   11    5    7    7   14   13   12   15   10  
   9    5    8    7    6    8   13   15   12   10   11    6    4    7   14  
  10   15   13    4    8   14    9   15    7    7   12   11    5    6    7  
  10    6    5   13    4   12   11    7    4   14   15   14    8    9   15  
  12    8   13    8    8    4    6    9   15   11   10   14    5    7    8  
   4   12   14   11    8    6   15    9    5    6   15   13   10    7    4  
  13    5   14    9   10    8   10   15   11   12    4   10    7   11    6  
   6    8   13   15    9   12   14   10    7   11    9    5    9    4    5  
  12   15    9    6   10   11    4    7    8   11    7   13    5    7   14  
  11    4   10    8   13   12    5   13    4    7    9    6   12   15   14  
  15    8   10    9    7    6    4    7   11   12   13    5   14    8    6  
  11    9   14   12   10    8   10    5    4   13    7    7   14   15    6  
  15    7    9   14   14    8    4    8    5   10   12   13    6   14   11  
   4   12   10   11   10    9   12    8    5   15   15   14   13    6    7  
   8   13   14    8    9    5   15   14    7    4   11    6    6   12   10  
   7    9   12   14    4   15    5    4   10   13   15    8    6   11   11  
   7    9    5    8   14    8   12    4    6   13   11    9   10   15   15  
  15    5   14   14   12    6   14   10   11   10    8   13    7    4    9  
  15   14   10    7    9   12   12    5    8    7    4   11    6    4   13  
   6   12   14    8    9   15   13    4    7   12   11    5   10   12    9  
  12   11    9    4    6    6   14    9    8    7    8   13    5   10   15  
  12   13    9    8    4   14   13   15   13   11   10    6    5    7   14  
   5   14   12    7    6    7   13   15    4    8    8    9   10    8   11  
  15   10   11    5   14    4    9    9    6   12    8   13    5   10    7  
  15    5    4   15   12   14    4   13    9   13   10    8   11    7    6  
  12    9    7   13   14   10    7    9   15    6   11    9    5    8    4  
   7    9   14   12    5   11   10    6    8   11   10    4   13   15   11  
  13    8   14    4    7    9    6    4   15   10    7   12    5   13   11  
   9   14    6   15   15    9    5   11   12    4    8    7   13   10    6  
   4   11    5    6   10    7    7    8   12    6   13    9   14   14   15  
   4    6    7   13   15   10   11    8    4    5    7    7    9   14   12  
  10   14    9    5   12   13   11    8   11   15    7    4    6    9    5  
  11    5   10    6   12   15   14    6   11    6    7    9   13    4    8  
   9    8   15   15   11    4   13   12   10    7   14   11    6    5    7  
   9    5   15   14   12    4   10   12   14    8    6   11   13    8    7  
   9    5   15    4   14    7    8    9   15   13    7   12   10   11    6  
   5    6    9   12   13    8    7   15    4    4   12   10   11   12   14  
  14    9   15   13    5   14   10    6   12    7    4    5   11    8    4  
  12    4   11    6   14    4    8   15   13   10   10    9   10    7    5  
   6   12    8   10    8   13    8    9    7   14    5   14   11   15    4  
  11    5    8   13   14    4    9   10   13   15    9    6    7    9   12  
  10    8   11    6    7   14   15    4   11    9   13   12    9   14    5  
   9   11   12   10   13   12    5    4    6    4   15   14    8   12    7  
   6   12    8    9   14    7    5    4   10   15   11   13   13    4   10  
  10    8    7    6   10   10   13    9   10    4   11   14   12    5   15  
  12   10    8   15    4    5   10   11    7    9   14    6   13    6   10  
  12    9    6    5   15   13   12   14   15    4    8   10   11    7    8  
  14    9   12    4    4   11   12    9   15   10    6   13    7    8    5  
  15   14    5    7   10    4    6    9    8   13   10    9   11   12    8  
   8   11   12   14   15    9   10   14    5   13   14    4    6   11    7  
  11    7   12   11    4    6   13   14    8   10    5   11   15    9    6  
  12    8    8   11    5   15   14   15   10   13    6    7    9   15    4  
  15    9    4   11   12   13    8    7    7    8    6   14   10    5   13  
  10    5    9   14   15   11    6    4    8   10   13    7    6   12    4  
   9   13    8   12    5    7   15   14   11    4   10   11    6   13   15  
  14   11    6    7    9    6    4    5   12   10    6   15   13   14    8  
  14    9   10    7    7   11    4   12    5   15    8   13    6    7   13  
  11    8   10    9    6    8    7   14   12   15    4    8   13    5    7  
   4    7    5    8    9    6   15   14   13    4    4   12   10   14   11  
   9   14    5    6    7    8   15   12    5   10   12    4   11   13    7  
   6    4   12    5   14   15   10   13   11    7    8    9    9    9   15  
  10   14   10    8   12    6   11   13    7    9    5   15    4   13    4  
  10   11    9   12    5   11   15    4    6    6   14    8    7   13   11  
   5   13    7   14   14   14    6   15   15    9   11   12   10    4    8  ] 
BUDGETS : [    5    9   10   16   20   21   23   24   27   29   31   33   35   36   39   39   39   46   53   55   57   59   63   68   72   76   78   80   81   83   85   86   86   92   92   92   95   97   97   99  104  106  108  108  109  110  115  118  120  123  124  128  129  131  132  132  135  137  140  141  146  147  148  150  152  154  155  159  160  162  163  166  168  169  172  172  184  186  187  187  188  188  191  193  194  195  200  203  205  205  205  210  211  216  216  217  218  218  219  219  219  221  223  223  225  226  229  230  232  234  235  236  238  239  243  245  248  250  252  252  257  259  261  264  266  270  271  273  274  275  277  279  279  279  279  285  286  286  286  290  290  291  292  292  295  296  298  298  300  300  ] 
