K : 50
I : 50
PREFERENCES : [   34    6   11   50   49   12   35   16   18    9   37   25    7   27   41   30   29   47   22   20   25   26    9   33    8   19   38   32   44   13   23   31   11   17   39   14   15   31   10   45   36   39   24   21   40   48   46   42   43   28  
  22   26   28   38   24   18   14   29   47   11   39   16    6   43   41   37   23   32   28   12   23   50   45   18   35    7   13   48   25   34   27    8   40   19   42   15   30   36   44    9   33   31   32   24   46   10   21   20   17   49  
  30   18   37   13   11   38    7   21   35   10   25   39    6   32   50   22   46   20   22   17   14   42   28   37   10   15   37   23   47    9   19   15   33   48   27   34   26   36   40   12   44    8   16   29   24   49   43   45   41   31  
  12   45   38   13   44    7   39   30   43   32   36    8   22   49   34   46    9   10    6   18   25   35   27   47   41   17   50   40   16   42   33   26   23   20   14   31   33   24   29   28   37   11   19   48   39   37   32   21   15   50  
  28   26   33   22   17   10   45   29   23   46   38   15   36   21   20    6   19   43    9   30   24   48    8   14   27   11   47   10   34    7   48   45   16   50   37   25   39   44   50   31   20   41   18   35   49   40   32   13   12   42  
  31   44   21   16   11   15   12   39   28   49   23   22   25   43   17   37   40   40   47    7   10   18    9   45   33   32   14   26   48    8    7   41   13    6   34   46   20   29   30   42   36   50   38   40   49   35   27   19   24    9  
  32    6   43   13   25   19   44   33    9   46    6   37    8   21   45   40   28   15   37   36   21   41   10   31   37   35   34   23   27   16    7   38   48   24   29   39   12   14   22   18   20   50   50   47   49   26   42   17   11   30  
  38   41   17   24   50   15   43   45   34   27   16   12    8   10   46   10   39   36   29   33    9   13   35   25   42   32   40    6   21   22   48   31   42   11   38   41   14   26    8   28   30   18   49   37    7   19   20   47   23   44  
  44   50   14   49   18   41   45   33   47   20   42   38   24   34   17   30   30   41    6   16   12    9   36   28   26   11   20   37   23   39   40   21   15   43   46   31   10   13   35   19   16   25    8   48   22   17    7   27   29   32  
  21   31    9   29   41   46   41   35    7   36   37   24   47   12   28   42   32   10   15   27    9   23   50   34   44   16   43   14   26   33    8   11   17   37   26   48   39    6   22   45   20   30   25   38   13   40   19   18   18   49  
  31   30   38   11    8   11   47   11    6   25   42   10    9   45   39   11   12   35   23   32   21   31   20   41   43   27   40   22   17   34   50   29   46   44   33   13   36   24   26   49   48   19   28   16   14    7   15   18   37   37  
  22   46   43   42   13   16   20   25    9   12   37   10    7   44   34   39   45   31    6   19   23   29   35   50   30   42   15   30   41   24   47   40   18   28    8   26   49   11   38    9   27   14   21   40   48   36   17   33   41   32  
  19   12   48   20   16   22   37   35   31   42   47   24   10   18   38   23    9   33   15   27   32   13   45   46   34    7   37   42   36   29   39   28   17   14   15   49   44   50    9   41   35   30   40   21    8   25   43   26   11    6  
  28   40   23   22   20   47   11   49   10   17    6   34   41   26   30   21   36   15   27   42   35   44   50   19   32   31   38   16   45   39   12   24    8   29    7   48   18   14   15   46   28   43   29    9   33   15   37   25   49   13  
   6   11   40   30   15   24   12   26   22   16   17   13   31   20    7   44   14   42   46   40   45   13    9   41   10   18   27   19   37   36   21   29   23   32   47   48   28   25   33   50   35   13   49   43   47   45    8   34   38   39  
  29   46   49   25   43   32   39   30   14   37   36   22   26   16   34   33   38    7   21   45   28   32   13   19   24   17   23   34   15   33   47   44    9    6   12   27   35   41   42   31   19   10   48   50   11   40   18   28    8   20  
   6   24   11   13   48   16   44   42   27   43   29   45   17   12   25   41    7   22   18   34   23   26   20   10    8   15   44   40   28   37   31   47   21   46    9    9   16   45   33   38   30   14   39   36   32   37   19   50   49   35  
  38   35    8    6   19   15   21   37   22   41   18   14   25   46   49   27   27   50   36   32   37   11   26   17   23   48   10   33   27   43   30   24   45   23   34    7    9   42   18   13   12   47   29   44   40   20   28   39   16   31  
  19   34   42   18   30   25   16   49    7   14   17   48   31   41   12   15   36   11   23   47   38   34   44   18   26   39   10   20   15   27   37   24   29   17   46   45   28   35    6   13    9   22   43   50   21   33   23    8   32   40  
  41   25   31   29   10   21   18   17   16    9   14   15   34   30   19    7   20   13   50   24   38   27   40   46   32   19   33   48    6   47   43   23   11   45   28   27   39   49   43   42   35   37   49   12   44   37   22   36   26    8  
  29   15   18   33   15   37   25   35   48   12   50   30   19   37   14   36   22   39   43   49    9   44    6   16    9   41   17   20   38    7   23    8   28   10   47   26   32   13   24   19   27   46   11   45   50   40   31   42   21   34  
  12   29   45   11   42   14   30   26   16   40   24   50   20   22   35   10   11   31   36   43   47   17    9   13    7   46   19    8   21   33   38   39   48   10   29   34   15   23   27   18   37   25    9    6   41   49   32   44   21   28  
  27   22   35   48   17    8   34   14   13    7   20   47   32   25   39   18    6   10   21   50   16   33   44   12   19   30   46   24   11   31   49   38   37   50   23   23   40   29   45   41   23   17   15   43   28   36   23   26   42    9  
  23   44   15    9   37   43    8   49   13   41   45   31   33   32   37   48   35   18   50   46    6   47   34   27   19   38   28   16   24   15   26   40   29   30   28   10    7   20   39   36   21   42   29   48   25   17   22   11   14   12  
  49   34   24   31    9    7   25    7   19   46   47   27   37   18   38   25   32    6   41   43   44   33   40   30   10   23   36   19   35   17   50   11    8   21   15   20   26   45   29   39   14   22   28   16   27   14   12   42   48   13  
  29   26    7   40   13   48   19   14   10    9   45   22   20   27   30   23   46   35   16   26   47   28   32   41   13   43   17   12   25   36   15   11    6   34   42   50   39   14    8   39   18   21   38   33   44   37   24   10   31   49  
  28   38   30   21    7   34    8   49   48   12   37   41   40   47   13   20   36   33   18   42   39   44    9   25   10   29   11   16   26   19   14   43   32   46   22   15   31   45   28   50   17   32   25    6   31   27   24   35    6   23  
  32   49   19   50   45   30   29    9   16   35   15   39   20   10   33   43   34   12   28   40   27   31   17   25   36    7   35    6   44   47   41   14   46   48   32   37   38   21   23   19    8   26   11   18   13   36   24   42   22    6  
  11   13   31   16   50   29   23   38    9   17   19   28   43   41   45   14    7   12    8   10   46    6   26   21   24   35   49   27   32   43   34   43   22   47   39   39   39   48   18   20   37   15   42   25   12   44   30   33   36   40  
  31   24   39   19   16   20   26   34   38   15   25   42   40   21   43   23   33   37   27   30    7   14   49   38   44   43   10    6   13   45    8   11   36   12   46   50   47   41   29   27   17   22   48   32    9   18   31   34   28   35  
  33   13   47   29   15   43   36   25   49   38   35   19   30   26   13   12   46   37    9   23   27   41   24   16   20   48   17   50   27   11   31    6   13   45   28    8   44   10   22   21   42   34   40   14   39   18   32    7   40   18  
  33   15   34   20   29   24   30   31   26   11   13   12   19   16    7   22   28   41   45   14   27   31   42   38   44   46   49   43   40   39   32   23   25   25   50   48   34   47   14   10   18   35   17   26   36    6   37    8   21    9  
  13    8   15   42   30   24   34   26   50   44   17   47   23   10   11   20   25   18   39   12   27   36   28   29   10   41    8   19   37   43   38   16   39    6    8    7   33   21   40   31   32   49   14    9   35    6   48   46   45   22  
  39   16   28   35   31   47   43   31   32   14   50    7   48   17   38   29   26   18   27   15   14   19   37   42   40   10   21   12   30   34   23   46   20   13   24    8   11    6   45   29    9   44   25   41   22   36   33   14   49   12  
  17   44   23   39   30    9   40   12   29   25   37   12   32   20   35   27   15   47   46   36   16   43   26   21    7   13   31    6   11   33   35    8   41    8   14   13   18   42   50   34   18   24   38   45   28   49   48   19   10   22  
  34   35   11   33   13   46   15   28   29   45   42   24   17   16   30   26   26   39   14   41   16   12   34   22   44   49   27   18   31    7   40   21   50   32   47   36   46    6   20    9   25   19   37   10   23    8   43   38   13   48  
  29   30   26   10   24   15   41   44   20   28   16   19   38   39   27   22   37   23   45   11   22   19   32    9   36   34   16   14   43   25   33    7   48   21   47    8   31   46   13    6   35   42   49   12   50   40   11   17   18   49  
   7   40   48   37   10   18   32   32    6   12   35    9   42   13   15   20   47   18   19   43   36   14   29   16   11   44   15   34   31   22   39   49   24   17   41   26   30   46   38   21    8   23   50   25   28   36   45   23   33   27  
  39   43   23   14   41   36   31   29   30   19   24   44   26   49   22   34   21   47   11   33   32    9    7   35    8   11   19   13   48   12   46   28   40   18   17   25   45   16   36   42   37   15   10    7   50   15    6   27   20   38  
  17   35   45   42   28   23   18   38    8   31   32   50   21   16   48    9   28    7   26   23   36   39   28   43   14   11   12   25   20   15   37   13   22   49   24    6   29   27   47   15   44   33   10   46   30   34   41   19   40   35  
  32    6    8   14   21   28   17   16   43   23   15    9   21   19   36   12   41   34    7   27   10   48   37   42    6   13   38   25   46   30   24   15   45   33   50   47   20    6   11   44   18   22   31   49   26   40   29   39   35   33  
  45   25    7   23   15   40   46   28   16   31    9   26   47   20   17   49   35   22   17   12   44   34   24    8   14   26   18   29   50    6   42   48   39   47   36   41   19   21   33   37   11   38   32   31   27   30   43   48   10   13  
  45   39   25    8   34    7   36   14   46   29   50   28   18   26   11   40   41   43   23   19   32   16   10   46   32   18   20   22   38   47   28   31   13   15   19   48   33   49   30   12   17   27   24   21   42   44   37    9    6   35  
  31   11   27   28   16   33   36   41   23   40   48   13   43   46   50   38   47   39   24   15   44   46   20   32   45   34    8   37   12   14   18   17   22   42   35   35    6   26   25    7   39   45   21    9   29    9   10   30   19   49  
  19   14    9   12    9   37   31   23   20   40   22   34   13   45   28   34   36   50   41   42   48   49   35   21   47   25   27   43   11   46    6   15   30   38   39   33   44   38   38   18   29   16    7   24   17    8   26   10   32   38  
  45   24   33   14   37    7   47    6   50   41   32   26   30   31   17   19    8   46   39   13   44   22   20   28   22   23   10   41   29   35   12   40   48    9    8   20   38   34   11   49   18   16   15   42   27   43   25   36   21    7  
  16   34   31   20   40   13   45   37   41    7   46   26   26   35   24   33   19   29   42   11   50   12   28   47   14   13   18    8   44   10   32   17   36   39   49   41    6   15   25   30   43   21    9   23   22   44   38   48    7   27  
  42   17   18   48   22   29   35   33   42   40   25   48   17   45   24   15   31    7   14   38   34   43   28   49   13   47   16   10   44   36   30   19   21   41    8   26   32   39   20    6   13   50   42   23   46   27    9   11   37   12  
  46   24   40   45   37   25   42   44   30   29   19   41   33   18   26   43   14   23   39   28    9   25   11    6   15   32   23   47   31   10   34    8   28    7   26   48   20   36   38   21   12   17   27   13   35   16   33   22   49   50  
  22   17    6   26   18    9   31   23   15   42   14   19   29   47   25   36   27   50   38   26   41    8   32   12   33   30   40    8    7   44   28   34   45   48   35   11   10   39   16   21   24   37   43   47   28   20   46   46   49   13  ] 
BUDGETS : [    1    2    3    9   11   13   13   14   18   21   29   29   30   30   33   35   38   44   44   46   46   47   49   54   55   59   61   63   64   65   67   68   68   69   69   71   74   77   78   83   84   84   87   88   88   91   94   95   97   99  ] 
