K : 50
I : 50
PREFERENCES : [   40   13    8   27   23   22   30   16    4   43   31   10   24   38   34   19    9   29   12   32    3   23   41   42   15   18    2   36   45   35   20   33   39   17   25   38    5   11   21   44   37    6    1    3   28   26   14   16   39    7  
  21    8    6   22   15   14   38   29   32   31   43   19   34   40   35   12   45   25    7   12   17   41    9   20   12   26    2   30   44    1   16   11    4   39   41    5   37   32   36   13   10   42   18   23   27    3   24   28   14   33  
  20   13   30   36   33    5    4   31   42   41   12   19   32   18   23   38    3   15   37    8   17   27   15   22   45    1   44   24   42   39   14   19   26   35   25   43    7   34   16   28   10    9    6   29    2   21   11   12    2   40  
  36   33    9   38   31   14   40   28   15   18   43    1   30   25   39   30    8   35   19   20   12   42   36    4   21   11   41   23    7    2    6   29    5   26   44   17   17   27   37    3   19   34   10   31   45   22   16   32   13   24  
  13    2   40   36   38    5   25   18   28   23    1   26   41   30   33   27   31   22   14   12    3   29   16   15   36   17   19    9   37   43    7   39   44   10   26    4   42   35   32    2    2   34   11    8    6   21   22   20   24   45  
  17   10   41   15   29   39   45   28    1   11   19   24   34   44   40   13   18    9    2   28   43   22   36   32   26   20   30   14   37   25    7    5   33   23   16   27    9    3   38   30    8   12    6    5   34    4   31   21   35   42  
  27   25    9   43   16    1   10   42   29   40   30   45   12    8    3   22   27   22   34   19   13    5   44   18    2   21   32   37   35    6    9   41    7   10   28   26   15   33   38   31   14   17   39    9   11   24   23    4   36   20  
   5   40   16   39   12   15   42   43    6   21   24   18   24   37   11   33   29   19   30    1    3   22   35    2   13   27    4   44   45   28   32   17   25   10    6   23   34    8    9   43   26   31   41   22   33   20   14   36    7   38  
  33    4   15   38   21   24   38    1    3   31   17    7   18   22   33   41   11   30   19   28   36    2    6   33   16   29    5    8   26   27   34   13   43   45   39   10   37   20   40    9   12   33   32   27   14   35   44   23   42   25  
  28   14   11   27   40   21   12   33   25   36    5   19   15   38   22    7   24    1    1   28    3   39   13   16   34   36   41   20    4   42   32   18   31    6   26    9   35   17   29   45   43    2   30   36   44   41   23    8   10   37  
  44   12   19    2    6   36   11   25   33    9   28    8   40   39   41   18   10    5   17   14    7   45    3   31   27   23   26    1   34   34   15   34   22    7   37   35   21   43   32    4   42   24   27   16    6   38   30   20   29   13  
  43   25   17   16   14    5   13   29    1   39   29   19   37   32   18   23   15   22   20   41   28   18    6   12   31   44   42   34   11   21   45   30    7    2   36   10   26    4    3   45   18   40   33   35   27   38    9   25    8   24  
  41   10    3   25   27   11   39    9    7    6   42   45    4   37   17   31   39   40   43   14   16    3   26   36   44   12   15   15   13    5   28   41    4   24   29   18   21   32    2   22   35   23   19   38   33   34   30    8    1   20  
  37    5   11   43   43    9   31   38   15    2   36   14    3    6   42   20    1   21   39   25   13   32   45    7   18    7   10   24   12   28   22   35    8    4   21   33   23   26   16   17   41   29    4   34   44   40   30   19   27   32  
  14   33   35   16   36   38   39   13   34   31   29    3    5   44   12   18    1   43    9    2    8   44   24   26   20    4    1    6   30   25   24   11   34   23   19    7   40   41   10   22   37   42   19   45   28   21   27   32   17   15  
  17   23    2   37   15   14   13   27   36   29    3   22   36    9   39    2   33   40   16   34   10   32   44    6   14   38   11   26   27   21    5   42   31   28   25   24   12   45   44   41    4    8   35   18    1   20   43    7   19   30  
   2   44   26   37   23   43   37   43   25   10    9    1   22   29   16   45    4   41    5   14   29    3    8   19   17   20    6   13   38   40   30   15   22   42   36   24   32   27   28   11   18    7   21   34   33   35   39   12   31   35  
  11   16   32   41   17   13    6   19   20   35   23   30   44    6   21   18   42   28   10   35   39   40    2   40   27    5    1   36   12    8    3   25   14   26    7   43   37   33   34    3   41   22    4   15   38   24   29    9   45   31  
  34   22   37   43   44   16   13   40   41   18   30   10   42    5   32    1   33   29   39   45   11   23    9   24    7   35    3   31    6    8   15   14   21   17   36    4   19   25   39   28   12   19   27   20   38   41    1   26    2   21  
  22   35   14   32    2    9   37   31    4   37   29   17   23   24   36   42   44   18   30   40   42   45    6   16   25   26   27    3    7   13    6   33   10   11   41   34   39   20   15   12   41   28    1   21   19   44   43    5    8   38  
  35    4   45   44   42   41   24    8    5   42   13   11   36   28   31   16   23    3   43   33   12    4   18   22   27    7   24   26    2    9   21   10   32   19   17   25    1    6   13   17   37   38   34   29   39   30   40   20   15   14  
  45    6    3    7   35   42   19   43   31   11   12   25   38   39   33   15   20   26   32   10   17   32   40    5   23    3   40   13   41    8   34   28   44    9    2   27   24   30   14   37   18   16   36   21    1   29    4   22   40   24  
  26   45   23   18   13   36   29    4   11   14    2   19   22   39   33    6   37   27   16   34   41   28   40   11    1   43   30    9   32   14    5   39   38   20   15   21   17   42    3   31    8   26   24   35   44    7   12   10   25   45  
  38   23   36   17   26    6   39   28   22    7   37   21   30    3   35   19   11    4   20    1   31   25    5   29    7   33   18   11   14   42   15   40   45   12    2   20   28   13   27   34    8   16   32   10   44   37   24    9   43   41  
  39   10   22   33   30   21   27    1   42   36   15   32   36    8   38   44   14   23   30   37   13   18    6   11   17   40   19   34    2   24   41   43   20    4    9   31   26   29    5   21   45   25    6    3   35   16   28   43    7   12  
  37   25   29    1    8   13   22   18   16   26    9   39   23   35   21   20   28   20   34   19   27   38   42   31    7   12   17   41    3   40   11    4   14    2    5   33   30   36    8   32   17   43   44   11   45   10   15    6    6   24  
  33   43   16   26   38   15    8   32   23   28   11   13   19   45   17    1   40   37   25    5   23   20    4    7   27   29   35   14   34   16    1   10   28   30    9   39   31   44   21   36   34   12    2   41    3   18   22   42    6   24  
  28    5   25   36   14   38   39   13   24    4    5   11   23   42    4   10   20   27   37   18   41    2   31   30    8   40   30    6   22   26   16   34   44   28   21    9   12   29   45   15    7   19   43    3   17   33   35   39    1   32  
   3   45   13   34    8   24   30   19   36    1   44   22   23   26   16   32   31   20    5   42   17   14    6   35   10    4   29    9   21   44    7    2   39   15    6   12   28   40    1   43   18   41   33   27   11   25    9   38   28   37  
  38   29   32   41    7   13   26   22   18   20   18   24   40   21    3   11   14   28   42    8   30   25   43   33    1   19   16   23    2   35   37   44   45   17   36    9   34   39   10    6    6   37   42   31    5   33   27   12   15    4  
   2   35   42   31   43   21   41   36    8    7   40   17   30   10    4   39   40   29   37   34   38    9    3   13   14   19   34   24   33    1   28   31    6   15   11   22   44   20    5   12   23   43   26   27   45   18   45   25   16   32  
  35    4   34   14   43    2   25    1   32    6    9   17   27   45   23   11   10   15   16    2   30   26    7   12    5   39    3   20   19   29   38    8   38   28   21   41   36   33   18    8   42   40   14   24   37   44   45   31   22   13  
  20   38   43    3   45   30   14    9   35    5   16   45   10   39    6   22   13   34   36   15    4   33   11   28    7   18   31   19   41   26    3   25   12   42    8   16   32   21    2   37   17    6   37   24   27    1   44   29   40   23  
  13   42   35   39   45   31   16   24   38   36   10   29   30    6   14   26   42   41   15   25   19   32    8    4    2   43   12   18   44   27    4   20   28   11    7   37    9   22   40   23   26   17   13    3   33    1    5   20   34   21  
  35    5   31   43   11   24    3   14   42    2   39   16   19   28   23   17   45   20   27   36    8   26   15   18   10   40   20    9   34    5   37   31   38    6   12   33   22   29   41    1   21   25   32   30    4   44    7   13    6   34  
  22   34   27   12   21    7    8   20   38   37   35   16   40   31   43   45   42   12   36   32   10   43   39    9   15   28   22   24   18   30   30    6   23   19   11    3   26   13    2   17   25   44    5   41   27   14    4   33    1   29  
  16   25   14    1   17   32    4    9   23   42   22   23   38   24   21    2    2   26   30   39   44   13   12   34   41    5   27   23   20   29   28   10   35   36   33   20   11    6   40   37   29   18    7   31    8   43   15   45    3   19  
  29   10   20   11   39   41    3   32   18   45    4   33   21   42    6   40    2   17   14   26   38   34    1    8   24   41   37   31   16   25    5   13    9   44   30   36   22    2   13   27   41    7   19   15   43   28   35   17   23   12  
   3   36    4   20   38   27   12   34   14   10    2   31    9   33   30   18    1   26   11   42    8   21   13   45    5   25   15   37   23   17   24    3    7   42   28   43   41    6   40   19   17   32   22   39   35   35   16   29   44    3  
  41   22   45   10   17    4    1   23    8   16   44   37   29   20   42    6   40   32    7   28   14   15   25   24   21   37   13    5   39   36   35    9   33   11   12   28   31   26   19    2   38   30   37   34   18    3   45   43    6   27  
  16   35   40   43    5   23   38    8   39   18   21   41    3   37   10   26   30   45   31    2   14   24   22    7   20   44   25   33   13   19    4   27   12    1   19   33   29   42    9   15   44   11   34   36    6   12   28   11   32   17  
   2   18   35   39   23   38   44    7   15   42   32    8   34    9   40   30   19   43   17    4   36   27   38    1   11   10   14   33   45   41   42   25   29   21   43   26   16   12    5   13   20    3   28   24    6   27   22    7   37   31  
  28   24   30   10   27   18   26   36   25    8   43   22   29   40   12   16    5    4   21   10   38   15    5    3    6   37   18    1    9   39   42   36   19   20   10   23   41   32   33   44   14    7   13   11   31   17   45   34   35    2  
  39    2   20    5   15    7   36   34   24   13   31   19   44   33   18   25   17   32   28   11   45   19   27   43   38   21   42   42    6   12   26   10   42   41    8   37   16   35    4    1   40   30   23   38    3   29   33   14   22    9  
  36   23    7   19   26   39   17   28    3   18   25   41   43   34   12   13   20   31   26   24   16   33   44   29    2    5    4    3   15   21    6   30   14   38   32   45    9   45   35   27   17   40   42   22    8   11   10    1    3   37  
  28    4    8   13   37   24   21   16   42   15   44   14   34   22   38   43   39   30   45   41    5   26   22    9   28   29   10    3   19   35    7   23    1    6   11   36   43   27   21   17   33   32   40   18   20   12   25   31   21    2  
  32    3   14   33   45   31    4   42   27   40   15   35   30   28   35   31   37   27   22   19   12   26   15    5   10   23   17   13    8   34   25   41    6   44   43   21   39   16   24   34   38   11   18   29   36    7    1    9   20    2  
  30   29   23    2   42    5    7   20   24   10   39   12   45    9   28    1   38   31   32    7   43   35   37   19    3   13   14   12   22   41   15   26   40    8   33    2   18   36    6   34   27   17   32   25   44   21   12    4   16   11  
  42   21   33   13   44   34   26   39   35    7   40   19   37   24   20   32   15   38   29   12   31   27   41    8    5   41   10    3   30    1   11   31   14   28    4   16   36    6   22    2   18   14    2   43    9   45   25   17   23   27  
  26   42   31   45    4    9   16   20   32   38   10    7   27    5   23   34   18   30   11   21   14   33    8   37   44   36   39   29   15    3   42   12   19   17   24   25   41   43   27    1   28   35    2    6   45   27   22   13   28   40  ] 
BUDGETS : [   12   14   18   20   20   23   25   29   31   32   34   35   42   42   44   45   48   49   55   57   59   60   60   61   61   62   65   68   71   71   72   72   75   77   78   83   85   86   87   89   91   91   92   92   94   95   96   96   97  100  ] 
