K : 50
I : 50
PREFERENCES : [    0    0    0   50   49    0    0    0    0    0    0    0    0    0   44    0    0   47    0    0    0    0    0    0    0    0    0    0   46    0    0    0    0    0    0    0    0    0    0   47    0    0    0    0    0   48   47   45   46    0  
   0    0    0    0    0    0    0    0   47    0    0    0    0   44   44    0    0    0    0    0    0   50   46    0    0    0    0   48    0    0    0    0    0    0   44    0    0    0   45    0    0    0    0    0   47    0    0    0    0   49  
   0    0    0    0    0    0    0    0    0    0    0    0    0    0   50    0   47    0    0    0    0   45    0    0    0    0    0    0   48    0    0    0    0   49    0    0    0    0    0    0   45    0    0    0    0   50   45   46   44    0  
   0   47    0    0   46    0    0    0   45    0    0    0    0   48    0   47    0    0    0    0    0    0    0   47    0    0   50    0    0   44    0    0    0    0    0    0    0    0    0    0    0    0    0   48    0    0    0    0    0   49  
   0    0    0    0    0    0   44    0    0   46    0    0    0    0    0    0    0    0    0    0    0   48    0    0    0    0   47    0    0    0   48   45    0   49    0    0    0   44   50    0    0    0    0    0   48    0    0    0    0    0  
   0   46    0    0    0    0    0    0    0   50    0    0    0   45    0    0    0    0   47    0    0    0    0   46    0    0    0    0   48    0    0    0    0    0    0   46    0    0    0   44    0   50    0    0   49    0    0    0    0    0  
   0    0   44    0    0    0   44    0    0   45    0    0    0    0   45    0    0    0    0    0    0    0    0    0    0    0    0    0    0    0    0    0   47    0    0    0    0    0    0    0    0   49   50   46   48    0   44    0    0    0  
   0    0    0    0   50    0   45   46    0    0    0    0    0    0   47    0    0    0    0    0    0    0    0    0   44    0    0    0    0    0   49    0   45    0    0    0    0    0    0    0    0    0   49    0    0    0    0   48    0   45  
  46   50    0   50    0    0   46    0   48    0   45    0    0    0    0    0    0   44    0    0    0    0    0    0    0    0    0    0    0    0    0    0    0   45   47    0    0    0    0    0    0    0    0   49    0    0    0    0    0    0  
   0    0    0    0    0   47   44    0    0    0    0    0   48    0    0   44    0    0    0    0    0    0   50    0   46    0   45    0    0    0    0    0    0    0    0   48    0    0    0   46    0    0    0    0    0    0    0    0    0   49  
   0    0    0    0    0    0   47    0    0    0   44    0    0   47    0    0    0    0    0    0    0    0    0   44   45    0    0    0    0    0   50    0   47   46    0    0    0    0    0   49   48    0    0    0    0    0    0    0    0    0  
   0   48   46   45    0    0    0    0    0    0    0    0    0   47    0    0   47    0    0    0    0    0    0   50    0   44    0    0    0    0   49    0    0    0    0    0   49    0    0    0    0    0    0    0   49    0    0    0    0    0  
   0    0   48    0    0    0    0    0    0   44   48    0    0    0    0    0    0    0    0    0    0    0   46   47    0    0    0   45    0    0    0    0    0    0    0   49   46   50    0    0    0    0    0    0    0    0   45    0    0    0  
   0    0    0    0    0   48    0   49    0    0    0    0    0    0    0    0    0    0    0   44    0   45   50    0    0    0    0    0   46    0    0    0    0    0    0   49    0    0    0   47    0   45    0    0    0    0    0    0   50    0  
   0    0    0    0    0    0    0    0    0    0    0    0    0    0    0   45    0    0   48    0   47    0    0    0    0    0    0    0    0    0    0    0    0    0   49   50    0    0    0   50    0    0   50   44   49   46    0    0    0    0  
   0   46   49    0   44    0    0    0    0    0    0    0    0    0    0    0    0    0    0   45    0    0    0    0    0    0    0    0    0    0   47   45    0    0    0    0    0   44   44    0    0    0   48   50    0    0    0    0    0    0  
   0    0    0    0   49    0   44    0    0   44    0   45    0    0    0    0    0    0    0    0    0    0    0    0    0    0   44    0    0    0    0   48    0   47    0    0    0   46    0    0    0    0    0    0    0    0    0   50   49    0  
   0    0    0    0    0    0    0    0    0   44    0    0    0   46   49    0    0   50    0    0    0    0    0    0    0   48    0    0    0   45    0    0   46    0    0    0    0   44    0    0    0   47    0   46    0    0    0    0    0    0  
   0    0   45    0    0    0    0   49    0    0    0   49    0   44    0    0    0    0    0   49    0    0   47    0    0    0    0    0    0    0    0    0    0    0   49   48    0    0    0    0    0    0   46   50    0    0    0    0    0    0  
   0    0    0    0    0    0    0    0    0    0    0    0    0    0    0    0    0    0   50    0    0    0    0   47    0    0    0   48    0   48   44    0    0   46    0    0    0   50   45    0    0    0   49    0   45    0    0    0    0    0  
   0    0    0    0    0    0    0    0   48    0   49    0    0    0    0    0    0    0   44   49    0   45    0    0    0    0    0    0    0    0    0    0    0    0   48    0    0    0    0    0    0   47    0   46   50    0    0   44    0    0  
   0    0   47    0   45    0    0    0    0    0    0   50    0    0    0    0    0    0    0   46   47    0    0    0    0   47    0    0    0    0    0    0   48    0    0    0    0    0    0    0    0    0    0    0   44   49    0   47    0    0  
   0    0    0   48    0    0    0    0    0    0    0   48    0    0    0    0    0    0    0   49    0    0   45    0    0    0   47    0    0    0   48    0    0   50    0    0    0    0   46    0    0    0    0   45    0    0    0    0   44    0  
   0   45    0    0    0   44    0   50    0    0   46    0    0    0    0   48    0    0   50   46    0   47    0    0    0    0    0    0    0    0    0    0    0    0    0    0    0    0    0    0    0   44    0   49    0    0    0    0    0    0  
  49    0    0    0    0    0    0    0    0   46   47    0    0    0    0    0    0    0   44   45   45    0    0    0    0    0    0    0    0    0   50    0    0    0    0    0    0   45    0    0    0    0    0    0    0    0    0   44   48    0  
   0    0    0    0    0   49    0    0    0    0   47    0    0    0    0    0   47    0    0    0   48    0    0   44    0   45    0    0    0    0    0    0    0    0   45   50    0    0    0    0    0    0    0    0   46    0    0    0    0   50  
   0    0    0    0    0    0    0   49   48    0    0   44    0   48    0    0    0    0    0   45    0   46    0    0    0    0    0    0    0    0    0   45    0   47    0    0    0   46    0   50    0    0    0    0    0    0    0    0    0    0  
   0   50    0   50   48    0    0    0    0    0    0    0    0    0    0   46    0    0    0    0    0    0    0    0    0    0    0    0   47   49   44    0   49   49    0    0    0    0    0    0    0    0    0    0    0    0    0   45    0    0  
   0    0    0    0   50    0    0    0    0    0    0    0   44    0   46    0    0    0    0    0   47    0    0    0    0    0   49    0    0   45    0   45    0   48    0    0    0   49    0    0    0    0    0    0    0   45    0    0    0    0  
   0    0    0    0    0    0    0    0    0    0    0   44    0    0   45    0    0    0    0    0    0    0   49    0   46   46    0    0    0   47    0    0    0    0   47   50   48    0    0    0    0    0   49    0    0    0    0    0    0    0  
   0    0   47    0    0   45    0    0   49    0    0    0    0    0    0    0   47    0    0    0    0   44    0    0    0   48    0   50    0    0    0    0    0   46    0    0   46    0    0    0   45    0    0    0    0    0    0    0    0    0  
   0    0    0    0    0    0    0    0    0    0    0    0    0    0    0    0    0   44   47    0    0    0   45    0   47   48   50   46    0    0    0    0    0    0   50   49    0   49    0    0    0    0    0    0    0    0    0    0    0    0  
   0    0    0   44    0    0    0    0   50   46    0   48    0    0    0    0    0    0    0    0    0    0    0    0    0   44    0    0    0   45    0    0    0    0    0    0    0    0    0    0    0   50    0    0    0    0   49   47   47    0  
   0    0    0    0    0   49   45    0    0    0   50    0   50    0    0    0    0    0    0    0    0    0    0   44    0    0    0    0    0    0    0   48    0    0    0    0    0    0   47    0    0   46    0   44    0    0    0    0   50    0  
   0   45    0    0    0    0    0    0    0    0    0    0    0    0    0    0    0   47   46    0    0   45    0    0    0    0    0    0    0    0    0    0   44    0    0    0    0   45   50    0    0    0    0   46    0   49   48    0    0    0  
   0    0    0    0    0   46    0    0    0   45   44    0    0    0    0    0    0    0    0    0    0    0    0    0   44   50    0    0    0    0    0    0   50    0   48    0   47    0    0    0    0    0    0    0    0    0   44    0    0   49  
   0    0    0    0    0    0    0   45    0    0    0    0    0    0    0    0    0    0   45    0    0    0    0    0    0    0    0    0   45    0    0    0   48    0   47    0    0   46    0    0    0   44   49    0   50    0    0    0    0   48  
   0    0   49    0    0    0    0    0    0    0    0    0   45    0    0    0   48    0    0   45    0    0    0    0    0   45    0    0    0    0    0   50    0    0   44    0    0   47    0    0    0    0   50    0    0    0   46    0    0    0  
   0   45    0    0   44    0    0    0    0    0    0   45    0   49    0    0    0   47    0    0    0    0    0    0    0    0    0    0   48    0   46    0    0    0    0    0   45    0    0   44    0    0    0    0   50    0    0    0    0    0  
   0    0   46   45    0    0    0    0    0    0    0   50    0    0   49    0    0    0    0    0    0    0    0   45    0    0    0    0    0    0    0    0    0   50    0    0    0    0   48    0   46    0    0   47    0    0   44    0    0    0  
   0    0    0    0    0    0    0    0   46    0    0    0    0    0    0    0   44    0    0    0    0   48    0   45    0    0    0    0   47    0    0    0   46    0   50   47    0    0    0   46    0    0    0   49    0    0    0    0    0    0  
  46    0    0    0    0    0   46    0    0    0    0    0   47    0    0   49    0    0    0    0   45    0    0    0    0    0    0    0   50    0    0   48    0   47    0    0    0    0    0    0    0    0    0    0    0    0   44   49    0    0  
  46    0    0    0    0    0    0    0   46    0   50    0    0    0    0    0    0   44    0    0    0    0    0   47    0    0    0    0    0   48    0    0    0    0    0   49    0   49    0    0    0    0    0    0   44   45    0    0    0    0  
   0    0    0    0    0    0    0    0    0    0   49    0   44   46   50    0   48    0    0    0   45   47    0    0   46    0    0    0    0    0    0    0    0    0    0    0    0    0    0    0    0   45    0    0    0    0    0    0    0   49  
   0    0    0    0    0    0    0    0    0    0    0    0    0   46    0    0    0   50   44   44   49   50    0    0   48    0    0   44    0   47    0    0    0    0    0    0   45    0    0    0    0    0    0    0    0    0    0    0    0    0  
  47    0    0    0    0    0   48    0   50   44    0    0    0    0    0    0    0   47    0    0   47    0    0    0    0    0    0    0    0    0    0    0   49    0    0    0    0    0    0   49    0    0    0   45    0   46    0    0    0    0  
   0    0    0    0    0    0   47    0    0    0   48    0    0    0    0    0    0    0   44    0   50    0    0   48    0    0    0    0   46    0    0    0    0    0   49    0    0    0    0    0   45    0    0    0    0   47    0   49    0    0  
   0    0    0   49    0    0    0    0   44    0    0   49    0   46    0    0    0    0    0    0    0   44    0   50    0   48    0    0   45    0    0    0    0    0    0    0    0    0    0    0    0   50    0    0   47    0    0    0    0    0  
  48    0    0   47    0    0   45   47    0    0    0   44    0    0    0   46    0    0    0    0    0    0    0    0    0    0    0   49    0    0    0    0    0    0    0   50    0    0    0    0    0    0    0    0    0    0    0    0   50   50  
   0    0    0    0    0    0    0    0    0    0    0    0    0   46    0    0    0   50    0    0    0    0    0    0    0    0    0    0    0   44    0    0   44   48    0    0    0    0    0    0    0    0   44   47    0    0   45   44   49    0  ] 
BUDGETS : [    1    2    3    9   11   13   13   14   18   21   29   29   30   30   33   35   38   44   44   46   46   47   49   54   55   59   61   63   64   65   67   68   68   69   69   71   74   77   78   83   84   84   87   88   88   91   94   95   97   99  ] 
