K : 100
I : 50
PREFERENCES : [   13    2    0    0   17    0   21    4    0    0    0   20    0    0    0    0    0    0    0    0    0   19    1   11    5    0   12    0   15   20   22    9   14   20    0   10    7    0   16    0    0    0    0    0    0   18    3    1    6    8  
   8    0   21   12    0    0   18    0    0   14    0    3    9    6   20   17    0   12    0    0   11    0    0    0    0    1   16   22    5    0    5    0   10   19    0    0    2    0   13    0    0    0   15    0    3    0    0    7    4    0  
   0    0    0    6    0   22   10    0    2   21    0    0   13    0    0    0   12    1   14    8    0    5   13    0    3    0    0    0    0   16    0    7    0    0    0    8   18    4   15   11    0    9    0   17    0    0    0   19   20    9  
   0    4    0    0    1    5    0    2   17    0   18    8    4   20   14    0   10   22    0    0    0    0   15    0    0    0   13    0   18    0    0    0    0   11   19    7    3    0   16    0    0   12    9   14    6    0    0    0   21    0  
  12    1   14    8    4    5    0   22    0   17   20    2    0    0    6   11    0    0    9    0   15    0    3    0    7    0   16    0   11    0    0   11   19    0    0    0   18    0    0   13    0    0    5   21    0    0    0    0   10    0  
  13    0   12   14    0    6    5    0   18    0    0    2    0    0    0    4    3   19    2   15    0    0    0    0   10    0    0    0    0   17   21    9    0    0    0    0    0    0    0    8    1   11   12    0    0   20    7   16   22    5  
   0    0    2    0    0   21   11   10    0    3   17    0    7   11    0    0    0   20    8   15    0   19    6    0    0    4    0    1    0    0   14   22    0   18   22    0   16    0   12    0    0    0   12    0    5    9    0   13    0    0  
   0    0    0    0    0    6    0   14    0   17    8    1    0   19   21    5    9   11   10    0    0    0    0    0    0    2    6    0   20    0    7   14   12   18    0    4    0   16    3    0    0    0   22    6    0   15    0    0   13    0  
   5    0   15   12    8   22   17   18    4   19   10    9    0    0   14    0    0    0    0    0    2    0    0    0    0   16    1    0    6    0    0    9   20   21    0    0   11   13    0    3    0    0    0    0    7    0    0   16    0   22  
  22    6   17   14    5   15    0   10    0    0    0    0   19    0    0   11    0    2   16    0    7    7    0    0    0   13    0    4    0   12   21    0    3    0    0    0   17    0    0    8    0   17   20   18    0    1    0    0    0    9  
   0    0   16    0    5    0    0   13   14    0   17    0    0    0    8    2   18    0    8    6   10   22    0    3    0   19    1    7    4    0    0    0    0   20   13    0    0    0   11    0   15    0   21    0    9   12    5    0    0    0  
   0    0   12    9    0    0    0    0   16   17   18    0   13    5    7    0   21    0   15    0    3   14    0    0    1    0   13    0   22   13    0    0    0    0    2    0    0    0    8    0   18   19   20    0    4   10    6   11    0    0  
   0    0    8    0    0    0   14   16    0    2   21   13    0   11    0    0    0   21    0    0   15    0    5    9    6    4   12    0    0    0    0    0   17    0    3    0    7    4    0   10    0   20   19    0    0    1    0   18    1   22  
  16    0    0   11    3    0   22    0    6    0   17    0    0   13    4    0   14   21    5    2    1    0    0    0    0    3    7   12    0    8   10    0    0   20    2    0    0    0    0    9    0   15    0   19    8    0    0    0   18    0  
  12   14    0    0    0   13   11    0   15   21   14    0    0    0    0    0   21    0    0   16    0    5    0    0    0    0    0    0   15    0   18    9    1    0   17   20    8   22    6    4    7    0    0    0   10    3   19    0    0    2  
   0   13    0    0   18    0   15    0    0   20    0   17   12    7   16    0    4   19    0   21    5    0   14    0    6    0    8    0    0    0    1    0   13    0    0    5    3   22    0    9    0    0   11    2    0    0   20    0   10    0  
   0    0   19   15    0    2   10   18    0   14    9    0   11    0    3    8    0    0    7    0    0    5    0    0    1    0    0    0    0    0    0   21    0    0    0   17   18   12   22    0   13    3    6    0    0   16   20    0    4    8  
   0    3    0    0    9    6    0    0    0   12    0    0    4    0    2    0    9    0    0    0   20    0    8    5   14    0    0   19    0   13    0   11    0    7   22    0   10   16    0    1   21   18    0   15    0   13   19    0   17    0  
  10    4    0    7    0    0   10   16    0    0    6    0    0    0   10   15    0   11   12    0    0    0   14    3    0    9    0    0    0    0   22    0   19    8    0   20    0   21    1    5    0    0    0    0   10    2    0   17   13   18  
  16   22    0   17    0    0   13   12    0   10    0    3   20    6    0   19   11    0    0    0    4   20    7    0    2   14    0    0    0    0    0    0   18    8   11    0    0    0    0    1    0    0    6   21    9    0   15    5    0    0  
   0    0    0    9    0    4    3   18    0    5   10    0    0   17    0    0    0    0   10    0    0   20    0   15   14    0    0   16   15    0    4    0    0    0   12   19    2   13    6    0    7    0    0   21    0    8    0   11    1   22  
  14    0    0    0    1   22    0   10   20    0    0    2    0   16    0    0   18   12    0   18    6    0   13    8    0    0    0    4    5   17   15    0    0    1    0    0    0    0    0    0   10    0    0    0    7    9   11   21    3   19  
   0   11    2    0    6   18    7   21    0    0    0   17    9    0   16    0    0   15   13    0   12    0    0    0    0   10   22   12   20    0   18    4    0    3    0    0   17    0    0    0   14    8   19    1    5    0    0    0    0    0  
   0    0    2    0    0    0   22    0   10    7   18    0    0    0   20   19   11    0    0    9   13   21    0    0    0    0    3    8    0    0   15   14   12    4    0   16    0    0    0   21    1    6    0   17    5   10    7    0    0    0  
   0   11    0    7   20    0    1   17    0   14   16    0    0    8   14    2    5   21    9   10    0    0    0    0   22    0   12    0    0    0    3    0    0    0    6   15    0   19    7    4    0    0   13    0   12    0    0    0   18    0  
   0    9    5   19    2    0    0   15   21    6    0    0    0    0    0   16   22    0   10   20    0   17    0    0    0   11    0    0   18    0    1    0    0    0    7   12    0    3    0    0   10    1    8   14   13    0   14    4    0    0  
   8    3    5   14   16    0    0    0   17   19   22    0    0    3    0    0    0    0    4   13    0   11    0    6   20    0    0    0    0    0   12   20    7    0    9    0    0    0    0    1    0   18   15   21    0    2    0   10   20    0  
  11    9   14    6    0    0    0    5   10    0    0    0    0    0   18   19   22    0    0    2   15    0    0    0    4    0    1    7   21   12   13    0    0    0    0    0   17   20    0    5   16    0    3    8    0   18    0    0   12    0  
  16   10    0   12    0   11    0    9   18    0    6   14    5    0    0    0   21    0    0   19    1    0    7   11    2    0    0    0    0   15    0    0    0    8   13    0   20    4   17    0   22    0    0    0   22    3    0    0    7    0  
   0   11   21    0    2    8    4   18   13    7   10   17   12    0   22    0    0    5    0    0    0    0    0    0    1    0   19    0    0    0    6   16   13    0    0    0    0    0    3    9    0    0   18    0   14    0   20   19   15    0  
   0    0   12    0    8   19    6    0    6    0    0   10    0    0    0   17    0    9    0    0    0    0    0    0    0   13    7    0    0    0    4   22   11    0    5   22    0   15    2   14   18    6    0   21   16    1    3    0   20    0  
  14    0    8    0   13    0   22    6    0    2    3    0    4   19    0   18    0   21    0   20   11    0    7    0    0    0   10    9    6    5    0    0   15    0    0   16    0    0    0    0    0    8    0    1    0    3    0   17   12    0  
   0    0    0   16   13    0   12   20    2    0   11    0    0    7   10   15   19   18    0    0    0    0   17    0   17    3    0    0    0    0    0   18   19    0    0    9   21    0    5    6   22    0    8    4    1    0    0    0   14    0  
   0    0    0    0    0    0    0   14   17    0    0    3    4    0    0    2   22    0   21    9   15   10    0   12    1    0    6    7    0    5    0   19   20    0    0   16    0    8   13   11   18   10   18    0    0    6    0    0    0    0  
   0    0    0   14    9    0    0    0    0    0    0    8    1   22    5   17    6   16    2    0   17    0    3    0    0    8    0   10    0    7   13    0    4    0   19    0   21   18    0   12    0   11    0    0   15   20    8    0    0    0  
  19   19    0    8   10    0    0   15   13    1    5   22   18    0    0    0    0    0    7   14   21    0    0    0   20    0    0   11   21    0    0    0   16    3    0   17    0    0   12    2    0   18    0    0    9    0    0    6    4    0  
   3    0    0    0    8   13    6    1   22    0    0    0    0    0   20   19   12    0    7   15    0   21    0    1    0    0    0    0    8    0   17    0   11   12    0    0   10    0    5    0    2    9    0    0    0   14   18    4    0   16  
   0   17    0    0    0    0    0    0   22   13    0    8    7    5   17    0    3    0    1   12    0    0    4    0    0    0    2    0    0    0    6    9   19    0    0   11   15    0   21   10    0   16   20    4   18   17    0    0   14    0  
  10   22    0    9    0   10   11    0    0    0    0    2    0    5    0   15    3    0    0    3    8    0   13   21    0    0   14    0    0   12    1    0    7   20   16   19    0    0    0    0    0    0    0    6   17    6    4   18    0    0  
  11    0   19   19    0    0    0    1    8   17    6   20    0    0    0    0    0    3   18    5    0   22   15    0    0    0    0   13   21   16    0    9    0   10    0    0    2   17   14    4    0    1    0    0    0    0    0    0    7   12  
   1    3    8    0   12    4    0    0    0   12    0    2   21    0    0    0   14   13    6   10    0   16    7    9    0    0    0    0    0    0    0    0   17   19   11    5    0    0    0   20   18    0    0    0   16    0   21   22   15    0  
   0    0   20    1   10   21    0   22    0    0    0    5   19    0    7    6    4    0    0    0    0    0    0   11   17    2    0    4    0    3   15    8    0   18   14   22    0    0    0    0    0    9    0   16   15    0    0   12    0   13  
   2   13    0    1    0    0    7   10   12   22    0   11   21    0   20    0    0    0    0   21    4   14    8    0   18    0    0    6    0    0    0   16    0   19    0    0    0    0    9    0    3    0    0    0    5   15   12    0   17   17  
   0    0    6    3    1    0    5   15   16    0    0   22   21   13    0    0    0   12   22    0    0   10    7    0    0    0    0   18   20    0    0    1    0    0   16   14    2    0   19    0    0   17    0    4    9    0   11    0    8    0  
   0    0    0    4   10   19   12    0    9   17    0    0    7   14   15    0   21    0    0    0    0    0   18   16    6    5    3    0    0    0   20    1    0   19    0    0    2   13    0    0    0    0   11   18   18    0    0   22    8    0  
  14    0    0   21   16    0   18    0    6    0   13   21   17    0   12    0   22    0    2    7    0    0    0    0    0    0   11    9    8    0    0    0   16    0    0   20    0   10   15    0    0    0    5    3    4    0   14    1    0   19  
   0    0    5    0    0    0    8    0    4    0    9    0    1    0   15   12    0    0    0    0    0   10    0    0   14   17   19    0    0   18    6   19   21   22   13    0    0    2   11    0    7    0    0   22   16    3    0    2   20    0  
   0   13    1    0    0    0   12    4   21    5    0   14    2   20    0    9    8    0    0    3   16   19   17    0    0   10    6    0    0   18    0    0    0   22    0    0    0    0   11    0    0   15   15   15    0    0    0    0   20    7  
  16    0   11    0    0   19   17    0    0    4    2    0   18    0    0    1    0   13   21    0   17    0    3    0   21    0    0    6    8   11   15   22    0    0    0    0    0    0    7   20    0    0    5   12    0    0    9    0   10   14  
   0    0    0    0   14    8    0    0    0    0    0    5    0    0    0    7    0    2    4    0   18   21    9    0    0    0    0   15    4   10    0    3    0    7   12   19   20    6   16    0    0    0   11   17    0   10    1    0   22   13  
  13    0    0    0   14    6    9    0    2    0   11    0   20    0    0   15    0   19    0    4    0   21    0    0    5    0    0   16    0    8    2   18    0   17    0    0    0    0   22    0    7    1   10   12    0   12    0    2    0    3  
   0    0   10    0    4   20    0    0   18    0    9   16    8   19   21   14    0   12    5   22    7    0    0    0    0    0    0    0   17    0    0   13    0    0    0    3    0    0    0   15    5    1    6   11    0    2    0    0   22   18  
  13   21    8    0    0    1    0   20    0    0    0    3    0    0   17    0   19    0   20    0   16    0    0   13   14    0   11    7    4    0   10   21   22    9    0    0    0    0    0    5   18    0    2   12    6   15    0    0    0    0  
   0    0    0    0   19    0   13    0   16    0    0    0   15   18    0    7   20    8   10    0    0   17   20    0   15   21    6    4    0    5    1    0   12    0    0    0    0    3   14   11    9    2    0    0   22    0    0    0   18    0  
   0    0    4    0    0    0    0    0    4    0    0   10    8    0    0   13    0    9    0    6    0    0    5    2   22   19   17    0   18   14    3   16    0    0    0   15    0    1   18   21    0   11    7    0   12   11   20    0    0    0  
  11    3    5    0   18   22   20   19    4    0    0    0    0   10    0   16    8    9    0   15    0    0    0    0   17    0   18    0    0    0    7    0   13   12    1    1    2   21    0   14    0    0    0    0    0    0    0    6    0    3  
   0    3    0   11    0    0    0    8    0    0    0   19    0    0   19    7    5    0   20    2   10   16    0    6   22   12   12    0    0    1   14    0    0   21    8    0    9    4    0    0    0   18   15    0   17    0   13    0    0    0  
   0   13   14    0    4    0   10    6    0   11    1    0    0   14    0    0   19    0   12    0    0   17    0    9   22    0    0    0    0    0    0    3   18   15    0   21    0   20    0    0    7    5    0    0    8   17   16    2    0    4  
   0    0    5    0    0    0    3    0    0   13    2   20    0    0    0   21   22    0    0   15    4   11    0    0   19   16   15    1   18    0    0   17    9   11    8    0    0   10    0    6    7    0    0    0    0   12   14   11    0    0  
   0   20    0    0    0   14    0    0    0   13    0   13    9    0   21    5    0    0    6    0    0    0    0    0    0    8   11   18   12   19    3    0   15    1    0   16    2    7    0   22    0   10    0    4    0   20   21    0   17    0  
  13    0    0    0    0   20   10    0   18   11   13    0   19   11   16   15    0    2    9    3    0    0    0    6    0   21    0    5   22    7    0    0   17   14    0    0    0   12    1    0    0    0    0    0    9    0    0    0    4    8  
   0    1    4   15    0    0    0   22    0    5    3    0   13    9    0    8    0    0    0    0    6   17    0    0   12   19    2    0   21   14    0    0    7   16    0    0    0    0   18    0    6    0    0    5   11   17   20   10    0    0  
   0    0    0   14    7    4    0    8    5    0    0    0    0    0   20    1    6   19    0    0    0    2   17    0   16    0    3    9   11    0   22    0    0    0   19   21    0   18   13    0   10   19   12    0    0   22    0    0    0   15  
   0    0   18    0    7    0    5    0   14   19   22   15   20   20    0   21    3   11    0    0    0    0    9    0   13    0    2    0    0    0   12    0    0    0    8   16   17    0    0    0    0    6   10    0   17    0    0    1    4   17  
  13    0   17   14    4    0    5    0    0   19    0   18    0    0    0    0    0    0    2   11    0    9    8    0    0    3    0    7    0   10    6   18    1    0   18   17   20    0   22    0    0    0    0   12    0   16   21    0    0   15  
   0    0    0   22   15    1    0    0    9   18    5   11    0   20   14    0   13   10    0    2    0   21   20    0    0    0    3   19    0    4   12    0    0    0    0    8    0    0   17    0   16    0    0    7    2    0    6    0   15    0  
   0   22    0    0    0    0   12    0    0    5    0    4   14   11    0    0   19   16   15   10   21    0   15   13    0   17    0   14   20    1    9    2    0   18    0    0    0    0    0    6   20    0    0    0    0    0    0    7    3    8  
   0    0    0   20   14    7    0   19    0    8   13   17   21    0    7    0    0    0   16    1   22    0    2    0    0   17    0    9   15    5   11    0    0    4    0    0   10    0    0    6    0    0    0   12    3   18    0    0    8    0  
   0    8   17    0   22   18    0    0    0    0    2    0    0   14   12    7   11    1    0   21   21    4    0   16    6    0    0    0    3    0    5    9    0    0    0    0   12    0   20   19   13    0    0   15    0   10    6    0    0    0  
   7    0    0   19   11   14    0   17   13    9    0    0    2    0    0   20    0   21    0   10    0    8   11    0    0    5   12   22    0    0    0   16    0   15    0   12    0    0   13    1    0    4    6    0   18    0    3    0    0    0  
   4   21    0   13   10    0   13    0   17    0   15    0    0    6    0    9   20    0    0   11    0   12    2    5    0    0    3   16    0    8   14    0   19    0   22    0    1    0    0    0    0    0    1    6    0    0    0    7    0   18  
   9    5    0   17   22    0    0    0   13   20   12   19    0    8    0    0    0    3   15   18    0    0   11   21    0    4    0    0   14    2    0    0   10   16   20    0    0    6    0    0    0    0    7    0    1    9    0    0    6    0  
   0   20    2    0   17    0    0    8    0   16   15   14    9    0   21    0   19    0    0    5   10    0    0    4    0    7    0    0    0    0    1    0    0    0    0    0   12    3   21    5   18   13    0   14    0    0   11    6   22    0  
   0    0    7   22    2    0    0   21   11    5    0    4    0   12    0    0    0   15   16    0    6    0    0   19   18    9    0   10   13   14    0    3    0   17    6    9    0    0    6    8    0    1    0    0    0   20    0    0    0    0  
   1    0   10   21    0    8    3    0   16   14    0    0    5    0    9   13    0    0    2   12   15    6    0    7    0    0    0    0   11    0    0    0    0   20    0   22    0    0   17    2   13    6   19   18    0    0    0    0    4    0  
   0    0    7    0   20    0    0    8    1    0   21    0    9    0    2    0   10    4    0    0    8   19   12   17    6    0    2   13    0   22   11    5    0   21   14    0   18   15    0    0    0    0    0   16    0    0    3    0    0    0  
   9    5   14    0    0    0    0    0    7   22   18    0    0   10    0    8   12    0    3    0   16    0   17    0   12    2    0    0   10    0    4   19    0    0    6   20    0    0   13   11    0   21    0   15    0    0    0    2    1    0  
  19   21   12    0    0    0    0    0    0    0    9    8    0   22    5    0    3   17   14    1    0    0    0    0   16    0    0    1    0   11    0   13    0    0    2   12    4    0    0   22   18    6    0    0    0    7   15   10   20    0  
   7   18    0    0    0   10    0    0    0    0    6    9    0    0    0    0    0   10    1    0   11    0    0    0   14    5    4    0    3   13   17   21    0   22   19    0   20    3    0    2    0   15   10    0    0    0    8   16    0   12  
   0    0    6    0    0    0    0    0    0    0   18    0   17    0    7   21    0    3   22    0    2    0   11    0   20    0   13    0   14    0    0    0    4   15   16    0    0    3    5    0    4    0    8    9   19   10   14    0    1   12  
   0    0    4    0    0   10    0    0    3   13    0    0    1    0   15    0   18    0   20    0    0   16    9    6    2    0    0    5    0   19    8    0    0   11   17   12    0    0   21    7    0    2    0   21   22    0    0    0   22   14  
   6    0   17   21    0   10    0    0    1    0    0    0   19    4   22    8    0    0   18   11    0    5    0    0   20   14   18    0    0    0    0   12    0    0   16    0    9    0    0    2    7    0   15    6    0    0   13   18    3    0  
   0   10    7    0    2   22    0    0    0   14    0    0    0    0    8   20    0    9   15    0   13    0    0    4   17   20    5   12    0    0    0    0    3    0   21   11    1   19   13    0    0   17    0   16    0   18    0    0    6    0  
   0    0    0   11    0    7   10   17    9    0    0   20    0    0    8   13    1    3    2    0   19   22    0   21    0   15   18    0    0    0    0    0   12    0    6   14    0    0    5    0    0    9    0    4    0    0    9    9    0   16  
  15    0    0    0    6   21    0    0    0    0   22    0   11   13    0   18    0    0   12    0    0    9    0    1   10    0   19   13    0    0    0    0    3    8   17    7    2    0    5    0    4    0    8    0    0   14    0   16    4   20  
  12    5    0    0    4    0   22   13    0    0   21   18    0    0    0    0    0    0   14    9    0    3    7    0    0    0   12   16   15    0    1   19    0    0    0    0    0   17    6   20    5    2    0    8    0    0   11   16    0   10  
   0   13    0    0    0    9   15    0    0   12    0   22   19    1    0   16    3    0    0   15    0    0   18    0    0    0   10    0    0   21    4    2    0    0   20    0    0    5   17    7    0    6    0   14    0    0   11    8   17   16  
   0    0    8    5    0    0    0    0   11    0    4    0   22   20    0    9    0    0    0    0   16    3    0    0    2   14    6    0   18    0    1    0    0    7    0   13   19    3    0   21    0    0   15   17   16   16    0   12    0   10  
   0    0    0    0    3   13    0    0   14   18    0    1    1    0   16   17    4    0    0   12    6    2    8    0    0    7    5   10   21    0    0    0    0   15    0   22   11    0   20   19    0    0    0    0    2    9    0    0    0    7  
   3    0   17    0    0   14    0    0    0    6   12    0    0    5    0    0    0    0    0    0   19    2   22    0   18    7   17   10    0    0   21    9    0   15    4   16    1    0   20    0    0    0   14    0    0   11   13    5    8    0  
   4    0    0    0    9    0   14   12   16   22    0    0    0    5   11    0   13    0    0   17    0    1   21    0   20    8    0    6    0    0    0   19    8    0    7    0    0    0    3    0    0   14   15    0   10    2   20    0    0   18  
   0    0   15    0    0    0    0    2   22    0    0    0    0   22    4    0    6    0    5   17    0    0   13    0   12   16   21   20   11    3   22    0    8    1    2    9    0    0    0    0   18   10    0    0    0    0    0   19    7   14  
  10    0    0   17    7   21    0    0    0   16    0    0    0    0    6    0    0   16    0   22    5   11   19   13   14    0    4    0    1    8    9    0    0    0    0   15    0   12   20    0    6    0    5    0    0    2    3    0   18    0  
   5   11    0    0    0    0    6    0    3   20    0    0    9    0    0    0    0   10   14    0   13    0    4    7   18    0    0    0    5   19   21   16    0   22    2   15    4    8    0    0    1    0    0    0   12    5    0    0   17    0  
   8   14    0    0    9   19    4    0    3    0    6    0   20   10    0    0    0   21   12    5    0   15    0   18   21    0    3    1    0    0    0    5    0    2    0   11   16    7    0    0   17    0    0    0    0    0   22   13    0    0  
  13    0    0    0    2    7    9    0    0   11    0    5    0    0   18    0   20    3   14   13    0   12   22    0    0    1    0    0    0    0    0    0    0    0   15    8   16   10   21   17    4    0    6    0   11    0    0   19   11    0  
  21    0    0    9    2    0    0    0   15   19    0    4    0    0    0    6    0   17    5    0    0   20   12    0    0   22    0    0   12    0    5    0   13    0   16    0   10    0   11   18    0    8    1    3   14    0   15    0    0    7  
   0    8    0    0   16    0   19    0   22    0   17    0    0   11   20    4    0   10    0    0    0    6    0   14   12   18    3    0    8    0    0    0    0    0   21    0    2    1    9    0    0   22   17    0    0   15    7    5    0   13  
  12    7    6    4   15   16    0    0   11    0    0    0    2    0    0    5   10    0    0    0   18    0    0   19    0   21   19   14    0    0    0    0    0    8    0   22    0    0    3   20    0    0    3    3   13   17    0    0    1    9  
   5    0   17    0    0   13   11    0    7   11    0    0   10    0   10    0    0    4    2    0   14    0    0    6    0    8    0    0   22    1    0    0   21    0    0    0    0   10   16   15    0    0    0    9   18   12    0    3   20   19  ] 
BUDGETS : [    2    3    8    8   12   14   14   17   17   19   20   23   23   26   27   28   29   30   36   37   43   44   48   48   60   67   67   69   70   70   71   71   80   81   82   83   83   83   83   84   84   84   87   88   89   89   89   91   91   99  101  101  105  107  107  110  110  111  113  114  114  117  118  120  122  126  127  130  134  139  141  142  144  146  147  148  149  151  152  152  153  155  156  157  161  165  165  165  170  170  172  173  174  175  175  181  189  192  192  193  ] 
