K : 150
I : 75
PREFERENCES : [   74   61   67   50   51   63    0    0   75   71   66    0   49    0   49    0    0   56    0    0    0    0   52    0   57   62   65    0    0    0   48    0   54    0    0    0    0    0    0   73   51   66   63   70   58    0   59   72    0    0    0   68   69    0    0   49    0    0   49    0   50   55   49    0   54    0    0    0    0    0   66    0   60   53   64  
  56   51    0   59    0   68    0   60    0    0    0    0   71   53   66   63   56   50   71   66   73   64   59   70    0   69   68   58   55    0    0   75   53   49    0   67   65    0    0    0    0    0    0   74   48    0    0    0   51    0   70    0   72   63    0   61    0    0   62    0    0    0   62    0    0    0    0   52   57    0    0    0   54    0    0  
  70   59    0    0    0    0   70   68    0   69    0   71   63   65   49    0   50    0    0   58   51   67    0    0    0    0   72    0    0    0   53    0    0   57    0   74   52    0   68    0   60    0    0    0   73   75    0   54    0    0   54    0   64   68   48   56    0   49   55   62   48    0    0    0   71   67   66    0   61    0    0    0   71    0   68  
  68    0   53    0   48    0   74    0    0   50   59    0   48   52    0    0   69   49   56   73    0   71   48   66    0    0    0    0   69   58   62   57   74    0   60   49    0   74   70    0    0   64    0   65   67    0    0    0   49    0   54   75   55    0    0   72    0   51    0    0   53   63    0    0    0    0   63   61    0    0    0    0    0    0   71  
   0    0    0   54    0   68    0    0    0   69   67   68    0   72   72   71    0    0    0   74    0    0    0    0    0    0    0    0    0   63   64   52   50    0   48    0   49   58   54   75   55   72    0   56   59    0    0   60   62   53    0   68    0   55   66    0   57   51    0   60   70    0   60    0    0    0   73   52   65    0    0    0   61   73    0  
  55   54   71    0    0   58    0    0    0   53   57    0    0   53   73    0   53   66   54    0   75   48   70    0    0   56   72   54   64    0    0   68    0   60   59    0    0    0   52    0   74    0    0   65    0    0   74   63   64    0    0   64   69    0    0    0    0   51   50    0   61   48    0   49   71   50    0   62    0    0    0   67    0    0    0  
  48    0   58    0    0   61   72   49   74    0    0    0    0    0    0    0    0    0    0   56   52   75   48   69    0    0   71   64    0   50    0   62   66    0   59    0   65    0   60   50    0    0   68   75    0   70    0   54    0   53    0    0   52   58    0    0    0   58    0    0    0   68   75   67   51   72    0   57    0    0   63    0   55   73   60  
  68    0   57   74    0   65   56    0   53    0    0   63    0    0    0   56   72   60   73    0    0    0    0   61   49    0   50    0    0   56    0   59    0   52    0    0   62   51    0    0   66   53    0    0   75    0   67    0   74   58    0    0   72   69    0   62   75    0    0   54    0   71    0   54   64    0    0   59    0   70   48   55   72    0    0  
  61   55   68   75   51   52   48    0    0   65   60   58   58    0    0    0    0   71   74    0    0   56   72   64    0   54    0    0   69    0    0   68    0   66    0    0   59   73    0   61    0    0    0   72    0   70    0   65   49   67    0    0   62    0   50    0    0    0    0    0   68    0   58   53    0   57   63    0   57    0    0   66    0    0   56  
   0   69    0    0    0    0    0   52    0   60   60    0    0   54   59    0    0   56   61   73   55   57    0    0    0   50   71   72    0   65   75    0   75    0   49   66   64    0   66   72    0   67   62   60    0    0    0    0   58    0    0    0    0    0    0   74   51    0    0   68    0   48    0    0   72    0   70    0   65   60    0   63   53   52   60  
  64    0   48    0    0    0    0   56    0   49   50   75    0   57   66    0   49    0    0   65   68    0   69   60    0   71   67    0    0    0    0   75    0   53   62    0   72    0    0   74   68    0   51    0    0    0   64    0    0   73    0    0   65   48   61    0   48   63    0   70   74   56   54   58    0    0   71   59   55    0    0   52    0    0    0  
  56   49    0    0    0   71   54   72   70   74   50    0   48   51   75    0   52   58   50   64    0    0    0    0   60    0   57   61    0   60    0   69    0    0   65    0   65   55   49   51    0    0    0    0   73   59   58    0    0   66   53    0    0    0    0    0   65    0   62   70    0   64    0    0    0   69    0    0   68    0    0   67   63    0    0  
   0   67   70   56    0   64   50   55    0   60    0   66    0   68    0    0   72    0    0    0   48    0    0    0    0   70    0   67   53   65    0   75   51   59   56    0    0    0   72    0    0   49    0    0   63   73    0   62    0   57   73   69    0    0    0   54   58    0    0   65    0    0    0    0   67    0   52   64   74   71   61   51    0   73    0  
  51   56    0   72   63   59    0   73    0   69   74    0    0   53   64    0   54    0   48   67   52   50    0    0   48    0    0    0   72   65   60   75    0    0   68    0    0   58    0    0   49    0    0    0    0    0   61    0   50   71   52   57   65   61    0   50    0   70    0    0    0    0    0    0   71   55    0   66   72   70    0    0    0   62    0  
   0    0   51   58   66   56   73    0   60   72   61    0   67    0    0    0   54    0   66    0    0   55   65    0   59   49   53    0   72    0   67   74   71   67    0    0    0   60   72   70    0   69   72   75   50    0   64    0    0    0    0   48    0   56    0    0   63    0    0    0   52    0   51    0    0    0   60    0    0   57    0    0   68   62    0  
  68    0    0   68    0   75    0    0   51   61   57    0    0   74   70   62   66   72    0   50   48    0    0   71   68    0    0    0    0    0    0    0   69   50   66   52    0   75   74    0   63   53    0    0   65    0    0    0    0   67    0   60    0   56    0    0   55   64   73    0    0   65   59   54   74    0   49    0   58   54    0    0   75    0    0  
   0   67   74   59    0   64    0   71    0   69   59   54   48    0   63    0    0    0   52   73   51    0    0    0   62   60   70    0    0   50   73    0    0   66   56    0   58   66    0   65   68    0   55    0    0    0   53    0   66    0    0    0    0   58   55   71   72    0    0   49   73    0   75    0    0    0   61    0   66    0   69    0    0    0   57  
  55   55    0    0    0   58    0   48   64   65   75    0   72    0   73    0    0    0   58   62    0   54   53   65    0   49   71    0    0    0    0    0   60    0   52   56    0    0   69    0    0    0    0   51    0    0    0    0   66   66   57   59    0    0    0   51   52    0   74   61   67   69    0   70   50   73   68    0   63    0    0    0   60   60    0  
   0   61    0    0    0   59   49    0   54    0   52   57   72   66   61    0   74    0   53    0    0    0   49   61    0   68    0    0   64    0   75    0    0    0   58   65   70   55   71   50    0   51    0    0   60    0    0    0   48    0    0    0   56    0    0    0   74   56    0    0    0   73   62   69   63   49   67    0    0    0   52   69   73    0   67  
   0   55   71   57   68   65   74   64   63    0   68   70   60    0   57   56   53    0   62   58   73   62   53    0    0    0   72   69    0    0   59    0    0   48    0   64    0    0    0    0   49    0    0    0   74    0    0    0    0    0    0    0   53    0   61   65   75    0    0    0   50    0   70   52    0   51   65   54   66    0   67    0    0    0    0  
   0   49   65   48    0    0    0   49    0   67    0    0    0    0   71    0   75    0    0    0    0   55    0    0   61   51   60   73    0   58   70    0   55    0    0    0    0   55    0    0    0   74    0   59    0   62   69   64   52   56   53   54    0    0   50    0    0   57    0   66   69   68   68    0    0   65    0    0   68   48   52   63   70    0   72  
  69   58    0    0   68    0   59   70   48    0    0    0   64   75    0   53   72   56    0    0    0    0   52    0   74    0   51   52   56   51   56    0    0    0   71   50   68    0   52    0    0    0   73   67    0    0    0    0   55    0   58   66   63    0   62   60    0    0    0   49   57    0    0   54    0   49   52   68    0    0   65    0    0   61    0  
   0    0    0    0   71   64    0   54   55    0   72    0   52   56   48   57   69    0   65    0    0   60    0   62    0    0    0    0    0    0   73   61    0   49    0    0   73    0   68   62    0   67   52   50    0    0    0   67    0    0    0   59   63    0   56   66   57    0    0   58   63   51    0    0    0    0   65   74   75   53   71   64   70    0    0  
  64   70   53    0    0   51   49   69   55   75    0    0    0    0    0    0   52   58   52   68   65   54    0   52    0   50   73    0    0   73    0    0   72    0    0   56    0   62   67    0   61   55    0   60    0    0    0    0   62   62    0    0   63   59   57    0    0   51   71   48   75   75    0    0   57    0    0    0   74    0    0    0    0    0   66  
  59    0   49    0    0   71   59   75    0   62    0    0    0    0   64    0    0   48   51   68    0    0   63   57   49    0    0   75   70    0   66    0   61    0    0   69    0   53   61    0    0   75   68   72   65    0    0    0    0    0   60   54   55   58    0    0   62   50   49   74   61    0    0    0    0    0    0   56   63    0   52   73   67    0    0  
  73   69   65   66   74    0    0    0   57    0   54    0    0    0   71   51    0    0   75    0    0    0   68    0   54    0    0    0    0    0    0    0    0   71    0    0   58    0    0   53    0    0   61    0    0    0   64    0   50   62    0   72   60   48   49   60   63   60    0   50   70    0   56    0   60    0   65   51   59    0   55   62   67   52   60  
   0    0    0   50    0   58   62   51   71   55   52   73    0   63   60    0   66   68    0   56    0    0   53   54    0    0    0   67   49    0    0    0   59    0   57   69   48    0   57    0    0    0    0   68   74    0    0    0   55   61   64   74    0    0    0    0   54   68    0    0   57    0   70   69    0    0    0    0   75    0    0   65   73   72   67  
  75   62    0   72    0   52   65    0    0    0    0    0   49   48   62    0    0   68    0    0   63   73    0    0   73   51    0   75   71    0    0   64   70    0   59   62   75   66   73    0    0   50   54    0   61   57   56    0    0   55   56   71    0    0   51   56    0    0   53    0    0    0    0   58   74    0   67    0    0    0    0   69    0   60    0  
  63   59   57   69   70    0    0   50   51    0    0    0   51    0   51   71   73   69    0   61   55   60    0   59    0    0   62   67   56   73    0   75   68   65    0    0   65    0    0    0    0    0    0    0   54    0    0    0   71    0   48    0    0   52    0   51    0    0   69   61    0   72   49    0    0    0   53    0    0   74    0   58   66   64    0  
   0    0   53    0   62   57    0    0    0   64    0   57   52   63    0   61    0   50   59   75    0    0    0    0    0    0   72   67   52   48    0   66    0    0   50    0    0   55   58   53   66    0   55    0   56    0   54   65    0   74    0   51   69    0   68   49    0    0    0    0   57   67    0   70    0   73    0    0   73    0   60   71    0    0   55  
  54    0    0   50    0    0   69    0    0   61    0   72    0   54    0   75    0   57    0    0   65   65   67   54   55    0    0    0    0   65    0   74   59   56   66   71    0   73    0   70   51    0   69   62   49   56   63    0    0    0   54   54   58    0   60    0   65   48   64    0   68    0    0    0    0    0    0    0   53   52    0    0    0   67    0  
   0    0    0   64   71    0   50   61   64   66   63    0   56   58   64    0   52    0    0   65   48    0   56    0    0    0   49   67    0    0    0    0    0   70    0   75    0   57    0    0   62    0   68   61    0   54   67   57    0    0   74    0    0    0   55   53   60    0   73    0    0   62   51   69   66   53    0    0   58    0   59   72    0    0    0  
   0   51    0   61    0   72    0    0   73   59    0   64   57   70   74   56   62    0   65    0   65   67   49    0    0   57   52    0    0   71    0    0   53   55   63    0   75    0    0    0    0   60    0   69   68    0    0    0   49    0    0   58    0    0   71    0    0   57    0   71    0    0   72    0   71   74    0   50   54   48   66    0   58    0    0  
   0   51    0    0    0    0   64   70   62   54   63    0   61    0   48   66   50    0   66   55   57   72   74   75    0    0   58    0    0   73    0    0    0    0    0   52   48   68    0   63   65   52    0    0   69   71    0    0   64    0    0    0   56   60    0   56   54    0    0    0    0   65    0   53    0    0   75    0   49   67   63    0    0    0   59  
   0   56    0   64   72    0   65   57    0    0    0    0    0   53   50    0    0    0    0    0   63    0    0   68    0   71    0    0    0   54   62    0    0   59    0    0   73    0   74   54    0   48    0   59   75   61   65   49    0   58   73   55   64    0    0    0   73   75    0   67   65   69    0   62   51   52   52   60    0    0    0   66    0   70    0  
  64    0    0   51    0    0   63   59   68    0   72    0    0    0    0    0    0    0   51    0    0   73   62   65    0    0   63   49   56   50   53    0    0    0    0    0   54   74   66    0    0    0    0    0    0    0   67   61   51    0    0   51   75    0   71    0   69   51   54    0   74   60   52    0    0   48   49    0   55   49   58   70   57   58    0  
  56    0    0   61    0    0   56   50    0    0   51    0    0    0   68   49    0    0    0    0   59   49   74    0    0    0    0    0    0   56    0    0    0    0   75   63   59    0   72    0    0    0   70   67    0    0   64    0    0   72   48   54   56   66   66   53   58   49    0   52   71   65    0   60    0    0   57    0   69   74   55    0   62   72   73  
   0   54    0    0   62    0   71   57   54   51   65    0    0    0    0   75    0   54   71   59    0   56    0   72    0    0   63    0   73    0    0   70   51    0   71   53    0    0   48    0   69   60    0    0    0   51    0   50   66   58   54    0   52   64    0   74   68    0   53   67    0    0    0   55   51   63    0    0    0    0    0    0   49    0   61  
   0   72   70    0    0   54   62   73   72    0   67    0    0   50    0    0   67   60   71    0    0    0    0   66   72    0    0    0   49   62   58    0    0   64    0    0    0    0   55    0   57   59    0    0   53   61    0    0   48    0   75   74    0   48   48   48    0    0   63   72   56   54   68   51   65    0    0    0   69    0    0   51    0    0   52  
   0   59   61    0    0    0    0    0   52   70    0   65   50   75   71    0    0   56    0    0    0    0   52    0    0   74   55    0   52   70    0   49   69   54   54    0    0   53   67   68    0    0   72   62    0    0    0   57   49    0   63   54    0    0    0    0   59   48    0   58   60   53   66    0   64   49    0    0    0    0    0   73   61   51    0  
   0    0   68   66    0    0   55    0   52   74   53    0   71   73    0    0    0    0    0   60   57   68   67    0   51   56    0    0   59    0    0    0    0   62   67   63    0   48   58    0   70    0   54    0   64    0   74    0   70   69   56    0   49   56   50   66   68    0   65    0   74    0    0    0    0   74   61    0    0    0    0    0   72   75    0  
  49    0   70   54   69    0    0    0    0    0    0   62   55   64   64    0   68   51    0   53   72   61    0   66    0    0    0   57   75    0   71   50   57    0    0   64   52   56    0    0    0   74   75    0   70   55   73    0   74    0    0    0   58    0    0   70    0    0    0    0   61   48    0    0   63   59    0    0    0   65    0    0   67   58   60  
   0    0    0    0   57    0   73    0   51   53   74   65    0    0    0   65   66    0   62   52    0   58    0    0    0   61   59    0   71    0    0    0   63    0   75    0    0   67   55    0   49   67   60    0    0    0    0   63    0   63   49   70    0   56    0   63    0   50    0    0    0    0   72    0   49   54   64   52    0   68   54   69   55    0   48  
   0    0   65    0    0    0   52   75    0   75    0   74   54    0   55   71    0    0    0    0    0    0   48   71    0   72   68    0   73    0    0    0   73   74    0    0    0   69   70    0   62   72    0    0   50    0   67    0    0    0   55   59   62   56    0   53   64   51   66   49    0    0   61    0   60    0    0   61   58   58    0   70   63   57    0  
   0   53   71   49   49    0   51    0    0   52    0   53    0    0    0    0    0    0   74   56   62    0    0    0   62   61   57   58    0   59   53   73   54   64    0   68    0    0   62   60   71   55   62   72    0    0    0   69   70    0    0    0    0    0    0   65   50    0   67   53   68    0   66   63    0    0   75    0    0    0    0   67    0    0   48  
   0   64   51    0   75   71   58    0   63    0    0   62   59    0   49   55   50   64   61    0   57   72    0    0    0   55   52   54   73    0   69   60   67    0    0   68   54    0    0   66    0   70    0   65    0    0    0   49   62    0    0   53    0   65   56    0    0    0   70    0    0    0    0   54    0   74   48   57    0    0    0    0    0    0   48  
  71   56   60    0   65   69   49   58    0   54    0   64   63    0   55    0   50    0    0    0   52   73    0   61    0    0    0    0   74    0   57    0    0    0    0   74   52   67    0   62    0   53    0   48   56   54   66   70   72   62    0    0   51    0   59   71   68    0    0    0    0    0    0    0    0    0    0   55    0   62   64    0   68    0   75  
   0    0    0   71   65   66    0   71    0   50   51   60   65    0   53    0   57    0   58   69   72    0    0   64    0   49    0   51   74    0   67    0   59    0   68   62    0   55   61    0   68    0    0   66    0   70    0   64    0   70    0    0    0    0    0   65   52    0    0    0   62   73   56   57    0    0    0   63    0   75    0   48    0   54    0  
   0   52    0    0    0   56    0    0   71   60   62   67   61   55    0   66    0   54    0   63   57    0   53    0   50    0    0   67    0   59    0    0   74    0    0    0    0   49   61    0   55   52    0    0    0    0   69   68   72    0   64   58    0    0   68   70    0    0    0   48    0    0    0   56    0   71    0   75   56   73   65   51   49   51    0  
   0    0    0    0   55    0   58    0   48   64    0   58    0    0    0    0    0    0   63    0    0   74   61    0   59   65   68   70    0   50   68   75    0   64    0   68    0   66   71   73    0    0   56    0    0   53    0    0   75   70    0   67    0    0    0   60   69   60   49    0   54    0    0   70   48   57    0   57   72    0    0   62   52   51    0  
  74   70    0    0    0   63    0    0   49    0   74    0   75    0    0   59    0   57    0    0   71    0   53   64   67    0    0   66   61   67   52    0   50    0   73    0   75   49    0   48   71   56    0   68   53    0    0   63    0   69    0    0    0    0    0   62    0    0   51   55    0    0    0    0    0   54   60    0   50   72   59    0   58   74   65  
  63    0   71    0    0    0    0   50    0    0   66   57   48    0    0   62    0    0    0   73   60    0   64    0    0   73   66   67   52   67    0   54   75    0    0   75   74    0   49    0    0   50   65   52    0   55   51   56    0   58    0    0   65   59    0   68    0   69    0   70   53    0    0    0    0    0    0   71    0   74    0   72   61   74    0  
  63   71    0    0   50   55   68   52   69   50   71    0   66    0    0   65    0   48    0    0   72    0   58   56    0    0   54   54   75    0    0   71   59    0    0   51    0   51   73    0    0    0    0    0   49   49    0   60    0    0   60    0    0    0    0    0   55   62    0   57   64    0   67    0    0    0    0   53   48   74   70   68    0    0   61  
  66    0   73   70   51    0   68   75   49    0    0   60   62   48   74   73   61   73    0    0   70   63    0    0    0    0   71   53    0   55    0    0   52    0    0    0   58   72    0   50    0   65   67    0   56    0    0   73    0   59   73    0   69    0   70   67    0   54    0   58    0    0   57    0    0   59    0   64    0    0    0    0    0   55    0  
  74    0   55    0   60   56   75    0   67    0    0   53   62   52    0    0    0   59   54   48    0   64   62   57    0    0    0    0    0    0   52   50    0   68    0   73    0    0    0    0    0   65   60   66   73   68    0   51   61    0    0    0    0   64   57   72    0   71   69    0    0    0    0   49    0   65    0   63   58   69    0    0   70    0   59  
   0   49    0   70   71    0    0    0    0   53   74    0   56    0   64   62    0   50    0    0    0   66    0   51    0   52   55    0   61    0    0    0   49   57    0   67   65   56    0   73    0    0   72   59    0    0   69   54    0    0   60    0   58    0   56    0    0    0   62    0   51   75   54   56   66    0    0    0   64   48   63   68    0   68    0  
  70   69   57    0   68    0    0   62    0    0    0   60    0   51    0    0   52    0   63    0   53   73    0    0    0    0    0    0    0    0   55   58   59    0    0   49    0   64   53    0    0   58   70   74   71    0    0    0   70    0   75   67    0   68   54   48   53    0   51   62    0   56    0   65   53    0   72   50   68    0    0    0    0   66   61  
  51    0    0   55    0   50    0   70   56   50   75   66    0    0    0   59    0   74    0   52    0   53    0    0   73   58   57   52   62   59   67    0    0   63    0   72    0   68   61    0    0    0    0   54   62    0    0    0    0   49   48   48    0    0   64   71    0   55    0    0    0   69   71   71    0    0    0   65    0   62    0    0    0   60   73  
  58    0   59    0    0   48   61   53    0    0    0    0   60   54    0    0   71    0    0   51    0   55    0    0   62   64    0    0    0   72   52   62   73    0   64    0   71    0    0    0    0   69    0   67   70   56   74   57   65   51    0    0    0   68    0    0    0   63    0   67   75    0   66   49    0    0    0   50    0    0   55   71   49   66   52  
   0   61   57   48    0   49   60    0   55    0   63    0    0   72    0    0   55    0    0    0   51   62   72   73   60   67    0   50   50   56   64    0   52    0   58   51   68   74   66    0   70    0   71    0    0   69    0    0    0   54   50    0   75    0    0    0    0    0    0   53   59    0    0    0    0   58   58   67   72    0   65    0    0    0    0  
  56    0   54   60   48   74   53   61   57   73    0   67    0   55   71    0    0    0   63   49    0    0    0    0   65    0   50    0   51   60    0    0    0   74   64   60   69   69    0   58    0    0   60   70    0    0   75    0   70    0    0   54   52   75    0   72   72    0   62   59    0    0    0    0    0    0    0   66    0    0    0   66    0   68    0  
   0    0    0    0    0    0   65   75   64   48   67    0   71   58    0   59   74    0   52    0   62    0   73   74    0   58   69    0   61   53    0    0    0   72   57   63    0   54    0    0    0    0   70   58    0   55    0    0   68    0   49    0    0   63    0   66    0   60   51   73    0    0   74   58    0    0   67   74    0    0   56    0   50    0   62  
  55    0   51    0    0   56    0   52   66   52    0   65    0   67   50   68   53    0   63    0   50    0    0    0    0   61    0    0    0   54   69    0   62    0   58   49    0   75    0   51   60    0   62   64   73   59   51   72    0    0    0   57    0   50    0   70    0    0    0   74    0    0    0   71    0   64    0    0    0   48   60   57    0    0   64  
  67   54    0    0    0    0    0    0   58    0   72   69    0   65   49   48   74    0   52   56    0   58   55   68   54    0    0    0    0    0   62    0    0    0    0    0    0   64   63    0   57   56   72    0    0   70   73   50    0    0   71   53   51    0    0    0   60   75    0   58    0   61   66   54   55    0    0   61    0    0   72   59   73    0    0  
   0   67    0   53   72   66   60    0   67    0    0    0    0   73    0    0    0    0   52   74    0    0   49    0    0    0    0    0   57   65   59    0    0   55    0   59   75   51   55   62    0   64   71    0    0   70    0    0   54   72   63    0   67    0   70   61   70   50   54    0    0   73   69   56    0    0    0   68   48   58    0    0    0    0   54  
  70   64   71   75    0   67    0    0    0    0    0   70   55   75    0   67   68   75   63    0   51   73   57   59   54    0    0   65    0    0   56   69   52   74   61    0    0    0   72    0    0   65    0   72    0   50   67    0    0   66    0    0    0   66    0    0   67   62    0    0   53    0    0   49   60    0    0   67    0    0   48    0    0    0   58  
   0   71    0    0   64    0   68    0    0    0   64   55   51    0   55    0    0    0    0   50    0   56    0    0    0   59    0    0    0   63   56    0    0    0    0   60    0   57   75    0    0    0    0   74   69   61   54    0   56   72   58   66   50   52   48    0   65   53    0   70    0   48    0   48   69   66    0   49   67   56   62    0   73    0    0  
  63   67   63    0   65    0    0   54    0    0    0    0    0   50    0    0    0   49   56   73    0    0   51   75   48   67   57    0   68    0   70   61    0   55    0    0   72    0   64   50    0   62   57    0    0    0    0   62   74    0   60    0    0   73   59    0   69   71   66   52    0   61    0   64   56   59   58    0    0    0    0    0    0    0   53  
  75   52   61    0   57    0   48    0    0    0    0   55    0    0    0    0   68    0   73   48    0    0   53    0    0   68    0    0    0   72   74    0    0   69    0    0    0   68    0    0   63    0   51   74   64    0   51   65    0   58   59    0    0   67   50   70   62    0   51   71    0    0   63   49    0   51   52   54    0   66   56   63    0   60    0  
  51    0   74   59   72    0    0    0    0    0   67   64    0   54    0    0    0   55    0   50   63    0   66   68    0    0    0   56    0    0   65   48    0   53   71   60    0   70    0   53    0   74    0    0    0   49    0   69   53    0    0    0   58   56   50    0    0    0   52   60    0   73    0   64   51   49   61    0    0   62    0   57    0   75   61  
   0   70    0    0    0   67   69   54    0   53    0    0   75   58   52   73    0   50    0   48   50    0    0    0    0   60    0   61    0   60    0   71   72   54   49    0   69   60   62    0    0   55    0   66   56   71    0    0   59   50    0   49    0    0    0   69    0    0   53   51    0    0   68    0   63    0    0    0   74   64    0   65   57    0    0  
  74   57    0   49    0    0    0   63   57    0    0    0    0   70   73    0    0    0   50   53    0   52   66    0    0    0    0   57   54   75   55   57    0    0    0   60   68   67   65   53   74   71   62    0   58   56    0    0    0   53    0   59    0    0    0    0    0   63    0    0   48    0   75    0   48   51   69    0   61   72    0    0   49   64    0  
  62   59    0    0   66   53    0   60   48    0   69    0    0    0   52    0   51   58   59   59    0   55   59    0    0    0   63    0   59    0   72   64    0    0    0    0    0   56   71   57   65    0    0    0   59   60   73    0   61   49    0    0    0    0    0    0    0   56    0   50    0    0   67    0    0   70   54   75    0    0   65   74   68   59   64  
  75   53   74    0    0   60    0    0    0    0   58    0    0    0   73    0   71    0   66    0    0   57   48   64   70    0   49   53   59   51   49    0    0    0    0   55    0    0    0    0   69   56   55    0   57    0    0   63   70   50    0    0   54    0   62   49    0   65    0   72    0    0   67    0   53   61    0    0    0   68   69   59    0   52   70  
  50   69   75   66    0    0   50   58    0    0    0    0   49    0    0    0    0    0    0    0    0    0    0   59    0    0    0   48   75   61   68   59   59   51   55   62   73   74    0    0   65   57   63    0    0   65    0    0    0   54    0   50   55    0    0    0   64    0   75   71    0   63   56    0   70    0    0    0   60   62   52   72   67    0   53  
   0    0   52   53    0    0   59   62   49    0   66   65    0    0   67   67   52    0    0   52    0    0   73    0   50   52    0   49   75    0   58    0   72   73   56    0    0    0   63   60    0    0   75    0    0   68   48    0    0    0   58    0   51    0    0    0   69   70   74   64   55   70    0   54    0    0    0   66   71   57   61    0    0    0    0  
   0   56   52   54   66    0   70    0    0    0    0    0   60    0    0   49    0   72   71   59    0   63   69   58   69   55   70    0   68    0    0   50    0   57   62    0    0    0    0   67   63    0   64    0   61   75   73    0   49   70    0   51   68   61   58    0    0   48    0    0    0   48    0    0    0    0    0   65    0    0    0   53   63    0   74  
   0   64    0    0    0   48   60    0    0   67    0   72    0   49   64   61    0    0   63    0    0   65    0    0   71   68    0   59   56    0   66   68    0    0   75    0    0   58   71   67    0   67    0    0   73   62    0    0   69   74   52   52    0   51    0    0   70   75   53    0    0   54    0   64    0   55   71    0    0   71    0    0   57   50    0  
   0    0    0   57   67    0    0   61   63   72    0   73   74   50    0   64   48   66    0   49    0    0    0    0   65    0    0   75    0    0   51   65    0   61   50    0   68   59    0   56    0   58   60    0   68    0    0   68   52   55   68    0   54    0    0    0   56    0    0   75    0   48   71    0    0    0    0   62   70   53    0    0    0   75   69  
  67   66   60    0    0    0    0   61    0   51    0    0    0    0   70    0   52    0   64   52   72    0   53    0    0   62    0   56   58    0   51   69    0    0    0    0    0    0    0    0    0    0   67   67    0   74    0   75   50    0   54    0   65    0    0   75    0   57   68   55   63   49    0    0    0   71   48    0   52   51   55   73   59   60   51  
  63    0   59   65    0   55    0   51    0   75   57   67   66   71   48   71    0    0   57    0    0    0   61    0    0   54   54   74    0   50    0   71    0   53    0   75   64    0    0    0    0   68   72    0    0   52    0    0    0   58   62   69    0    0   49    0    0   74   74   70    0   73   56    0   71    0   60   66    0   48    0    0    0    0    0  
  51   60   65    0   64   53    0   72    0   71   67    0    0   65   62    0    0   74    0   69    0    0   68    0   59    0   52    0    0    0   55    0    0   67    0    0   67    0    0   71   73   48   75   69    0   65   70   66    0   61    0    0   49   56    0   54    0   58    0   63    0   50   57   50    0    0   57    0    0    0   54   60    0    0    0  
  59   49    0    0    0    0   72    0   70   52    0   61   60    0    0    0   67    0    0   61    0    0    0    0   55    0   71   48    0   50   71   62   52    0    0    0   73   54    0   70   75    0   61   68   56   74   71   65   63   59   53   64    0    0   69   57    0   70    0   66    0   66    0    0    0    0    0    0   51    0    0    0   71    0   58  
   0   50   65   71   55   49   72   74    0    0    0    0   56    0   51   53   75   55   59    0   69   60    0   62   51    0    0    0   70    0   48   71    0   52    0    0    0   68    0    0    0    0   66   57   54   59   58    0    0   48    0    0    0    0    0    0    0   73   61   53    0   63   53    0   64   65    0   62    0    0    0   70   67    0    0  
   0   59    0    0   64   60   51   54   70   60    0   58    0   55   67    0   65   73    0    0    0   51    0   70   53    0    0    0    0    0   52   61   75   70    0    0   59   55   49    0   73   56    0    0    0    0    0   66    0    0    0   57   69   48    0    0    0   72    0   50    0    0   63   68   62   70    0   68   74   71    0    0   56    0    0  
   0    0   55   65    0   61    0   59    0    0    0   74   58   64   59    0    0   57   57   65    0    0    0   72   68    0    0    0    0   51   52    0   59   67    0   59    0   65   56    0   64    0   53    0   62   48   70   71   66   69    0   54    0    0   65   68    0    0   63    0    0   50    0    0    0    0   73    0    0   72   60    0    0   49   75  
  75    0   74    0    0    0    0   73    0    0   68    0   71    0   57   50   51   64    0    0   70   65    0   48    0    0    0   55   72   62    0    0   61    0   58    0    0   54   73    0    0   56   70   67   59    0   51   52    0    0    0    0   65   60    0   66    0    0   51   70    0   49    0   62   53   51   75   69    0    0    0    0   57    0   63  
   0   54    0   55    0    0    0    0    0   73   53   50   72   61   70    0    0    0    0    0   68    0   64   57    0   51   49   62   56    0   52   67    0   73   75   60    0    0   71    0   72    0   61    0   58    0    0   73    0    0   71   65   48   49    0    0    0   59   72    0    0   74    0   75    0    0   65    0   58    0   63   66   69    0    0  
   0   66    0   63    0    0   74    0   75   51    0   54   50   69    0    0   61    0    0   48    0   74   69    0    0   60   59    0   71    0    0   55   62   66   48    0   61    0   70    0   68   59    0   73   49   64    0    0   65   69    0    0   72    0   55    0    0    0    0    0   56   53    0    0   57    0    0   61    0   56   67   58    0    0   52  
   0   64    0   51    0   56    0    0   65    0   62    0    0   57   54   75    0    0    0   53   55    0   71   69    0    0    0    0    0    0    0   72    0    0    0   72    0    0   73   56    0    0    0   74   58    0   48   71    0   65   64   67   71   71   61    0   67   66    0    0    0   49   63    0   68   52   60   59   50    0    0   64   70   52    0  
  59   63    0    0    0   51   70    0    0    0   53    0    0   52    0   69   73   68    0    0    0   50   63    0    0   64   70   72    0    0    0   49   58   66   68    0   55   71    0   65    0    0   75   57    0    0    0   54    0   72    0    0    0    0   67    0   48   61    0    0   52    0   60   56   55    0    0    0   49    0   62   74   65   63   51  
  73    0    0    0    0   62   63    0    0   63   51    0   67    0    0   75   71    0    0   68   59    0    0    0   51   66    0   74   71    0   54   55    0   73    0   70   57   67    0   71   53   52   72    0    0    0    0    0    0   68   61    0   48    0    0   64   56    0   71   53   64   60   65    0   49    0    0   69    0    0    0   58    0   50    0  
   0   59    0   52    0   63   72    0   66    0   75   48    0   68    0   55    0    0   48    0    0    0   57   70    0   69   73    0    0   67    0    0    0    0    0   61   69   51   50   69    0   65    0    0    0   57   60   49   68   62   70    0    0    0   48    0   58    0    0   54   71    0   53    0    0   56   64   73    0   74    0   65    0   65    0  
   0    0   58    0   60   63   50    0   73    0    0    0    0   62   64   62    0    0    0    0   59    0   59    0   48   56    0   57   55    0   67    0   75   52   53    0    0    0   49    0   61    0   70   65    0   66    0   54   71   69    0    0    0   63    0   55    0    0    0    0    0   48    0   48   68   72   62   63   52   74   60    0    0   51    0  
   0    0    0    0    0   67    0   60   68   57    0   62    0    0   56   69    0   48   63    0   50   58    0    0   65    0    0   51    0   61    0    0    0   69   53    0    0   71    0   71   73   75    0   74    0   66   70   75    0   75    0   55   69    0   54    0   48    0   60   66   50    0    0   49    0    0   59    0    0    0   72   64    0   52   62  
  69    0   67    0    0    0    0   63   60   62    0    0    0   74    0   63    0    0    0    0    0   52   63   57    0   49   66   68   55    0   71    0   54   60   73   51    0    0    0    0    0   72   75    0   58    0    0    0    0    0   70    0   56   48   73    0    0   72   65   53    0    0   50    0   52   55   61   59   63   75   64    0    0    0   49  
   0    0   52    0   61   68    0    0    0   67   71    0    0   65    0    0   69    0    0   73   61   68   59    0   53    0    0   72   48    0    0    0   63    0    0   60   58   68   50   55    0   60   54    0    0    0   55    0    0    0   49   75    0   62    0   70    0   52   64   61    0   57   74   66    0   69   56    0   57    0    0    0    0   51   66  
  60   51    0    0   54    0   74   56   67    0    0   65    0   73    0    0   48    0    0    0    0   58    0   55   59    0   60    0    0    0    0    0   65   72   53   68    0   61   54    0   55    0   64   63    0    0    0   69   74   55    0   70   51   66    0    0    0    0    0   55   50    0   57    0    0    0    0   75   49    0   62   48   71   52   66  
   0    0   71   66    0   54   69   59    0    0   52    0    0    0   68    0    0   64   67   54   61    0   75   55    0   63    0    0    0   58    0    0    0    0   49   53    0   72   60    0    0    0   58   50    0   50   75   59    0   70   51   50   74   73    0    0   56    0    0    0   51    0    0   62    0    0   48   72   65   57    0    0   66    0   50  
  58    0    0    0   67    0    0    0    0    0    0    0   49   71   61   55    0   68    0   50    0   65   56    0   75   62   75   68   72    0    0   58   49    0    0   57   73   48   53    0    0   75   75    0   51   59    0   64   54   70    0   65   62    0    0    0   49   52   74    0    0    0    0   69    0    0   63    0   66   60    0   59    0    0    0  
   0   61   48   57    0    0    0    0   51   62    0   64    0    0   62   68   75    0   52    0   67   74   64   55   59    0   64    0   49   62   58    0    0    0   53   53   71    0   63    0    0    0    0   69    0   65    0   54    0   56    0    0    0   50    0   72    0   69   53    0   72    0    0   73    0    0   60   48   70    0    0    0   61    0   66  
  68   70    0    0   68   67   72    0   68    0   63    0   54   75    0   56    0   52    0   71   58    0    0   69   58   68    0    0    0   60    0    0    0    0    0    0   50   48   57   49   65    0    0    0   69    0    0   68    0    0   61    0    0   51   66    0   59   74    0    0   53   75   73   64    0   55    0    0   62    0   74    0   50   62    0  
  74   54   64   49    0   63    0    0    0    0    0    0    0    0    0    0    0   54    0   75   48    0   62    0   67    0    0   59   50    0    0    0    0    0    0    0   52    0   68   69   64    0   65   70    0   61   49   60   51    0   68    0   68   71    0    0   73   49    0   56    0    0   63   72   56    0   55    0    0   58   73   53   70   57   66  
   0   74    0   64   50   71   51    0   62   53   55   71    0   55   63    0   59   53    0    0   54   56    0   62    0   73    0    0    0    0    0    0   62    0   49   67    0   58    0    0   64   65   52    0    0   75   72   55   48    0   53   60   68    0    0    0    0    0   69    0   61   71    0   66    0   70    0    0    0    0    0    0   57    0   66  
  49   51   72   54   68    0    0    0   61   70    0   52   55   61   63   70   71   64   48    0    0    0   75   59   72    0    0    0   65   73   60    0    0   61    0    0    0    0    0    0    0   68    0   67    0   59    0   56    0   53   73   49    0    0   74    0    0    0    0    0    0    0    0   58   52   69   64    0    0   62   57    0    0   66   50  
   0   68   73   48    0   65    0    0   74   63    0   55    0   64   72    0    0    0    0   58    0    0    0   54   57    0   64    0    0    0    0    0    0   69   59   49    0   56    0   50   53   55    0   61    0   71   70   64    0   67   60   49    0   60   52   50    0   62    0    0    0   71    0   53    0   49   66   51    0   52   75    0    0    0    0  
   0   55   59   66   72    0   63   53    0    0    0    0    0   66    0   51    0   60    0    0    0    0   50    0   53    0    0    0   66   72   71   69    0    0    0    0   68   71    0    0   58    0    0   54    0    0    0   73   72    0   70   67   74   48   75    0   48   69   61    0   64    0   57   70    0   62   65   75    0    0   52    0   49    0   56  
  73   60    0    0    0   75    0   71   61    0   67    0    0   65   71    0   55    0   70   75   58   59    0    0    0   70    0    0   66   66    0    0   55   63   49   67   74    0   68    0   68    0   52    0    0   51    0   53    0   62    0    0    0   55   50   59    0   64   57    0   69    0   63   72   54   48    0   56    0    0    0    0    0    0    0  
  63   51   55   70   62   48    0    0    0   65    0   65   56    0   59    0   68   72    0    0    0   52    0   53   51   73   55    0   71    0    0    0    0    0    0   59   54    0   49    0   67    0   66    0    0    0   55    0    0   64   69   57    0   50    0   60    0    0   65   55    0    0   65    0    0    0   65   61    0   75    0   58   57    0   74  
   0    0   75   72   74   59    0   51   52   66    0   50   60    0    0   48    0   60    0    0    0    0    0    0   69    0   63   74   70   58   59    0   71    0    0    0   61   57   49   74   53    0    0   68    0    0   64   59    0    0    0   54    0   67   49    0    0    0   54    0    0    0   60   65    0   64    0    0   62    0   73   55   56    0   62  
  66   72    0   63    0   62    0   73    0    0   61   57   65    0   61    0    0    0   59   71   68    0    0   60    0    0    0    0    0    0    0   67   74   64    0    0   55   58    0    0   74   51    0    0    0    0    0   65    0    0   49    0    0   57    0   54   59    0    0    0    0   70   59    0   69   56   63   75   53   52   74   60   50   75   48  
  53    0   52   73    0   59    0    0   55    0   64    0   62    0    0    0    0   63   60    0   61    0    0   65    0   54   69    0    0   62    0    0    0    0    0    0   49   57    0   72    0   53    0   59   71   48   60    0    0   60   55   51    0   67    0   50   66   62   70    0   72   74    0    0   58    0   75    0   73   56    0    0   73    0   68  
  68   52   70   49   71   60   55    0    0   51    0   48   65   73    0   69    0   49   64    0    0   48   54    0   73    0    0   49   50   61   59   75    0    0    0    0    0   62    0   67    0   49    0    0    0    0   63   49    0    0    0    0   65   57    0    0    0   53    0    0   58    0    0   66   73    0   74    0    0    0   75   56    0   73   72  
   0    0   58   50    0    0   49    0   75    0    0   71    0   67    0   51   72    0   48    0   51   56    0   64   48    0    0    0    0   70    0    0    0   59    0    0   48    0   65   57   62   54    0    0    0   56    0    0    0   55    0    0    0    0   66   54    0   51   60   68    0    0   59   69   73   75   74   63   72   49    0   53   52    0   61  
  68    0   70    0   67    0    0   63    0   54   53    0   60    0   65    0    0    0   64   58    0    0   60    0   67   73   59    0   51    0    0   49   56    0   57   62   66   52   48   55   69   72   52    0    0    0   74   66    0    0    0   55    0    0   70    0    0   75   48   48    0    0   50   63   71    0    0   61    0    0    0    0    0    0   63  
   0   65   73    0    0   70    0    0   56   53    0   71   66   74   64   48   48   63    0    0    0   69   66    0    0   58   59    0   62    0   75    0   52   50    0    0   55   75   67   62    0    0    0   57   62   51    0   60    0   54    0    0   63    0    0    0   56   56    0    0    0   61   72    0    0   63    0    0   69   68    0    0    0    0   49  
   0   58   49   68   59   52    0   54    0    0   51    0   66    0    0    0    0    0   62   72   56   60   71   65   68    0   74    0    0    0   68    0    0    0    0   57    0   67   50    0    0   70   55    0    0   61    0    0   62   63    0   53   64    0   75    0    0   48    0    0   72   50   62    0   68    0   73   68   69   53    0    0    0    0   72  
  69   75   62    0   67   62    0    0    0    0    0   54    0    0    0   74   63    0   72    0    0   49    0    0   58    0   61   56    0    0    0   70   71   56   55    0    0   64   70   57    0    0   57   66   68   57    0   59   73   65   51    0   72    0   48    0    0    0   48   50    0   60    0   68   53    0    0   52    0    0   53    0    0   70    0  
  69   52   72    0    0    0   54    0    0    0   54   63   60   49    0   74   67    0    0    0   66   61   58    0    0    0    0   50   63    0   51    0    0    0   65   59   48    0   61   60   57    0   68   73   58   51    0   75    0   53    0   62   62    0    0    0    0   56   70   61   71    0    0   62    0    0    0   64    0   52    0    0    0    0   55  
   0    0    0    0   61   54    0   60   69   67    0   58    0    0    0   74   52   69    0    0    0    0    0    0    0   65   49   48   72    0   66   55   64    0   74   75   50    0    0   74    0   63   61   59   49    0   62    0   65    0   61   56   53   57    0    0    0   73   70    0    0   61    0   51    0   61    0   71    0   50    0    0    0   68    0  
   0   68   60   55   70   50   71    0   66    0   61    0    0   70    0    0   51   66   52   63    0    0    0    0    0    0   71   64   73    0    0    0   75    0   58    0   54    0    0   69   67   74   56   66   59   51    0    0    0   53    0   72   49   65    0    0    0   62    0   57    0    0   60    0    0    0    0    0    0   55    0   57   70   48   59  
   0   73   56   58   60    0    0    0   57    0   48   59    0   75   56    0   60   56    0   53    0   68    0   49    0    0    0    0    0    0    0   61    0   48    0   55   63    0    0   67   72   52   57   74   64   71    0    0    0   66   62    0   51   51    0    0   50    0   65   73    0    0   54   64    0    0    0   48   57    0    0   69   70    0    0  
   0   48   72   60    0   74   49   51    0   75   55   70   60    0    0    0    0   56    0   67    0   50    0   65   50    0    0   57    0   55    0    0   61    0    0    0   64   62    0   69    0    0    0   66   59   48   54   68   48    0    0   61    0   49    0    0   63   71    0    0   53    0   66    0    0    0    0   70    0    0   48   58   73   52    0  
  64    0   66   62    0    0   63    0    0   75    0   57   59    0    0    0   65    0    0    0    0   55    0    0    0    0   51   70   73   73   56   57   61   48   57   49   58    0    0   74   52   53   52   54   72    0    0    0    0   70    0    0    0    0   60    0    0   68    0    0   67    0   75   48   48    0   69   50    0   71   66    0    0   58    0  
  62   74   54    0    0    0    0    0   57   66   63    0   65   50   56   72   53   60   49    0    0   74   66    0   55    0    0    0    0    0   58    0   73   70   54    0    0    0   66    0   67   51   61    0   62    0    0   71   72   58    0    0   68   59   75    0    0    0    0    0    0    0    0   70   72    0   48    0   52    0   69    0    0   64   49  
   0   67    0    0   61   68   60   52   48   53   51    0    0    0   48    0   58    0    0    0    0    0    0   70   71    0    0   59   75    0   64    0   74   56    0   62   63   68    0    0    0   54    0   73    0   57   54   71    0   55    0    0    0    0   69   65   49   68    0    0   66   50   48   66   73   51    0    0    0    0    0   68    0   72    0  
   0   61    0   75   63   57   52    0    0    0   56   51    0    0    0   58   64   58   72    0    0    0    0    0   49    0   55    0   62   67   73   48   60    0    0   71    0   51    0   66    0    0    0   56    0    0    0    0   50   65    0    0    0    0   64    0   69   59   54   53   74   59    0    0   70    0   68   67   52    0    0   64   73   48    0  
  72   61    0    0    0    0    0   68   52    0   56   65    0   58    0   70    0   64    0   64    0   72    0    0   65   65   61    0    0    0   71    0   67   57   49    0    0    0   48    0   57   73   55   65   60    0    0   51   54    0    0    0   69    0    0   65    0   63    0   66    0    0   75    0   59   62    0   50   63    0   53    0    0   74   63  
   0   49    0   74   56   57   73    0    0   71   67   52   53    0    0    0   59   60    0    0    0    0    0    0   67    0   51   63   54    0   72   66   55    0    0   50    0   48    0    0    0   75    0    0    0    0   64   69    0    0   61    0   49    0   73    0   71   68    0    0    0   55   66    0   63    0   70   62   58   70   65    0   70   71    0  
  57    0    0   48   50    0   64   68    0    0    0   75   56   66   59   52   74   54   58    0   61    0    0   53    0    0    0   55   74   53    0    0   51   71    0   69    0   54    0    0    0   73   63    0    0    0    0    0    0   72    0   60    0   72   65    0   62   69   70    0   68    0    0    0   69    0   49   63    0    0    0   67   50   62    0  
  53    0   72    0   56    0    0   52    0    0    0   68   68   48    0    0   74    0   73   75   49    0    0    0   69    0   58   51   63   62   49   64    0    0    0   63   60    0   53    0   63   71    0    0   67   57   64   61   68    0   59    0    0   65    0   55    0   57   50    0    0    0   66   48   54    0    0    0   70    0    0   67    0    0    0  
   0   63   48    0   49   72   61    0   49    0    0   56   71    0    0   51   75   53   69   60   62   55   73    0    0   65    0   75    0   50   70   73   56    0    0    0   52    0    0   58    0   73    0    0    0    0    0   74   57    0    0    0    0    0   67   71    0    0    0   66   64   51   62    0    0   52   59    0    0   54    0    0    0   71   68  
  52   75   61   58   67   74    0    0    0   59    0    0    0    0    0   63    0    0   73    0   53    0   60   56    0   55    0   66    0    0   68    0    0   69    0   57   72   61    0   51    0    0    0   50    0    0   54   50   54   65   59   55    0   70    0    0   71    0    0   62   48    0   66    0   62   64   69    0    0    0    0   49   55   60    0  
  64    0   51   56   48   53    0   52    0   58    0   61   60    0   74    0    0    0   57    0   75   56    0    0   49   71    0   75    0   65    0    0   75    0    0    0   66   72   75    0    0   54    0    0    0   62   63   60    0   69    0    0    0    0   73    0   73   68    0   73    0    0   74   55   61    0   67   59    0   52   50    0    0   70    0  
  59    0    0    0   56    0   68   57   50    0    0    0   48   63   63   61   50   71    0    0   67   59   65    0    0   60    0   73    0    0    0    0    0   66   48    0   63    0   70    0   62   49   75    0   53    0   60   55    0   58    0   74    0   74    0   64    0   72    0    0    0   54   66   70    0    0   69    0   52    0    0    0   50   51    0  
  73   55   64    0   61   68   66   72    0    0   65    0    0    0   58   59   58   67   61   49   75   69    0   55   61    0   74   67    0    0    0   51    0   70    0    0    0    0    0    0   55    0    0   57    0   53    0    0    0   71   62    0   48    0    0   60    0    0    0   48    0   63   52   50    0    0    0   55    0   66    0   54   56    0   48  
   0    0    0    0   50    0   53    0    0   59    0   48   61   59    0   73   60   70    0   67    0   66   55   59    0    0    0    0    0   65   71    0    0   52   53    0    0   68   49   74   72    0    0   65   58   60   63   54   57   56    0   56   64   75    0    0    0   51    0    0   73    0    0   61   56    0    0   63   69   62    0    0    0    0    0  
  60   54    0   58   75   60   56    0   59    0   66   68    0    0    0    0    0   73   69   65   50   70    0    0   75   49   54   64   72   53   67    0   55    0    0    0   52    0    0   74   48    0   63    0    0   48    0   71   61    0   57    0    0    0   72   68    0    0    0   71    0    0    0    0    0    0   66    0   62   51   61    0    0   66    0  
  68   52    0   48   61    0    0   68    0   65   64   60   71   50    0    0    0    0    0   62    0   51   74    0   61   71   69    0   55   55    0    0    0    0   54    0    0    0   75    0   58   56   53    0    0   62    0   61   52   73    0   63    0   59   55    0    0    0   50    0   72   57    0    0    0    0   70    0   66    0   67   49   69    0    0  
  53   69    0    0   75    0    0    0    0    0    0   73    0    0    0   53    0   48    0   73   50   75    0   74   59   49    0   60   51   67    0    0    0   55    0   65    0   62   61   73   63    0   58   64   61   68    0    0   70    0    0   52    0    0    0    0    0   57    0   72    0    0   61   66    0    0   54    0   72   68   65   56    0   71   62  
  62   66   65    0    0   74    0    0   53   62    0    0   64   51   75    0   75   61    0    0    0   62   54   73    0   60    0    0    0   71    0    0    0    0    0   67    0    0    0    0    0    0   74    0    0   51   63    0   63    0   57   75   70    0    0   50    0   72   56    0   69   49   54    0   62   58   48    0   55    0   52   59   68    0   55  
  73    0    0    0    0    0    0    0    0    0    0   68   60    0   51   61   59   56    0   50    0    0   66    0   70    0    0   74   57    0   65    0    0    0   62   48   53    0   63    0   64   54   58   72   59   75   61    0   67   49    0   52   72   51    0   59    0   71    0    0   71    0   73   50    0    0    0   55    0   69   51    0    0   51    0  
   0    0    0    0   69    0    0    0    0   63   59   59    0    0   70   62   51    0   64   69   53    0   54   57    0   74   58   50   69    0   55    0   71   72   56    0   49    0    0    0    0    0    0    0   59    0   68   57   69   61    0    0    0   52   65    0   48   58    0   50    0   73    0    0   66    0   67   60    0    0    0   50   75    0   51  
   0    0    0    0   73    0    0    0    0   75   53   58    0    0   63    0   61   57   66   67   73    0   54    0   60   69    0    0   72   73    0   64    0    0   55    0    0   68   70   57    0   49    0    0   48   57    0    0   62    0   73   52    0   50   56   71    0    0   64    0    0    0   62    0   59   65   54    0   66    0   51    0    0   59   74  
  59    0   49    0   57    0    0    0   58    0   73   72   60    0   64    0   74   55    0   50    0    0    0   75    0    0   64   71    0    0   52    0    0   49   70    0    0   55   68    0    0    0    0   48   64   54   53   49    0    0   49    0   66   56    0   67   69   56    0    0   58    0   63   69    0    0   72    0   62    0   51   65    0   61    0  
  58   55   52    0    0   72    0    0   60   48    0    0    0   52    0   73    0    0   71    0    0   53   62    0    0    0   74   53   61   64    0    0   56   52    0   69    0   68    0   55    0    0    0   49    0   53    0    0    0    0   54    0   74   75   67   59   50   65   70   49   63   55    0    0   73   53   51    0   66    0    0    0    0   57    0  
   0   62   52    0   59   49    0   64    0    0    0   61    0   51   67    0   48    0   70    0    0    0   74   56    0   66    0   74    0   68    0   55   74   75   54   53   67    0   63    0    0    0   69   72   50    0   56   73   71   51    0   73   60    0    0    0   57    0    0   72   65    0   56    0   48    0    0   58    0    0    0   74    0    0    0  
  66   68   48    0    0   69   72    0    0    0    0    0    0    0   51   48    0   74   59    0   67   75    0    0   60   58    0    0   61    0   70    0   71   49   63   73   51    0    0   64   70    0    0   71   65   52    0   57   58    0    0   54    0   56   68   68    0   62    0   73    0    0   53    0   59    0    0    0    0   50    0    0   69   55    0  
  72    0   58    0    0    0    0   55   59    0    0   69    0   64   52   67   56    0    0    0   60   50    0    0   68   71   63   54   48   75   51   67   62    0    0    0   73    0   58    0    0    0    0   57    0   74   71    0   49   61    0   66    0   58    0    0    0    0    0    0   53    0    0   49   66   71   70   74   65    0    0   61   60    0    0  
   0   65    0    0    0   72   57   48   69   70    0   49    0   54    0    0   50   56    0   64    0   62    0    0   70    0    0   50    0   71   58   75   65    0   61    0   57    0    0    0   60    0    0   66    0    0    0    0   59   68    0    0    0   53   62    0    0   71   55   73    0    0    0   63   62   74    0   57   51   67   58   52    0    0   72  ] 
BUDGETS : [    2   11   12   13   14   15   16   20   20   23   27   29   31   31   32   35   35   35   35   36   37   37   39   39   40   42   42   42   43   46   48   50   51   53   55   55   56   59   59   60   60   63   65   65   66   68   69   70   75   75   79   85   87   89   89   92   94   94   95   99  100  102  104  109  116  119  121  121  127  129  134  136  141  144  145  147  150  151  152  155  156  156  157  158  160  160  160  163  164  164  166  172  172  174  177  178  180  184  188  190  194  195  197  199  200  204  206  206  207  207  209  209  215  215  219  220  221  221  221  222  230  233  235  237  240  240  242  246  247  250  256  263  265  265  269  269  270  272  277  284  286  288  288  293  293  294  295  296  296  298  ] 
