K : 50
I : 5
PREFERENCES : [    2    1    3    4    1  
   4    1    3    1    2  
   2    1    3    3    4  
   1    3    4    3    2  
   2    1    4    2    3  
   3    4    3    2    1  
   3    2    2    4    1  
   2    1    3    3    4  
   3    2    4    3    1  
   4    1    3    2    4  
   2    1    2    3    4  
   4    3    4    2    1  
   3    1    4    2    1  
   3    2    4    1    2  
   2    4    3    3    1  
   3    4    2    1    3  
   1    3    4    2    1  
   4    2    1    4    3  
   2    3    4    4    1  
   4    1    2    3    3  
   1    1    4    2    3  
   3    4    2    3    1  
   3    3    2    1    4  
   4    2    1    2    3  
   1    2    3    1    4  
   2    4    3    2    1  
   4    4    3    1    2  
   3    1    3    2    4  
   4    2    1    1    3  
   2    3    3    1    4  
   2    4    2    3    1  
   4    3    1    1    2  
   3    1    3    2    4  
   4    2    1    3    4  
   2    1    3    3    4  
   2    1    4    3    2  
   3    4    4    1    2  
   4    3    3    1    2  
   3    2    1    4    4  
   3    4    4    2    1  
   2    3    1    3    4  
   4    2    3    4    1  
   1    2    4    2    3  
   3    4    3    1    2  
   3    2    1    4    4  
   4    1    2    3    3  
   3    4    1    1    2  
   1    3    2    4    2  
   1    2    4    2    3  
   1    3    2    4    4  ] 
BUDGETS : [    2    4    5    5    6    7   10   11   13   18   18   19   19   20   24   37   38   40   40   42   43   43   44   44   44   49   51   53   55   56   57   58   58   59   62   65   66   67   71   74   74   75   83   83   84   87   89   91   92   93  ] 
