K : 100
I : 50
PREFERENCES : [    7    0   16   19    6    8    1   17    0   11   13    0    0   12    0    0    0    0    4    0    0    0    0    0   22    0   18   21   10    0   15    2    0    5    0    9   14   12    0    0    0   11    0    0   19    0   20    0    0    3  
   0    0    0    1   22    5    0   20    2    7    8   12   11   17    3    0    0    0    0    0   14    0    0    0    0    0    7   16   19    0   10    0    0    6    0    0   13   13    0    0    4   18    9   15    0    0   21    0   19    0  
  15    1    8    0    0    0    0   11    0   19    0   11    0   21    0    0    0    4    0    0   10    0   12   12    0    2    1   20    0    0    0   16    0    0    5   14    0    7    9    0   17   22    0   13   18    0    0    0    3    6  
  21    0    8    0   13    0   16   22   12    0    0    0    0    4    0    0    7    2    0    0    3    0   18   10   19   20    0    0    6    9    0    0    0   11    0   12    0    3   15   14    0    0   17    0    5    0    0    0    1   16  
  11    6    0   15   14    0    0   22    0    8    7   21    0    0    0    0    0    0    7    0    0    0   19   17    3    0   12   11    0    0    0    0   16    2    0   18    0    0   20    1    0    9    5    0    7    0   10    0   13    4  
   0    6    0   22    7    8    0    1   19    0    5   18    0    0   20    0    0    4   10    2    0    0   17    0    0   14    0    0    0    0    9    9   13   15   21    3    0   13    9    0   12    0    0    0    0    0    0   11   16    0  
   5    0    0    0   21   22   22    0    3    0    0    0   11    0    1    0    8   20    0   18    0   10    0    0    0   16   13    8   15    0   17    2    0    9    4   12    0    0    7   19   20    0    0   14    0    0    0    6    0    0  
   0    0    1    0    0   13    0   19    4    5    0   15    0    1    8   22   16    0    0    0    0   20    7    0   20    0    0    0    9   13    0    0    0   11   10   21    0    0   18    3    2   17    0    0    0   14    0   12    0    6  
   6    0   19   14    0    0    0    1    7    0   21    0    7    0    0    0    0    0    8   16   13    0    0    9    0    0   15    5    2    4   17    0    0    3    0   18   13    0   22   10    0   11    0    0   11   20    0    0   12    0  
   0    0    0    0    9    0    0    0    0   19    8    0    0   14    2   15    0   20    1    0    0   18    0    0   11    0    2    0   17   13   16    0   21    0    0   10    0    3   12    0    5    0    4   16    0   22    4    0    7    6  
   0    2   12    3    3    0   13    0    8   15    0   11    5    0    0    9    0   21    1    7    0   20    0    0    0    0   14    7    0    0    0    0   18    4   16    0    0   22    0    6   17    0   19    0    0    0   22    0    0   10  
   0    0    0    0   13    0    5    0    0    0   17    0    2   12    0   10    0    0    0    0    0   20    7   19   15    0    3   16    0    7    0    9    0    0    4   11    6   17   14   14   22    0    1    0    0   18    0    0   21    8  
   0    2   20   22    0    0   10    0    0    0    0   12    0    0    0   17   15   16   14   18    0    5    0    0    0   14   19    0   21    8   13    0    0    0    7    8    1    6   11    0    6    0    9    4    0    0    0    0    3    0  
   0   11   18    0    0    0    0    0   12    0    7   12    0    0   19    0    8    1    0    0    0   12   21   16    5    0    0    0   13   15   17   22    0    0   20   17    0    9    0    3    2    0    0   10    4    0   14    0    6    0  
   0   15    4    5    8   10   21    9    0    0    0    3   11   15    0    6    0   13   18    0    0    0    7   20    0    0   22    0    0    0   19    0   17    0   16    2    0    0    0    0    0   15   12    0    0   17    1   14    0    0  
   0   18   15    5    0    0   22    0   10    0    0    0   16   17    0    7    0   10    0    9    0   21    0    0    1    0   13    0    9   12    0   11    0   20    4    2    0    0    0   14    3    0    0    0    0    0   19    6   15    8  
  19   18    0    0    7   10    0    3    2   16   20    2    0    0    0   15    1    0    0    0    0   21    0   15   22   14    0    0    0    0    0    6    0    0    0    9    8    5    0   11    4    0   13    0    6   17   12    0    0    0  
  20   14    0   13    0   18    2   12    0    0   18    3    0    0   15    5   17    0    0    3    0    0   10    0    0    6    9    0    0    7    0    0   19    0    0    7    0   16    0   22    0   21   11    4    0    0    1    0    8    0  
   0    0    0    9    2    0    0    5    0    0   20    0    0    3   12    1    0    0    0    0    0    0    8   17   14    0    4    6    0    0   15   18    0    0    0   16    0   19   13   10    0   22   11   17    0   21   18    7   14    0  
   0    0   12   15    0    4    0   11   20    0    0   14    0    5    9    0    0    6    2    8    0   17    7    0    0    0    0    3   13    0    0   21    0    0    2    1    0   18   19    0   11   10   16    0   22    0   12    0    0    0  
   9    0    5    0   10    0   19    6    0    0   13    0    0   22    0   11    0   21    1    0    0   16    0   18    2    8   17   15   14    4    0    9    3    0    0    0   12    0    0    7    9    0    0    0    0    9    0    0    0   20  
   0   20    0    0   16    3    8    0    0    0    0   15    5   18    4    0   11    0    0    0    0    0    0   21   17    9    6    0    1    0   22    0   13    0   12    0    0   14   10   17    0    0   19    0    2    7    6    0    0    6  
   0    0    5    6    3    0   12   16   21   17   14    0    0    0    0    0    0    0   10   11    0    0    9    1    0    5    0   18   15   22   19   13    0    0    0   21    0    0   20    0    4    2    0   19    0    0    7    8    0    0  
   5    0    0    0    6    0    8    0   12   10   22    0    0   13   17    0   21   20    0   16   19   20    7    0   11    9    3    0   18    0    0    0    0   15    0    0   14    4    0    0    0    0    0    0   10    3    2    0    0    1  
   0    0   22   15    7    0   21    0    0    3    0    0    0   11    1    0    1    4    2   17    0   10   13    0   20    0   19   14    0   19   12    9    0    0    0   18    8   22   16    0    0    0    5    0    0    6    0    0    0    0  
  22    7    0    2    0    0    0    0   16    0    0    0   21    3   12    0    0    0   11    0   18    0   13    0    0   10    0   20    4    0    8   19    9    0    0   15    0    6    1    5    0    0   16   17    0   14    0    0    7   17  
   0    0   14    0    3   18    0    0   20    0    6    0   16   22    0    0    0    0    0   13    0   11    0    0   12    0   15   16    1   14    0    0    7    9    0    0    0    2   19    0   21   10    5    0    4    8    3    0   17    0  
   0    0   21   15    7    4    8   22    9    0    0    0    0   10    0    0    0    0   14    0   20    0    0    0   18    0    0    3    0    2   17   11    0   12   19    0    5    1    6    0   13    0    8    0    0    0   19   16    5    0  
   4    0    0    4    4    0   22    0    0    2    6   19   11    0    0    0   10    0   21    1    0   14    9    0   20    0   18   15    0    7    5    3    0    0   13    0    8    0    0   16    0    0    0   17   12    0    0    0    0   13  
   3    0    4    0    0    0   16    0   18    0    0   13   19    8    0    0    9   17    0    0   10    0   22    0    0   20   16    1    6    4   21    0    1    0   12    0   15    0    0    7    5    0   14    2   11    0    0    0    0    0  
  11    0    1    3    2    5    0    6    0   18    0    0    0    4   22    7    0    0    0    0   16    0    2   17   13    0    0    0    0   21    0    8   15    0   14   10    0    0   12   18   19    0    0    0    9   11   20    0    0    0  
   0   10    0    0    0   19    0   11   15   12    0    7   17    0   21    0   18    3    0   14    0    0   16    0    0    0    0    0    0    0    6    8   21    1   10    2    5   20    9    0   13   16   22    0    4    0    0    0    0    0  
   0    0    0    0    0    3    0    0    0    0    0   17    6    0    3    9    0    0   12    2   19   14   16    5   11    0   21    4    0    0    8   22    0    0   15   20   18    0   13    0   15    1    0    0    7    0   15    0    0   10  
   6   13    0    0    8    3   12    9    7   19   22    5   15    1   11   19   17    0    0    0    0    0   18    0    0   14    0    7    0    0    0    0    0    0    4    0   21   16    0    0    0    0   20    0   14    0    2   10    0    0  
   0    0   13   12    6    0    0    0   14    8   13    0    0   16   15    0    0    0   19   18    0   17   20    5    0   10    0   21    0    2    6    0   22    4    0    0   11    0    7    6    0    0    3    0    0    1    9    0    0    0  
  20    0    0    0    2    0   20    0    0   13    0    0    8   14    0    0   17    0    3    1    0    0    0    0   10    0   12    0    9    0    0    0    6    0   22   18   20    0   19    4    0    0    7   11   18    0   16   15    5   21  
   0    0   22    0    0    3    0    0   10   11   20    2   11    0    7    0    5   19   20   17    0    0    0   14    0    0    0    0    0   15   18    0    0    0    8    1    4    0    0    6    0   13    0   12   16    0   21    9    0    4  
   0   12    0    0    0   13    5   20    8    0    0   10   17    1   19   18    2    3    0   11    0    0    0   22    0    0    4   15    6    0    0   19    0    0    9   15    0    0    7    0    0    0    0   22   16   21    0    0   14    0  
   0    0   10   20    0   19    0    0    7    1    0    0    0    0   17    0    0    0   21    0   16   14   16    0   18    5   11    0    4    0    9    8   22    0    0    0    0    6   12   11    0    2   15   13    0    0    0   13    0    3  
   0   19    6    5    0    0    0    8    0    0    0    0   17    0   21   18   22   14    5   13    0    0    4    0   16    0    0    7    0    0    0    0    2   15   11    1   10    3    0   20    0    0    0    9   12   16    0    0    0   20  
  22    0    0    0    0   20   21    0    0    0    2    7    1    0    0    0   13    0    5   19    0   10    0    0   16    0    0    0   18   12    0    0   11   14    3    6    4    0    0   17   13    0    0    8    0    9   15    0   14   13  
   0    0    7    0   21    0   15    0    0    0    9    0    0    1    0   19    2    0    4   22    0    6   17    0    8   12    0    0   16    0    0    0    0    3   17   10   19   18   14   20    0    0    7    0    5    0   11   13    0    0  
   0    0    0   14   20    0    5   18    0    6    4    0   21    2    0    0    0    0    0   12    0   15    0   16    3   19   14    1   22    7   10    0    0    0    0    0   13    4    0   11    1    0    0    9    0    8    0    0   17    0  
   0   14    4    6    0   18   19    1    5    0   20    0    0    0   10    0    9   16    0    0    3    0    0   13   21    0    0   20    8    0   13   22   15    0   17    7   11    0    0    0    2   14    0    0    0    0    0    0   12    0  
   0    0   18    0    0   16   18    0   20   14    0   15    0    5    0    0   19    0    3    0   11   21    0    0    0    4    7    0   16    1   13   12    8    0    0    9    0    0    6   22    0    9   10    0   17    0    2    0    0    0  
   0    0   14    7    0    0    0    0    7   20    0    4    0    0    0    0    0    8    0    4   21   13   11    3    0    0    0    5   18    0    0   22   17    0    1    0   15   10    6   19   16    0    0    0   12    0    2    9   22    0  
  14   19    6    0    0    0    0    0   14    0    0    3    0    6    0    0    7    0   16    1    0   20    0    8   12    0    2   13   10    0    0   11    0   22    0   18   15    0    5    9    0    0   17    4    0    0    0    0   14   21  
   0    0    0    6    0    0    0    0    0    7    1    2    0    5    0    0   16    0    9    8   13    0    0   21    8    0    0    0   18    0   19   12    0    0   12    0    0   11   20    0   22    3   17    0   10   14   15    4    1    0  
  19    0    0    0    0   13    7   21    0    0    4    9    0    0    0   17    6    0    5   19    0   18    0   14   10    3   15    0    0    0    0   20   11   16    0    8    0    2    0    0    1    4    0    0    0   10    0   22   12    0  
  10    0    0   17    0   21    0    0    2    0    0   22    0   11    0    0    0   12    7    0    0    0    0   21    4    9   13   14   20    6    1    0   16   18    0    3    0    0    0    0    0    8   22    0    0    0    5   15   19    5  
   1    0    7    0   12    0   10    0    0   15    5    0   12   14   20    0    0    0   17   22    9    0    0    0    0   18   19    0    0   22    0    0    0   11    0    4    2   20    0    6    3   16    0    0    0   21    0    0   13    8  
   0    4   14    5    0    0    0   16    1    3   19    0   18    0   20    0   17    7    0   11    0    0    9    0    8    0    0   22   21    0   15    2    0    0   20    0   12    0   16    0    0   10    0    0   16    0    6    0    0   13  
   0   19    0   12    3    0    0    0    0    0    0   13    0   16    0   18    0    2    9    0    4    0    0    0    0    8   20    7    4    5    0    0    0   10   11    0   21    0   17   22    4    6    0    0   15   20   14    0    0    1  
   0    0   21    7    0   16    0    0    0    3    0    0   14    0   14    6    0   18    0    0   10    9   22   15   13    0    0   20    2    0   20    0    0    5    1    0    0   11   13    0    0   19    0    0    4    8   12   17    0    0  
   0    9    0    7    0   17   12    0    0    0   14    0    6    0   15    0    0    2   10    0   16    1    0    3    8   18    0   19    0    0    0    5   20    5    0   21    0    4    0   13    0    0   12    0   11   22   22    0    0    0  
   0    0    0    0   19   13   19    9    0   21    0    0    0   20    6    3    0   15    0    0    8   22    1    0   11    0    0   17   22    0   16    0   10    5    0    0    0   14    4   12    0    0   18    2    0    0    7   13    0    0  
  22    0   10    1    0    0    0    0    2    0    0   21    0    0   16    0   13    4    5    0    3    0    5   17    6    7    0    8    9    4   12    0    0    2    0    0   18    0   20    0    0    0   19    0   14   11    0    0    0   15  
   1    6    0    2    0    0    0   16    0    0   21    0   20    5    0    0    1   12   18    0    0    7   10    0    0   17    0   20   19    0    8   14    0    0    9   11    4    0    0   15    0    0    0    0    3    0   17   13    0   22  
   0   13   14    0    0   12    0   13    0    0    3   19    0   11   15   15   22    0    4    0    8    0    0    0    9    7   20   17    0   16    0    2    0    0   10    0    0   18    0    6   20    0    0    0    0    5    0    1   21    0  
  10   19    5    2    0    0    1    0    0    0    8    0    0    0    2   22    0   12    0    0    0   21    6   16    4    0    7    0    0   15   20   21    0    3   17    0   11    0    0    0    0    9   13   14    0   18    2    0    0    0  
  16    3    6    0   19    0   12    0   18   10    0    0    1   13    0    0   20    9    0    0    0    0    0    0   17    0    2    0    0    1    2    7   21   17    5    0    8    4   11    0    0    0   22    0    0   14    0    0   15    0  
  11    0   17    0    4   12   15   20    5    0    0   21    0    0    1    0   18   22    2    0    0    0   19    0    0    9   17    0    3    0   10    0   13    0    0    0   10    7    0    0    4    6    0   16    0    0    8   14    0    0  
   0   15   10    8    9    6    0    0    0   20    3    0    0    0    0   13    2   17    0   11   17    0    0    0    0    0   18    5    0    0   12    0    0    0    7   16    0   21    0   19    0    4    0    0   22    0    2   14    1   14  
   0    0    0   18    0    9    0    7    5    0    1    0   13    0    0   10   10    0    8   11   19    2    0    0   10    0    4   14   21    0    6   15   12   20    0    0    0    3    0    0    0   16    0   21    0   17    0    0    0   22  
   0    5   10    0    1    6    0   22    0    0   18   17    0    0    3   14   13    2    6    0    0   15    0   19    0    0    0   16   11    0    9    7    0    0    0    0    0    0    4   21    0    0   20    0    8    9    6   12    0    0  
  20    5    6    0    0    0   22    3    4   18    0    6    0    0   19    0    0    0    9   12   15   11   10    0    0    0   13    8   16   12    1    0    6    0   17    0    0    0   21    0    0    2    7    0    0    0    0    0   14    0  
   0    0    0    0    0    8   11    0   10    0    0   12   13    0   20   14    0    0    0    0    2   21    0    0    0   17   21   19    0    1   16    7    0   22    0    1    0    6   18    5    0    3    9    0   16    0   15    0    0    4  
  15    0    0    0   16   12   20    0    7    0    0    0   10    0    0    0    2    0    0    0   19    0    9    1   17    0    0   18    3    5   21   13    0    0   21    0    4   14    0    0   17   22   14   11    0    6    0    0    0    8  
   9    0    0    0   13    0   18    0   19    0    0   11    0    7   15    0    0    0    0    4   14    0   17   20    0    3    0   21    7   12    6    0    7   10    0    0    0    0    1    0    5    0    2    0    8    0   16    0   22    7  
   0    0    0   19   13    0   17    4   18   11   16    6    0   19    1    0   14   15    0    0    0    0    0    9    0    0    0    7    8    3    2   12    2    0    0    0    0    0    0    0    5   20   21   22    0    0    0    0    7   10  
   8   21    7   15   22    0    0    0   16    9   20    0    0    0   13    5    0    0    9    1   11    0    0    0    7    0   17    0    0   14    0    3    0   18    0   19   12    0    0    0    0   10    4    2    0    6    0   20    0    0  
  11   15   12    0   14    0    0    0    1   21    8    0    0   18    9    0    7    0   10    0    0    7    3    2    0    4   12    0    0   19   16   17    0   15    5    0    0    0   22    0   20   13    0    0    0    0    0    0    0    6  
  20    0   14    1   19    0    0    0   15    0    0   12    0    0    0   19   19   11    0   18    0   10   21    5   12    7   22    0    0    9    0    0    6    8   17    0    2    0    3    0   16    0    0    4    0    0    0    0    0   13  
   0    0   12    8   18    0   16    2    0    0    0    0    0   13   15   20    0    6    7    1    0   11    0    0    1    0    0    9   21    0    0    0    0    5    0   14   19    4    3    0    0    0    0   22   14    0   17    1   10    0  
  12   14    0    7   15   22   21    2    0   17   19    0    3    0    0    0    4    0    6    0    6   13    0   16   20    8    5    0    0    0    0    0    9   10    0    1   18    0    0    0    0   19    0    0    0    0    0   11    0    4  
   0    0    0    0   15   14    3   19    0   14    0   10    0    0    0   22    5    1    0   21   15    6    0   13    8    0   12    0    0    0    0   20    2   17    4    0    0    0    0    0   16    7    9    0   18    0   11    0    1    0  
  11    0    0    1    0   16   17    0   19    0    0   14    0    0   22   21    0    6   19    0    8   12    0    0    0    0   13    0   10    0    9   16    0    4    2    0    0    3    3    0   20    7    0    5    0   18    0    0   15    0  
   0    0    0   10   17   13    0    2    0   13    0   12    3    1    0    0    4    0    0    0    0   16    5   11    9   22    0   14   21   15    0   20    0    0    0    8    0    0    6    0    2   19    0    0    2   18    0    7    0    0  
   0    0    0    0    3    0    1   18   15   19    8    0   22   10    0   20    4    0    0    0   11    0    6    0    0    7    9   17    0   15   16   13    0    0   19    0    2    0    0   15   21   12    5    0   14    0    0    0    0    0  
   0    0    0   16    5    9    0    4    0    0    0    0   17    2   11    3   22    0   10   15    0    0    0   18    0    0    1    0   20    0    7    0    0    0    0    0    0   19    0    1    8   12    2    8    0   13   14   21    0    6  
   0   20    1    0    0    5   22    9    0    0    0   16    0   14    3    0    2   12    0    0    0    7    4   22    0    0    0   10    0    0    0   19    7    0   18   21    0   11    0    0    6    8   22   13    0    0   15    0    0   17  
   1    0    2    5   19    0    0    0    0    0    8    7    6   11   13    0    0    5    0   15    9    2    0    4    0   22   18    0    0   16   14    0    0    0    0    5    0    0   12    0   17    0   10    0   21   20    0    0    0    3  
  17    4    0    5    1    0    9    0   21   10    2    0    0    0    0   13    5    0   14    0   19    0    0    0    0   15   12   22   18    3    0    0    8    7    0    0    0    0   11   16   20    0   21    0   13    0    0    6    0    0  
   0   14   13   22    0    7    0    0    4    6    9    0    1    0   15   20    0    0    0    0   13    0    8   18    4    0    3   21    0   19    0   17    0    0   16    0    2    0   10    0    0    1   11    0    5    0    0   12    0    0  
  14    0    0    0    0   11    0    5    4   21   18   15   13    0    0    7    9   22    0    0    0   19    0    0    8   10   20   12    0    0    1    0    6    0    0    0    0    0    2   16    3   17    9    7    0    0    0    0    0   14  
   0    0   20   15    0   14   19    0    9   15    8    0    0    0    0    0    7    0    0    0   10    5   13    0    0    6   21    0    7   17   12    3    4    2    0    0   11    0    0    0    0    0   16    0    1    6   22    0    0   18  
   9   13    2    0    0    4   17    0    0    8    0    0    0   21    0   10   15    0   18    7    4    0    3    7   22    5   19    6    0    0    0    0    0   14   12   16    1    0    0    0    0    0    0    0   11    0   11   20    0    0  
   0    9   14   22   17    0   15    0    5    0    0   10    0    0    0    0   11    0    0    0   11   21    1    0    0    3    0    0   19    6   13   20    0   18    2    8    0    2    0    0    7    0   16    4    0    0    0    4    0   12  
  22    5   20   13    0   14   10   12    0    0    0   16    1    0    0    0   11    0    6    0    4    0    9    0    0   15    0    8   21    0    0    3    0    0   17   20    0    0    0   18   14    0    7    0   19   10    0    0    0    2  
   3    0    0   18   21   10    4   15    0    0    0    0    0    0   16   22    9    0    0    0    0    0   14    0   19    8    0    0    6    0   12    5    0   11   10    0    0    0    0    2    9    6    7   13    0    1   20    0   17    0  
  20    9    2    0    9    0    8   22   15   18    0    6    0    3    0   17   13    5    0    4    0    0   10    0    0   14   21    0   12    0   19    0    0    0    0   11    9    0    1    0    0    0    0    0   16    7    0   13    0    0  
   0    0    0    0    8    6    0    0    0    0   15    0   19    0   10    0    0    7    2    3   20   17    0    9   21    1    4    0    0   14   14    0    1    2   12   16   22   11    0    0    0    0    5   18    0    0    0    0   13    0  
   0   12    0   10    5    8    0    0    0   19    0    0   18    5    9    0    0    2    3    0   15   20    0    1    7    0   11    0   17    0   21   22   13    0    6    0    0   14    0    0    1    0    0    0    0    1    0   16    0    4  
  12   19    0    0    0    4    0    0    0   21    0    0   13    0    0    0    1    0    0    0   20    0    6    8   14    0    3    0    0   18   13    0   15   13    5    0   11   17    9    0    0   16    7   14    0   22    0    0   10    2  
   0   21    0   18    0   20    0   14    4   12    0    9    0    0    0    0    0   10   21    0    6   15   12   22    0    1   19   16    3    0    5   11    0    8    0   17    0   18    0    7    2    0    0    0    0   13    0    0    0    0  
   6    0   11   22    0    4    3    0    0    8    0    4    0    0    0    2    0   12   16    7    9    0    0   13    0   17    0   20    0    0   21    0    0    0    8    8    0    0    0   10    0    5    0   19   14    0   15   18    0    1  
   0    0    1   20    0    0   22    0   21   11    0   10    0    2    0    3    9    4    0    6    0    8    5    2    0    0    0    0    0    0    0    0   13    7    0    9   15    0    0    0   14    0   16    0   20   12   18   17   19    0  
   0   15    0    0    3    2    0    0    0    0    0    0   13    0    8    5    0    0    9    0    6    0    0   11    4    5   10    0   20    0   12    0    0    5    0   17    0   14   19    0    0    0    7    1    0   18    1   16   22   21  
  22   15    0    0    0   19   11    0   20    0    7    3    0    0   18    9   10    4    0    0   14    0   13    0    0    0    8   17    0   10   12    0   16    0   17   21   15    6    0    0    0    0    0    5    1    0    2    0    0    0  
  13   18    0    0    0    0    0    1   11    0    0    3    0   16    0    0    8    0    0   22   17    8    0    0    4    0    6    0    5   12    2    0   10    0   21    5    7    0    0    0   12    0   15    0    0   14   20   19    9    0  ] 
BUDGETS : [    6    8   13   14   15   18   19   20   21   22   24   27   28   28   33   33   37   37   38   40   41   43   44   45   45   49   52   55   56   57   59   67   67   67   68   68   70   71   72   73   76   77   77   79   83   84   85   86   89   91   92   93   94   94   94   94   97   98   98   99  102  104  104  106  107  111  111  112  115  115  117  126  127  130  133  134  136  137  142  149  153  153  155  158  161  164  167  169  170  173  174  174  178  178  181  182  184  188  199  199  ] 
