K : 50
I : 50
PREFERENCES : [    1    0    0    0    0    0    0    0    0    0    0    0    4    3    0    0    5    0    0    0    0    0    1    0    0    0    5    0    0    0    0    0    0    0    0    0    0    2    0    3    1    0    0    0    0    0    0    0    4    0  
   0    0    1    0    2    0    0    0    0    0    0    0    5    0    0    0    0    0    0    0    0    0    0    0    0    0    0    0    5    0    3    0    2    0    0    0    0    0    0    0    2    0    0    0    0    0    2    4    2    0  
   2    0    0    0    0    0    3    4    0    0    0    0    5    0    4    0    0    0    0    0    0    0    0    0    0    0    0    0    4    0    0    0    0    0    0    0    0    5    0    0    0    0    1    0    0    3    4    0    0    0  
   0    0    0    0    0    0    0    0    0    0    0    0    1    0    0    0    0    0    0    3    5    3    0    0    3    0    0    0    3    0    0    2    0    1    0    0    0    0    0    0    0    0    0    5    0    0    0    4    0    0  
   0    0    0    0    0    0    0    0    0    0    1    0    0    0    0    1    0    2    0    5    0    0    0    0    0    5    0    5    0    0    0    0    0    0    3    0    0    0    0    1    0    4    0    0    0    0    0    5    0    0  
   0    3    0    0    0    0    0    0    0    0    0    0    0    5    0    1    0    0    0    4    0    5    0    0    0    0    0    0    1    0    0    0    0    0    0    0    0    3    0    0    0    1    0    0    0    2    1    0    0    0  
   0    3    1    0    0    5    0    0    0    0    0    0    0    0    0    0    0    0    0    2    0    0    0    0    0    0    0    0    4    0    0    0    2    0    5    0    0    0    0    0    0    0    5    0    0    5    0    0    0    1  
   0    0    2    0    0    0    0    0    0    0    0    1    0    0    5    0    0    0    0    0    0    0    0    0    0    0    0    0    0    0    0    0    0    0    0    4    1    0    0    1    0    1    0    3    0    0    0    0    1    3  
   0    0    0    0    0    5    4    0    0    0    0    0    0    3    0    0    0    0    0    0    0    0    0    0    0    3    0    0    0    0    0    0    2    0    0    0    0    0    0    1    0    2    0    0    1    0    1    0    0    4  
   0    0    0    3    0    5    0    0    0    4    0    0    0    0    0    0    0    0    0    0    0    0    0    0    0    0    3    1    0    3    0    0    0    0    3    2    0    3    0    2    0    0    0    0    0    0    0    0    0    0  
   0    0    5    0    0    0    0    0    0    4    0    2    0    0    4    0    0    0    0    0    0    0    0    0    0    0    0    0    0    0    1    0    2    4    0    0    0    0    4    3    0    0    0    5    0    0    0    0    0    0  
   0    0    0    0    1    0    0    0    0    0    0    0    3    0    0    4    0    0    5    5    0    0    0    0    0    0    0    0    0    0    0    0    0    0    0    5    2    0    0    0    0    0    0    4    0    5    1    0    0    0  
   0    0    5    0    0    0    0    0    4    0    0    0    0    0    0    0    0    0    0    0    0    0    0    5    0    0    0    0    3    0    0    0    3    0    0    1    0    0    0    0    0    2    0    2    0    5    0    0    0    2  
   0    3    0    0    3    4    5    0    0    3    2    0    0    0    0    0    0    0    0    0    0    0    0    0    0    0    0    0    1    0    3    0    0    0    0    5    0    0    0    0    0    0    0    0    0    0    0    0    0    2  
   0    0    0    0    0    0    3    0    0    0    1    0    0    0    0    3    0    5    0    0    4    0    0    0    0    0    0    0    0    0    3    1    0    0    0    0    0    0    2    0    0    0    3    0    0    0    5    0    0    0  
   3    0    0    0    0    0    0    0    0    0    0    0    0    0    1    0    0    1    0    0    0    0    2    0    0    0    0    3    0    0    0    0    2    0    0    5    0    0    0    0    0    2    0    0    0    1    4    0    0    0  
   0    0    0    0    0    0    1    0    0    0    0    0    0    0    0    0    0    0    4    0    0    0    0    0    0    0    0    0    0    5    0    4    0    0    0    0    0    0    0    0    2    4    0    0    3    1    0    0    4    2  
   0    0    0    0    4    0    0    0    0    0    4    0    0    0    0    2    4    0    0    0    3    0    2    0    0    1    0    0    0    0    0    4    0    0    0    0    0    0    0    0    0    0    0    0    0    5    2    0    0    0  
   0    0    0    4    0    0    3    0    0    0    3    0    2    0    0    2    3    1    0    0    0    0    0    3    0    0    0    0    0    0    0    0    4    0    0    0    0    0    0    0    0    0    0    0    0    0    0    0    5    0  
   0    0    2    0    0    0    0    0    5    2    0    1    0    0    0    0    0    3    0    2    0    0    0    4    0    0    0    0    0    0    4    0    0    3    0    0    0    0    0    0    0    2    0    0    0    0    0    0    0    0  
   0    5    0    1    0    0    0    0    0    0    2    0    4    0    0    0    0    0    0    4    0    1    0    0    0    0    0    0    0    0    0    4    0    0    0    0    0    0    0    0    0    0    0    0    4    0    0    0    5    3  
   0    0    0    0    0    0    1    0    0    0    0    0    1    4    0    0    0    1    0    0    0    1    3    0    0    0    0    0    0    5    0    0    0    0    0    0    0    0    0    0    5    0    0    0    0    2    0    0    1    0  
   0    0    2    0    0    0    0    0    0    0    0    5    3    0    0    4    0    0    0    2    0    0    0    0    0    1    0    0    0    0    0    2    0    0    2    0    0    2    0    0    0    0    0    1    0    0    0    0    0    0  
   2    5    0    0    0    0    0    0    0    0    0    3    0    0    0    0    0    0    0    0    0    0    3    3    0    0    0    0    4    0    0    0    0    1    0    0    0    0    0    0    0    0    4    4    0    0    0    3    0    0  
   0    0    0    0    0    3    0    0    0    0    0    0    5    0    0    0    0    0    2    0    0    3    0    0    0    5    5    0    0    0    5    0    1    0    0    0    0    1    0    0    4    0    0    0    0    0    0    0    0    0  
   0    0    0    0    0    2    0    0    0    0    1    5    0    4    0    0    0    0    0    0    0    0    0    0    0    0    5    0    0    4    0    0    0    0    0    0    4    0    0    0    3    0    4    0    0    0    1    0    0    0  
   4    0    0    0    0    0    0    0    0    0    3    5    1    0    0    2    3    0    0    2    2    0    0    0    0    0    0    0    0    5    0    0    0    0    0    0    0    0    4    0    0    0    0    0    0    0    0    0    0    0  
   0    4    0    0    0    0    0    0    0    0    0    1    0    0    5    0    0    5    0    4    0    0    0    0    0    0    4    0    0    0    0    0    0    0    0    0    4    0    1    0    0    0    0    0    0    3    0    2    0    0  
   3    0    0    2    0    5    0    0    0    0    0    0    0    0    4    3    0    0    0    0    0    0    0    1    0    4    0    0    0    0    1    0    2    0    0    0    0    0    0    4    0    0    0    0    0    0    0    0    0    0  
   0    0    0    0    0    0    0    1    0    0    0    0    1    3    2    0    0    0    0    0    0    2    0    0    0    0    0    4    0    5    0    0    0    0    0    0    0    0    0    0    0    4    0    2    2    0    0    0    0    0  
   0    1    0    0    0    0    3    0    0    0    0    0    2    0    0    0    0    2    1    0    0    0    1    0    0    0    0    0    0    0    2    0    0    0    5    0    0    0    0    0    0    4    0    5    0    0    0    0    0    0  
   0    2    0    0    0    0    0    0    4    0    0    0    3    0    0    0    0    0    0    0    0    0    0    5    0    0    0    0    3    0    0    4    3    0    0    0    0    0    0    1    2    0    4    0    0    0    0    0    0    0  
   0    5    0    0    0    0    0    0    0    3    0    0    0    0    4    0    0    0    0    0    0    0    0    0    0    0    0    1    0    0    0    0    0    5    0    0    0    0    5    0    3    0    0    0    3    2    0    0    0    2  
   0    0    0    0    0    1    0    0    0    0    0    0    0    0    0    0    5    0    0    0    0    0    0    0    0    0    0    0    0    0    0    5    4    0    0    0    4    1    0    5    0    0    3    2    5    0    0    0    0    0  
   0    0    0    0    0    0    0    2    0    0    0    0    0    0    1    0    0    0    0    0    0    0    0    0    4    0    0    0    0    0    0    0    3    0    5    0    0    0    5    0    5    4    0    0    3    0    0    5    0    0  
   1    0    0    0    0    0    0    0    0    0    0    0    0    2    0    0    0    0    0    0    0    0    0    0    0    0    0    0    5    0    4    0    5    0    0    0    0    2    3    1    0    0    0    5    0    0    0    0    5    0  
   0    0    0    0    2    0    1    2    0    0    0    3    3    1    0    0    0    2    0    4    0    0    0    0    0    0    0    0    0    0    0    5    0    0    0    0    0    0    0    0    0    0    0    0    0    3    0    0    0    0  
   0    0    0    0    1    2    0    0    0    0    0    0    0    0    3    0    0    0    0    5    0    0    1    0    2    0    0    0    0    0    0    2    0    0    0    0    0    0    0    0    0    0    2    0    5    0    0    0    0    4  
   0    0    0    0    0    0    5    0    2    0    0    0    0    0    1    4    0    0    0    0    0    1    0    3    0    0    0    0    1    0    0    0    2    0    0    0    0    0    0    0    0    0    0    1    0    0    0    2    0    0  
   0    0    0    0    0    0    0    1    0    4    0    0    0    0    5    1    0    2    3    0    0    0    0    0    0    0    0    0    0    0    0    5    0    0    0    0    4    4    0    0    0    0    0    4    0    0    0    0    0    0  
   0    3    0    0    0    0    0    0    0    0    0    1    0    0    0    0    4    4    4    0    0    0    0    0    0    0    0    0    0    0    0    3    0    0    0    0    0    0    0    0    0    0    2    3    0    0    3    0    5    0  
   5    0    0    0    0    0    0    0    0    0    0    0    0    3    0    0    0    0    0    0    5    1    0    0    2    0    1    0    0    0    0    0    0    0    4    0    0    2    0    0    0    5    0    0    0    0    0    2    0    0  
   0    0    0    0    0    0    0    0    0    4    0    0    0    0    0    0    0    0    0    0    0    0    2    5    0    1    1    0    0    0    0    0    0    0    0    2    0    3    0    0    0    0    1    0    0    0    0    3    3    0  
   0    0    0    0    0    1    0    0    0    0    0    0    0    2    5    0    0    0    2    0    0    0    0    0    4    0    0    0    0    0    0    2    0    4    0    1    0    0    0    1    3    0    0    0    0    0    0    0    0    0  
   0    0    0    0    4    0    0    0    0    0    0    5    3    0    0    0    0    0    0    0    2    0    0    0    0    0    3    0    4    0    4    1    0    2    0    0    0    0    0    0    0    0    0    4    0    0    0    0    0    0  
   4    0    0    0    0    0    0    0    0    0    1    0    0    3    0    0    3    0    0    0    0    0    0    0    0    0    0    5    0    0    0    0    1    0    0    0    0    0    0    2    0    0    0    3    0    2    0    0    0    5  
   0    0    0    2    0    0    0    0    0    0    0    0    0    0    3    0    0    0    0    0    0    0    0    0    0    0    0    0    0    5    5    0    0    4    0    3    0    5    1    0    0    5    0    0    0    0    1    0    0    0  
   0    0    0    0    0    0    0    2    0    0    0    0    2    0    0    0    0    0    0    0    0    0    0    0    0    0    0    2    0    5    0    1    0    2    3    0    0    1    0    4    3    0    0    0    0    0    0    0    0    0  
   0    0    0    1    0    0    4    0    0    0    0    0    0    0    0    0    4    3    2    0    0    0    0    0    0    0    0    0    0    0    5    0    0    0    5    0    0    0    0    0    0    0    5    0    0    0    0    5    2    0  
   0    0    0    0    2    0    0    0    0    0    0    0    4    0    3    3    0    0    0    5    0    0    0    0    0    0    0    0    0    1    0    0    0    0    0    0    3    4    0    0    0    0    0    0    0    4    3    0    0    0  ] 
BUDGETS : [    6    6    8    9   10   11   12   12   13   15   17   21   23   24   24   25   33   34   35   37   38   39   40   42   42   48   51   52   55   55   62   66   66   66   71   71   75   77   79   81   84   84   89   93   94   97   97   98   98  100  ] 
