K : 150
I : 75
PREFERENCES : [    0   52   68    0    0    0   70   58   75    0    0   62    0    0   48   71   65    0    0    0   51   55    0    0   56   74    0    0   61   52    0   60    0    0   57   59    0   49    0    0    0    0    0   54   64    0    0   73    0   53   62   74   55    0    0   72   67   69   62   63    0    0   60    0   66    0    0   68    0    0    0   60   70   50   63  
   0   52   59   70    0    0   65    0   49    0   71   48    0   51   58   57    0   69    0   67    0    0    0   71   50   70    0   73    0    0    0    0    0   57   53    0    0    0   74    0    0    0   59   58   60   72   64    0   54   56    0   68   66   66    0    0    0   63    0    0   61   55    0    0    0    0    0   74   66   62   54   54   75    0    0  
  54    0    0    0   68   75    0    0    0    0    0   64   70    0    0    0   62    0    0    0   55   57   48   66   74   73    0    0    0    0   72   53   57   59   69    0   56   59    0   50    0   67   67    0   67   63    0   61   64    0    0    0    0   59    0   49    0   52    0   50    0   67   58    0   71    0   54    0   65   51    0    0   64    0   60  
  62    0   61    0    0   60    0   70   65    0    0   71   66   61    0   65    0    0   61   59   56   68    0   56    0   69    0   52    0    0   56   58   64   63   50   74   55    0    0    0    0   51    0    0    0    0    0    0   75   60    0    0   53   53   54    0   49    0   61    0   73   57   58    0   55    0    0    0    0    0    0    0   72   48   67  
  58   62   50   61    0   72    0    0    0    0    0   49   73   65   70    0   48    0    0    0    0   74   61    0   70   66    0   57    0   55    0   64   56    0    0   69   61   63   75    0    0    0   51    0    0    0   68   67    0   71    0   52   54   70   56    0    0   73    0    0    0    0   51    0   52   52    0   53    0   63    0    0   60    0   59  
  73    0   58   61   64    0   74    0   75    0   50   62   70   52    0   75    0    0   54   69   57   49    0   65   53    0   59   60    0   66    0    0    0   51   56    0    0   71   65    0    0   48   68    0   67    0    0    0    0   63    0   73    0    0   74   50   73   53   55    0    0   53    0    0   53   72    0    0    0    0    0    0   66    0    0  
  75   50    0   64    0    0    0   74    0    0   59    0   71    0   65   48   73   52    0   49    0    0   63   52   50    0   61    0    0    0   70   73   66    0   60    0   75    0    0   67   54   63   53    0    0   51    0   58    0    0   57    0    0   62    0   63    0   68    0    0    0   69   72    0    0   67   56   75   55   52    0    0   58    0    0  
  74    0   59   57   65    0    0   68    0    0   62    0    0    0    0   73   71    0    0    0   61   69   70   55   64    0    0   72    0   63    0    0    0   51   56   63    0    0    0   63    0    0    0    0   60    0   52   48    0    0   64    0    0    0    0   49   63   67   69   58   53   75   51    0    0    0   66    0   48    0   63   50   66   63   54  
  48   60    0   53    0   61    0    0   51    0    0   63   68    0   57   49   72   49   64   61   56    0   75    0   56    0    0   50   66    0   68   54    0   48    0   69    0   55    0    0   67    0    0   58    0   66    0    0    0    0   71   57    0   70   73    0    0    0    0    0   72   60   52   59   75   74    0    0   65    0    0    0   62    0    0  
   0   51   59    0    0   66   75    0   49   73    0    0   69    0    0    0   63    0   51    0    0   68   50   54    0   71    0    0    0    0   64    0   74    0   67    0   61   53    0   56   74    0    0    0   49    0    0   60    0    0   55    0    0   61   65   71   50    0   52   64   70   62   57   48    0   68    0   72    0    0   57   58    0   65    0  
   0    0    0    0    0   75   49    0   48   70   65    0    0    0   53    0    0    0    0   64    0   57    0    0    0   71    0    0   74   69    0    0   56    0   58   67    0   57   60   66    0   60   61   50    0   70   65   71   60    0   73   65    0   49    0    0    0    0    0   63    0    0   72   59   54    0   68    0   62   55   52   70   69   51    0  
   0    0   60   69   48   74   58   71   73    0   58   54    0   67   66   57    0    0    0    0   75   50    0    0   59   55    0    0   73   68   73    0   52   70   49    0   62    0    0    0    0    0   65   60    0    0    0   52   64   64    0    0   50    0   53   63    0   51   61    0    0    0   56   68    0   62    0    0   72    0    0    0   60    0    0  
  65   49    0    0   53    0    0    0    0   71   68   73    0    0    0   70    0   75    0    0   66   59    0   62   61    0   48   74    0   71    0    0    0   58    0    0   51   50    0   48   64    0    0    0    0   72   63   53    0    0    0   54   73   48    0    0   60    0   67    0   70    0    0    0   59    0   56   57   54   55   71    0   69   52   63  
   0   61    0   52   71   50    0    0   48   55    0   70   65   69   75   58    0   54   72   68   60    0    0   62    0    0   49   70    0    0   66    0    0    0   59    0   51   57    0   63   49   64   49    0    0    0    0    0    0   53   71    0   67    0    0    0    0   54   56    0   58    0    0   55   73    0    0    0   58    0    0   71   74   54    0  
  65   59   54   56    0   59   67    0   59   75   69    0   51   55    0    0    0   50   52    0   59   64   69   58   72    0   51    0    0    0   61   56   64    0    0   65    0    0   64   53    0   52    0    0   48   73   57    0   63   66   62    0    0    0    0    0    0   74    0   70    0   71    0    0    0    0    0    0    0    0    0    0   49   60   68  
  72    0   55   74   48    0   54    0   61    0   69    0   70   50    0   58   75   68   56   61    0    0    0   65    0   63    0    0    0    0    0    0    0   63   72    0    0    0    0   59   55    0    0    0    0    0   61    0    0   75   57   60   71   68   51   49    0   49   63   56    0    0    0    0   66    0   53    0   73   67    0    0   62   64   52  
  67   75    0   60   54    0    0    0    0   48    0    0    0   60    0    0   72    0   63    0    0   51   57   62    0   73    0    0   50    0    0   58   52   65    0    0   64    0   68   56    0   62   59    0    0   56    0   71    0   61    0    0   53    0   56    0   60    0   55   57    0   69   48   56    0   49   70   66    0   53    0    0   51    0   74  
  64    0    0   73   50   70   73    0   70   53   57   58    0   51    0   72   67   72    0   63    0    0   49   68   48    0    0    0   57    0   56    0    0   60   53    0   56    0   75   69    0    0    0   61   57    0    0   52    0   71   73    0   54   66   59    0   67   62    0   55    0    0    0    0    0   65    0    0    0   49    0    0    0   74    0  
  66    0   51    0    0   52    0   75    0   65   56    0   61   54    0   57   48    0   56    0    0    0   54    0    0    0   63   70    0   50   63    0   71    0   67    0    0   49   60    0   51   74    0   70   60   64   59   73    0    0   62    0    0    0   68    0   69    0   52    0    0   57    0    0   55   53   58    0    0   65    0    0   72    0   60  
   0   56   54    0   49   69   69   68   63   59    0    0    0   48    0    0    0   63   74   51   50    0   53   60    0   58   52    0   57    0    0    0   69    0    0   65    0   64   56    0    0   75    0    0    0    0   56   55   67    0    0   72   62    0   73   61    0    0   75   62   51    0   62    0    0   66   70   65    0    0    0   71    0    0    0  
   0    0   50   70   71   54   69    0   71    0   75    0    0    0   58    0   48    0    0    0   57   68    0   61   65   66    0    0    0    0   69    0    0   71   57    0    0   59   64   55    0   67   49   51    0   48   63    0    0    0    0   73    0   71   55    0    0   74   71   73    0    0   52   56   72    0   53    0    0   60   62   74    0    0    0  
   0    0    0   65   58    0    0   61    0    0   63    0    0    0   59   66    0   56   68   74    0    0   53    0    0   72   56   72    0   54    0    0   48    0   62    0    0    0    0   58   69   71   67    0   75   65   74   64   75    0   51   52    0   72    0    0   60    0   49   73    0   55   75   52    0   50    0   70    0    0    0   57   58    0    0  
  66   71   62    0    0   69    0    0   54   73    0   52   56   73    0    0    0    0   55    0    0   65   75    0    0   58   74    0   63   49   50    0    0    0   60   54    0   62    0   51   64    0   52   59    0    0   73   61    0   53   57    0   64    0    0    0    0    0   67    0   54   73    0   58    0    0   72   54    0   70    0   48   68    0    0  
   0   74   58    0   69   61    0   50    0    0    0   67    0    0    0   66    0    0   68    0   72    0   48   54    0   65    0   72   60    0   70    0   71   49   75    0    0    0   50   62   50   59   74    0   65    0    0    0    0   56   66    0   53   57    0    0    0   52    0   73    0   53    0   51    0    0   55    0    0    0   74   68   64   63   74  
   0   69    0   71    0   65   61   70   74   51   68    0    0    0    0   57   67   65   53    0    0    0    0    0    0    0   57   56    0   60    0   55   54    0    0    0   49    0   57    0   63   66   54    0    0   52   62   52   63   75    0    0    0    0    0   73    0    0    0    0   67   48   62    0   58   50   71    0    0    0   72   64    0   62   59  
   0   66   73    0   61    0   50    0   54   62    0   67    0    0    0   48    0   64   75    0    0   71   53    0   63   74   59   75   57    0    0   52    0   71    0   72   72    0    0   56   55   65    0   70    0    0    0   58    0   75    0    0    0   61    0    0    0   69   68    0    0    0    0   75   60    0    0   70    0    0   69   49   52   51   57  
  67   50    0    0    0   60   74    0    0    0    0    0    0   69   51   67   49    0    0    0   64   74   49   65    0   73   63    0   72    0   48    0    0   50    0   58   70    0    0   48   53   59   63   58    0   75   56    0    0   55    0    0   73    0    0   52    0    0   54   61    0   53   58    0    0   66    0   71    0    0    0    0   68   57   62  
   0    0   50    0    0    0    0   63    0   61   60   72   64    0    0    0   56   57    0   59   68    0    0    0    0    0   64    0   61    0   48    0   74   49   58    0    0   75    0    0   75   51   54    0   66   73   54   65    0   69   62   67   63    0    0   52   73    0   70   71    0   53    0   63    0    0   70   63   70    0    0    0   55    0    0  
   0   65    0    0    0   67    0   49   62   63   54   61   59   66    0    0    0    0    0   57   48    0   70    0    0    0    0    0   51    0   73   55    0    0   52    0   74    0    0    0    0   61    0   53   56   71    0    0    0    0   56   68   64   65    0   67   66   69    0    0   60   58   48    0   75    0    0   74    0   72   50    0   52   58   75  
   0   72   59   54    0   70    0   49   62   51   69   58    0   50    0    0    0   64   52   62    0   61    0   56   66   57    0    0   48   55    0    0    0   74   63    0   68   65   53   57    0    0    0    0   67   50    0   55    0   74    0    0   56    0    0    0    0   65   75    0    0    0   59    0   73    0   73    0    0    0    0   50   71    0   60  
   0   75   57    0   51    0   61   56   69   64   62   70    0   66   65    0   63    0    0    0   57    0    0    0    0   62   49    0   66   73   50   52    0    0    0   54   48    0    0   69   53    0   63    0   58   62    0    0    0   51   55    0    0    0   67   71    0    0   72    0   59    0   63    0   60   68    0   72   74    0    0    0   63    0    0  
   0    0   62   48   50    0   51   61   74    0   59   48    0   75   65    0   70    0    0    0   74    0    0    0    0    0    0    0   68   53   60   50   55    0    0    0   69    0   71    0   49    0    0   72    0   54    0   64   52   57    0    0   56   67    0   51   60   73    0    0   60    0   65    0   63   65   58   66   59   70    0    0    0    0    0  
  50    0   56    0    0    0   69   65    0   60    0   66    0    0    0   74    0   75    0    0    0    0    0    0   48   57   67    0   73   70    0   71    0   68   51    0   64    0   60    0   58    0    0    0   55   52    0   49    0   67   49   55   59   67   63   53    0   74   62    0    0    0    0    0    0    0   54   72   57   61    0    0   60   55   64  
   0    0   48    0   66    0   61   49   70   60   68   56    0   69    0   64    0   75    0   67   53    0   58    0   66    0   65    0    0   69    0    0   57    0   71    0    0    0   74   60   52    0    0    0   50    0    0   52   52    0   54   63   59    0    0   62   71    0    0    0    0   73   72    0   55   75   64    0   55    0    0   51   74    0    0  
   0   55   73   69   52    0    0   68    0    0    0    0   72    0    0   70   60    0   65    0   64    0   59    0   58   68   71    0   59   50   63   66    0   61   66    0   59    0    0   75    0   48    0    0    0    0    0    0    0    0    0   56   57    0   51    0    0   58    0    0   63    0   58   53   49   56   67   62   60   54    0   61   74    0    0  
  62    0   57    0    0   74   55   61   48   49    0   73   60    0    0    0   65    0    0    0   65   63    0    0    0    0   57    0   75   68   53    0   54    0   71    0   67   50   58    0    0   60   59   69    0    0   71    0   56    0    0   70   72    0    0    0    0    0    0    0   50   52    0   50    0    0    0   51   49    0   70   64   66   48   48  
  51    0   65    0   57    0    0    0   62   62   61    0   55    0    0    0    0   73    0   69   71   54   53   50    0    0    0   74    0    0    0    0    0    0   72   66    0   62    0   65   49   48   56    0   61    0    0    0   64   68   75    0   52    0   70    0   48    0    0   63   58   72   51   54    0    0    0    0   64   73   60    0    0   67   59  
  68   58   49    0    0    0   58   68    0   66   60   64   61   71   69    0    0   50    0   57   51   56   74    0    0    0   70   59    0   61   63   48   63    0   52   53   54    0    0    0    0    0    0   65    0   62   74    0    0    0    0   73    0   51    0   72   65    0    0   55    0   75    0    0   58    0    0   71    0    0   56    0    0    0   67  
   0   53    0    0   52   55    0    0    0    0    0    0    0   48   58    0   61    0   67   56    0   59   62   66   49   57    0    0    0    0    0    0   63    0   51    0   57   74    0   65   68    0   69    0    0    0   68   55   65   57   54    0   64    0   59   57    0    0   60    0   71   72    0    0   75   50   70    0   49   73   55    0    0   57    0  
  49   67   74    0   54    0   50    0   51    0   62   62    0   58    0    0   57    0    0   56    0    0    0   53   72    0    0   68    0    0    0   65   51   66   58   63    0    0   71   72   70   75   69    0    0   55   71    0    0   73   75   59    0    0    0    0   73    0   75   61    0    0   48    0    0    0    0   58   52   60    0   57    0    0   64  
   0   51    0   58    0   72    0    0   49   60    0   53    0    0   50   67    0    0   66    0    0    0    0   73    0    0   68   59    0    0   74   64    0    0    0    0   62   73    0   65   55   65   70   56   48   74   57   61   69    0   74    0    0   60    0   54   73    0    0    0    0   71   70    0   69    0   71   52    0    0   75    0   63    0   64  
   0    0   73   67    0    0   63   66   70    0   60    0   73   62   67    0    0   72   65    0   67    0    0   71   59    0   58   60    0   69    0   66    0   61    0   51   48    0   57   55    0   52   56    0   74    0    0   68   74    0    0    0    0   49   73    0   64    0   54    0    0    0    0   50    0    0    0    0   53   66    0   60    0   75   53  
  59   62    0   62   72   75    0   49   54   73   61    0    0    0   48    0    0    0    0    0    0   63   71   69   63   55    0    0   60   67   51   57   53   72    0    0   73    0    0    0   68    0    0    0   65   74    0    0    0    0   50   74    0    0   53    0   59   58   63    0    0   63    0   52   64    0   70   56   66    0   72    0    0    0    0  
   0   69   73   72   67    0   63   60   64    0    0    0    0    0   48    0   74    0    0    0   68    0   75   55   51   54    0   58    0    0   67    0   75    0    0   57   62    0    0    0   70    0   57   55   59   49   48    0   73   52   67   56    0   66    0   71    0   71    0    0    0    0    0    0   61    0   53    0    0   65   50   53    0    0   48  
  56   51   68    0    0   52    0    0    0   53    0   74   54   66   71    0   59   58    0    0    0    0    0    0    0    0    0   53   50   63   61   72   49   55    0   70   73   72   69    0   63    0    0   57   53    0   72    0    0    0    0    0    0    0   68    0    0   70   73    0    0    0    0   60   67   48   65    0   75   61    0    0   59   62   64  
   0    0   73    0   60    0   73    0   72    0   52   50   67    0   48    0   57    0    0    0   49    0   53   69    0    0    0    0    0   66    0    0   64   48    0    0    0    0    0    0   57   52    0   54   61   68   63   58   62    0    0   52   74   74    0   56    0   51   59   73   70   60    0    0    0   71    0   54    0   72   55    0    0   75   65  
  55    0    0    0    0   66    0   53    0    0   61   58   68    0    0   62   73   53    0   51    0    0    0    0   69   75    0   59   71    0   52   72    0    0   50    0   70   60   63   54   48    0   55    0    0    0   59   67    0   55   64   56    0    0   57    0    0   55    0    0   74   61    0   71   72    0    0    0   69    0   49    0    0   53   65  
  48    0    0    0    0    0    0   74    0   72   61   53   61    0    0   67   70   65   68   70   61    0    0   64   52   72   54    0   59   66    0   62   58   51   63    0   66    0   49    0   53    0    0    0   53    0    0    0   71    0    0    0    0    0    0    0    0   60   57   55   63   50    0   59    0    0   69   52   56   75    0   73    0    0    0  
  70    0    0    0   61   69    0   68    0   50   48   63    0   72    0   65    0    0   54    0    0   75   57    0   74    0    0   48   59    0   58   65    0    0   60   71    0   55   57    0   73   67   54   62    0   64    0   63   62   51   55    0   66    0    0    0    0   52   49    0   56   53    0    0   49    0    0    0    0   75    0    0   68    0    0  
   0   55    0   52    0   62   68   69    0    0    0   63   72    0   50   54   53   48   60    0    0   58   53    0    0    0    0   75   57    0   49    0    0   60   61    0   74    0   56    0    0   60   54   59   66    0    0    0    0    0    0    0   56    0   73    0    0   51    0    0   64    0   71    0   64    0   69   57   51   67   54    0   65    0   70  
   0   60   66    0    0    0   51    0    0   72    0    0   52    0   55    0   48   59    0    0   65   73   54    0    0    0    0   64    0    0    0    0    0   64   71   64   62   75   69   49   53   62   61   63   56   55    0   57   67    0   50    0    0   70    0    0   62    0    0    0    0   74    0    0   68    0   61   64   65    0   58   57    0    0   75  
  66   74   50    0    0   65   63    0    0    0   71   68   58    0    0    0   48    0   73    0   65    0   75   74   51    0   63    0   51    0    0    0    0   64   72   67    0   61   69   65    0    0    0   70   57    0    0   56    0    0   54    0   71    0   59    0   55    0   70    0    0   49    0    0   52   55   53    0    0   51   49    0    0   60   62  
   0    0    0   54   68   55   49   49    0    0   75    0    0   59   70    0   53    0    0    0   50   62    0   71   61   74   67   66    0    0    0   64    0    0   75   65   58    0    0    0   70   57   63   57   70   52    0    0   56   49   52   72   53    0   73    0   51    0    0    0   51    0    0    0   48    0    0    0    0   69   75   60    0    0    0  
  51   70    0    0   60   56    0   71    0   72   73   69    0   65   49    0   64   53   57    0    0    0    0   72   68   52   73    0   74   63    0   63    0   64   62    0   61    0   55   48    0    0   58   50   75    0    0    0    0   64    0   60    0    0   59   69   67   66   60   63    0    0   57    0    0    0    0    0    0   54    0    0    0    0    0  
   0    0   71    0   58   58    0   67    0    0    0    0    0   48    0   70   60   50   49   75   67   69    0   61    0   65    0   54    0    0   68   74   55    0    0   72   52   64   70   73    0    0    0    0   49    0   63   67   53   62    0    0   74   51    0    0    0   59    0   57   67   66   73   56    0    0    0   49    0    0    0    0    0   51    0  
  57   59    0   54   55   64   58   49    0    0    0    0   61   62    0    0    0    0   75   71   74    0   65   75    0    0   70   51    0    0   68   69   63   56    0   73   62    0    0    0    0   51    0    0   54   49    0    0   66    0   65   51   53    0   67   58    0   50    0    0   48    0   71   72    0   75    0   52    0   60    0    0    0    0    0  
  51    0   51   62   60   55   52   59   75    0    0   63    0    0   53    0    0    0    0    0    0   68   72    0    0   65    0    0   73   49    0    0   67   72   59    0    0    0    0    0   50   58   75    0   71   62   56    0    0   70    0   54    0    0   69    0   52   74    0    0   64   57   48    0   68   60   74   66    0    0   65   61    0    0    0  
  71    0    0    0    0    0   67    0    0    0    0   51   72   57    0   65    0    0   68   60    0    0    0    0    0    0   50   68   59   61   73   62    0    0   59   49    0   66   53    0    0   56   66    0   63   57   53    0   50   50   54   52    0    0   58   55    0    0    0   74    0    0    0   64   67    0    0   69   70   62    0   48    0   64   75  
  48   61   64   63    0   71    0   71   55    0    0    0    0    0   75    0   60   64   57    0    0    0   68   73   50    0    0   48   53    0   70    0    0    0   66   52   74    0    0   56   69    0    0   64   59    0   66   68   64    0    0    0    0   51    0   64   49    0    0   58    0   62    0   72    0   74   58   65    0    0   54   67    0    0    0  
  63   67   73   65    0    0   70    0    0    0    0    0   50   52   74    0   56   57   60   67    0    0    0    0   55   59   74   69    0   54   67    0   49    0   72   53   51    0    0    0   62    0    0   75    0    0   58    0    0    0   49   64   59    0   49    0    0   68   48    0   69    0    0    0    0   71   59   66    0   61    0   48    0    0   57  
   0   68    0   57   66    0   62    0   74    0    0    0   65   67    0    0   63    0    0    0    0    0    0   61    0    0   71   55   50   59   69   51    0   52   64   58    0   68   56    0   51   54    0    0    0   73    0    0    0   75    0    0   70   63   49    0   50   53    0   62   60   72    0    0    0    0   72   58   66    0    0    0   48   50   62  
   0    0    0    0    0   69    0   61   71    0   65    0   67   75   55    0    0    0    0    0    0   60    0    0   66   64   68   73    0   74   48   70   74   54   72    0    0    0   50    0    0    0   59    0   71   58   57   49    0   60   55    0    0    0   62   56   63   52    0   56    0   53    0   51   54    0    0   62    0   56   48    0   53    0    0  
   0   52   71   51   53   74    0    0   49    0   72   54    0   75   59   54   64   65    0    0   68   54   70   68    0    0    0    0    0    0    0   66   70   61    0   69   70    0    0   71   56    0   48   63    0   55    0    0    0    0    0    0    0    0    0    0   73    0    0    0   67   70   60   50   54   62    0    0    0   64   48    0   58    0   57  
   0   63    0   65   52   63    0   71    0    0    0   49    0   48   69   73    0    0   73   70    0    0   54    0    0    0   75   67    0   60    0    0   56   51    0   66   61    0    0   59   57    0    0    0    0   64    0   51    0   51   72    0    0   58   53   67   71    0   62    0   71   74   61    0    0    0   64   55    0    0    0   62   68   50    0  
  59   70    0    0   48    0   60    0    0    0   68   54   56   52   52   74   63    0   64    0   66    0    0    0    0    0   55   59    0    0    0    0   53    0   70    0    0    0    0   75   65   56    0   61   58    0   74    0    0   57    0   49    0    0    0   65   65    0   72   54    0    0   73   51   69   71    0   70   62    0   50   67    0    0   71  
  56   73   64    0   53    0    0    0   69   59   68    0    0    0    0   62    0    0    0   51    0   53    0    0   63   58   61   74   65   68    0    0   57    0   75   54   73    0    0   49    0    0   50   55    0    0    0    0   72   73   71   68   73    0   65    0    0   66    0    0    0   70    0   68    0   67    0    0    0   52    0   48   59   65   60  
   0    0    0    0    0   73   59    0    0   63    0   70   62   68   54   69    0   60   53    0   58    0    0   49   74    0    0   62   56    0    0    0   71    0    0   75    0   64    0    0    0    0   52   48   72   74   51    0   72   61   52    0   52   65    0    0   71    0   67    0   55   65   50    0    0    0   66    0    0   57    0   58   71   53    0  
   0   75    0    0    0   58    0    0   72    0    0   53   56    0   70    0   61   55   74    0    0    0   57    0   54   50   57   62    0    0    0   51    0    0   52   73   62   53   67    0    0   65   69    0    0   63   66   69    0    0   71   60   59   70    0    0    0    0    0   68   55    0   64   49    0    0    0   48    0   71    0   53   72    0   69  
   0   50   67    0   48   54    0    0    0   75    0    0    0   58   67    0    0   63   48    0   59   56    0   48   51    0   60   69   61    0   71    0   52    0   74    0    0   68   52   70    0   65   49    0    0    0   57   50    0   72    0    0    0    0    0   73   68   74    0   61    0   53   62    0    0   55    0   64    0   66    0    0   51    0   67  
   0   65    0   49    0   53   57   53   52    0    0   72   54    0   64    0   71   66   73    0   49   63    0    0    0   74    0   72    0    0    0    0   75    0   69    0   70    0   64   55    0   60   62   56   68    0   51   50   52   53   48    0    0   69   59    0    0    0    0    0   58    0    0   66    0    0    0    0   67    0   62    0   56    0   61  
  73    0    0   52    0   69    0   58    0   50    0   59   61    0   60    0    0    0   55    0   55   74    0    0   74    0    0    0    0   72    0   55    0    0   70   54   51   70   64   66    0   49   72   53   60    0    0   52   63   57   70   68    0   71    0   62    0    0   65   67    0    0    0    0    0    0    0   68   58   75   48    0   56    0    0  
  64    0   51    0   66    0    0    0   54   53   51    0   69    0   48    0    0   60   61    0   52    0   55   58    0    0   73    0   50   56    0   67    0   71    0   57    0    0    0    0   56   66    0    0   54    0    0   72    0    0   74   57    0    0   57   48    0    0    0   63   49   70    0    0   62   59   53   65   75   65   68    0   58    0    0  
  62   62    0    0    0   74    0   60   73    0   56    0    0   72    0   71   74    0    0   70   48   50   56    0   55    0   69   52   56   53    0   63   73    0    0    0    0    0   74   59    0   49    0   54   66    0   57   49    0    0   61    0   58   64    0    0    0    0    0    0   75   51    0   65    0    0    0    0    0    0   56   49   64   67   68  
   0   48   70   53   63   60    0   75    0    0    0    0   51    0   73   52   48    0    0    0   62   59    0    0    0    0   71   67    0   65    0   53   72    0    0   64    0   71    0    0    0    0    0   74    0    0    0   64   66   68    0   70    0   70   49   68   57   61    0    0   50    0   52    0   65   54    0   69    0    0   58   69    0   56   55  
   0    0   64   68   49    0    0    0    0    0   72    0   58    0    0   48   62    0    0    0    0   63    0   62   68    0   61    0    0    0    0    0   67   59    0    0   63    0   75    0    0    0    0    0    0   53   71   64   58    0   55   66   52    0   59   72   74   56   54    0    0   74    0    0   64    0   60   69   70   51   65   73   57   50   70  
   0    0   50   74    0    0    0   60   64   52    0   57   60    0    0    0    0    0    0    0    0    0   49    0    0    0    0   69    0    0    0    0    0   63   67   71   59   73   52   75   53   68   62   68    0   56   60   58    0   55   67    0   66   48   51    0   50   54    0   75   54   70   67   61    0   72    0    0    0   65    0    0    0    0   53  
  74    0   60   52    0    0   69    0    0    0   48    0   49   51    0    0    0    0    0    0    0    0    0   65    0    0    0    0   70   59   69    0   63    0    0   71   50   58    0    0   51   73   53   54    0    0    0    0   74    0    0    0   55   72   69   75   66   48   57   64   49    0    0   67    0   48   74   56    0    0   68   61   67   57   62  
   0    0    0    0   67    0    0   48    0   62   48   58    0    0   50    0    0   67   72   72   61   57    0    0   66    0   64    0    0   62   53   66    0   74   65   61    0   55    0    0    0    0    0    0   63   73   60    0    0    0   75    0    0   66    0   69   71   65    0   68   57   59    0    0   49    0    0    0   70   52   56    0   51   67   54  
  53    0    0   75   63   61    0    0   49   67    0   64   56   68    0    0    0   71    0   73    0    0   59   50   52    0   58   66   54    0    0    0   55   72    0    0    0    0    0    0   59   65   60    0   57   62    0   59    0   59    0   71    0    0    0   69    0    0    0   75   51   70   74   48   59   72    0   63    0    0   69    0    0    0   55  
   0    0    0   58    0    0    0    0   53    0    0    0   51   73    0    0   61   70   57   48   64    0   69   75    0   67   55   63   65    0   64   67    0   69   67    0   70    0    0   53    0   72    0   50    0   52    0   71    0    0    0    0   74   60    0   48   61    0    0    0   68    0   66    0   56   59    0    0   48   49    0   54   68    0   62  
  52    0   51   56   63    0    0    0   55   74   52   67   53    0   69   60    0    0   73    0   68   60   75    0    0    0    0   62    0   59   48    0   61    0   57   65   72   49    0   53    0   69    0    0   70    0    0    0   54   53    0    0   66   75    0   54    0    0    0   64    0    0    0   69    0   58    0   72   71   57    0    0   50    0    0  
  63    0   55   72    0   67   49   51    0   70   73   65   56    0   66    0    0   54    0    0   60   69    0    0   70    0   66    0   57    0   64    0   62   52   50    0    0   59   75   61   58   74    0    0   75    0    0    0   61    0   71    0    0    0   54   55    0    0   68    0    0   50    0    0    0    0   53    0    0   61   70    0   62    0   48  
  57   50   64    0   62   66   54    0   68   67    0    0    0   65   75    0    0   53    0   56   48    0    0    0    0   51    0   72    0   63   61    0   60    0    0    0   69    0    0    0   56    0    0   62   62   58    0    0   65   59   71    0    0   49   53   75    0   52   56   66    0    0    0   75    0   73    0   55   59   74    0    0   70    0    0  
   0    0   70    0   71    0    0   69    0   65    0    0   61    0   59   51   64    0   62   75   62    0   66    0    0   73    0    0    0    0    0   50    0   53   57   56   50   49   51    0    0   56    0   67   57    0    0    0    0   57   50    0    0    0   60   74    0   63    0   63   72   54   52   48    0   58   51    0    0    0    0   55   68   50    0  
  71    0   73    0   51    0   62    0   73   54    0   73    0    0   67   53    0    0    0   48   66   65    0   75    0    0    0    0    0   64    0    0   69    0   68   74    0    0   50    0   55   57   74   60    0   54   54    0    0   48    0    0   49   63    0   70    0    0   71   58    0   49    0    0    0   61   54    0   69    0    0   56   59   52   72  
  59    0    0   50   50   49    0    0   61    0    0   50    0   68   52   62    0    0   50    0    0   58    0    0   54    0    0   48   72    0    0    0   73    0   51   59   57    0    0    0    0   75    0   56   74   61   70   50   69   52    0    0   55   66    0   50   53    0    0   64   71    0    0   60    0    0    0   63   68   65    0   50    0   67    0  
  71   56   54   68   66   48   53   50    0   63    0    0    0    0    0    0   51    0    0    0   64   61    0   49   74    0   60    0   60   62    0   57    0    0   73    0    0    0   69    0    0    0    0    0    0   69   54    0    0    0    0   70   69    0    0   52   63   74    0   67    0   67    0   72   55   75    0   49   59   68   65    0   58    0   58  
  57   63    0   61    0   68    0    0   64   59   74   75    0    0   56    0   49    0   55    0    0   52   53   55   71    0    0   67   65   51    0   72   57   63   70    0    0    0   69    0   51   64    0    0   75    0    0    0   66   73   54    0    0   65    0   58    0   62    0    0   52   60    0   70    0    0   70   50    0    0    0    0    0    0   48  
  65   64   51    0    0    0   72   62   56    0   69   75   48    0   58    0   53    0   55    0    0    0    0   67    0   57   60   71   58    0   68    0    0   71   49   54    0    0    0    0    0    0   52   74   72    0   73    0   61    0    0   69   63   59    0    0   67   57    0    0    0   50    0    0   70   67   66    0   70   65    0    0    0   59    0  
  71   66    0   68   49   58   51    0   48    0   75    0    0    0   73   57    0   61   69    0    0    0    0   63    0    0   67   65    0    0   64    0   52   55   50    0    0   54   70   58    0   57    0    0   66    0   62    0   61   53   48   56    0    0    0    0    0   66    0    0    0    0    0    0    0   60   72    0   60   59   52   63    0   61   74  
   0    0   57    0    0    0    0    0   61   62   62    0   60   72    0   71   75    0   67    0   68   75    0    0    0    0    0   74    0    0    0   54   64    0    0   59   48   69   56   70    0   51   66   69   68   55   49   65    0   58   48    0    0    0    0   59   69    0    0    0    0    0    0    0   56    0   52   73   69   53   50    0   61   63    0  
   0   58    0    0   75   72   69    0    0    0   59    0   71   55   49    0    0   60    0   66    0   62    0   53    0   74   50    0   70    0   64   75    0    0    0   62   57    0    0   73   56    0    0    0    0    0    0   62    0   51   50   52   72    0   51   54    0    0   74   58    0    0   48   63    0    0   57   67   68    0    0   52   61    0   65  
  49   67   74    0    0    0   51    0   59   50   69    0   54   58    0   55   72   62    0   58    0   51   71    0    0   63   61   57    0    0    0   72    0    0   75    0    0   61    0   56    0    0    0    0   57    0    0    0   65   48    0   60   68    0   70    0   53   55    0   58   62    0   49   66    0   52   72    0    0    0    0    0   73   64    0  
   0    0   61   66   49   69    0    0    0    0   51    0   73    0    0    0   57    0    0   54   62   55   56   63    0   54    0   66   64    0   65    0   56    0    0   50   48    0    0    0   71    0    0   52    0   72    0   67   74   70    0   59   53    0    0   58   60    0   51    0   75    0   55    0    0    0    0   73   68   56    0   75   61    0   56  
   0   65    0    0    0    0    0   48   75   70   62    0    0    0   74    0   52   50    0    0    0   58   68   51   59   74    0    0   74   69    0   67   63    0   53   51   69    0    0    0   57    0    0   53    0   66   54   56    0   69    0   72    0    0   49   59   64    0    0    0   59    0   62    0   61   51   73   60   71    0    0    0    0   55    0  
   0    0    0    0    0    0    0    0   53   74   54    0   52   49    0    0    0   70    0   65    0   57   48   62    0    0    0   71   60   69    0    0    0    0    0   66    0   49    0    0    0   49   58   66   68   72   62   75    0    0   61    0    0    0   55    0   65   53   59   67   50    0   73   61   63   64    0   61    0   60    0   51   56   61    0  
   0   60    0   60   48    0   68   75   51    0    0    0   53   48    0    0    0   54    0   70    0   66   67    0    0    0   62    0   63    0    0    0   74    0    0   58    0   68    0   67    0   55    0    0   52    0   64   56    0   55    0    0    0   69   49   72   58    0   57    0   60    0    0   74   59   71   50    0   62    0   73    0   61   51   65  
   0   54   53   64   48   72   73    0   59    0   65    0   58   51    0    0   74   50    0   68   52   68   50    0   66    0    0    0    0    0   54   62   55    0    0   71   57    0    0    0    0    0   59    0    0   61    0   64   56   75   64    0    0   67    0    0    0   69    0   59   64    0   59   70   74    0    0    0   49   60    0    0   63    0    0  
  60   73   69   66   73    0    0   61    0    0   51    0    0   53   66   70    0    0   58    0    0   69   50    0   59    0   70   61    0    0    0   54    0   55   49   62   71   48   49    0   52   53    0   72   48    0    0    0   74   64    0    0    0    0    0   75    0    0    0   63    0    0   65    0    0    0   58    0    0   56   57    0   68   67   61  
   0    0    0   61    0   59   51    0    0    0    0    0    0   51    0   65    0   53   55    0    0   50    0    0    0   54    0   74   68   54    0   68   67    0   60    0    0   49    0   69    0   58    0    0   60   71   59    0   62    0    0    0   61   70    0   72    0   57   52   63    0   68   56   49   55   75    0   66    0    0   48   73    0   49   64  
  64   54    0   53   63   52   56   59   62   61   56   72   48   58   67   62    0    0    0    0   71    0    0    0   60   75    0   61    0   64   65    0   54   73    0    0    0    0    0    0    0   55   70   69    0   49    0    0    0    0    0    0    0   57   66    0   75    0   74    0   50   68   51    0   68    0    0   68    0    0    0    0   48    0   62  
  54   73   53   61    0    0   58   72   66    0    0   52    0    0    0    0   69    0   50    0   64   70    0    0    0   60    0    0   49    0    0   71    0   74    0   69    0   70    0    0   75   48   62   71    0    0   50    0    0   63   56   75    0    0    0   59   72   67   56   68    0    0    0    0    0    0   60   57   53   51   55    0   65    0   68  
   0   64    0   56    0    0   54   67    0   51    0    0   60   75    0    0    0    0    0    0   53    0   67    0   68   62   55   61    0    0   70   57   69    0   72    0    0   59   59   58   66    0   48    0   74   73    0    0   69    0    0   56   69   63    0   51   57   71   52   65    0    0    0    0    0   49   59    0   50    0    0   51   53    0    0  
  74   74    0    0    0    0   58   60   51    0    0   54   62    0   70    0   71   73   62    0    0    0    0   55    0    0    0    0    0   56    0    0   66   67   75    0   75    0   48    0   61   66   50   63   69   59   57    0    0   64   53   52   54   65    0    0   49   62   71   58   68    0    0    0    0   75    0   57    0    0    0    0   72    0    0  
   0   51   52   70    0    0   62    0   73   72   48    0    0    0   65   49   72   69    0    0   50    0    0   55   75   53   68    0   66    0   57    0    0   63   75    0   72    0   54   73   59    0   71   50    0    0    0   67   67    0    0   56   62   60   55   61    0    0    0   72    0    0   62    0    0    0   74    0    0    0   58    0   64    0    0  
  67    0   64    0    0   59   63   72   54    0   51    0   73   55    0   53   57    0    0   69   49   65   58    0    0   59    0   66   49   68    0   63   75    0   50    0   61    0   56    0   58   56   52    0    0   71    0   59    0    0    0   74   62    0   53    0    0    0    0   68    0    0    0    0    0   70   64   60    0   48    0    0    0    0   71  
  57    0    0    0   74   57   60   63   65   63   56   75    0    0   58    0   53   51   64   49   48    0    0   71   70    0    0   54    0   72    0   68   48    0    0    0   65    0    0   52   61   64   50    0   62    0   61    0    0    0    0   54   69    0    0    0    0    0    0    0   66   67   67   73    0    0    0    0   54    0   55    0   48   59    0  
   0   53   56    0    0   63   61    0   72    0    0   62   58   66   67   69    0    0    0    0   57   60    0   71   75   59   54    0   70    0   56   49   55    0   51   55    0    0    0    0    0    0   58   67   53    0    0    0   48    0    0    0   65    0    0    0   62    0    0    0   74   72   63   52   73    0   55   72    0   50    0   64    0    0   68  
  57    0   74   72   64   59    0    0    0   49    0    0    0   69   69   51   61    0    0    0   64    0    0   63   60   48    0   67    0    0   55   56    0   67    0    0   74    0    0   54    0    0   58   54    0   74   70    0    0    0    0   68    0    0    0   56   50   75   66   71    0    0    0    0   53   58    0   73   70   68   52   62    0    0   65  
   0   57    0    0   62   60    0   66   49   70    0    0    0   75   68   57    0    0   61   49   64    0    0   48   56    0    0    0    0   55    0    0    0   67    0   73   52   65    0    0    0    0    0    0   71   50   48    0    0    0    0    0   51    0   63    0   59   59   57    0   57    0   53   61   56    0   72   54    0   58    0   69   74   59   74  
   0    0   53    0   57    0    0   48    0    0   73   65   68   62   64    0    0    0    0    0    0   61   74    0   50    0   58    0   75    0   72   56   70   52   63   58   54    0    0   52   49   69    0   54   48   51    0   71    0    0   75    0    0   59    0    0    0    0   66    0    0   55   73    0    0   48   74    0   67   63   60   53    0    0    0  
  60   65    0   57    0    0   61    0   71    0   62   50    0    0   75   73    0   54   70   49   57   54    0    0   67    0   55   48   64   63    0   66   59   56    0   72    0   71   68   72    0    0    0   56   69   61    0    0   53    0    0   58    0   51    0   74    0    0   54    0   52    0    0   52   57    0    0    0    0    0    0    0   69    0    0  
   0   70    0   50   57   51    0    0   64   55   51    0   74    0   65   69   52   71    0    0    0    0    0   49   51   62    0   62    0   73    0    0   72    0    0    0    0   58   66   63   60   54   58    0   68    0    0   56   67    0    0   51   53    0    0   49    0    0   62    0    0    0   53    0   48   75   61    0   55    0    0   58    0   59    0  
  55   71    0    0    0    0   63   58   66   60   67   62   71   64    0    0    0   74    0    0   56   49   49    0    0    0   49    0   57   54    0   48    0    0   53   58   50    0    0    0   71   69    0    0   57   65    0    0   59    0    0    0   55   70    0    0   51    0    0   61    0   68   65   73    0    0   55   75    0    0    0   54   72    0   52  
  52   48   67   72   56   74   72   52   68    0   70    0    0   68   59   53    0    0    0    0   57   68   60    0    0    0   52    0   71   51    0   49    0    0   75    0    0   64    0   49    0   58    0   65    0   50    0    0   61    0   54   55   73   50    0    0    0    0    0    0   62   55   67    0   66   63    0    0    0   52    0    0    0    0   69  
  69   53   59   65    0    0   66    0    0   52   61    0    0    0   75    0    0   70    0   54   64    0   72    0    0    0    0    0    0    0   75    0   65    0   62    0   58   56   68   73   74    0    0   54    0    0   60    0   67   48    0   48    0   65   60    0   74   54    0    0    0   51   57    0   63   71    0   50    0   48    0   60   49    0   55  
   0   63    0    0    0    0    0   56    0   54   61   54    0   61    0    0   64    0   70   51    0    0   62    0   66    0    0   55   50   51   67    0    0   57    0    0   53    0   59   75    0   74    0   75    0   57    0   75    0   58    0   72   52   71    0    0    0    0    0   61    0   69   71   73    0   48   75    0   49   65   64   68   60    0    0  
   0   71   49   75    0    0    0   75   65    0   55   74    0   56    0   72   75    0    0   50   61    0    0    0   62    0   52    0   63    0   65    0   64    0   73    0   64    0   67    0    0   54    0   70   66    0    0   68    0   59    0    0    0   58    0   64   68    0   67    0   65   57    0   51   53    0    0   62    0   69    0    0   60   48   70  
   0   54   49   71    0   74   56   73    0   61    0   53   67   56   69    0   53    0    0   52    0   58   65   52   55    0    0    0    0   74   48    0   48   75    0    0   62   57    0    0    0    0    0   63   75    0   53   67   72   66   51   60    0    0    0   68   64   62    0    0    0   50    0    0    0   59    0   69    0    0    0    0    0   70    0  
  49    0    0   48    0   71   50   57    0   60    0    0   49   69    0   64   53    0    0   61   66   50    0   62   50    0    0   65    0    0    0   56   52   67   59    0    0    0    0    0   73    0    0   48   49   59    0    0    0   70    0   54    0   73    0   57   49   63   55   68    0    0   51    0    0   75    0   58    0    0   59    0   74   72    0  
   0    0    0    0   59   62   58    0    0    0   61    0   71   73    0   70    0    0    0   55    0   53   64   67    0   60    0    0   63    0    0    0   60   58    0   59    0   69   73    0   66   72   75   74   51    0    0    0    0    0    0    0    0   50    0    0    0   57   65   68   62    0    0   62   54   56   52   62   62   49    0   48   68    0   60  
  68    0   62    0    0   50   63   56   53    0    0    0    0   61    0   52   71   69    0    0   60    0    0    0    0    0    0   58    0    0   51    0    0   72   51    0    0   48   50   69    0   55   50    0    0    0    0    0   57    0   67    0    0   75   59   54   66   74   64   65   49   51   59   73   70    0    0   75   51    0    0   48    0   61    0  
  51   63   68   70   59   48    0   66    0    0    0   52    0   59    0   65    0    0   54   60   49    0   62   67    0   72    0   58   57    0    0    0   64   50   67    0    0   74    0   56    0   57   71    0   69    0    0    0    0   75    0    0    0    0    0   57    0    0   50   58    0   54   56    0   55   63    0    0   73   61    0   55   53    0    0  
   0   52    0    0    0    0   66   75   55   51   71   52    0    0   64   61   48    0    0    0    0   74   62   64    0   62    0   69   72    0    0   73   51   70   75   53   57    0    0   59    0    0   54    0    0    0   65   71   58    0    0    0    0    0   68   50    0    0   57   74    0    0   60   49   53    0    0    0   67    0   54   56    0    0   63  
  53    0   59    0    0   72   49   48   73   56    0   64    0   68   63    0   75    0    0    0   54    0    0   55    0    0    0    0   69   51   66   52   57    0    0   50    0    0    0    0    0    0    0   48   62   70    0   64   65   56    0   67    0   56    0   73    0   74    0   56    0   68    0   58   60    0    0   67   56   71    0   67    0   61    0  
   0   72   74   70    0    0    0    0    0   75   65   58    0   51    0   49   73   56   68    0   64   61    0   71   48    0    0    0   62   69    0   68    0   50    0   55    0    0    0    0    0   67    0   54   72   70    0    0   57    0    0    0   52   64    0   65   54   53   66    0   60    0   59    0   74    0   58    0   73    0    0    0   48    0   63  
   0    0   60    0   69    0   49    0    0   72    0    0   50    0   75    0   56   70   65    0    0    0   54   71    0   62    0   68   73   67    0    0    0    0   71    0   52    0    0   64   74    0    0    0    0   62   58   75    0   61   70   55    0    0   51    0    0   59   74   62    0   57   66   60   48    0   63   49   54   62    0   53    0    0    0  
  62   57    0   58   73   75   59   51    0   53   61   54    0    0   63   55    0   71    0    0    0   52   69    0    0   48    0   66   68   55   49    0    0   71    0    0    0    0   62    0    0    0    0    0   74    0    0   50    0    0   49   49    0   74   70   67    0    0   74    0   56    0   75   72    0    0   65   60    0   70    0   64    0    0   56  
  67    0    0   67   50   58   66   61   65   69   75    0    0   54    0   60   71   48    0    0    0    0   70   56    0    0    0    0    0   52   74   63   71   62    0   59    0   57    0   68    0    0   73   49    0    0   68   72   60    0    0    0    0   58   75    0   51    0    0    0    0   64    0   71   53    0    0    0   70   75   73    0   55    0    0  
   0    0   60   74    0    0   68    0   60   50   63    0   73    0    0    0   51   71   72   58    0    0    0   50   51    0    0   56    0   52    0    0    0    0    0   49   65   59   59    0   70   67    0   75   64   61    0   60    0    0   62    0   57    0   69   57   55    0   54   50   67    0   59    0    0    0   53    0   48   66    0    0    0   59    0  
  66    0   69    0    0   51   51   65   60   58    0    0   74   64   51    0    0   61    0    0    0   56    0   54    0    0   56    0    0    0   66   48   75    0   73   72    0    0    0   65   50   57    0    0    0   75    0    0   67    0   59   60   52   52    0    0   70    0   55   49    0   68    0    0   62   66   63    0   53   51    0   71    0    0    0  
  59    0   63   70    0   54    0    0   75   75    0    0    0   54    0    0   56   52    0    0   61    0   58   53    0   57    0    0   73    0    0   67   66   73    0    0    0    0    0   72    0   71   49    0   75   57    0    0    0    0   74    0    0    0   50   68    0   48   48    0   56    0   67   75   69   62   55   65    0    0   64   53   51   60    0  
  48    0   54    0    0    0    0    0   49   69   59    0    0   68   62    0   65    0   64    0    0    0   51   50    0   60   53   52    0    0   71   66   58    0    0    0    0   57    0   61   67    0    0   72    0    0    0   51   58    0   57    0    0   74    0    0   73   57    0   52   54   51   72   60   55   75    0   63    0    0   70    0    0   51   56  
   0    0    0    0    0    0    0   50   49    0    0   61   53   60   65   71    0    0   52   66   74    0    0   54    0    0    0    0   68   72    0    0    0   62   69    0   48    0    0   73   56    0   48   59   56    0   70   67   57   75    0    0   58    0   57    0   74    0   63    0   51    0    0   50    0   55    0   64   69   52   50    0    0   60   52  
  54   52    0   75    0    0   64   53   72   71    0    0   74   63    0    0    0    0   54   64    0    0   67    0   58   69    0   73   63    0   60    0    0   55    0    0   66   48    0   65   61    0    0   73   56    0    0   49    0    0    0   70    0   51    0    0    0   57    0   68    0   62   50   57   58    0    0    0   67   68   59   53   50    0    0  
   0   65    0   71    0   66   59   63   75    0   52    0    0   65   65    0   67   51   64    0   49   73   74    0   68   59    0    0   61    0    0   56    0    0   67   55    0    0   60    0   64    0    0   62   70   75    0    0    0    0   73    0   72   75   69   54   72    0    0   57    0    0   58   48    0    0    0   53   50    0   50    0    0    0    0  
  72   60   51    0   66   53    0   67    0   56    0    0   63    0   74   60   62    0   61   71   70    0    0   75    0    0    0   48    0   50   58   73    0    0   57   66   54    0    0    0    0    0    0   68   57    0   59    0   55    0   52   64    0    0   49    0    0   62    0   73   65    0    0   60    0    0   69   49   68    0   55    0    0   48    0  
  65    0    0   58   51   69   48   63    0   59    0    0    0    0   71    0    0    0   68   62   67   69    0    0    0    0   66    0   54    0   50    0    0    0   55   57   61    0   72   48    0    0   51    0    0   60   55   54    0    0   56    0   75    0   48   64   52    0    0   70    0    0    0   73   49    0   53    0   48   60   74   66    0   62    0  
  71    0    0    0   58   63    0    0   54    0   73   56    0   64    0    0   60    0    0   56    0   58    0   55    0   49   66   72   62   56    0   51    0    0    0   61    0   52    0    0    0    0   57   64   53    0   75   56   67    0   59    0    0    0   69   65   64   68    0   51   56   74    0    0   70    0    0   48    0   64    0   50    0   59    0  
  74   57   52    0    0    0   69    0    0   49   54   58    0   62   64    0   48   58   56   73    0   59   63    0    0   51    0   54    0    0   73   70    0    0    0    0   71    0    0   72    0   53   48    0    0    0    0   50   61    0   75   70   67    0   74    0    0   68    0    0   55    0   63   65    0    0   60   66   53   60    0    0    0    0   71  
   0    0    0   68   63    0    0    0    0   53   69   71    0    0    0    0    0    0   67   51   55   51    0   61    0   57   64   75   73   56   48   49    0   48    0    0   70    0    0    0    0    0   52    0   69   54   62   72   52   49    0    0    0    0   66   65   48   74   59   65   53   60   52    0    0    0   73    0    0    0    0   58   50    0    0  
   0   50   73    0   74    0    0    0   70   56   58    0    0   53    0    0   64   67    0   48   72   49   66   51   72   61   69   63    0   65   50    0    0    0   54    0   68    0   52    0    0   61    0    0    0   64    0   75    0   68    0    0   71    0    0    0    0    0   67    0   66    0   62   57   48   72   60   63    0    0   55    0    0    0   59  
   0   70    0    0    0   69   64   66    0   55    0    0    0    0    0    0    0   53    0    0    0   48   75    0    0   68    0   61   70   49    0   72   56   75   55   54   60    0   51    0   75    0    0   63    0    0    0   67   73   57   70   50   69   62    0    0   58   59    0    0   52    0   64    0    0   65    0    0   56   71   74   63    0    0   74  
   0   58   53    0    0    0    0    0   62   56   73   48    0   59    0   65   51    0    0   72    0    0   74    0   67   50    0   50    0    0   55    0   75   66    0   52    0   63   69    0    0    0   54   71    0    0   61   61   68   64    0    0    0    0    0    0   60    0   71    0   62   73   50   74   61    0    0   70   60   57    0    0    0   49   55  
   0    0    0   51    0    0    0   72   70   75    0   60    0    0   53   49    0   59    0   52   48    0   69   62   65   56   59   63    0    0   56   67    0   72   49   74    0   54    0    0    0    0   64   50   68   57    0   71   55    0    0   61    0    0    0   58    0    0   73   66   51   49    0   72    0    0    0   73    0   75    0    0    0   74    0  
   0   64   50    0    0    0   61   59   55   48    0   52    0   72    0   61    0    0   63    0   75    0    0   62    0   74    0    0   49   51    0   59    0   54   48   66    0   56    0    0    0   70   74   53   66    0    0    0    0    0   74    0    0   69    0   57   53   71   60    0   69   57   58    0    0    0   73   67   68   72    0    0   65    0    0  
   0   59   70    0    0   63   58   50    0    0    0    0    0   75    0   50    0   68   55    0    0   56   49    0   53    0    0   51   73   54   56   52    0   72    0    0   69   54    0    0    0    0   59    0    0    0   57    0   52   62    0   60   65    0   66   48    0   71   59   67   74   62    0    0    0    0   61    0   72    0    0    0   64   71   48  
  52    0    0   59   51   63    0   62   56    0    0   52    0   72   48    0    0    0   60   69   48    0   55   53    0   58   67    0   63    0    0   57    0    0    0    0    0   75   68   71   63    0    0    0   54    0    0   75   56    0   49   66    0   73   64   62   50   61    0    0   64    0    0    0    0   60    0   65   70    0    0    0   73   74    0  
  70    0   72   50   67    0   68   51   53    0    0   49   57   71    0   48   70    0    0    0   58    0    0   61    0   75   57    0   55    0   50   53   74   64    0    0    0    0    0   54    0   65    0    0   70    0   52   59   75    0    0    0    0   55   65   69    0    0    0    0   63   56   70   73    0    0   65    0    0    0   60    0   62    0   66  
  74   68    0    0   68    0    0   68    0    0    0    0    0   52    0    0    0   67   60   63   73    0    0    0   51    0   56   75    0   72   69    0   59   58    0    0   66   55   65    0   70    0   54   50   48    0    0    0   75   61   75   63    0    0   64   74    0    0   64   62   57    0   71   50    0   48    0   53    0   69    0    0   49    0    0  ] 
BUDGETS : [    1    2    9   11   11   15   17   19   20   26   29   29   30   32   32   32   32   33   36   36   37   43   45   51   51   52   52   54   54   56   57   58   59   63   67   67   67   68   68   68   71   72   75   77   79   79   80   81   89   92   93   95   96   97   98   98  106  107  108  108  109  110  111  112  115  117  123  125  126  127  129  132  133  134  135  140  143  143  147  147  150  151  151  151  152  158  160  160  163  164  171  179  180  181  182  183  183  185  185  186  190  190  202  203  205  205  206  206  208  208  209  209  210  211  211  212  214  216  217  220  221  221  227  228  228  231  231  238  242  246  250  255  262  262  265  266  268  269  272  273  278  283  283  286  288  290  296  298  299  300  ] 
