K : 50
I : 50
PREFERENCES : [    0    0    6    0    0    0    0    0    4    0    0    0    0    0    0    0    7    0    0    0    3    0    0    0    0    0    2    0    0    0    0    0    0    0    0    0    5    0    0    0    0    5    1    3    0    0    0    0    0    6  
   0    5    3    0    0    0    0    0    0    0    0    0    0    0    0    0    0    0    4    0    0    0    6    0    0    0    2    0    0    1    0    0    3    0    0    3    0    0    0    0    7    0    0    0    0    3    0    0    0    0  
   0    0    0    0    0    4    4    0    0    0    0    0    0    0    0    0    3    0    0    6    0    0    0    0    0    1    0    0    0    0    0    0    0    0    0    0    5    0    0    0    0    7    4    0    1    0    0    0    2    0  
   0    0    7    0    0    0    0    0    0    0    0    1    0    0    0    0    6    0    0    0    0    0    0    4    0    0    0    0    6    2    6    0    5    0    0    0    0    0    0    3    0    0    7    0    0    0    0    0    0    0  
   0    3    0    0    0    6    0    0    0    0    1    0    0    0    0    0    0    0    0    0    5    0    0    0    0    0    0    0    0    0    7    0    0    0    0    5    0    0    0    4    2    0    0    7    6    0    0    0    0    0  
   0    0    0    0    0    0    0    0    1    0    0    0    0    0    0    0    0    0    2    0    0    0    0    0    0    0    0    0    0    0    5    4    0    0    0    0    7    3    0    0    6    0    5    4    0    4    0    0    0    0  
   0    0    6    0    0    1    0    0    0    0    0    0    0    6    2    0    0    0    0    0    0    4    0    0    2    0    0    0    0    5    0    0    6    0    0    0    0    0    0    0    0    0    0    7    0    0    0    3    0    0  
   3    0    0    0    0    0    0    0    5    0    0    0    0    0    0    0    0    0    0    1    3    0    0    2    0    0    3    0    0    0    0    0    0    0    4    0    0    6    7    0    0    0    0    0    0    0    0    0    5    0  
   0    3    0    0    0    0    0    1    2    0    0    4    0    0    0    0    0    0    0    0    0    2    3    0    0    0    3    5    0    0    0    0    0    0    0    7    0    0    0    6    0    0    0    0    0    0    0    0    0    0  
   0    0    0    0    0    0    0    0    0    0    5    0    0    0    0    6    0    1    2    0    3    0    0    0    0    0    0    0    4    0    0    0    0    6    0    7    0    0    0    0    0    2    0    0    0    0    0    7    0    0  
   0    0    0    2    5    0    0    0    0    0    0    7    0    0    0    0    0    3    0    0    6    0    2    0    0    0    0    1    0    0    0    0    0    6    0    0    0    0    0    2    0    0    0    0    4    0    0    0    0    0  
   0    0    0    0    0    3    0    0    1    0    0    0    0    0    0    0    0    0    0    0    0    0    4    0    0    0    0    0    0    0    0    0    5    1    0    7    0    2    2    0    0    0    0    0    0    0    6    0    6    0  
   0    0    2    0    0    0    0    0    6    5    0    0    3    0    0    0    0    0    0    0    0    3    0    0    0    0    0    0    0    5    0    0    4    0    0    0    0    0    2    0    0    0    0    0    0    0    0    7    1    0  
   0    5    0    0    0    0    0    0    0    1    0    0    2    5    0    0    1    0    0    0    0    0    0    6    0    6    0    0    0    0    0    0    7    3    0    0    0    0    0    0    0    0    4    0    0    0    0    0    0    0  
   0    0    0    0    0    0    0    0    0    0    0    4    5    0    0    0    2    0    7    3    7    0    0    0    0    5    1    5    0    0    0    0    0    0    0    6    0    0    0    0    0    0    0    0    0    0    0    0    0    0  
   0    0    3    0    0    0    0    0    0    0    4    0    0    7    0    2    0    0    0    0    0    0    0    5    0    0    0    0    0    0    5    0    0    0    0    0    0    0    0    0    4    7    0    0    1    0    0    6    0    0  
   2    0    0    0    0    0    0    0    0    7    6    1    0    0    0    0    3    0    3    0    0    3    5    0    0    0    4    0    0    0    0    0    0    0    0    0    0    0    0    0    0    5    0    0    0    0    0    0    0    0  
   0    0    0    0    0    0    4    0    0    0    0    0    0    5    0    0    0    0    0    0    0    0    1    0    0    3    1    0    0    7    1    0    0    0    6    0    0    0    0    1    0    0    2    0    0    0    0    0    0    0  
   0    0    0    0    0    0    0    0    0    0    0    0    0    6    0    1    0    0    0    0    0    0    7    0    6    0    4    0    6    6    0    0    0    0    0    5    0    0    0    0    0    0    0    0    0    0    2    0    3    0  
   0    0    0    0    1    7    0    0    3    0    0    0    0    0    0    0    0    0    0    0    0    0    5    0    0    0    0    2    6    0    5    0    0    0    0    0    0    0    0    0    0    0    1    0    0    0    0    4    7    0  
   0    3    0    0    0    0    0    6    3    0    0    0    0    0    0    0    0    2    0    0    0    2    0    0    0    5    0    0    1    7    0    0    0    0    0    0    1    4    0    0    0    0    0    0    0    0    0    0    0    0  
   0    5    3    6    0    0    0    0    0    0    0    0    0    0    0    0    0    0    0    0    0    0    0    4    0    3    0    0    0    7    0    0    0    7    2    0    0    0    0    0    0    0    0    0    1    0    3    0    0    0  
   0    0    0    0    0    0    0    4    0    0    2    0    0    0    0    5    0    0    0    0    0    0    0    0    1    0    0    7    0    0    5    0    0    0    0    0    0    0    3    0    6    0    0    0    0    5    0    7    0    0  
   0    0    0    0    0    4    0    0    0    5    0    0    0    2    0    0    0    3    0    1    0    0    3    0    5    0    0    0    0    0    0    0    0    0    1    0    0    0    0    0    6    0    0    0    0    0    0    7    0    0  
   0    0    0    0    0    0    0    1    0    0    0    0    0    6    0    0    0    0    0    0    0    0    5    0    0    0    0    0    2    0    0    0    0    3    7    0    0    0    4    0    0    0    5    2    0    0    0    0    5    0  
   0    0    0    1    7    0    0    0    0    0    0    0    0    0    0    0    0    0    0    0    0    0    0    0    5    0    0    0    1    0    0    2    0    1    3    0    0    0    6    0    0    0    0    0    0    0    0    4    4    0  
   0    0    0    0    0    0    7    0    0    0    0    0    0    0    0    1    0    0    0    4    0    0    3    6    0    0    0    0    0    0    1    0    0    0    7    0    0    0    0    0    0    0    2    0    2    0    0    0    5    0  
   0    5    0    0    0    0    0    0    0    3    5    0    0    0    4    0    0    0    0    0    0    2    0    0    7    0    0    6    0    0    0    0    0    0    0    0    0    0    0    0    7    0    0    2    0    0    0    0    1    0  
   3    0    0    0    7    0    0    0    0    1    0    0    0    0    0    0    0    0    5    0    0    0    6    0    0    4    0    0    0    0    6    2    0    0    6    0    0    0    2    0    0    0    0    0    0    0    0    0    0    0  
   0    0    0    0    6    0    0    0    0    0    0    0    0    0    2    0    0    0    0    7    0    0    0    0    1    0    0    0    1    0    0    0    0    0    0    7    0    0    0    4    5    0    0    0    3    0    0    0    0    2  
   1    0    0    0    0    0    0    0    5    4    0    0    0    7    2    0    0    0    0    0    0    6    1    0    0    0    0    0    0    1    0    0    3    0    0    0    0    0    2    0    0    0    0    0    0    0    0    0    0    0  
   0    4    0    0    0    2    0    1    0    5    0    0    0    0    0    0    0    0    0    1    0    0    6    0    4    0    3    0    0    0    0    7    0    0    0    0    0    0    0    7    0    0    0    0    0    0    0    0    0    0  
   0    0    0    3    0    0    0    0    0    5    0    0    0    0    5    0    0    0    0    0    4    0    0    0    6    0    0    0    0    0    4    0    0    0    7    0    0    0    2    0    0    6    0    0    0    1    0    0    0    0  
   0    0    0    0    0    0    0    0    0    0    0    0    0    5    0    0    0    0    0    0    0    0    6    4    2    0    0    0    0    0    4    0    0    0    6    0    7    0    0    0    0    0    0    3    0    1    4    0    0    0  
   0    5    0    0    0    0    2    0    0    1    0    0    0    0    0    0    0    0    0    0    7    0    0    0    0    0    0    0    0    4    0    0    0    6    0    0    0    0    0    1    0    0    0    0    3    0    7    0    6    0  
   0    0    0    0    0    5    6    0    0    0    0    0    0    0    0    0    0    0    0    0    7    0    0    7    0    0    0    0    0    0    0    4    0    0    0    2    0    0    1    0    0    0    4    0    0    0    3    0    1    0  
   0    0    0    1    0    0    4    7    0    0    0    0    0    0    0    3    2    0    0    0    0    0    0    0    0    4    0    0    0    0    0    0    0    0    0    0    0    5    0    0    0    0    6    0    6    0    0    0    4    0  
   0    0    0    0    0    0    3    0    0    0    4    0    0    0    6    0    2    0    0    0    0    0    1    6    0    0    0    0    0    0    5    0    7    0    0    0    0    2    0    0    0    6    0    0    0    0    0    0    0    0  
   4    0    4    0    0    0    0    0    0    0    1    0    0    0    0    0    1    0    0    0    7    0    0    0    5    0    0    0    0    0    0    3    6    0    0    0    0    6    0    0    0    0    0    0    0    0    0    0    0    2  
   0    0    0    0    0    3    1    0    6    0    0    0    0    0    0    4    0    0    5    0    0    0    0    0    0    0    0    3    0    0    0    7    0    0    0    0    0    0    0    2    0    0    0    0    0    2    0    0    3    0  
   0    0    0    0    3    0    0    6    0    0    0    0    2    0    7    0    0    0    0    1    0    0    0    5    0    0    0    0    0    0    3    0    0    1    0    0    0    0    7    0    0    0    0    0    4    0    0    0    0    0  
   1    0    0    0    0    0    0    6    0    0    0    7    0    7    0    0    0    0    0    3    0    0    0    1    0    0    0    0    0    0    0    0    0    0    0    0    0    0    3    0    0    2    0    0    4    0    0    5    0    0  
   0    0    0    0    0    0    0    0    0    6    0    0    0    0    0    0    3    3    0    0    0    0    4    3    5    0    0    1    7    0    0    0    0    0    0    0    0    0    0    0    0    5    0    0    0    0    0    0    0    2  
   0    2    0    4    0    5    0    0    0    0    0    0    0    0    0    0    0    0    0    0    0    0    0    0    0    0    0    0    5    0    0    7    0    0    6    0    0    0    3    1    0    0    0    0    3    0    0    0    0    7  
   0    0    6    0    0    0    0    0    4    0    0    0    0    0    0    0    0    0    0    0    0    0    0    0    1    5    5    2    0    0    6    0    0    0    0    0    0    0    0    0    0    0    0    0    7    0    0    1    3    0  
   0    3    5    0    0    0    0    0    0    0    0    0    0    0    0    0    0    0    0    0    4    0    0    6    0    0    7    2    0    0    4    0    1    4    0    0    0    0    0    0    0    0    0    0    0    0    0    0    0    2  
   0    3    0    0    0    0    4    0    0    0    0    0    0    0    0    0    0    0    0    0    0    0    0    5    7    0    0    0    7    0    0    0    6    0    0    0    0    0    0    0    0    0    0    0    0    7    1    7    0    2  
   0    0    0    1    0    4    5    0    0    0    0    0    0    0    0    1    0    0    0    6    0    0    0    0    2    0    0    0    0    0    0    0    0    7    0    1    0    0    5    0    0    0    0    0    0    0    0    3    0    0  
   0    0    0    0    0    0    0    0    0    5    0    0    0    0    0    0    0    0    0    0    0    0    0    6    4    0    0    3    0    1    0    0    0    0    4    0    0    5    0    2    0    0    3    0    7    0    0    0    0    0  
   0    0    0    0    2    6    0    0    0    0    7    4    0    3    0    0    0    0    0    0    0    0    5    0    0    0    0    0    0    2    0    0    0    0    0    0    0    0    0    1    0    0    2    3    0    0    0    0    0    0  ] 
BUDGETS : [   12   14   18   20   20   23   25   29   31   32   34   35   42   42   44   45   48   49   55   57   59   60   60   61   61   62   65   68   71   71   72   72   75   77   78   83   85   86   87   89   91   91   92   92   94   95   96   96   97  100  ] 
