K : 100
I : 100
PREFERENCES : [   74   89   32   73   50   18   24   67   31    8   75   12   81   64    9   33   16   78   19   13   49   38   80   20    2   26   21   21   25   84   91   40   39    6   76   53   57   85   79   59   61   35   62   36   51   29   34   22   46   63   69   83   95   41   55   94   71   48   10   23   82   58   88   30   61   87   33   56   65   14   54   47   44   92   66   17    4   68   90   93   28   66    7   45   72   52    3    5   37   43   86   11   27   70    1   60   15   77   67   42  
  57   46   32   14   95    3    2   17   78   55   93    7   33    7   53    6   52   92    1   94   47   35   59   86   62   58   43   27   90   23   67   44   15   10    8   84   76   34   81   39   63   83   80   41   92   20   60   40   24   70   66   91   18    4   16   75   12   51   69   19   89   71   47   25   30   87   28   15   88   22   64   31    9   79   68   74   76   56   38   77   42   73   26   45   48   85   82   21   50   54   29   11   13   65   61   72   37   36   49    5  
   3   69    8   15   71   72   10   75   78   54   82   65   25   49   64   61   84   91   17   46   58   47   21   28   33   92   86   31   24   94   22   74    9   38   59   73   26   11   95   39    5   89   29   15   27    4   43   56   45   93   79   30   23   90   52   85   48    7   44   67   93    1   42   32   63    2   80   20   40   51   76   95   60   12   13   83   88   66   36    6   18   81   19   35   57   68   16   87   53   34   62   41   55   77   37    1   50   14   70   42  
  28    7   30    6   22   57   14   77   38   51   55   62   40   64   57   93   54   21   92   43   16    4   59   70   83   44   69   24   18   91   94   75   41   25   32   52    2   63   61   13   47   12   46   20   79   42    5    9   29   10   60   84   26   71   34   53   76   65   78   87   45   48   73   81   31   33   15   86   64   89   49   27   37   66   88   72    3   17   78   43   56   90   58   67   19   68    1    8   85   80   74   11   23   39   82   18   36   50   35   95  
   4   46   49   84   70   95   55   16   26   67   85   36   60   29   47    9   52   94   54   15   21    7   37   40   17   56   43   82    2    5   75   80   39   13   64   63   87   48   58   34   31   28   61   88   66   27    8   79    1   90   92   89   71   41   77   51    3   30   45   79   38   86   23   33   35   50    1   65   78   44    3   58    2   18   74   76   24    6   72   42   11   91   73   57   93   14   83   20   19   22   32   53   59   81   12   10   25   69   68   62  
  95   71   11    9   36   21   32   12   88   77   78   81   91   92   44   19   85   27   82   34    4   56   45   63   33    2   37   20   50   61   18   51   45   93   76   31   66   49   23   72   70   93    6   74   60    8   22   75   57   17   94   58   62   28   87    3   40   65    5   13   15   64   54   79   35   80   55   26   52   94   15   10   39   84   67   53   58    1   68   24   41   25   47   14   43   86   69   38   29   83   16   48   90   42   89   30   46   59   73    7  
  13   76   54   78   82   46   32   21    7   73   89   64    2   42   82   17   80   72   75   24   23   27   50   45   20   57   10   59   16   34   47   70   60   94   52   86    9   74   92   48   53   63   81   49   12   30   62   22   58   11   69   61   55   33   95   19   44   85   67   37   83   31   92   66   93   43   28   84   71   14   25   68   34   91   87   40   56   29   77   88    3    1   38   65   26   18    5    6   86   90   36   41   51    4   39   79    8   30   15   35  
  42   46    4   10   33   69   76   78   62   73   88   89   70   95   26   79   54   13   63   83    3   64   24   45   28   85   21   43   65   61   67    1   55   52   71   86   56   22   41   15   75    9   74   48   34   84   91   93   92   53   86   25   20   37   14   60   82   38   31   12   18   81   29   39   72   51    6   35   58   68   90   30   11   40   87   66    7   32    8   36   59    2   23   19   44   47   16   90   77   94   27    7   57   17   80   49   50    5   41    2  
  83   87   40   33   79   51    3   49   88   55   95   43   10   88   26   52   57   74   81   70   66   69   85   24   12   17   64   89   68    2    8   56   80   60   30   93   18   78   53   73    6   47   21   37   38   41   13   92   45   67   19   29   11   91   72   58   20   39   90   75   88   35   61   94   63   84   44   65   50   54   77    5   14    7   76   42   36   65   25   46    1   29   22    4   48   28   82   59   15   91   34   71   27   31    9   32   86   23   16   62  
  75   55   47   32   17   33   88   26   94   48   46   68   35    6   15   56   20   50   36    2   78   81    5   74   31   58   60   86   20   64    1   70   65   87   54   28   44   10   39   72   27   57   89   11   40   73   30   25   31   77   82   92   80   59   63   59   95   71   49   79   14   53   90   42    3   52   66   43   76    7   62   12    4   40   67   83   69   51   93   45   22   23    8   34   44   38   85   29   21   13   61   16   24    9   91   18   41   37   84   19  
   6   90   46   94   18   43   17   26   32   59   35   51   34   73   16   89   10   57   25    9   12   15   13   47    2   93   66   21   64   80   47   65   42   71   37   33   45   91    8   50   14   44   88   62   18   58   67   48   87   11   29   78   36   31    7   67   52   56   60   81   74   69   53   27   85    4   77   40    3   24   55   61   79   41   39   82    5    1   95   70   84   72   38   86   63   54   28   83   92   22   19   27   68   23   49   75   76   62   20   30  
  11   82   80   45   94   61   33   72   38   70   62   16   27   91   43   55   34    3   66   50   56   40   63    1   67   41   68   87   26   51   69    6   15   49   10   22    4   48   57   14   47    5   86   95   71    2   58   75   39   90   23   92   77   24   28   51   36   52   85   88   13   21   59   42   25   29   65   53   37   20    9   74   54    8   17   81   73    7   79   12   32   19   83   30   55   46   78   93   95   64   76   93   35   44   40   89   31   18   60   84  
  18   16   72    4   68   71   26   86   31   22    7   46   30   74    2   35   77   88   62   65   58   23   27   32   53   64   92    6   89   91   14   52   12   15   67   10   54   56   47   11   69   36   80    9   81   90   25   61   76   17   28   13   40   41   87   28   92   66   21   24   45   43   63   49   84   93   44   79   85   73   37   33   83    8    5   59   50   82   70    9   90   51   42   14   34    1   39   38   48   29   60   55   19   78    3   75   94   57   95   20  
   4   60   45    8   87   12    3   20   39   92   31   77   24    9   72    5   26    6   10   61   23   42   32   21   83   22   50   16   89   80   46   54   19   15   11   76   73   18   35   67    2   79   83   75   44   65   78   88   37   81   55   51   14   46   74   66    7   23   41   62   64   49   63   70   29   30    4   47   93   91   38   52   59   94    1   43   90   69   25   53   36   85   27   91   28   71   58   48   95   84   33   13   56   82   17   57   86   40   34   68  
  72   20   42   47   48   49   62    1   17   38   65   44   36   56   81   78   32    3   34   14   88   80    2   74   82   63   33   16   60   80   10   41   71   59   43   67   90   87   18   22   73   29   23   11   84   89    5   86   55   30   50   54   75   91   40    9   15   95   37   76   25   68    8   13   77   66   85   57   94   12   21   47   77    7   64   69   79   83   93   27    6   61   53   51   35   28   92   26    4   46   45   39   58   52   24   70   25   79   31   19  
  37   17    4   56   39   10   76   22   51   36   57   12   32   90   86   65   13   19   79   35   23   41   73   91   89   66   44   67   15   46   87   18   28   82   12   26   52   53   38   11    2   93   60   88   58   81   49   48   69   77   47   30   62   45   80   54   34   92    6    8   20   72   55   33    3   16   74   85    7   75    9   63   68   31   71   24   70   33    4    5   40   50   25   19   44    1   27   83   42   14   94   29   43   64   59   84   21   61   78   95  
  87   36   66   75   34   19   72   12   20   35    4   51   64   14   67   26    9   77   63    5    6   28   30    1   33   32   49   41   46   47   60   18   13   11   15   55   65   23   31   70   73   62   56   71   39   29   88   76    2   79   51   68   48    8   85    3    7   78   59   53   95   86   17   10   52   74   93   84   21   89   44   43   92   25   82   46   51   90   94   81   50   57   24   40   22   38   91   16   58   54   61   34   80   45   37   42   19   27   69   83  
  12   78   16   36   83   27   94   77   88   83   14   85    6   22   41   50   24   49   63   67   51   47   73   26   19   32    1   79   28   66   61   33   70   59    7   13   17   86   44   95   58   37   84   29   71   57   74   62   76   40   30   72    8   60   87   43    4   48   46   25   42    8   45   75   35   80   38   64    9   23   89   93   34    2   31   81   11   56   69   15   52   10   55   18    3   70   54   91   53   92   90   20   62   39   21    5   65   82   73   68  
  65   13   67   48   64    7   68   36   32   53   49    2   78   16   33    5   79   50   51   67   54   58   70   62   84   59   45   44   18   29   94   61   55   42   40   11   47    6   24   26   88   92   74   89   76   17    3   83   10   73   63   30   81   38   77   25    1   90   28   56   14   74   39   35   60   31   75   43   86   72   22   71   27   93   19    4   82   21   53    9   46    8   37   28   85   52   57   34   95   80   87   20   41   91   15   23   66   69   12   95  
  87   21   47   64   21   49   20   82   67    3   23    4   79   66    7   83   17   50   71   24   59   80   42   22   65   54   28   41    6   90   43   70   51   62   48   77   46   91    8   75   40   16   12   45   18   55   27   31   88   73   33   34   11   79   68   92   95   48   86   14   94   56    4   15   30   93   10   61   13   32   36    2   53   81   89   44   35   57   19   74   62   76   37   26   78   72   60    1   69    9   52   38   85    5   84   63   39   58   25   29  
  81    7   39   62    9    6   78   63   26   75   53    7   34   85   88   77   23   60   41   37   94   90   40   91   36   19   21   14   49    5   29   87   52   59   92   50   25   74   95   38   32   47   66   82   39   48   67   18   86   65   69   45   51   69   30   35   68    3   51   64    1   11   16   54   61   44   57   12   24   17    2   20   15   33   73   42    8   61   10   43   56   13   83   58   72   70   31   46   79   76   84   22   71   93   28   55    4   89   27   80  
  93   41   28   91   21   45   46   86   29   85   39   12   84   58   71   10   14   89    9   61   62   13   25   87   90   73   92   66   70   78   22   64   19   79   56   44   26   52   31    8   49    1   67   17   57   88   59   43   81   80   42   18   48   74    3    2   37   38   82   24   34   72   47   55   63   23   54   68    4   53   76   73   83   51   32   95   60   35   36   40   20   77   27   15   54   50    5   94    7   85   35   69   30   33   16   65   75   71    6   11  
  79   82   58   33   73   70   35   86   19   75    8    2   46    9   21   95   56   32   10   92    3   43    1   67   54    6   90   83   53    4   81   44   65   14   85   18   64    5   30   47   20   16   72   51   94    7   63   45   60   41   93   34   49   24   62   50   89   11   17   39   66   29   30   78   69   92   55   84   34   42   86   48   25   61   52   12   91   59   23   22   37   80   36   38   68   35   88   31   87   26   13   76   77   27   15   74   71   28   57   40  
  38   94   45   39    2   68   27   77   19   78   53   69   37   12    4   71   89   68   58   54   57   82   55   47   81   49   52   56   33   85   70   21   18   16    8   87   11   63   20   29    1   34   46   65   42   95   14   74    7   76   28   59   24    8   25   55   64   72   32    5   36   62   26   34   43   23   40   85    6   84   93    9   48   22   91   35   67   86   61   30   80   83   41   50   31   13   66   75   79   17   90   44   60   10   88    3   73   15   51   92  
  22   84   90   54   27   75   56   41   79   30   48   25    1   63   91   78   87   33   62   81   38   35   83   64   67    5   39   69   46   29   44   74   65   95   57   53   70   19   61   23    4    2   68   16   21   42    7   39   55   15   76   58   91   93   32   11   43    9   24   51   26   45   59   94   49   13    6   50   36   66   31   86   52   37   77   47   14   89   92   71   60    8   18   82   34   70   17   12   28   88   40   80   73   43   75   20   10   85   72    3  
  69   89   85   10   29   73   42   16   25   36   54   51   12   48   19   94   53   46   34   22   93   74   95    1   81   50    8   33   32   87   67    5   14   13   27   60   21   63   64   57   38   76   75   56    3   20   30    7   23    9   58   59   90   65   92   47   18   24   45   70   28   62   35   32   82   78   31   65    4   66   72   43   37   49   11   68   91   77   44   20   88    2   55   83   74   79   71   26   15    6   84   40   61   86   80   52   17   41   39    8  
  74   30   27   21   85   80   89   60   66   20   39   87   38   11   95   14   82   10    4   53   81    5    9   56   76   17   43   95   29   18   25   34   84   42   16   40   63    3   33    2   41   78   15   90   65   49   22   93   71   19   51   59   67    6   52   23   26   35   92   36   57   45   13   70    9   91   48   75   28   72   79   46    1   77    8    7   54   64   44   73   55   62   31   47   64   37   68   83   61   55   94   50   32   12   88   24   58   69   86   43  
  50   32   95    7   34   15   13   87   49   11   79   10   89   93   16   84   52   85   59   37   17   66   60   43    1   88   75   80   61   40   35   58   20   22   69   74   67   14   90   79   65   77   18   44    2   81   33   90   90   30   41    6   23   28    3   54   56   57   92    4   27   56   70   55   73   42   12   46   47   53   10   76   51   94   82    8   62   39   86   21   91   26   63   19   64   29    5   45   83   68   36   24   72   48   38   31   25    9   78   71  
  36   64   22   35    3   72   23   92   69   52   90   79   77   93   29   37   18   24   83   75   80   40   55   42   76   62   70   50   90   26    9    2   67   28   45   33   17   95   89    4    8   59   53    1   92   86   49   91   51   74   11   44   84   42   30   21   54   31   20    7   25   85   56   65   63   27   19   61   48   68    6   82   94   14   15   71   16   46   87   38   73   43   34   88   81   57   41   12   10   32   58   39   47   78   13    5   64   60   66   68  
   9   40   69   62    6   23   30    3   87   36   60   65   66   38   21    7   68   24    4   83   80   92   29   14   55   59   10   11   76   88    5   27   63    2   46   13   49   73   53   43   54   31   34   79   39   71   72   33    8   19   35   58   84   74   85   67   18   95   91   61   77   64   20   11    1   32   84   21   57   82   51   88   70   52   50   26   86   42   15   75   90   94   12   48   81   37   93   89   22   28   27   56   78   17   41   16   25   47   45   44  
  93   41   42   94   14   11    3    1   10   31   10   82    8   89   65   59   32   15   44   61   72    5   73   86   68   19   30    7    9   80   81   71   53   20   23   39   12   87   69   47   36   76   63   40   34   43   83   61   90   52   84   37   33   75   67   50   48   46   55   54   56   85   92   51   28   25   78   21   26   64   70   66   60   16   45   36   35    2   58   57   77   62   24   88    1   74   95   13   18   27    6   38   22   49   47   17   91   29    4   79  
  88   27   26   25   82   38   55   77   23   33   19   29   20    9   34   92    8   46   73   56   49   39   49   93   79   43   95   18   44   45   81   58   22   68   11   60   41   13   35   74   32   53   50   69   49   92   36   40    2   70   15   91    4   86   90   21   12   54   94   27   24   75   80   30   71   83   37   28    1   64   89   31   42   59   62   47   48   85   87   72   83   10   14   61   66   67   17   63   65   51    7    5   52   57   16    3   76    6   84   78  
  70   88   41    6    1   84   71   36    2   94   27   28   15   75   58   90   24   79   57   25    4   13    5   91   53   55   34   66   26   87   30   70   51   60   64   73   85   50   78   37   39   86   31   54   43   38   92   62   72   56    9   19   29   44   17   59   48   89   33   40   62   69   61   55   35   65   76   46   93    3   76   23   22   95   82   63   68   77    7   16   80   52    8   32   45   18   67   81   10   14   47   42   12   15   21   83   11   74   49   20  
  85   38    4   81   68   26   51   45   41   33   50   72    1   19   23   90    2   42   66   24   79   13   35   27    6   67   31   64   15    4   44   94   18   40   86   61   53   84   88   52   75   11   21   71   56   50   54   39   92   28    7   30   74   91   29   58   76   17   14    8   89   70   60   57   12   37   43    2   69   93   95   62   32   36    3   48   82   59   87   63   80   16   55   22   47   83   78   10    5    9   65   49   34   46   77   34   25   20   60   73  
  84   29   66   79   22    5    9   41   44   71   23   26   62   18   43   19   55   54   31   66   86   77   39    9   56   64   21   90   49   33   48   75   81   91   69   85   82    6   61   45    4    7   32   83   57   25   47   17   12   20   78   46   70   42   38    1   51   36   73   16   93   87   94   27   58   72   88   40   11   28   76   65    3   14   63   68   35   92   71   95    8   88   53   13    2   10   34   20   30   15   89   80   67   50   60   59   52   37   24   74  
  53   51   91   19   10    3   44   86   76   21   92   32   49   63   22   72   69   39   40   58   17    6   26   42   72   11   52   55   71   34   68    5   33   14   87   64   31   48   89   80   88   75   60   29   20   54   23   81   15   46   12   55    9   13   90   21    2   16   59   66   61   62    7   45   24   70   79   28   65   95   56   94   83   11   35   25   82   77   30   84    8   18   78   80   73   50   27   41   57    4   85    1   47   38   37   36   43   74   93   67  
  37   65    3   15   14   68   25   67   95   23   35   45   36   72   52   24   41    5   13   64   11   42   43   59   84    2   38   91   53   70    7   66   83   48   32   69   39    9   92    4   48   46   16   33   61   75   55   87   34   54   17   18   62   47   29   86   50   73   10   79   90   76   56   20   88    6   81   89   31   60   57   19   28   63   22   85   93   12   49   21   66   30   27   80   40   58    1   94   44   95   56   82   77   31   51   71   26   78   74    8  
  58   64    7   69   10   75   84   80   35   56   81   88   31   50   57   94   49   36   53    6   51   95   86   63   44   40    2   47   61   49   29   38    8   73   93   85   90   20   78   72   74   83    5   91   59   32   52   22   79   68   48   77   92   87   70    3   60   28   46   23   89    1   76   19   71   16   55    4   21   15   24   42   27   45   62   39   82   30    9   17   33   73   43   25   88   26    2   34   54   12   18   37   41   14   11   67   13   66   65   78  
  56   87   22   59   50   19   67   76   44   65   86   94   15    8   27   60   70   11   51   69   20   18    1   63   77    9   57   71   78   89   28   53   37    5   58   15   13   17   29   43   92   23   16   45    3   26   94   46   14   55   61   39   32   62   48   95   74   10   83   36   42   24   31   25   84   79   75   66   93   81   47   80   38   33   45   88    4   18   68    7   21   72   89   12   49   91   73    2   52   30   82   85   41   54   90   34   40   35   64    6  
  51    6   89   64   30   27   33   18    4   12    7   76   78   53   28   73   71   22   36   44   49   93   25   31   41   77   54   95   32    1   50   20   13   85   90   39   65   55   60   82    3    5   26   70   51   34   17    8   58   19   38   46   74   68   84   63   29   87   59   57   69   15   40   61   63   75   91    2   88   66   81   37   45   91   24   23   21   35   67   79   94   52   86   92   47   63   83   11   10   62   43   48   16   80    9   42   72   56   14   48  
  21   43   23   87   66   55   11   79   88   78   94   45    3   16   71   35   15   41   38   26    9   68   68   32   40    5    2   29   80   34   90   33    1    7   56   81   19   22    8    6   92   13   95   30   85   91   86   53   28   36   60   62   52   63   57   77   82   39   25   84   14   47   37   67   89   69   20   31   49   72   70   93   17   42   24   44   60   61   76   12   10   48   64   65   73   74   76   75   54   27    6   58   76   18   83   51   50    4   59   46  
   6    8   77   51   43   11   70   81   57   32   55   84    1   68   85   82   75   18   71   87   69   13   50    9   38   15   66   62   95   37   29   16    2   25   90   59   27   88   46   34   52   17   70   31   65   44   76   83   50   48   49   24   93   58   42   74   41   30   12   67   63   92   54   26   56   79   28   18   73    3   45   80   10   39   47   23   89   35   78   61   94   19   22   54   40   60    4   64   21   33   20   53   14   86   72    7   50   91    5   36  
  64    1   35   76   23   72   59   87   19   55   93   37    7   77   60   27    5   66   73   63   92   65   15    6   51   86   14   58   24   95   69    4   71   81   79   52   31   40   34   49   83   45   94   48   74   62   61   29   88    9   25   13   39   50   75   22   67   84   47   60    2   17   90   21   43   78   82   36   80   38   57   41   26   16   68   11   33   30    3   44   20   89   53   91   85   48   12   18   46   28    3   79   54   56    1   10   70   32    8   42  
  75   41    6   68   67   19   76   69    1   62   53   59   71   48    3   60   29   20   91   22   30   64   94   43   86   46   88   58   70   49   23   77   37   90   89   47   72   32   42   18   39   36   15   87   10   79   13   85   14    5   31   21   17   57   73   83   78   34   51   61   32   40   66    9   95   30    4   12   63   92   25   33   81   64   54   44   74   35    7   84   51   38   26   52   93   65   11   82   55   16    2   80   56   24    8   50   27   68   45   28  
  94   55   69   69   42   52    2   77   37   41   33   31   47   71   33   59   92   29   35   15   56   43   40    7   13   39   62   80   27   63    6   78   86   11   79   26   67   61   51    5   66    8   23   60   18   70   83   44   24   82   14   16   32   68   72   17   87   95   23   88   65   44   84   58   90   76   54   45   92   30   25   36   64   85   21   50    3   22   49    1   89   73   53   57   28   93   74   75   46   20   48    9    4   91   19   12   34   38   81   10  
  85   32   65   60   57   87   75   12    6    3   64   94   59   66   20   39   30   80   82   19   17   35   84   72   92   29   79   73   77    8   11   95   38   28    1   22   18   76   14   33   23   56   43   13   89   90   83   42   52   82   61   24   10    2   63   50   51    9   91   69   46   44   54   93    6    7    5   81   67   88   62   37   21   58    4   41   47   15   40   16    8   48   25   55   91   26   74   78   68   71   45   34   70   53   49   36   86   31   63   27  
  22    1   32    3   62   70   36   58   39   15   84   77   56   81   45   50    6    8   82   13   60   19   17   51   27   14   21    2   87   52   20   54   10   44   18   18   30   71   53   12   68   46   35   34   61   65   41   25   42   80   88   57   33   92   43   28   90   11   93   75   67   94   49    5    4   47   74   64   63   95   91   26   83   72   69   73   24   22   16   85   23   29   37   89   86   35   66    9   40   79   55   31    7   48   78   74   59   38   43   76  
  39   30   37   95   29   36   41   61   28   47   75    9    6   69   78   93   46   65   13   22    8   77    1   23   79   38   44   76   67   72   19   15   43   35   16   54   70   25   45   63   21   41   11   17   94   21   31   89   66   27   84   20   88   74    7   80   82   33   73   52   85   71   55   32   49   34   53    2   86   48    4   50   91    5   83   59   14   90   62   81   56   64   81   10   18   12    5   51    3   92   87   68   42   24   57   60    4   40   58   26  
  39   59   44   89   66   86   27   20   60   74   63   41    1   31   88   71   57   50   91   81   85   72   94   14    4   42   45   73   24   83    5   32   49   78   26   10    1   79   29    9   33   40   38   68   38   11   58   82    6   12   92   37   67   62   84   90   46   59   23   52   80   75   64   13   30    2   36   28   69   76   95   55   25   65   21   17   49   87   61   54   18   35   77   51   55   93   48    7    8    3   22   19   43   34   47   15   70   53   16   56  
   1   84   42   24   17   43   27   54   15   48   53   93   46   61    6   94    5   51    7   37   60   19   76   73   33   20    9   30   38   56   87   86   66   64   49   62   83   11   28   34   39   79   40   18   54   78   63   21   68   14    2   58   67   44   77   36   45   89   90   95   73   13   93    3   47   52   35   32   23   91   69   31    4    8   25   25   74   70   57   41   12   81   65   55   16   10   75   50   72   26   88   59   42   22   71   85   29   82   92   80  
  12   58    5   45   60   25   91   82   81   49   56   18   52   40   36   71   24   15   20   83   88   73   59   69   38   66   13   74   32    1   61    3   31   28   46   10   33   86   49   48   79   14   63   75    9   44   92   53   23   51    8   67   22   77   78   54   30   76   23   93   80   50   11   27    6   85   34   16   17   64    2   47   19   84   94   62   95   87   72   29    4   68   57   12   41   65   35    7   43   89   26   19   21   55   35   42   70   90   39   37  
  85    2   37   28   42   21   84   62   73    1   48   61   24   16   27    7   47   79   12   68   72   54   87   22   83   41   90   63   51   30    3   33   76   91   13   56   12    4   77   55    6   29   40   75   74   50   57   49   60   46   82   88   26   45   95   17   78   67   10   35   92    2   80   14    5   53   86   64   58   95   39   32   89   66   15   44   65   81   43   94   36   31   19   18   93   38   20   52   31   77   11   23   34   70    9    8   59   69   71   25  
  66   19   64   25   88   70   75   34   42   84   89   69   71   56   36   77   12   15   45   33   36   94   46   41   53    6    3   48   79   95   81   72   26   61   57   27   59   44   47   51   14    8   82   24   43   23   39   49   10   16   32    9   37   55   76   87   74   73   91   22   35   67   18   80   28   86    1   30   29   58   32   54    5   38   25   65   13   90   63   17   40   85    2   20   83   93    7   60   12   21   68   78   78   52   11   31   50   92    4   62  
  43   31   80   64   72    1   22    4   93   39    2   76   57    9   55   38   92   48   19   52   35    3   14   18   63   68   66   71   60   32   15   78    7   33   52   26   45   12   23   24   74   50   84   20   44   16   47   73   46   34   51   53   95   89   49   70   65   30   67    6   23   37   67   28   94   59   79   10   11   17   85   86   25   87   21    5   83   91   75   90   27   52   54   13   41   88   36   40   42   62    8   58   29   69   82   77   48   81   56   61  
  86    5   12   74   67   37   22   88   50   54   69   51   68   71    7   75   29   15   17   66   45   27   82    4   32   31   90   38   87   62    8   57   84   53    2   55   73   91   63    1   26   77   85   23   24   81   58   10   29   19   35   61   22   49   20   60   64   95   59   83   47   33   36   43   65   14   42   72   11   13   70   30   52   46   79    9   21    7    6   94   41   56   40   48   25   18   89   44   92   78   80   16   64   39   34   77   76    3   93   28  
  38   37   44   45   82   47   71   58   76   23   13   53   67   17   48    9   25   38   35   50   74   70   86   73    3   34   83   69   52   79   42   22   39   40   93   29   87   88   59   42   85   95    6   43   16    5   18    7   90   41   95   26   32   91   84   61   56   49   66   80   64   19   10   54   63   85   30    8   77    2   81   72    4   51   28   12   68   27   62   65   46   92   57   20   67   89   21   55   33   60   36    1   75   78   14   24   31   11   15   94  
  84   22   45   41   70   54   20    9   29   79   59   49   75   38   72   43   17   16   12   88   74   68   47   92   69   37   35   90   42   44   70   51    4   36   15   16   52   48   67   64   90   73   63   46   91   13   76   94   39   61   31   25   10   86   60   93   82   95   28   18    2   24   40   19   26   77    8   87   50    1   34   89   53   71   33   78   57   88   14   27    3   62   32   81   56    6   30    7    5   65   21   24   85   83   66   23   55   80   11   58  
  25   43   25   54   65   91   46   94   87   51   33   76   27    3   28   82   78   78   36   64   26   61    5   47   62   37   45   22   77   49   41   20   35   17   83   75   92    6   72   80   58    8   59   81   13   71   84   73    7   32   90   53   40   88   57   15   89   18   23   34   52   67   55   74   39   50   38   11   86   68   30    9    1   12   42   70   79   48   14   31   48   24   69   20   21   66   16   56   35   85   63   60   44    2    4   10   95   29   93   19  
  18   32   44   17   41   34   79   77   58   67   31    6   88   84   15   45   35   60   93   61   64   72   90   80   22   47   50   70    4   27   25   55   63   82   16   20    7    1   11   26   66   13   43    2   92   46   23   40   18   95   87   49   37   56   36   81   78   57   91   89   34   19   65   68   33   73    5   74   86    8   51    9   38   39   94   54   53   52   24   28   71   10   14   29   76   85    3   21   83   59   12   61   62   42   48   18   75   69   30   44  
  63   70   57   19   83   82   91   69   13   79    7   92   38   90   75   21    1   39   61   40   78   71   49   32   84   52   51   77    2   11    6   18   35   29    9   50   94   33   22   23   41   55   60    5   72   73   48   95   42   58   13   56    4   69   81   27   10   59   28   25   87   16   37   20    7   26   24   85   36   31   46   64   88   68   86   65   30   15   56   34   43   47    3   67   53   17   80   14   12   62   66   76   74   45   93   54    8   44   80   89  
  75   50    2   94   16   48   82    1   85    9   24   88   64   95   74   39   30   62   70   63   93   57   33   65    7   69   15   80   92   67   11   43   13   10   31   42   89   95   84   31   62   17   38   71   81   35    8   68   28    3   14   91   28   83    5   61   54    6   47   18   79   52   41   77   58   78   73   44   32   76   90   21   60   26   45   20   59   53   29   51   86   25   22   19    4   12   87   49   55   46   37   66   40   21   36   72   34   27   56   23  
  95   39   72   57   71   25   76   47   37   75   56    9   83   43   41   24   49   89   36   32   74   15   43   19   69   91   12   40   44   29   50   58   47   79   78   54    3   60    6   38   52   40   80   82   33   28   94   31   51   64   22   53   65   93   84   27   20   70   85    4   70   73   63   77   88   68   13   10   90    7   61   45   18    8   66   59   30   16   26    2   21   23   87   11   35   17   92   42   14   86   70   55   34    1   48    5   62   81   46   67  
  53    5   55   63   49   94    9   66   18   52   72   70   31   64   42   38   47   44   81   35    6   88   28   48    2   37   34   43   93   77   19   32   68   95   82   45   69   75   40   56   65   25   73   85   21    7   90   62   46   54   23   92   10   58   91   15   30   33   22   15   11   74   27   72   13   87   41   76   60   61    4   84   89   71   77   39   20    8    1    3   57   24   50   59   36   26   17   76   80   29   83   67   51   59   86   79   78   16   14   12  
  32   23   35   18   65    2   41   40   31   85   56    6   27   77   42   72   79   13   19   69   59   54   49   81    5   21   44   57   50   76   58   37   91   20    8   78   47   46   11   74   43   39   63   75   25   10   34   51   45    9   16   14   62    1   17   30   26   87   95   14   84   66   53   23   64   28   38   93   92   83   82   67   90   68   23   73   12   24   52   88   94   55    7   89   71   60   36   70   86   15    3   14    2   48    4   33   80   29   22   61  
   4   70   42   78    5   16    7   19   69   18   63   45   59   51   57    2   38   67   37   54   25    3   28   88   40    9   17   62   64   72   31   77   33   82   92   76   52   83   46   11   81   44   32   90   29   13   39   12   35   68   87   47   30   64   34   75   56   86   61   85   70   45   28   36   73   80   41   58    6   21    8   55   89    1   74   27   10   71   93   49   15   20   65   22   66   91   23   53   94   26   79   84   50   24   14   95   28   48   43   60  
  87   45   28   56    3   54   20   74   84   44   26   31   80   63   32   25   80   27   17   65   33   40   94   19   60   52   51   41   15   68   93   88   49   47   82   38   58   59   14   77   29   46   22   61   12   43   10   73   83   21   86   91   75   85   11   24    1   78   66   23   39   81   64   67    6   76   43   89    9   55   91    4   71   10   69   35   90   72   30   48   62   53   79   36   50   37   42    2   34   92   70    5   64   18    7   57    8   13   95   16  
  61   15    4   17   43   10    8   75   87   72    1   94   41    6   58   64   24   59   42   47   13   55   12   69   84    2   37   57   85   44   22   38   60   62   67   21   71   81   51   48   41   91   56   70   68   86   73   26   46   32   45   28   16   64   92   89   65   76   35   50   40   32   25   18   34   33   30    8    5   52   63   77   82   36   49   14   90   53   11   29   93   20   95   27   19    7   88   79   54   52    9   80   39   23    3   31   74   83   78   66  
  56    4   32   94   59   12   48   54   62   39   95   73   22   68   45   47   43   64   67   69   92    9   31   34   89   35   11   13   65   37   70   38   51   59   77   46    8   52   10   28   29    1   82   25   18   33   42   17   50   15   27   81   80    7   60   55   88   20   40   21   24   66   77   19   49   72   16   85   93   58   87   74   76   90   71   79    2   53    3   86   63   23   44   75   84   26   78    9    4   91    6   14   61    5   62   36   57   41   30   83  
  66   32   43   86   31   94    9   30   42   37   62   18   69   41   82   38    6   44   20   25   79   46    1   69   93   21   85   88   47   35   70   59   57   92   67   15   39   90   71   45   58   11    8   28   36    2   48   75    7   23   56   16   14   50   74   19    5   87   17   60   95    3   63   24   90   33   68   91   26   89   80   51   65   27   53   61   69   72   13   73   40   22   77   64   81   84    5   54   52   10   49   78    4   22   34   76   29   55   83   12  
  83   74   27   36   85   76   46   84   12   67   55    6   90   34   51   29   93   25   61   70   31   33   68   88   77   21   53   82   13   35   75   52   62   50    1   86    7   95    4    3   44    5   10   40   83   45   94   71   30   59   18   39    8   23   66   89   26   42   22   38   15   72    2   37   69   81   60   43   54   87   32   63   17   41   48   47   64   91   74    9   57   65   34   58   76   16   49   80   78   20   92   79   50   73   56   14   24   28   11   19  
  31   51   63   34   55   41    3   24   81   32    2   58   83   76   48   73   95   47   30   49    1   16   50   27   35   42    5   46   21   69   22   39   88   28   19   53   57   15   40   82   25   60   45   62   72   33   20   75   85   79   37   71   68   74   77   36   11   65    4   12   54   70   89   10    7   43   17   15   29   87   14    9   23   66   78   21   56   80   91   26   61   52   67   94    6   93   92   13   58   59   84   64   18   19   86   44   90    8   79   38  
  28   22   26   47   65   95   79   46   71   32   18   69   57   78   53   19   11   48   41   25   80   55   49   43    7   29   42   68   73   21   87   24   66    6   20   60    9   34   72   93    1   51    5   59   75   38   82    4   39   62   30   81   70   74   90   72   92   35   15   88   58   85   51   61    8   44   33   84   50    3   14   17   56   89   67   37   45   64   86   54   13   91   31    2   10   16   94   76   52   75   77   48   89   63   40   23   27   36   12   83  
  58   93   67   54   85   38   21    9   80   56   57   72   22    4   29   49   23   30   71   12   71   86    7   14   83   37   73   95   84   75   65   15   35   19   34   61   11   42   94   47   81   48    2   78   79   41   33   62   25    5   44   39   17   52    6   69   51   14   37   27   64   45   34   24   90    1   89   76   68    8   43   18   10   20    3   63   77   32   53   60   59   40   70   55   26   28   36   66   50   91   31   16   88   92   74   13   87   46   75   82  
  45   16   55   63   79   25   18   35   36    1   10   23    7   11   64    8   95   72   62   86    3   70   94   57   78   69   77   24   73   66   15   90   19   33   50   34   12   39   82   23   47   89   71   32    6   30   84   22   68   60   89   67    9   42   21   26   59   28   54   37   31   52   56   51   17   75   88   76    5   58   53   48   13   29   38   93   74   65   37   43   23   92   83   21    2   40   61   85   46   87   14   81    4   27   44   80   91   20   41   49  
   7   13    1    5   83   53   24   60   94   69   76   89   65   21   74   57   61   16   25   72   91   27   73   29   26   81   41   71   11   12   82   35   22   28   47   24   18   85   30   51   92   38   34   32   23   33   68   93   62   77   87   20   42   17   49   43   80   75   88   10   31    8   67   48   78   95   45   19   56   86   90    3   50   41    6   84   68   49   40    2   14   46   54   37   52   66   70   36   39   58   64   24   44   59   55   79    9   15   63    4  
  55   16   24   56   82   71   68   15   83    3   66   20   43   29   26   38   40    7   84   77    4   17    8    2   78   84   44   49   62   36   74    9   61   22   11   65   91   13   65   95   27   63   67   12   31   14   85   50   80   69   94   34   45   51   52   39   41   47    1   35   84   75    5   81   58   76   21   48   53   33   19   73   46   18   93   20   88   25   28   72   54   86   59    6   30   32   64   90   42   57   60   87   70   92   79   49   89   23   37   10  
  50   59   81   58   91   92   40   23    1   16   78   11   88   10   17    3   94   47   82   13   38   73   21   44   69   27   74   61   46    9    5   20   30   43    1   39   84   79   25   87    2   63   60   41   49   85   28   22   24   53   48   93   75   70   33   15   34   45   26    8   67   79   56   76   31   89   54    6   90   57   51   66   61   55   72   86    7   71   14   37   18   42   28   83   52   77   35   24   36   19   80   12   64   95   62   68   32    4   29   65  
  82   72   74    1   17   59    7   44   93   24   18   39   58   22   61   33   70   30   89   43   53   13   66   41   40   54   26   69   75   58   19   20    8   86   73   88   21   63   28   85   94   76   29   67   37   80   84   62   55   71   15   45   87   81   27   91    4   79   49   16    6    5   65   38   32   48   78   92   60   56   59   51   31   46   90   14   35   34   41    3   47   64   11   42   10    7   25   68   95   52   31   23    9   83    2   36   12   77   57   50  
  87   14   92   58   79   16   63   17   30   68    1   77   15   43   35   32   41   51   74    2   95   44   85   80   39   40   72    8   85    4   94   82   25   24   34   53   18   56   31   67   73   61   84   26   65   59   47   12   62   60   21   78   22   66   23   75   55   54   76    3   19   37    9   42   86   52    7   64   83   49   13    5   33   36   20   71   63   89   45   27   58   46   10   28   91   15   90   50   88   93   38    6   70   81   69   29   11   57   48   70  
  66   55   36   20   16   29   76   13   41   62   59   60   31   24   34    4   49    1   48   30   16   30   11   23   67   88   58   14    5   91    3    6   77   84   53   61   79   83   94   46   92   56    7   78    8   42   70   21   18   33   51    3   71   37   32   72   26   95   64   38   89   85   45   25   82   19   27   22   90   86   52   47   87   39   69   35   73   81   93   15   40    2   80   43   74   50   17   48   12   65   10    9   57   63   92   44   68   75   54   28  
  87   50   40    3   81   41   12   89   82    8   17   86   88   58   59    2   63   11   15   61   73   18   48   77   53   35   90   16   31    5   21   18   80   25   34   95   75    7   92   64   76   28   19   55   38   24   20   83   80   49   22   71   45   52   51   14    1   84   65   85   91   39   72   42   10   29   43   57   78   74   27   47    6   36   26   62   32   56   23   44    9   79   37   66   54   93   46   69   70   60   94   30   13   38   18   62    4   33   67   68  
  28   13   24   78   51   77   94   39   57   25   86   84   10   54   12   84    7   92   21   60    3   23   83   70   27   56   45   36   53   48   85   16   46   38   93    8   89   31   30   66   68   49   88   74   50   19   41   95   91    5   20   58   42   67    6   26   40   62   79   55   56    9   64   71   80   44   59   81   32   75    2   45   90   61   34   15   18   52   29   72   65   69   73   33   17    9   30   47   63   14   22   76   82    1   37    4   87   35   43   11  
  33   47   22   56   82   84    6   15   66    9   83   59   14   95   10   52   60   75   25   24   20   77   40   57   50   36   76   45   50   19   90   25   54   26   39   13   70   69   88   89   78   46    1   27    7   49   73   23    5   42   55   62   68   12   79   35   61   13   63   85   21   71    2   91   80   28   34   58   72   93   92   37   43   87   44   41   32   89    3   38   16   53    8   48   18   74   17    4   86   67   29   65   81   11   64   51   94   47   31   30  
  54   39   33   30   90    7   58   89   23   84   47   93   49   69    4   61   55   11   25   44   92   67   13   48   52   19   57   53   24   26   87   28   17   64   95   18   51   76   70   60   56   32   59    6   74   16   72   31   77   66   73   88   63    8   46   40   37    3   21   34   35   75   22   82   42   95   78   14    5    9   20   51   94   27   43   29   19    2    1   45   41   38   86   80   79   83   10   15   36   68   62   81   91   70   12   65   71   13   50   85  
  12   85   10    5   64   93   90   47    9   84   94   82   20   61   23   14   21   36   56   71    1   15   44   50   62   26   34    4   80   87   59   51    7   37   48   53   27   33   57   16   43   35   30   92   25   86   91    8   79   78   58   76   18   39   24   77   46    2   55   45   74    3   95   66   17   41   90   50   60   32   89    6   49   54   72   11   75   19    7   70   40   88   61   69   29   52   22   62   42   28   83   68   31   65   38   13   73   81   67   63  
  46   58    1   69   83   60   40   20   80   32   55   31    7   78   49   57   17   22   90   71   45   92   36   50   94   44   37   72   14   24   28   53   30   79   62    9   19   39   27   33    3   63   42   47   95   68    5   38    6   74   15   84    5   82   51   18   85   52   76   66   21    4   80   77   91   34   59   61   26   86   11   13   16    2   75   35   10   67   48   33   93   65   56   64   87   23   73   89   81   43   39   88   54   25   41    8   42   12   29   70  
  80   73   78   16   87   48   15   43   25   93   11   86   26   36   38   75    3   39   45   46    9   47   72   81   56   37   17   42   71    6   13   68   85   95   27   33   19   48   23   18   54   90   69   69   38   28   84   24   91   51   65   59   30   31   21   22   88   74   35    2   67   62   94    7   53   57   83   60   40   58   29    4   82   79   34   49   76   20   52   74   61   89   66    8   92   77    1   41   50   14    5   70   32   44   64   55   10   86   12   63  
  58   70   60   79   87    6   14   92   25   76   30   63   89   22   24   21   27    9   84   55   44   37   41   68   38   13   71   81   10   26   36   45   65   69   42   56   47   23   90   61   42   48   53   33   46   18   15   32   59   85   42   72    7   67   93   95   11   34   62   30   38   19   39   88   40   29   75   80    8   31   50   49   91   12   94   64    3   54   78   28   66    4   17    1   86   16   82   52   83    5    2   28   73   35   77   51   43   20   57   74  
  11   28   21    6   60   12   90   77   71   87    3   39   44   81   41   68   14   25   74   46   20   52   84   56   94   76   26   15   65   22   42   91   45   52    9   75   34   88    2   29   67   59    7   43   30   13   46   48   83    4   89   33   55    8   18   54   17   28   70   19   61   93    8   86   24   73   40   69   92   63   36   66   78   38   50   37   82   53   23   16   66   32    5   35   72   47   80   85   62   51   79   31   95   64   49   57   10   58    1   27  
  49   29   50   24   21   70   90   88   32   13   35   36   55   54   57   67   93   67   26   52   14    1   44   56   15    5   76   95   40   63    7   45    6   47   72    8   31   42   81   69   37   20   18   28   16   17    3   85   22   61   68   30   26   94   87   64   83   19   11   12   77   80   78   41   46   34   73   84   66   25   53   22   51   75    9   38   10    4   26   91   58   59   62   89   39   23   33   71   86   60   61   74   65   43   48   79   92   27   82    2  
  80   86   54   62    8    9   81    7   34   72   27   55   88   78   47   53   46   45   42    1   79   48   93   64   23   95   13   19   56   94   22   66   63   30   21   57   83   20   11   39   68   43   16   28   91   50    2    3   59   24   12   75   18   26    5   66   73    4   37   32   76    6   37   77   40   33   67   85   27   86   17   60   92   41   10   82   49   52   25   61   65   29   38   15   84   69   51   70   44   35   87   90   89   71   36   31   74   58   14   58  
  40   11    2   76    6   59   80   70   21   58   61   92   57   46   30   51   23   44   35   37   65    9   63   91   39   42    7   38   28   86   17   14   33   94   71   87   18   50   73   64   25   36   89   52    8   66   75    5   67   53   21   83   77   60   82   81   34   95   58   68   54   24   93   12    4   15   84   48   55   27   22   34    1   31   32   20   90   77   10   19   69   74   56   88   85    3   16   13   79   29   62   41   62   49   43   47   45   26   78   72  
  56   92   91    1   38   64   15   47   34   66   58   95   20   51   61   86   11   83   31   73   72    9   65    8   87   23   90   26   53   54   42   31   50   41   76   17   25    6   29   14   30   32   77   94   35   71    2   78   63   69   80   81   12   10   19   62   49   33   27   71   44   48   18   93    7   85   22   28   82   46   16    3   24   95   74   39   67   84   13   74   79   88   36    5   21   45   40   89   52   37    4   59   57   88   68   55   43   75   60   70  
  86   24   26   74   27   19   63   59   45   60   39    9   83   74   79   20   94   93    9   14   51   71   70   34   91   15   81   52   95   42   44   30   89   12   89    1   37   21   54   32   53   56   75   77   29    3   85   76   48   92   50    2   43   55   10    2   18    6   31   88   84   61   58   38   82   67   11   78   65   33   22   57   25   47   72   46   40    4   73   80   23    5   90   62    7   25   69   66    8   28   68   41   49   17   16   87   36   64   13   35  
  70   23   62   54   71   17   50    4   18   15   24   88   95   10   38   22   44   29   31   72    6   90    5   86   67   81   14   78   12   93    7   11   87   91   68   33   46   84   49   85   40   41   43   39   80   26   88   65   55   76   59    3   51    1   53   64   54   47   32   63   60   77   48   35   16   63   37   28   42   89   27   75   61   66   73   13   58   57   92    9   52   94   82   13    8   20   13   79   36   45   74    2   25   83   56   21   30   34   69   19  
  46   94   84   14   20   75   49   24   55   59   80   69   18   41   57   19   40   33   39   31   53   83   74   27   93   47   71   13   82   68    8   48    6    3   34   58   52    9   54   76   10   77   92   15   73   81   56   32    5   78   65   89   12   70   50   64   22   63    7   51   28   95   26   17    2   38    1   86   23   37   36   35   39   21   72    1   87   85   79   90   66   11   61   45   67   25   91   29   60   88   62   75   78   16   30   44    4   43   42   55  
   9   51   50   72   22   27   21   25   88   47   41   14   48   71   26   89   65   49   94   45   69   38   81   17   39    2   37   10   68   28   56   23   76   29   11   67    1   24   31   42    5   73   35   19   58    6   93   57   92   85   53   78   70   77   63   60    4   83   80   52   75   82   64   15   66   20   30   34   46   65   55   86   90   87   16   94   33   59   95   40    3   13   78   18   32   62   84   91   57   12    8    7   24   61   79   74   44   54   43   36  
  26   95   81   91    6   62   65   85   61   90   15   66   11   88   29   33   63   80   13   28   57   84   22   76   86   54    5   38   93   89   45    2   67   72    4   24    1   75   19   58   78   87   44   82   27   92   79   21   69    3    7   20   64   37   53   70   36   50   55   71    9   42   74   18   40   94   73   41   49   47   26   60   39   10   43   46   23   48   56   68   77   14   32   46   30   83   25   52   43   25   35   21   59   34   12    8   31   16   17   51  
  12   66   18   32   15   59   89   40    9   20   11   67   46   80   30   36   62   23   69   26   72   90   68   44   61   41   33   28   16   65    6    2   81    5   82   87   94   38   83   78   14   33   34   95   58   51   68   92   74   55   90   47   28   25   79   56   91   39   10   71   87   70   84   63    4   57   45   24   27   13   29    3   22   86   52   73    1   43   54   19   64   75   53   31   77   93   50   37   85    8    7   49   88   60   21   48   35   76   17   42  
  54   71   69   34   75   47   51    2   15   42   62   77   29   36   35   14    5   74   83   24   10   17    6   21   30   52   82   12   38   89   92   88   60   32    7    2   33   78    3   27   22   68   84   72    4   50   81   59   19    1   79   23   43   78   87   44   88   76   93   58   53   13   37   18   49    8   48   28   61   70   63   26   86   31   90   20   41   64   73   65    9   67   56   57   69   40   16   95   94   91   80   46   45   11   85   55   25   66   39   19  ] 
BUDGETS : [    1    2    2    5   10   11   12   21   27   28   29   29   30   33   34   41   43   46   46   49   52   52   56   58   61   64   70   71   74   76   78   80   81   81   82   85   87   88   89   91   92   92   95   98   98   99  102  105  107  110  112  116  116  119  120  126  127  130  130  132  132  134  136  143  144  147  148  149  150  151  152  154  158  159  160  163  165  166  168  170  174  175  175  176  179  180  180  181  183  183  184  185  185  187  187  187  192  193  194  196  ] 
