K : 50
I : 25
PREFERENCES : [   10   15   11    4    6    2    4    8    7   17    1    3   19    7   15    5   12   16    8   14   11   18   13    9   20  
  19    8   19    9   18    7    3    4   17    2   18   17   20   11    6   13   16    1   15   13   11   14   10   12    5  
  18   18    9   17    2    5   12   16    5    7    1   13   10    2   15    6   20    6    8   19    4   11   14    3    3  
  20   17   13    6   12    1   18    3    4    9   10   16   16   14   20   11    2    8    7    5    2   14   15    1   19  
   5   12   14    6   13   12    3    6   10    4   20   18   14    7   19   11    9    1   17   16    8   15    2   19   14  
   4    6   13    2   15    9    5    2    8    3    1    8    7   18   12   19   11   14   14   10   19   20    7   16   17  
  10    4   10    6   17   11   19   18    7    3   12    2    5    9   14    3    4   16   14    8    1   19   13   15   20  
  10    9   17   18    2   15    1    3    4    6    8   13   20   19   16   13    5    8    8   13   12   12   11   14    7  
   3    2   16    9   12    1    8   17    5   15   11   20   19    6    3    7    7   11    4    9   13   18   14   10    8  
  19   13    1    5   17    8   19   20    9   12   16    6    7   15   11    4   18   10   12    2   19    7   15    3   14  
   4   19    3    9   11   15   13    6   17   16   15   19    5   15   14    8   10    1   18    4    2   12    1    7   20  
   5    5   15    6   16   17    8   14    9    2   11   12   13    8    4   10   20   17    1    7    3   11   19   18   13  
   2   14   15   20   11   13   18    4    7   14    3    6   15   19    1    9    5    8   10    6   17   16    4   12   19  
   1    2   11   18    3   13   12   18    5   19    3    4    9    8   14   17   20   10    7    6   18   15   20   16   12  
  14    4   18   15    4   20   18    3    1    8   16   10    2   12    6    5   17    6    3   11    7   11   13   19    9  
  17   10    2   18    1    8   20   17   11   13   12    6   15    9   16    7    3   19    3   14    8    5    9    1    4  
  14   10    1    4   11   10   16   14   15   18    7   20    8    2    5    6    3   20    8   13   17    9   12   20   19  
  18   11   14    5   10   12    9   19    1   20    8   18    3    2   15   16    7   16   13    6    9    4   11   17    5  
  14    1   11    8    2   19    2   20    9    3    5   10    4    2   18   13   16    6   19    1    7   17   15   12   10  
  13    4    5   15   18   10   13   17   11    3    5   10   12   20    9    2    1    6   16    7    5    9   19    8   14  
  15   12   17   20    7   14   13   19   10    2    9   13   16    6   18    4   11    5   16   15    3    1   13    8    6  
   5    1   10    8   19    6    9    7   16    2   14   12   11   15   18   17    3    8    4   18   13    4   20   19   16  
   6    4   19   10    9    1    5   16    8   17   20   13   20   10    8   13   13   15   18    7   14   11   12    2    3  
   6    5   12   20    3    9   18    4    1   17   13   13   10   15   19    7    8   11   16   15    2   20    9   15   14  
   1    3   11   18    5   13    6   18    9    4   13   19    8    2   11   12   10    7    9   15   16   11   20   17   14  
  13    6    1    3    7    5   16    9    2    4   20    9   11   12    8   12   17   16   19   18   10   14    2   19   15  
  16   18    1    8   20    8   20   14    4    2    7    5    9    3   13   11    8   10   12   13   19   17   13   15    6  
  15   16   20    8   17   13   18    1    3    2   12   10    7   15    5   20   19   11   15   19    9   14    6    4    8  
  17    1   12    8   16    1   20   13    3   20    9   10   14   11    7    4    5    7    6   19   15   11   18    2    7  
   6    9    7    2   11   10   16   18   12    5    3   15    4   17    1   11   16   20    7    1   19    8   14   16   13  
   6   20   15   18   16   15   14   11    1    7    9    2    6   19    8   13    5   12    3    8   16   19    4   17   10  
  20    3    1    5   17   12   14   18   10   20    6    4    2   15   13   20    8   16    7   20   20   19    9   16   11  
   1   11   13   16    9   16    8   17   20    2    3   14    4   15    7    1    5    4    8   19   12   10    9   18    6  
  17    5    3    1    4    4   18    4   16    2   12    7   13    3   15   17    8    6   20   19    3   14   10   11    9  
  11    4   19   11    5   12    6    5   17   15   13    3    8   10   15   13   16   14    2    9    7    6   18   20    1  
   1   20    3    5   17   15    7    6    2   10    8    1   18   18    5   20   13   19    1   16   14    4   12    9   11  
   6   18    3    5   17    3   16   14   13    4   19   20    2    8   19    1    9   12   15   11   10    3    4    7   11  
  19    7   20    9   10    3    4   20   19    1   14    6    8   11    2   20    8   12   15    5   18   16   13   20   17  
   5    9   20   16    4    6   18   14   19    2   11   16   10   15   17    8    7    1   12    3   16    2   13   18   19  
   1   16   19    7   12   11   18   17    6   15    4    5   15    5    5    4   14   20    9    3   13    2   13   10    8  
   2   16   15   14   18   10    3    1   11   20    2    5    8   17   15   10    7    2   12   19    6   13   19    4    9  
  12    3    5    7   14    1   10   18   10   15   13    4   17   19    2   16   20   18    8    1   11    9    6    9    2  
   7   15   14   16    6    9   19   13    4   20    3   11   10   19    6    7   13    5    1    3   12   17    8   18    2  
   9   16   18    8    5   19   20   11   17   10    1    6    4   18   13   15    1   11   12    1   14    5    3    2    7  
  14   14   19   17    1   11   20   12   20    6    2   15   18    8   15   13   19   14    9   16   10    5    4    7    3  
  17   14   11   13    7    8   19   11    3    4   15    2    5    6    1   10   13   18   16   10   17    9   19   20   12  
   4   13   18   19    9   20   14   20   11   10   13    7   19    3   16   17   10   15    5    2    1    8    6   12   10  
  14    5   13    6   18   16   15   11   11    4   19   20   20    9    2   17   19   10   19    8   12    3   10    7    1  
  15   11   16    9   14   18   10   12    3   17    7    2    4   18   20   19   18    2    1    6   13    6    5   13    8  
   2   17   20    8    5   12   17    6   12   10    4    1   14    8   16   18   10   19    9   15   11   13    3    7    8  ] 
BUDGETS : [    5   10   12   13   14   15   16   18   21   25   31   32   34   38   39   39   42   43   49   50   52   57   58   58   60   60   61   63   65   68   69   70   71   76   76   80   80   83   85   86   87   87   87   88   92   93   97   98   99   99  ] 
