K : 50
I : 50
PREFERENCES : [   39   31   30   33   32   38   26   22    1   35    6   15    4   38   19   33   23   11    2   12   40   24   17   27   16   19   34    6   21   36   18    3    2   25   37   39   26   26    9   13    5   19    8   16   20   10   29   14    7   28  
   4   12    8   13   23   26   35   29   38    5   21   24   20   27   14   16   28    2    9   14   32   33   39   18   39   36   22   11    6    1   31   21   26   17   35    3   22   10   25    3   30   11   34   19    2   40   15   37   32    7  
   2   14   37   12   24   25   17   26   39   15   23   36   40   27   18   11   17   15   35   10   13    6   24   28   28   11    9    1   38   35    7   31   27   16   29    3   20    8   28   30   32    5   21   34   12    4   19   33   22   27  
  24   17   16   20   18   39   22   32   38   29   37    5   11    6   30   31   19   37   36    4   13   23   40    2    7   35   37   32   26   21   27   36   34    9   25   17    3   14   33    3    5   20   33   30    1   15   12   10    8   28  
  11   17   20   18    1   27   34   10    9   29   21   26   30   36   39   25   15   29    4    6   35   28   14   25   24   13   17   38   32    7   31    5    7   23   40   19   37   16   21    3   24   12   17    2   33    8   17   22   34    6  
   8   34   11   25   32   32    6   35   39   29   36   31   31   34    5   18   38   24   10   18   12   17   34    1   22   26   20   23   30   18   14   28   29   16    3    6   15   13    9   37   18   27    2    7   40    4   19   27   33   21  
   5   34   39   13   39   37   24   32   25    6   20   27   15   36    4   38    7   35   21   23   22   18   38   39   23   37   19    8   31    3   29   28   33   11   30   39    9   12   39    9    1   40   17   10   14   16    9   26    2   10  
   7   15   37   27   24   26   23    6   38   29   31   32   19   12    1   13   35   30   40   28   37    5   10   20    8   24   17   22   29   36   33   21   39   10    4    6   11    2   34   31   11    3   18   30   25   27   14   15   16    9  
  38   33    5   25   33   23   23   34   27   17   19   14   34   11   39   17   36   37   15   10    9   22   20   28   40   17   33   32   30    4   21    3   26   16    7    6   18   35   31   33    1   26   13   23    2   24   12   29    8   39  
  31   39   33   32    4   15   30   26   39    3   20    7   32   18   36   24   16   13    9    4   16   13   25   14   38    6   28   34   10   19   37   30   25   29   11   21   23   13   35   30   22    2   12   40   17   27    5    1    8   13  
  17   40   24   13   35   19   12   11   38   23    5   15   10   27   10    2    6   30    4   36   34    1    7   31   16   25   28   15   36    4   16   18   35   14   25    3   31   22   16   40   29   39    9   33   32   21   20   26    8   37  
  21   14   34    2   31    6   23   24    9   26   27   30   39   11   20   22   13    6   26   10    1   17   29   40   34    3    7   36   13   10   37    8    4   32   25   28    5   35   38   14   19   26    5   12   35   18   24   33   15   16  
  17   10   14   11   10    1    6   13   15   16    2   26   36   23   18   24   34   29    5   12   30    4    3   35   31    6   22   33   37   24   22   25   19    7   37   38   39   36   27    8    6   40   38   20   36    9   28   32   21   25  
  12   32    3   18    2   23   14   18   17   39   10   12   23   26   25   40   11   27   33   37   28   19   16   28   35   31   15    9    7   36   12    6    8   27   30    1   34   23   13    4   24   22   26    5   29   38   10    9   21   20  
   9   31   38   35   27   12   22    1   40   17   13   39   12   16   34   27   24    8   26   10   35   22   21   23    6    2    3   19   11   15   33   25   20   13   28   18   14   36    3   23   37    5   11   32   13    4    7   26   30   29  
  10   21   38   27   17   30   40   28    8   19   23    9   24   25   36   13   28    7   14   31   35   26   34    5    4   14   32   12   18    4    3   39   13   20   22   37   29   14   18   38   33    6   18   15   16    1    2   11   35    8  
  31   20   11    7   35   17   18   25   10   28   37   13   21    3   15    9   40    2   22   29   39   21    6   32    5   11   36    8   26   13    4   16   38   30   38   27   21   12   25   29    1   23   38   36   24   34   33   14   25   19  
  22    7    5   25   17   26   37    1    6   37   32   25   23    4    7   16   24   31   29    3   28   33    8   34    3   18   39    7   30    5   35   40   20   10   27   14   36   19    2   15   18   21    7   16    7   13    9   11   12   38  
  11    7   34   13    5   18   25   19   21   28    8    7   30    7   22    7   33   32   37   31   38   36   20   40    6   31   34   24   35   39    7   13    4   26   12   16    2    2   14    7   15    3   35    9   27   23   17   29    1   10  
  28   27   10    8   13   25   12    1   21   35   17   31   37   24   26   14   34   32   19    3   16    2   30    6   11   31   14   30   29    5   15    6   15   22    9   20   18   40   33   29   23   38    4   13   31   39   31   39   36    7  
  38    1   11   40   20   27   37   40   26   23    6   25    2   40   21   21   12   29   33   22    9   15    2    8   10    5   31   39   19   30    4   32    2    4   13   16   36   24   35    7   34   23   28   17    3   18    1   19    4   14  
  27   22   22   10    2   32   40    8    1   19   34   38   11   40   28   10   39   37   14   12    6   13   16    5   18   25    7   30   20    4   24   26   17   25   32   13   33   27   36   29   39   15    3    9   23   21   35   36   31   23  
   3   22   24    3   28   27   40    9    4    5   28   37   29   11   34   38   32   16   33   39   35   10   16   17    9   19   14   23   21   15    6    2   12    7   25   39   27   15   13   26   36   30    8    1   18   20   26   31   17   30  
  38   21    7   18   24    5   13   22   40   12    8   37    9   15    1   23    2   11   34   14   27   19   31    9    6   20   16    9   11   39   19   35   29   15   33    4   36   30   22   26   17    3   31   35   25   23    3   32   28   10  
  35   20   26   31    2    1    3   20   27   15    2   23   30   34   36    4   30   19   21    6   37   13   22   29   38   28   27   33   32   16   28   24    2    2   18    8   12    7   20   25    9   14   10   39   40    7    1   11    5   17  
  25    1   14   10   32   40   22   39    7    9    1   38   23   30   15   37   30   33   33   14   16    5   26    4   19   24   35   11   12   17    3   21   16   40   34   20   29   18   31   36   16    2    4   23   27   13   40    8   28    6  
  38   13   23   14   34   22   18    5   40    1   31   20   39   36   35   21   11   15   37   25    2   14   33   15    6   21    7   32   17   37   19   29   16   24    6   29    9    4   12   29   10   26    6   30    3    2    9   28    8   27  
  38   34   24    6   17   39   21    6   11   31    4    4   36   33   12   19    3    8    7   32    5   35   10   27   40   23   13   25    9    2   19   12   21   14   18   30   22   26   37   12   15    1   20   38   23   28   16    5   28   29  
   3    3   40   34   10    8    5   31   23   14   16   24   12    2    6    9    2   22    4   28    1    7   18    4   13   28   30   33   32   20   36   11   37   38   27   40   25   19   29   39   32   17   29    3    6   26   40   35   15   21  
  23   29   31    2   13   16    7   25   13    4   18   28   36   33   14    3   37   26    8   30   35    9   11    8   12   39   10   19    1   24   13    5   16   17   22   24    6   20   15    1   30   21   38   40   32   27   35    3   34   13  
  12   26   13   15   37   21   17   17   22    4   37   31   32   40    3   17   10   11    9   37   19   15    1    6   38   25   28   20   30   27   16   33   37   29    2   14   37   18   24    8   30   34    7   39   17    5    1   36   35   23  
  23    6    2    1    9    4   34   40   32   14   30   35   33   34    5   13    5    9    6    3   38   22   27   31   17   39   20   29   30   10   25   15   12   16    8   21   40    7   11   17    7   24    3   28   19   36   26   18   37   22  
   3   27   25   17   37   22   30   29   20   23   35   19   15   22   13   16   32   26    2   19    6    5   12   26   21   39   38   33   18    1   24    4   11    1   36    7   10   38   29   30   40   32    9    3   34   28   31   22    8   14  
   4   25   30   15   15   35    3   35    5   27   33    4    4   37   20    1   39   30   28   17   26   10   32    2   29   11    6    7   19    8   16   14   12   34   38    4    9   36   31   23   22   40   18    1   13   27   21    4   32   24  
  31    4    3    9   27   34   38    7    5   10   11   38   22   16   21   24   28   18   17   35   32   25   23   19   36   37   12   30   30   29    6   33    2   15   37    1   20   26   17   20   19   40   33   33   14    5   39   29   13    8  
  17   35    9   26   12   33    2   19   39   11    5   36   40   39    6   13    4   13   24   20   15   34   10   29   13   18   40   17   31   25   37   22   18    8   32    1    7   28   13   30   27   13   38   36   23   21   14   34    3   16  
  15   11   29   24   28   18   31    7   26    1   19   28   30   38    5    3   17    6   33    3   10   14   12   39   34    8   33   21   16   20   38   36   26   33    9    4   23   19   27   13   35   12   26    2   22   25   37   40   32   12  
  40   39   30   13   21   40   38    9   36    8   25   24    2   18    3   40   17   35    8   21   11    6   14   34   28   14   31   22    1   10   23   30   37   27    7   26    5    4   15   33   29   30   19   32   16   12    9    7   20   37  
  26    3    6   10   39   33   39   14   38   36    4   31   26   36   11   26   21   30   25   24    5    8   22   29   13    2   32   17   22   15   28   40   12   37   34   33   17    4   27   16    7    2    1    9   23    6   19   20   35   18  
  10   40   16   10   30    3   14   12   28    2   24    8   25    1   35   29    1   21   38   30   17   25   18   23   39    4    5   27   15   32   33   36    2   20   11   40   23   15   31   13   19   26   22   37   34   29   13    6    7    9  
   6    2   21   24   17    5   31   37   19   27   36   12    7   13   32   23   40    3   11   39   20   30    3    8   35   26   34   30   27   33   16    9   14   18    9   10   28   38   22   37    4   15   29   23    1   24   25    9   12   33  
  24   33   38   18   34   31   37    6   12    5   23   16    8   32    7    1   29   20   13   22   40   32   19    7    5   13    2    3   21    7    9   25   14   15   10   11   17    8   36   30   40   15   26   39   27   35   28    4   18    4  
  22   30   26   28   10   40   31   24   13   15    3   36   19   29   34   10    9   15   37    8   14    5   21   39   25   38   27   10   35   18   32    7   30   27   30   33   20   17   23    1   12   33   11   16   22    2   36   39    4    6  
   5    4   34   39   20   11   19    3   26   14   20    2   12   16   11   29    8   30   40    7   18   10   11    1   32   25   20   23   22   33   38   15   31   39   27    9   17   27   40   36    6   22   20   21   35   28   37   37   13   24  
  35   13   18    3    8   12    9   12   24   25   17   29   37   22   33    6   22    5   11   38   14   20   31   27   19   16   28   15   10   23   14   17   14    4   24   36    2   12   40   39   34    1   24   26   30   21   23    7   35   32  
  36   21   22    2   28   24   36   37   12    6   10    7   11   23   17   25    5    8   20   19   30   29   40   26    3   33   15   22   38   32   14   21   38    4   34   31   16    3   35   13    9    1   28   18   27   39   19   38   39    5  
  15   21   20    1    8   24   40   28   32   18   29    9   30   28    2   12    7   34    7    8   29   29   10    3   13   36    6   33   22    4   39   35   40    5   37   19   17   16   31   23   38    9   25   11   27   17   26   32    9   14  
  31    1   25   28    4   40   20   38    5   12    6   34   22    8   30   21   14   29   40   40   12   19   15   26   38   33   25   28    3   36   32    7   24   37    2   13   35   27   18    1    6   23   10   17   35   16    1   39    9   11  
  39   13   37   21   16   34   33   30    3    8   12   29    6   19   10   36   38    1    9   39   14    4    5   22   11   18   20   21   40   31   24   35    2   32   17    6   28    7   12   10   27    5   12    9   25   23   15   20   26    9  
  34    5   37    7    8   15    2   18   23   13   35   18   21   11   28    9   19    4   17   40   33   38   23   22    6   24    1   32   30   10   12   20   14    3   25   16   39   29   11   18   22   26   27   32   10   36   31   14   12   23  ] 
BUDGETS : [    1    5   11   12   14   15   17   18   24   24   25   26   27   31   32   32   33   39   40   40   44   44   46   47   52   54   55   56   56   61   62   63   65   65   68   71   72   74   74   74   83   84   86   86   88   91   92   93   96   96  ] 
