K : 150
I : 75
PREFERENCES : [   45   23   46   75   55   20   40   43   64   68   34   44   22   67   12   42   29   32   27   61   66   63   65   56   49   65   28   33   71   47   53   50   73   45   15   57   13   19   17   35   18   14   47   31   31   16   43   25   40   24   38   30   20   48   39   48   72   60   41   21   58   28   69   59   54   26   74   62   40   11   36   70   52   51   37  
  51   13   15   16   35   20   47   11   38   30   28   72   49   54   17   16   52   59   14   64   73   45   74   18   26   20   24   27   46   26   47   25   62   17   57   60   53   61   22   32   50   68   74   37   48   44   61   39   69   29   63   67   21   71   23   31   42   55   34   65   41   43   40   36   39   33   58   21   12   70   75   19   57   56   66  
  30   48   32   75   34   69   26   25   31   62   55   42   49   59   43   31   29   50   19   37   23   12   64   47   17   66   16   11   73   38   22   20   24   63   24   66   72   36   13   28   39   56   71   70   53   65   44   33   57   68   24   41   74   54   72   14   33   67   58   27   46   34   21   18   36   13   45   48   35   52   51   61   60   40   15  
  17   16   59   20   39   64   38   11   27   70   63   32   34   67   15   59   36   55   18   53   54   24   29   71   45   28   19   42   37   26   69   16   25   65   29   51   16   35   72   70   44   63   62   68   50   74   48   30   14   60   41   48   12   13   75   31   66   49   57   40   33   23   52   46   53   61   58   22   47   48   41   56   43   73   21  
  25   28   56   44   12   37   17   68   74   49   27   71   42   41   24   32   40   18   20   58   51   15   53   45   39   73   60   52   57   72   11   74   19   30   38   36   31   63   59   58   75   73   64   66   65   67   31   55   38   57   47   50   26   35   61   43   69   62   48   14   70   13   52   33   23   21   34   54   46   16   29   55   22   37   61  
  70   47   36   62   75   25   18   25   64   66   53   20   31   66   57   63   71   51   28   43   19   46   55   26   65   23   31   49   12   67   40   65   34   11   38   47   52   24   61   48   21   17   15   68   13   31   35   72   30   42   19   54   19   31   58   45   22   29   32   60   56   59   14   33   39   20   74   44   41   73   50   37   16   69   27  
  16   46   53   23   63   51   42   64   62   24   49   48   34   38   46   36   28   11   12   42   74   50   22   58   54   55   44   59   26   71   64   72   41   15   14   37   63   68   45   42   39   19   23   60   65   69   75   13   43   18   23   70   47   56   40   34   33   73   20   17   66   57   29   32   30   61   25   43   67   21   38   31   35   52   27  
  70   55   29   63   67   21   20   36   32   26   35   28   30   13   27   53   74   67   41   25   40   73   28   64   16   37   49   42   35   34   22   43   62   66   37   60   19   40   61   45   75   17   31   48   47   52   38   68   24   39   71   59   30   56   51   50   12   15   58   33   44   51   14   57   65   69   24   18   54   46   56   73   72   23   11  
  74   21   52   69   19   26   63   31   34   35   51   50   57   70   49   54   61   44   24   37   11   38   22   64   46   62   47   16   30   52   23   71   43   13   11   33   65   36   12   53   25   14   27   39   75   17   60   56   72   66   41   62   67   71   55   48   29   18   42   18   32   45   52   59   25   58   73   68   15   48   40   60   28   68   20  
  15   17   52   70   33   33   65   21   22   57   44   18   58   19   74   26   30   50   46   12   13   20   17   45   54   59   49   67   34   62   72   25   75   35   73   32   48   72   23   24   42   63   60   12   64   68   14   55   28   72   38   73   11   43   56   61   43   16   40   69   47   29   27   12   39   63   71   51   31   74   37   41   66   36   53  
  74   63   62   37   66   18   39   61   54   22   55   35   58   44   36   38   12   59   57   51   27   72   39   28   30   69   52   67   56   53   68   56   30   27   33   64   17   75   31   50   43   57   49   70   34   21   40   65   11   65   55   24   20   60   30   23   42   44   47   14   46   41   45   13   32   48   19   29   71   39   25   26   73   15   16  
  43   45   27   16   74   49   66   26   33   15   70   30   12   72   29   18   68   24   17   73   67   58   19   36   25   62   69   47   26   37   53   39   54   34   50   71   48   14   40   11   61   41   21   46   64   52   28   42   51   59   23   13   75   20   60   65   44   32   35   54   11   54   48   44   18   63   38   44   57   56   55   31   48   22   50  
  24   25   43   56   34   26   20   42   39   60   68   31   59   11   14   51   69   72   15   46   24   35   37   54   61   73   13   17   70   45   66   49   12   32   16   21   74   36   17   43   50   28   48   58   47   71   52   74   67   17   18   64   63   55   39   40   44   38   19   37   53   33   30   57   23   29   75   65   73   22   23   27   41   62   23  
  32   18   75   48   14   33   69   45   57   21   53   62   58   18   67   36   15   22   28   55   70   24   74   41   30   49   59   61   70   43   11   23   27   53   64   66   39   44   63   68   47   47   52   71   35   50   16   17   22   13   73   54   12   22   25   40   72   54   31   46   34   56   36   65   26   51   37   51   29   20   60   19   42   71   38  
  35   71   13   37   42   73   12   23   47   25   21   16   52   58   48   49   38   46   56   33   28   24   45   63   67   53   36   17   65   20   40   51   11   22   69   59   70   68   74   44   56   14   50   26   18   61   56   24   74   62   59   19   60   55   29   15   57   32   43   34   41   75   61   57   66   30   37   60   39   27   46   54   72   31   64  
  40   49   46   22   39   60   48   29   74   72   33   30   53   14   29   69   62   13   48   12   23   70   63   69   50   34   54   26   31   35   11   56   42   60   66   27   45   47   36   73   17   32   28   75   67   16   64   20   24   56   59   68   38   17   13   15   61   52   74   51   21   18   37   65   43   57   20   25   58   19   41   55   71   66   44  
  63   44   27   22   20   65   21   39   69   32   47   51   34   35   54   52   38   25   71   42   45   13   23   55   24   53   46   69   14   58   15   59   50   48   14   74   74   41   18   64   36   43   68   73   28   23   30   47   73   57   56   54   25   70   75   61   17   60   12   33   72   16   49   11   62   26   19   31   29   37   14   40   67   58   66  
  29   12   18   67   60   16   69   17   75   40   47   64   30   57   55   58   52   61   12   21   19   37   59   71   75   36   35   51   38   34   73   25   27   28   31   65   74   70   66   60   20   33   32   46   62   18   72   56   49   26   24   48   11   18   50   63   64   42   14   17   23   13   27   39   44   68   43   53   45   15   41   54   58   43   22  
  41   68   35   56   18   37   50   70   51   27   65   43   29   69   12   54   44   58   27   61   38   26   23   14   47   38   74   67   46   34   34   60   53   53   42   20   45   17   15   63   66   70   14   16   55   36   30   47   21   57   31   40   13   24   28   32   49   72   75   73   59   71   33   15   73   19   11   62   25   48   64   39   52   22   65  
  52   18   68   30   48   42   61   45   73   43   37   46   26   11   39   19   23   62   36   59   41   54   65   31   51   22   12   27   58   13   34   72   25   60   71   44   13   21   63   23   74   65   67   37   44   33   50   65   38   66   28   40   43   17   75   14   16   35   29   15   69   55   24   20   22   53   32   24   49   64   57   47   70   20   56  
  30   21   27   19   46   58   43   16   66   24   67   42   25   28   23   12   32   17   57   65   35   38   41   15   70   71   37   50   68   74   73   26   60   11   69   39   53   14   22   54   48   51   61   31   64   49   34   18   75   66   13   29   52   62   56   68   36   36   46   44   59   72   40   33   38   72   46   11   32   45   49   20   63   47   55  
  24   35   36   58   69   21   27   63   12   54   11   25   41   62   50   37   56   49   20   18   71   49   43   38   61   45   38   22   48   47   29   69   73   16   57   64   19   43   34   59   60   13   32   41   17   14   31   44   68   39   51   72   70   33   65   20   42   53   71   67   20   23   55   66   26   74   15   52   59   40   28   30   65   75   46  
  27   38   71   36   42   60   52   35   31   57   19   12   22   74   34   67   48   18   51   68   24   40   17   62   71   23   65   37   16   21   65   26   63   43   33   44   32   72   37   59   15   33   41   29   50   39   73   13   21   67   49   75   30   25   69   15   11   45   58   56   61   46   35   55   61   28   54   66   47   14   53   20   70   50   64  
  72   75   14   50   14   28   57   35   29   74   26   46   73   27   27   47   58   40   19   17   66   22   61   20   44   51   59   11   56   38   36   34   33   49   30   55   18   35   24   53   43   16   63   23   31   56   12   42   41   70   48   39   13   52   36   58   65   32   37   64   11   15   71   69   25   54   67   60   62   37   21   68   39   42   45  
  19   16   38   20   49   15   69   31   70   75   26   55   48   65   62   26   31   73   25   53   67   60   74   29   22   21   54   72   41   23   47   24   42   30   33   50   52   44   32   11   66   56   71   68   42   46   36   47   34   56   12   24   59   58   64   37   57   18   51   27   31   61   45   28   39   63   33   31   44   35   40   13   14   17   43  
  37   48   42   53   22   13   71   27   66   62   35   24   19   32   54   34   74   41   42   46   33   36   39   34   52   44   11   70   53   38   61   56   31   12   38   63   18   16   64   69   25   38   45   30   28   40   47   20   60   14   23   50   58   49   43   49   68   55   26   65   21   67   47   29   72   75   32   17   59   73   72   51   57   17   15  
  18   70   58   36   52   31   64   40   31   54   62   13   12   41   72   15   17   15   45   29   43   53   21   22   56   42   54   28   46   65   38   47   63   51   32   61   20   44   39   60   68   53   26   25   57   65   34   14   71   30   14   33   67   69   42   75   11   50   42   27   66   35   19   49   73   37   48   67   59   23   55   45   74   16   24  
  13   12   60   21   44   23   47   52   48   40   14   72   38   43   17   59   25   32   26   42   30   27   51   15   74   36   37   75   32   57   43   50   70   30   19   35   54   34   73   58   25   62   22   32   18   69   67   68   65   55   41   49   24   45   56   20   53   64   33   51   66   75   28   46   20   29   45   24   63   39   16   11   31   61   71  
  33   47   72   68   26   32   63   56   28   46   15   19   61   51   74   12   13   29   50   48   42   27   39   31   37   20   36   54   52   37   24   69   64   34   62   58   16   23   41   31   65   26   66   30   44   22   14   54   67   36   49   57   73   75   50   45   60   70   49   36   38   43   40   11   18   71   21   25   17   53   35   14   58   55   59  
  22   56   12   59   20   38   11   36   35   75   74   42   55   16   29   70   15   19   64   73   31   67   47   54   45   44   53   65   32   44   40   67   40   69   50   39   37   72   51   57   11   55   71   41   27   18   63   28   21   61   60   65   52   25   48   23   58   66   26   40   33   17   49   14   52   34   13   46   30   68   69   13   24   62   43  
  16   29   19   31   44   15   42   17   63   32   33   38   43   18   35   38   20   24   49   12   11   22   48   65   52   41   27   31   38   59   39   37   34   14   21   30   60   72   36   35   71   46   13   57   61   67   37   45   42   38   74   66   25   26   53   17   50   23   51   56   68   28   75   70   73   62   16   70   55   54   47   69   64   40   58  
  21   45   67   69   22   49   19   34   68   23   48   38   52   46   39   27   74   25   37   58   50   65   35   72   43   64   30   57   48   60   41   67   70   42   12   75   35   26   62   51   20   28   55   24   14   52   33   27   73   74   56   31   73   61   66   54   36   74   29   53   40   32   59   63   47   11   40   55   13   15   71   16   17   18   44  
  61   69   12   43   57   75   51   27   72   55   73   34   48   70   39   30   11   71   21   50   74   33   68   49   59   25   35   38   53   11   66   37   64   12   19   37   28   21   44   13   38   52   18   31   47   46   65   58   29   45   19   22   14   32   43   74   24   26   41   54   23   40   62   48   17   37   42   67   63   20   60   16   56   36   15  
  61   27   64   49   49   31   62   38   26   52   46   33   20   22   65   30   42   11   70   66   41   29   16   45   35   37   54   63   55   18   21   66   13   45   50   24   47   53   22   51   57   39   34   14   59   12   28   48   23   43   72   75   67   73   19   25   71   40   60   32   75   44   56   74   22   44   42   36   73   15   23   69   58   68   17  
  26   69   62   57   25   31   63   28   15   75   45   27   66   54   51   24   55   46   53   67   73   56   16   30   20   38   61   68   13   23   32   40   59   44   60   23   49   70   19   39   43   58   53   52   49   22   18   57   74   33   47   34   29   36   37   72   11   17   35   50   42   44   12   64   41   71   44   21   75   12   65   24   26   48   14  
  24   21   51   36   37   51   17   20   44   58   50   43   23   75   41   34   14   18   64   71   33   45   40   72   65   70   39   22   59   34   42   67   68   53   26   29   63   62   46   24   31   16   14   35   47   31   55   61   66   25   38   12   52   57   19   11   32   28   74   27   48   23   33   30   54   13   56   49   73   69   18   15   21   69   60  
  68   65   52   59   50   71   56   42   17   18   46   34   58   26   64   62   13   22   33   75   47   43   53   48   19   58   72   36   65   61   28   25   67   29   30   31   20   68   70   39   40   23   12   46   45   55   17   28   51   43   49   21   73   74   32   38   57   32   66   54   24   14   72   41   11   69   63   16   60   27   35   44   60   15   37  
  54   31   21   63   42   58   39   22   30   17   40   45   26   37   38   72   38   32   25   31   69   60   59   39   47   46   19   33   74   61   50   12   62   65   11   13   56   28   57   67   23   75   48   49   53   27   48   51   34   24   52   70   19   66   16   21   43   46   55   18   44   14   36   68   41   71   73   64   29   33   15   20   17   35   59  
  19   44   11   23   64   30   45   27   13   75   20   48   73   37   39   65   54   22   71   32   40   57   15   55   42   47   62   14   36   70   31   64   34   27   37   68   52   74   60   67   46   46   33   28   51   35   26   75   69   72   24   22   61   13   43   41   25   18   12   49   66   29   25   45   59   58   21   50   38   13   53   56   17   63   16  
  12   26   15   44   13   75   71   27   66   18   16   69   53   55   47   63   41   60   49   68   39   28   65   29   71   58   54   38   56   59   50   24   21   32   72   11   37   41   17   51   20   36   67   57   43   44   61   62   30   61   48   23   46   33   37   74   42   25   34   45   40   13   33   64   34   69   70   22   19   31   73   14   52   46   35  
  74   64   48   56   27   12   24   59   18   55   45   44   17   75   29   50   43   37   54   72   58   54   65   49   47   38   40   25   11   30   19   67   33   14   73   60   28   13   25   31   21   26   49   50   62   67   41   63   71   32   21   36   54   39   68   23   70   35   34   27   20   22   42   15   11   53   66   46   52   51   16   70   57   61   69  
  40   56   63   45   16   70   28   37   36   62   44   72   22   72   68   18   35   24   53   13   69   27   63   45   57   64   66   31   73   72   23   12   44   54   60   55   26   43   52   33   24   30   59   17   42   46   51   25   20   11   47   49   65   41   48   39   14   20   50   67   19   38   61   43   71   21   64   15   24   29   58   74   75   34   32  
  62   61   17   22   60   37   58   35   24   57   25   23   30   66   68   15   18   62   46   60   75   59   27   13   17   49   48   39   41   31   33   74   40   47   56   34   67   44   21   38   53   70   54   14   51   63   36   64   70   73   29   55   45   12   67   43   42   19   32   52   43   74   49   28   50   11   69   26   71   72   65   16   20   65   67  
  40   14   71   23   51   60   62   24   72   37   19   46   39   23   17   12   30   50   25   45   47   38   11   73   75   26   36   55   20   48   33   63   31   65   56   35   67   70   44   58   21   66   34   49   68   40   44   43   17   22   15   18   13   29   16   41   59   64   51   74   42   55   20   47   52   53   69   12   54   28   40   32   57   61   27  
  30   42   15   55   37   26   71   29   50   18   46   21   34   32   44   57   54   59   60   49   70   64   45   52   24   65   73   31   41   69   35   38   75   68   72   39   58   69   44   11   17   66   56   16   42   63   53   75   51   17   36   27   67   63   47   13   43   23   62   33   19   43   14   28   25   37   40   22   20   15   48   61   73   12   74  
  46   39   19   27   13   30   60   51   20   48   69   53   23   34   18   57   65   75   20   49   63   71   58   44   35   25   43   51   41   66   70   62   19   59   28   73   16   67   45   52   75   55   48   38   47   33   26   61   74   12   36   72   51   20   22   17   15   56   40   24   62   31   29   37   70   14   19   50   11   54   32   68   64   42   21  
  11   46   17   44   23   68   15   32   16   37   35   49   57   50   42   18   36   66   72   51   29   25   64   14   55   62   70   34   52   61   66   38   41   30   24   71   33   59   67   45   28   62   63   40   34   72   53   53   22   20   56   74   29   47   55   27   26   42   54   21   43   48   13   56   69   41   12   73   75   60   58   19   39   31   65  
  52   72   26   39   34   14   36   24   20   59   24   58   75   31   71   65   74   50   13   27   42   44   32   41   21   54   61   15   11   66   18   17   48   33   46   15   25   56   29   45   35   63   40   48   34   19   49   70   23   37   55   62   47   57   68   22   60   16   28   38   51   67   64   73   54   41   43   69   40   60   30   12   52   40   53  
  46   40   44   41   35   71   52   25   30   13   59   25   20   21   70   38   70   74   36   22   42   17   50   63   37   27   56   52   53   48   33   28   48   12   12   34   62   18   23   19   73   55   61   68   64   16   24   47   35   28   67   58   45   14   54   66   51   18   60   11   49   61   15   31   29   43   75   65   69   26   72   57   61   32   39  
  27   29   40   25   74   35   17   22   33   68   18   65   50   70   36   67   41   51   72   48   26   75   66   32   22   54   65   61   13   46   20   60   69   74   57   64   47   73   49   62   15   59   24   56   63   23   45   52   32   58   71   11   46   42   38   12   43   33   30   14   57   28   21   47   53   44   50   31   32   16   39   34   37   19   55  
  21   24   60   55   71   45   61   35   29   59   54   74   73   41   37   70   23   42   68   18   11   32   30   30   49   38   26   75   33   20   64   28   48   47   19   27   63   16   66   50   58   31   34   56   17   22   44   36   26   39   25   23   51   47   49   37   62   46   72   69   12   53   67   43   52   57   68   15   68   14   24   40   61   13   65  
  34   39   21   27   18   72   23   71   22   55   16   48   58   35   70   53   59   16   57   14   51   46   28   11   72   19   65   73   67   33   60   59   31   40   50   31   42   12   17   69   63   35   29   62   75   36   15   45   43   37   54   61   38   25   14   20   24   13   69   26   49   66   56   74   52   44   41   47   64   30   68   32   32   23   16  
  35   55   73   30   57   40   52   59   72   53   48   21   44   14   67   49   31   68   63   36   52   39   34   48   37   17   36   42   63   16   45   29   58   32   74   15   52   60   23   18   24   69   54   41   35   33   71   75   26   56   70   19   43   22   13   25   28   20   65   24   18   66   51   47   46   61   35   64   27   46   11   38   12   50   62  
  47   49   55   31   40   13   16   56   44   67   65   63   71   32   27   47   60   50   72   41   61   15   19   39   24   13   23   33   34   53   64   30   38   75   54   20   29   61   73   57   59   47   48   14   42   69   58   45   52   18   26   46   62   22   21   66   35   17   40   65   25   65   70   74   43   11   12   28   36   16   51   63   37   68   49  
  55   24   73   26   41   22   69   51   63   45   66   67   69   39   14   64   46   28   58   30   29   36   70   59   70   61   50   12   65   74   28   19   54   31   16   71   60   35   68   47   70   42   21   57   38   50   50   48   23   33   11   40   49   27   19   43   54   62   25   32   34   18   20   72   13   37   18   52   56   15   75   44   53   17   45  
  67   43   66   27   30   73   18   69   75   53   40   62   72   60   21   51   69   33   25   57   44   41   32   44   75   74   46   59   49   29   55   42   31   54   19   14   58   38   55   50   13   35   11   71   38   45   20   22   34   39   52   63   48   56   17   75   68   24   37   36   28   12   15   64   16   61   70   70   45   26   23   21   47   65   55  
  23   65   37   21   31   58   49   71   34   14   22   54   35   75   54   61   33   69   13   63   38   15   42   40   62   38   28   43   73   45   39   74   68   60   12   36   50   54   59   68   14   55   51   24   29   72   11   70   67   26   52   47   32   18   36   16   33   17   20   57   44   27   25   15   56   19   46   30   66   53   64   41   48   55   21  
  32   63   60   46   56   70   48   42   33   36   60   18   75   64   62   65   15   37   72   13   68   73   54   35   43   28   67   16   21   54   22   25   53   40   37   17   71   44   61   49   59   45   12   43   34   37   41   29   75   47   55   19   50   66   74   69   23   51   52   20   11   58   27   39   54   31   30   24   57   38   14   12   28   67   26  
  54   71   36   75   21   17   35   59   54   67   62   41   60   68   52   11   26   20   45   15   44   65   70   38   71   30   43   29   12   74   51   17   31   23   19   64   42   40   57   32   16   30   55   66   53   49   46   69   47   22   73   37   34   28   24   49   17   14   15   11   57   13   18   39   72   33   56   14   63   25   27   50   61   48   58  
  71   74   40   26   62   63   29   12   17   68   42   41   33   15   65   21   28   67   35   50   32   16   60   22   55   31   12   28   49   19   13   47   13   39   18   25   49   59   69   75   44   55   57   11   36   53   13   35   48   30   66   45   52   58   56   38   70   72   51   34   20   23   71   61   46   54   73   14   24   43   36   64   27   37   30  
  32   19   59   71   27   56   23   11   40   17   48   73   12   39   64   70   15   14   34   72   41   38   35   56   28   30   20   50   52   33   43   45   75   37   58   31   16   23   25   51   13   67   18   32   74   48   69   46   55   14   63   60   54   61   66   62   68   53   42   44   65   49   56   36   26   51   22   57   21   47   29   59   75   42   24  
  21   19   72   73   66   15   24   26   37   49   69   22   25   66   56   11   24   68   73   43   41   57   38   33   31   52   17   16   50   14   28   47   52   21   36   42   75   57   35   55   40   64   54   59   71   20   54   65   53   12   13   32   67   74   46   48   58   70   18   47   34   51   63   61   23   30   39   29   27   60   35   45   62   44   13  
  23   46   63   27   13   35   45   44   24   72   36   24   30   60   32   52   54   66   62   37   70   57   48   42   51   33   26   42   67   39   61   11   18   22   34   47   28   14   15   75   23   64   73   41   40   29   68   15   74   38   14   55   58   65   20   39   19   56   17   16   21   28   31   12   69   74   53   43   49   71   59   11   24   50   25  
  14   31   28   65   47   72   21   55   40   30   64   13   49   73   51   67   27   65   22   56   75   34   70   12   18   54   15   68   60   38   11   58   19   17   46   41   20   36   32   63   29   23   67   50   74   43   42   30   54   35   61   45   71   19   62   53   44   72   33   37   12   59   67   26   25   45   69   57   16   23   39   24   66   52   48  
  30   35   51   39   51   66   36   13   57   44   40   42   38   25   26   63   45   69   74   33   64   46   41   60   67   61   43   24   21   47   19   16   37   58   51   52   66   70   46   62   66   63   59   34   49   74   24   72   55   18   73   53   12   32   65   68   17   67   14   27   37   20   31   22   15   28   75   71   54   11   50   48   56   23   29  
  71   35   35   17   30   34   27   69   60   52   26   56   57   58   51   46   54   19   48   75   58   68   47   64   57   42   25   59   63   11   40   18   29   58   23   70   59   38   13   37   49   45   21   73   62   65   61   66   14   13   28   66   39   15   20   36   11   54   32   24   33   67   53   40   50   44   22   72   74   55   43   31   41   12   16  
  74   31   38   46   19   62   40   43   44   50   11   29   24   42   35   13   12   18   34   63   41   66   22   64   23   37   15   68   36   73   22   33   51   24   72   48   32   16   67   28   47   57   52   54   30   20   60   61   56   17   20   41   14   70   51   27   22   53   11   55   71   21   38   26   65   69   25   22   39   58   75   49   67   45   59  
  65   21   50   38   47   59   19   29   33   11   68   44   67   60   19   40   59   51   54   34   26   66   32   72   49   43   42   70   14   17   51   20   51   30   41   16   58   46   56   23   75   15   15   24   28   64   35   13   37   45   53   21   12   73   18   52   48   55   31   22   63   25   27   12   74   69   61   40   74   65   62   39   36   71   57  
  51   58   43   65   15   26   23   44   32   31   38   25   52   22   20   53   13   30   35   38   64   69   27   34   29   56   70   28   39   41   64   71   36   67   14   34   33   59   16   37   62   12   68   75   45   42   11   39   74   73   63   29   24   54   62   62   22   48   50   66   47   21   57   49   40   60   17   72   55   19   18   46   50   61   26  
  56   13   26   56   21   20   17   12   51   56   38   32   52   19   62   19   22   67   48   49   18   38   43   34   24   57   66   69   40   28   45   37   27   73   58   33   50   63   14   61   69   54   39   69   42   65   36   70   75   44   25   71   62   16   59   68   47   55   21   23   46   72   53   29   60   31   30   41   74   15   64   11   35   38   70  
  66   55   69   31   17   18   67   42   44   27   25   20   15   61   29   12   74   41   16   40   75   57   23   48   50   45   35   65   19   72   34   32   33   73   28   36   60   14   49   24   53   37   64   22   39   75   46   52   61   56   37   50   13   43   51   62   33   48   50   68   21   47   63   38   30   54   70   71   59   26   61   70   28   58   11  
  63   49   42   64   38   51   68   17   46   12   23   45   53   31   65   48   74   72   31   30   24   56   37   19   54   26   75   75   66   67   40   11   36   21   39   71   60   56   69   50   13   69   25   35   33   20   39   42   29   52   57   14   43   70   54   15   44   47   55   62   18   18   61   32   28   73   41   27   22   34   58   52   16   59   23  
  21   46   59   65   72   58   26   41   25   42   68   37   52   19   27   55   59   49   28   75   13   62   52   12   16   29   61   24   71   69   53   36   45   22   75   20   67   64   40   18   47   48   56   23   43   32   54   66   35   73   60   15   14   17   24   31   63   75   30   42   74   51   11   38   70   47   57   50   34   69   25   33   44   40   39  
  73   34   59   41   68   21   50   39   49   36   20   53   33   14   45   64   37   75   25   52   35   24   60   13   70   63   32   71   59   28   55   65   42   22   16   57   18   23   50   56   59   12   46   51   26   47   66   38   30   19   27   40   74   15   61   17   67   29   62   50   75   48   54   21   31   26   44   28   72   43   24   58   14   69   11  
  44   39   35   20   59   73   62   30   54   54   46   12   32   15   64   44   69   37   68   22   40   17   51   28   29   28   18   38   66   45   55   65   70   64   16   11   33   42   53   71   14   67   36   57   13   39   14   60   61   21   74   25   43   23   48   19   56   44   26   47   41   59   16   49   31   27   60   24   72   50   75   52   34   63   58  
  53   74   25   75   18   31   42   17   47   72   52   44   54   70   26   15   23   21   11   37   12   22   65   58   49   46   60   59   33   18   45   41   20   69   61   32   56   55   22   39   34   49   57   66   31   36   73   16   67   37   66   43   74   64   19   17   13   63   68   38   29   14   62   71   35   40   52   27   30   28   50   48   13   51   24  
  70   38   41   12   65   35   27   23   56   68   74   49   61   74   58   72   33   34   16   42   21   14   33   75   62   22   59   11   55   13   36   30   37   54   19   51   48   11   11   71   18   56   73   69   46   67   43   31   24   40   52   63   45   64   39   26   32   41   28   74   44   25   50   66   29   16   47   20   15   57   60   16   40   17   53  
  72   60   23   46   57   33   44   65   56   28   14   50   51   74   18   55   70   34   47   25   73   20   40   16   38   24   68   41   15   24   49   62   70   32   69   27   43   26   59   31   66   39   25   50   37   12   53   42   75   13   28   45   27   17   19   30   21   52   33   19   36   63   22   65   61   29   67   11   64   35   58   20   54   71   48  
  51   75   35   21   71   50   68   67   47   59   73   14   15   12   30   39   32   45   70   48   53   57   68   29   16   60   31   22   69   63   46   24   38   55   40   58   42   26   20   70   56   64   41   66   63   34   61   54   43   74   28   70   40   52   18   17   13   37   25   26   57   40   62   65   49   61   47   33   36   27   23   19   44   72   11  
  49   15   24   54   48   17   35   52   75   19   16   23   65   53   49   67   73   31   47   38   63   71   38   40   62   51   30   43   74   14   61   13   11   55   64   21   27   26   39   32   14   44   66   20   29   70   43   68   11   55   43   57   58   65   59   22   12   73   33   28   34   69   36   45   18   50   41   56   25   50   60   42   46   37   72  
  14   17   31   22   50   40   40   55   25   73   44   37   59   71   41   36   29   51   43   18   30   12   11   21   39   57   66   52   13   21   20   40   69   49   65   53   69   33   46   56   72   69   46   48   35   64   47   75   63   40   19   45   42   41   27   70   23   38   54   16   32   24   62   74   61   68   25   26   28   15   67   20   60   34   58  
  12   20   34   25   21   35   13   54   31   71   57   48   42   26   11   17   34   62   16   49   41   18   67   50   37   55   29   44   75   58   60   39   43   61   63   60   14   45   30   22   74   64   21   43   13   70   59   43   65   36   69   32   66   56   33   24   23   72   19   68   27   53   51   52   17   29   28   73   38   70   40   47   57   15   46  
  15   60   51   12   63   50   20   38   75   30   41   53   61   40   74   69   24   18   14   32   33   70   57   42   25   43   73   71   59   36   18   11   34   27   57   66   26   67   29   35   31   64   23   19   71   22   13   25   56   48   51   63   17   28   51   37   58   65   29   16   54   21   46   72   68   56   52   39   55   27   45   49   62   44   47  
  56   11   55   42   31   39   47   72   24   20   45   72   48   32   57   39   58   51   53   19   75   23   68   28   64   66   42   15   26   47   52   14   36   46   67   22   54   42   17   41   61   30   50   27   63   46   59   13   69   34   43   33   62   19   60   25   18   12   38   16   65   56   40   41   74   29   44   49   71   70   21   35   73   65   37  
  50   55   51   30   44   28   31   61   62   50   47   66   52   24   37   23   72   11   33   54   38   49   29   21   49   12   32   20   70   18   69   13   36   36   25   63   48   66   34   42   71   35   22   14   17   68   75   26   65   73   56   59   67   45   41   53   19   15   58   60   40   74   22   16   43   46   53   57   72   29   64   39   64   27   64  
  64   22   36   44   29   24   57   62   35   74   53   49   21   32   73   17   75   30   54   63   16   18   64   55   56   12   46   53   17   25   21   13   14   51   39   33   71   52   65   70   60   20   41   40   28   40   11   12   16   69   68   59   61   31   67   18   47   50   42   37   19   45   72   66   15   43   24   27   48   21   34   38   58   23   26  
  54   16   34   49   44   70   52   67   46   33   64   29   11   30   19   60   29   55   41   47   22   50   17   18   28   65   58   61   38   37   74   57   68   69   13   21   73   48   32   40   53   22   24   15   36   19   56   72   62   12   26   50   63   19   14   74   31   51   27   46   43   45   71   36   20   75   35   42   14   23   59   30   39   25   66  
  43   54   72   22   44   69   62   12   17   21   68   53   45   24   40   20   42   61   32   34   41   13   46   52   48   11   18   57   25   26   28   19   55   49   13   59   35   15   61   74   31   50   11   16   39   47   36   67   39   58   65   51   50   75   66   71   60   29   27   46   40   60   64   14   73   30   56   38   33   70   58   23   37   52   63  
  65   12   58   38   34   11   68   29   39   73   37   22   41   54   72   70   25   33   67   36   61   18   58   57   51   23   74   26   50   46   43   40   71   19   13   49   19   24   52   63   67   21   55   48   14   75   18   33   69   17   49   36   31   30   42   16   66   20   21   44   62   24   15   56   28   64   52   53   47   32   35   59   27   45   60  
  42   54   44   12   17   39   32   22   25   35   56   34   51   13   27   14   51   15   52   64   37   36   30   11   45   50   64   19   47   13   20   16   28   43   24   60   72   57   61   13   21   68   74   62   23   59   50   55   42   49   26   33   29   69   46   31   18   53   66   48   41   73   75   40   66   70   58   11   71   38   67   63   38   27   65  
  11   75   12   53   33   56   28   53   46   68   42   13   60   66   30   27   39   34   67   50   36   71   40   51   19   32   17   59   74   43   49   25   17   71   37   20   72   40   22   14   31   44   35   16   38   48   70   23   65   18   29   47   61   21   69   64   54   26   41   62   73   57   24   58   75   63   50   15   17   45   19   55   11   40   52  
  55   72   26   43   66   59   61   55   17   44   22   46   12   31   58   29   23   48   73   54   40   52   25   21   15   20   49   56   36   45   69   64   18   38   48   39   47   37   50   63   66   27   60   67   21   42   20   11   30   35   68   14   75   16   71   47   28   51   57   13   19   31   17   62   53   24   33   74   34   70   65   41   59   11   32  
  39   24   56   43   32   36   12   54   48   11   71   27   23   25   42   45   18   51   35   52   49   41   17   70   13   43   55   62   34   15   18   60   75   72   47   65   38   14   40   61   64   58   31   73   27   52   66   46   19   53   37   17   56   16   59   28   73   12   57   22   33   69   29   44   21   26   67   63   74   30   68   12   50   20   29  
  51   40   21   42   71   15   11   58   34   47   27   53   45   12   41   52   54   53   29   44   37   12   43   59   68   63   56   19   62   28   71   31   72   50   46   18   48   36   30   53   73   33   22   35   64   26   16   70   67   55   53   61   60   38   32   17   59   13   66   66   57   39   69   75   14   23   55   20   38   74   53   65   24   49   25  
  13   51   41   75   18   23   60   53   29   73   62   54   27   16   14   66   72   31   25   11   16   33   69   20   35   49   51   22   63   19   41   55   59   26   71   74   14   44   15   42   40   52   50   35   50   45   17   39   32   46   54   28   36   61   68   12   65   43   38   64   74   47   57   48   30   24   37   34   70   67   32   21   56   58   35  
  17   56   40   37   58   65   18   59   28   72   35   70   23   48   65   42   51   26   64   55   25   54   30   16   69   53   27   41   47   12   21   67   19   63   33   52   26   62   68   32   75   11   43   69   44   15   57   74   29   36   39   72   45   36   38   22   48   24   73   61   60   34   66   41   71   31   46   23   14   50   13   49   20   23   26  
  38   22   37   18   64   46   54   66   41   61   52   60   15   23   51   50   47   55   57   11   71   72   31   49   58   16   62   48   24   17   68   45   14   70   42   30   24   17   39   44   25   70   29   12   19   26   13   27   43   56   40   73   21   28   36   55   59   63   62   69   75   61   53   34   55   19   52   35   54   20   74   33   67   32   65  
  23   22   39   54   45   12   60   29   68   62   17   35   58   16   30   63   57   47   27   56   36   65   37   18   66   60   32   53   31   55   21   38   71   26   48   72   51   69   40   21   70   46   14   50   53   65   34   40   73   75   67   25   33   28   41   30   65   59   19   24   44   41   49   23   15   52   74   64   42   13   11   61   35   43   20  
  64   60   59   70   16   45   72   47   11   63   46   64   13   55   68   71   36   65   69   34   62   66   74   19   66   14   61   18   30   67   28   53   30   24   13   49   48   20   54   50   66   37   39   27   56   17   23   29   32   33   12   40   57   25   15   38   44   73   40   58   22   75   68   26   66   42   41   35   51   31   43   21   65   43   52  
  75   18   34   50   71   49   19   35   54   64   60   55   61   62   51   25   65   68   27   35   16   56   31   12   28   73   65   39   53   66   47   24   70   63   11   23   14   42   30   45   60   57   37   26   26   40   32   36   43   72   14   29   67   73   38   41   15   40   17   59   44   33   46   58   13   22   74   43   29   69   52   72   48   20   21  
  22   38   49   18   47   25   31   23   29   54   30   16   70   72   50   42   40   17   39   74   62   65   32   36   73   15   26   59   50   61   11   66   73   33   13   21   55   58   57   67   51   72   49   34   19   53   68   37   23   30   14   35   26   60   32   71   20   56   27   69   44   12   75   64   64   63   24   45   28   41   43   48   46   52   21  
  17   22   40   42   47   12   62   50   64   50   33   75   48   70   50   14   27   46   34   15   54   36   20   72   59   13   32   31   24   73   51   63   53   60   58   55   38   65   57   74   37   49   28   68   45   47   25   18   48   61   39   30   11   50   37   56   69   55   29   44   41   67   35   29   66   52   71   23   19   16   43   26   63   50   21  
  75   74   66   58   36   60   41   50   12   49   72   26   67   20   19   53   30   24   57   17   42   13   45   36   15   32   44   74   63   27   43   18   28   55   35   29   58   54   39   35   52   21   26   73   23   16   22   62   68   59   19   47   42   69   33   14   70   25   51   38   31   11   49   65   40   53   46   64   34   56   61   37   16   71   48  
  46   60   18   21   36   54   33   69   55   34   30   36   65   20   43   45   39   74   47   11   66   22   42   44   68   35   26   71   48   56   36   40   13   64   57   67   12   38   72   17   18   49   68   41   63   25   14   75   23   70   15   53   29   19   52   50   63   32   31   74   49   59   61   37   27   62   28   24   73   68   58   51   16   57   74  
  23   32   27   59   53   62   38   14   50   16   19   39   57   55   73   72   22   68   31   50   33   45   37   20   14   51   68   40   18   65   36   70   68   67   71   29   75   43   56   66   47   41   63   74   25   59   34   59   42   58   11   48   39   17   35   44   30   46   64   24   61   60   49   12   21   49   13   18   54   69   15   26   28   52   30  
  24   15   39   33   19   60   62   14   31   34   22   52   68   36   35   53   18   41   56   72   55   13   45   66   31   70   25   71   67   32   16   12   43   37   29   63   30   11   61   75   47   69   48   65   40   26   29   74   64   49   44   58   31   23   57   31   29   59   42   51   54   28   20   66   23   73   21   50   17   68   70   72   46   38   27  
  32   15   58   53   58   46   42   63   67   62   55   18   25   45   61   45   28   69   16   59   36   70   29   31   27   56   71   40   26   11   11   34   54   48   35   66   68   36   19   47   65   33   39   43   50   20   15   41   56   64   51   60   69   22   44   37   52   24   12   31   75   14   57   23   17   38   13   71   30   72   58   73   74   21   49  
  38   29   44   30   48   43   44   37   24   13   65   21   62   30   33   52   48   16   75   36   61   72   20   59   18   66   41   27   61   46   17   69   12   49   36   19   70   74   40   60   51   43   21   23   55   25   34   69   56   35   68   50   43   26   32   67   45   31   14   58   22   11   64   54   63   39   53   71   28   47   15   57   73   42   47  
  49   24   19   26   44   37   73   32   16   14   32   53   30   47   69   42   51   57   20   36   16   43   14   22   53   39   31   23   52   15   56   70   54   55   53   41   67   60   39   62   25   59   12   46   68   35   29   71   38   61   48   72   66   34   63   50   67   45   64   65   74   75   58   28   40   31   27   38   39   13   11   18   17   33   21  
  65   69   29   67   55   59   15   20   72   68   23   53   46   12   26   47   27   17   57   49   36   43   11   22   16   66   64   27   24   50   18   39   63   58   24   23   13   56   14   75   62   45   34   42   25   35   60   51   62   71   74   38   70   44   51   37   41   61   34   32   11   31   60   66   54   21   19   48   73   33   30   52   71   40   28  
  61   29   19   38   30   67   46   20   17   38   66   31   65   69   72   73   63   45   19   57   42   67   18   68   50   24   25   37   16   56   49   70   44   59   33   54   11   14   68   15   35   34   51   36   40   58   22   39   75   60   41   55   62   26   21   12   47   38   23   13   52   47   48   74   32   64   28   35   64   43   27   48   53   12   71  
  67   48   16   18   47   23   22   28   69   66   33   11   75   49   57   73   42   26   69   30   12   29   35   56   31   14   21   27   68   46   40   59   50   52   37   72   13   68   15   24   69   65   62   34   71   58   20   57   19   40   44   20   36   68   60   38   63   41   16   25   51   39   45   70   64   61   53   17   53   32   63   54   43   55   74  
  15   74   53   41   52   47   69   35   34   11   71   66   60   56   63   29   42   37   37   58   55   29   25   33   14   22   27   70   45   38   18   23   71   50   57   46   43   21   26   30   16   49   64   51   31   57   68   48   59   47   24   26   19   75   65   73   66   20   40   12   39   62   36   67   36   17   72   28   59   61   32   54   44   13   43  
  41   72   16   39   59   75   12   42   58   62   63   19   35   35   38   43   67   68   74   20   44   69   17   73   53   23   40   25   57   11   45   22   54   26   60   32   51   34   70   46   50   71   64   35   37   14   32   28   47   49   56   52   61   45   55   15   29   21   24   18   50   42   66   65   48   30   36   47   27   70   13   41   33   48   31  
  24   65   56   13   30   61   37   72   51   47   26   30   12   44   31   36   34   38   40   15   66   29   35   50   54   57   74   39   20   17   19   75   68   27   52   63   69   41   71   45   58   16   22   70   25   48   53   26   50   32   33   21   49   11   71   23   18   59   60   51   42   64   55   30   28   32   17   46   14   62   73   46   67   43   57  
  20   73   39   12   33   19   26   48   71   27   43   31   11   42   65   21   49   37   19   47   60   32   58   28   75   13   40   34   25   61   64   52   48   69   67   30   24   50   70   56   54   68   55   57   74   23   42   64   44   15   65   64   18   41   53   16   49   71   17   63   51   38   53   29   45   35   59   62   22   66   36   72   46   20   14  
  70   54   75   43   74   24   51   38   53   32   65   28   71   12   48   61   39   29   34   45   58   66   13   30   45   52   31   60   64   23   36   17   68   40   61   56   24   33   42   26   35   72   19   21   28   15   49   14   22   59   41   67   20   27   11   69   62   44   46   55   25   73   16   74   18   62   47   37   50   57   24   63   26   70   51  
  57   74   45   40   32   37   51   56   12   39   16   63   58   14   21   65   34   49   55   53   39   46   33   64   27   72   68   54   43   25   31   69   36   52   25   41   26   29   18   60   15   23   42   24   73   66   11   62   17   44   67   66   75   71   55   19   47   13   74   59   62   68   48   30   33   38   70   22   74   35   20   28   22   61   50  
  22   69   63   51   75   42   23   64   54   37   15   31   60   14   27   41   11   53   50   29   52   20   40   44   62   18   48   22   38   71   19   17   45   68   44   21   58   46   52   41   61   34   35   74   57   66   64   33   13   24   55   30   58   57   72   67   12   46   36   37   39   65   22   59   32   56   47   49   73   26   43   16   25   28   70  
  63   66   39   75   72   30   24   44   32   56   23   74   18   12   29   43   11   61   49   69   57   47   12   71   35   19   20   52   17   64   69   36   54   73   27   69   51   48   69   15   55   52   44   58   37   55   40   38   16   50   67   41   14   70   65   45   31   59   13   34   62   44   26   69   53   22   28   33   68   25   60   21   18   46   42  
  62   69   26   75   70   28   58   32   56   42   49   31   72   35   65   44   38   45   33   43   68   60   48   74   28   46   66   41   40   55   53   11   36   16   58   20   30   59   14   70   54   71   70   18   17   47   63   12   52   64   61   53   22   21   34   27   50   51   23   68   36   67   73   37   26   29   19   25   57   39   43   26   13   15   24  
  18   69   63   58   27   59   42   13   39   44   30   34   47   70   18   60   62   72   21   24   12   30   41   37   16   26   53   23   25   22   50   75   71   19   17   52   15   33   45   73   42   63   29   66   35   40   43   54   55   51   68   36   27   11   28   32   49   56   28   67   61   31   48   11   64   14   45   41   74   65   57   20   17   46   38  
  70   48   61   51   75   59   22   17   12   69   72   62   67   13   24   33   50   18   43   42   19   58   73   35   36   22   44   25   27   56   29   60   40   65   59   21   46   39   68   41   49   30   64   23   67   74   54   40   45   57   63   67   26   52   58   37   58   34   11   66   71   38   31   28   20   70   53   16   47   63   55   54   14   15   32  
  73   15   20   12   61   50   42   56   17   14   39   14   59   35   53   44   36   23   68   62   45   35   34   16   28   34   64   55   67   55   24   34   13   66   41   33   71   60   29   27   25   31   72   51   74   21   57   26   63   55   48   37   39   18   30   11   40   69   43   75   46   65   38   47   60   52   54   58   19   70   22   66   49   31   32  
  61   22   54   17   52   24   29   11   62   46   41   71   37   65   32   40   74   14   36   64   63   48   35   23   59   15   43   53   66   51   55   50   45   38   58   34   68   69   19   60   12   31   18   16   33   23   20   75   71   67   56   72   13   42   12   43   47   57   30   26   70   73   28   30   44   35   49   39   27   64   25   21   56   36   71  
  17   23   19   11   47   62   69   30   73   31   42   65   32   45   67   56   28   60   38   64   70   20   65   41   16   51   27   55   50   58   60   66   63   74   18   22   12   49   72   54   59   34   75   24   43   68   61   34   33   39   21   44   52   57   14   35   13   37   36   53   65   48   46   26   15   25   47   63   29   63   65   73   19   40   71  
  14   72   41   17   73   21   20   33   27   65   46   13   67   62   66   56   26   54   40   25   48   43   15   60   18   57   11   51   19   22   67   54   51   49   58   74   47   37   35   56   64   75   42   13   18   52   44   55   36   61   71   31   32   34   59   16   24   38   30   23   12   28   73   50   45   69   68   53   29   40   39   70   30   55   63  
  19   41   70   36   58   21   51   50   57   63   18   25   57   14   64   52   13   32   73   22   11   71   60   68   15   36   48   55   38   75   24   66   44   42   28   67   45   74   34   29   62   46   63   62   12   20   47   65   30   26   54   26   27   59   48   17   75   43   49   31   53   23   61   69   63   35   29   72   56   40   33   39   46   16   37  
  33   58   49   50   21   14   42   19   72   20   37   16   46   53   43   47   57   55   75   35   61   65   59   45   11   41   26   51   22   62   66   69   28   32   44   63   48   72   36   29   12   68   24   31   64   74   25   48   58   67   37   71   27   52   56   38   35   12   17   73   53   54   72   23   18   40   34   30   42   13   39   60   15   70   34  
  66   53   56   44   45   44   12   51   16   50   14   57   11   37   60   31   68   58   72   70   69   33   63   65   23   35   15   44   73   47   54   20   29   71   67   13   18   39   62   17   19   22   32   60   21   41   38   57   75   42   24   74   43   59   40   38   46   60   52   20   25   61   27   26   48   66   55   28   49   34   64   30   36   69   20  
  60   63   54   33   53   61   29   42   47   24   28   41   68   46   27   31   14   52   30   74   62   18   23   19   69   21   11   44   67   20   12   65   75   15   69   26   75   35   40   36   31   25   16   57   52   32   50   71   65   75   48   38   56   70   17   42   13   13   73   58   39   22   37   43   66   53   51   64   43   34   59   55   72   49   45  
  22   11   24   49   73   31   71   43   52   66   40   67   74   63   58   19   41   62   48   58   44   47   61   18   21   56   68   55   51   50   30   39   64   34   12   57   23   27   48   15   14   25   75   53   28   70   72   12   37   16   46   67   65   56   60   13   26   45   54   57   41   36   38   33   69   20   59   22   17   73   35   35   42   29   32  
  13   19   46   34   58   51   42   18   74   54   45   44   48   38   30   59   22   25   20   56   52   36   26   55   65   27   28   41   65   17   40   11   49   48   29   73   53   53   18   69   14   42   72   51   43   48   71   37   50   50   63   21   31   39   35   23   64   61   56   62   60   66   16   75   33   47   57   32   58   24   12   68   67   70   15  
  72   29   62   43   36   16   33   22   73   41   64   18   11   44   56   31   25   21   53   52   16   38   68   17   19   15   26   73   12   50   59   72   27   13   72   30   34   57   66   51   47   57   43   14   33   23   11   45   40   57   75   71   28   70   69   63   20   32   54   39   65   24   61   37   67   60   35   74   48   49   46   58   55   51   42  
  18   34   27   13   33   47   71   72   12   69   24   19   40   42   36   62   64   74   20   56   47   51   68   53   75   45   48   30   26   67   65   66   31   49   37   41   34   60   57   21   63   55   14   75   15   12   63   38   22   16   52   23   31   61   43   39   32   56   58   54   70   41   73   29   11   50   25   15   17   46   35   59   28   44   75  
  28   65   23   49   46   54   11   71   22   73   32   51   53   55   75   25   47   33   38   48   40   53   16   69   15   59   52   58   30   64   57   70   12   71   24   45   70   62   74   35   37   66   27   61   26   21   19   45   14   31   68   54   57   44   57   28   42   41   17   60   72   18   67   20   34   29   63   50   43   30   56   39   33   36   13  
  30   56   41   42   24   26   49   48   14   25   47   37   67   70   13   68   19   50   44   60   52   27   50   30   16   73   23   71   23   55   35   45   31   39   48   36   61   32   22   51   54   72   29   17   11   57   64   23   20   69   12   20   65   21   28   63   75   28   33   74   38   62   59   46   41   15   40   66   58   49   53   43   18   33   34  
  44   15   72   63   59   13   26   19   69   60   41   29   31   61   47   71   42   36   48   46   35   52   37   39   57   70   73   65   45   51   49   20   18   62   24   11   32   22   65   23   12   74   75   17   66   31   47   50   30   15   54   68   38   39   14   33   39   39   56   43   56   55   40   16   27   25   58   28   15   34   64   53   61   21   67  
  64   55   74   59   35   32   23   42   67   75   22   25   21   47   68   39   11   73   71   49   54   62   53   63   28   41   69   33   65   18   73   52   72   34   75   20   54   51   14   27   51   38   40   48   13   37   30   54   46   17   31   57   51   43   21   66   12   45   36   62   48   50   19   60   15   70   56   26   44   24   61   16   29   58   75  
  25   66   60   37   36   31   43   15   20   41   26   42   59   35   40   52   61   28   39   51   50   54   12   33   55   22   24   15   69   40   13   21   16   72   64   67   68   70   18   26   74   53   37   27   74   34   29   65   48   23   73   56   63   75   49   61   45   17   27   51   47   30   44   14   38   46   19   37   32   57   11   64   58   62   71  
  34   25   27   26   52   74   17   15   31   51   26   75   58   43   71   28   50   13   44   22   72   73   55   48   30   49   57   53   59   18   31   15   69   12   62   31   64   14   56   32   46   11   40   61   20   65   42   19   65   52   21   47   60   41   63   36   70   30   35   24   68   50   60   54   47   39   66   33   29   67   45   37   16   38   23  
  19   38   64   40   69   14   41   32   17   50   61   23   54   51   47   54   45   66   56   49   12   73   62   33   31   67   58   15   47   74   26   55   37   22   46   26   27   35   20   43   25   68   26   42   59   70   40   39   65   11   53   63   34   21   41   72   18   29   75   52   48   57   73   66   30   71   13   16   68   46   44   60   24   36   28  
  74   44   32   49   52   28   25   15   66   14   75   53   65   29   38   73   42   29   36   26   57   55   31   31   26   47   60   19   27   12   70   41   40   64   48   48   16   65   59   63   20   37   17   71   35   23   54   39   58   53   35   67   51   62   33   34   43   24   61   72   11   18   55   13   46   22   45   68   67   69   21   49   56   50   30  
  65   26   42   39   23   60   64   29   44   55   28   31   69   11   21   47   38   46   52   30   22   49   56   48   66   12   70   20   72   63   24   15   19   53   17   35   25   62   34   37   68   13   62   58   54   40   65   16   41   40   43   73   71   50   51   33   36   46   73   75   14   74   61   18   57   59   32   20   21   57   37   67   27   45   59  
  62   11   71   50   25   51   73   42   60   16   67   28   45   72   70   40   42   14   34   46   36   58   24   75   37   56   23   53   43   74   57   68   74   64   33   55   28   32   66   12   54   15   31   35   39   17   30   22   38   52   31   73   61   59   62   48   21   26   60   65   63   31   29   40   20   13   47   44   49   41   27   52   18   69   19  
  29   13   33   11   20   19   51   52   46   57   63   56   48   60   36   21   74   12   40   16   17   14   30   15   19   59   75   37   45   44   14   19   39   41   52   53   67   72   42   50   47   25   27   31   34   22   51   32   70   35   71   68   18   66   38   62   23   73   23   43   26   69   58   54   50   24   49   34   64   28   55   17   61   65   65  
  33   40   33   74   24   63   39   18   72   45   57   13   17   15   34   68   66   70   21   64   32   38   59   52   22   75   24   30   51   12   43   71   52   41   12   42   48   26   11   49   57   61   27   60   31   28   36   73   14   58   62   50   35   16   53   56   54   47   46   25   55   67   23   39   23   47   66   37   69   65   19   32   20   44   29  
  58   17   55   37   46   52   73   27   34   75   54   14   40   13   68   19   20   49   45   69   62   64   60   24   59   67   72   22   57   53   33   39   60   44   38   21   41   25   26   47   64   11   18   65   71   50   49   35   58   18   12   30   23   32   31   61   42   18   70   51   74   48   19   36   63   56   29   66   35   43   50   16   59   15   28  
  67   43   39   11   31   58   17   60   49   62   19   57   23   71   50   70   66   42   21   75   55   34   45   57   52   27   13   34   25   69   22   53   37   12   18   32   33   54   72   56   63   73   59   44   36   67   61   16   74   43   46   20   11   65   75   14   46   40   41   38   47   29   26   28   30   35   68   75   51   64   49   24   15   48   20  
  41   29   52   12   46   66   54   11   33   65   56   24   23   45   35   47   30   37   45   62   40   68   36   50   68   39   73   60   59   26   71   19   57   53   16   14   75   60   18   34   39   58   42   48   43   68   51   74   47   55   64   27   22   70   13   61   68   49   44   72   67   25   63   12   32   38   75   66   31   17   15   69   21   28   20  ] 
BUDGETS : [    1    4    7    8   16   16   32   32   39   40   45   46   46   47   49   51   52   54   55   57   57   57   59   59   61   65   68   68   68   68   69   71   73   75   77   82   84   88   89   89   91   92   92   94   96   96   97  100  100  112  112  114  114  115  116  116  119  124  125  125  126  139  142  144  145  149  149  150  153  158  159  163  163  163  164  165  167  167  167  170  172  173  174  176  178  178  182  182  184  185  185  186  187  188  189  189  192  192  194  194  199  200  200  201  204  207  209  216  219  222  223  230  230  232  233  234  235  238  238  239  246  251  251  252  255  259  259  260  263  263  264  267  268  272  275  275  277  278  278  278  279  283  286  289  291  294  296  299  300  300  ] 
