K : 50
I : 50
PREFERENCES : [    0    0    0    0    0    0    0    0   50    0   43   37   46    0   34    0    0   39   48   39    0    0   36    0   36   32    0   44    0    0   35   47   49    0    0    0    0    0   40   39   45   33   41   36   31   39    0   38   42    0  
  46   39   42   38    0    0    0    0    0   45    0    0   32    0   37   35    0   49   41   36    0    0    0   34    0    0    0   41   44   50    0   31    0   35    0   47    0   41    0   46    0   40    0   33   48    0   36    0    0   43  
  49   37    0   39    0    0   34    0    0   35    0    0    0    0   34   42   34   36    0   43   38   46    0    0    0   41   44   50    0    0   46    0    0   35    0   49   32   45    0    0    0   47   31    0   40   48   33    0    0    0  
   0   35   36   32   33    0    0    0    0    0    0   45   40   45    0    0   32    0    0   47   38    0    0   49   44    0    0    0    0   31    0    0    0   42    0   34   49   37    0   48   46   31    0    0   50   37   39   41   43    0  
  40   33   31   31   50    0    0   41   42    0    0    0    0    0    0    0   36    0   47   47    0    0   37    0    0   38   33    0    0   44    0   47   45    0    0   31    0   35    0   48    0   39   34   49    0   43   32    0    0   46  
  44    0   41    0    0    0   46    0    0    0    0    0    0    0   48   35    0    0   42   37   40   37    0   50    0    0   32    0    0   34   39    0    0   38   48   47   38   39   43    0   36    0   49   45    0   48   33    0    0   31  
  47    0    0   38    0    0    0    0    0   46   32    0   37    0   47    0   45    0   31    0   31   34    0    0    0    0   33   44    0   48    0    0    0   39    0    0   42   39    0   41   50    0   35   40   37   36   43    0   49   40  
  45   36    0    0    0    0    0   47    0    0    0    0   33   40   50   39    0    0    0    0    0   48   41   32   44    0   34    0    0    0    0   31    0   42   48   46   41   49    0    0   41   48   33    0    0    0   38   37   35   43  
   0    0   47    0    0    0    0    0    0   36   34   40    0   42    0   38    0    0   40   43   44   32   34    0    0   37    0    0    0   48   33   48    0   39   46   46   35    0    0    0   50    0   41   31   49    0   41    0   45    0  
   0    0    0    0   47   36    0    0    0   48   31   44    0   33    0    0   34   38   42   46   35   39    0   37    0   45    0    0   41   32    0    0    0    0   40    0    0   37    0    0    0   49   40    0   34    0   45   50   43   38  
  33    0    0   39    0   32   40   41    0    0   46   37   42    0   42   49   45    0   46    0    0   50   45    0   36    0    0   38    0   47   34   33    0   39    0   48    0    0   35    0    0    0   43    0    0    0   31    0   44    0  
   0   36    0   49    0   46    0    0   43    0    0    0    0   40   31    0   37   45    0   41   50   33    0    0    0   48   44    0   38   42    0   43   48    0    0    0   47    0    0   36   31    0   47   39    0   32    0    0   35   34  
  35   42   38   41   42   50   45   39   37   36   50    0    0    0   34    0    0    0   47   40    0   48   49    0    0   45    0    0    0    0   31    0   33   44    0    0    0    0    0   44   46    0    0   33    0   43    0    0   32    0  
  39    0   49   34   50    0   37   33   34    0   42   40    0    0    0    0   41    0    0    0    0   32   35    0    0    0   36   43   46    0   38   47   45    0    0   50    0    0   38   49    0    0    0   48    0    0   42   44    0   31  
  43    0    0    0    0   40    0   50    0   33   38    0   40   34    0    0    0   44    0   42    0    0    0    0   45   49   47   31   41   35    0    0   31   37    0   32   36    0   48    0    0   46   41    0   39   46   44    0    0    0  
  41    0    0    0   33    0    0    0   43    0    0   42    0    0    0   39    0   44   36    0    0    0    0   46   47   37    0   40   33   48   48    0   39    0    0    0    0   38   31    0    0   45   32   35   34   50   49   41    0   43  
   0   34   43   46    0   37   36    0   44    0    0   41   32   49   38   45    0   49    0    0    0   33   47    0   48   42    0   46    0   40   49   37    0    0    0    0   31   42    0    0   50    0    0    0    0    0    0   39    0   35  
   0   40   45    0   32    0    0   50   44    0    0    0    0   46   43   33    0    0    0   48    0    0   38    0   47   31    0   42    0   45    0    0    0   37    0   35    0    0   49   34    0    0   41   34   39   35   37   36   35    0  
  39   42    0   36   46   31    0    0    0    0   41   41    0   42    0   43    0    0    0    0    0    0    0    0   45    0    0    0    0    0   44   37   47    0   38   33   49   49   35   43   34   48    0   40    0    0   32    0   50   39  
   0    0   41   43   39    0   41   50   31    0   35    0    0    0    0   38    0    0   33   49   35   50    0   45   41    0   37    0    0   47   36   46   37    0   42   32   34    0    0    0    0    0   48   40    0    0    0    0    0   44  
   0   50   39    0    0    0    0    0    0    0   42    0   50    0    0    0   38    0    0    0   41   36   49   42   40   43    0    0   31    0   45    0   48   46   38   35    0    0    0   42    0    0    0   34   47   33   50   32   44   37  
   0   32   31   43   49    0    0   44   50   35    0    0   41    0    0   42    0    0   38   40   46   39   37   47   36    0   45    0   34   48    0    0   36    0    0   39    0    0    0    0    0   37   48   44    0   33    0    0    0    0  
  49    0    0   48    0    0    0   41   47   46    0    0    0   39    0    0    0   33    0    0    0   40   34   33   42   32   37    0    0   36   45   50   38   44    0    0    0   35   38    0    0    0   43   50   32   31    0    0   33    0  
   0    0   43   31    0   45   37    0    0   38   43    0   42   35   50    0   49   39    0   36    0   31    0   40   44    0   33   41   38    0   31    0    0   34    0   46    0    0    0    0   32   48    0    0    0    0   47    0    0   40  
   0    0    0    0   48   50   45   31    0   35   47    0    0    0    0   44    0   32    0   42    0   37    0    0    0    0    0    0    0   34    0    0   46   49   33   39   37   41    0    0   38   36   38    0    0   40   50   38   43   34  
   0   50   36   41    0    0    0    0   44   42   50    0    0    0   36    0    0    0    0   37   35   45    0   47   32    0    0   40   39   34   48    0   36    0    0   31    0   33    0    0   35   49   46    0    0   38    0   43    0   44  
   0   39    0   38    0    0   32   47    0   50    0    0    0    0    0    0   40   36    0    0   50   37    0   35   46    0   44    0   33    0   31    0   34    0   45    0   43   48   39    0   41    0   46    0   49   50   42    0   43    0  
   0    0    0   43   33    0    0   44   39    0   47   48    0    0   38   31   49   42   43    0   46    0   40    0    0    0   35    0   41   49   31   36    0   34   32    0    0    0    0   37   34   50    0    0    0    0   33   45    0    0  
  47   48    0    0   38   40   44    0    0   35   34    0   36   49   42   39   49    0   45    0   50   41   33   46   36    0    0    0    0   31    0   37    0    0    0    0    0   32    0    0    0   34    0   49   43    0    0    0   34    0  
   0    0    0   49   39   34   44    0   40   46   31    0    0    0   36   48    0    0   43    0    0   43   41   44   40    0   42    0   50    0   38   46   33   32    0    0   45    0   35   50    0    0    0    0    0    0    0   47    0   37  
  41    0   40   38    0    0   34   37    0   47    0    0    0    0   48   36   42   42   43    0   32   39   50   45    0    0    0   31    0    0   37    0    0    0   49   39    0   33    0   44    0    0   45    0   35   46   49    0    0    0  
   0   45   49   50   39   47    0    0    0   36    0    0    0    0   46   37   47   40   44   48    0    0    0    0   33    0    0    0    0   39    0   35   37   34   41    0    0   43   38   33   42    0   49    0   31    0    0   32    0    0  
  48    0    0   35    0    0    0    0   32    0    0   32   37    0   39   36    0    0   49   33   44   45   40    0   32    0    0    0   34   50    0   46   41   49    0   43   42    0    0    0    0    0   42   47    0    0    0   31   42   38  
  47    0    0   35   35    0   47    0   43    0    0   44   46    0    0   50    0    0    0   33    0   39    0   48    0   38   42   42   31   41   34   36   37    0    0   47   40    0    0    0    0    0   32   49   36    0    0   45    0    0  
   0   47   48   42    0    0    0   43   45   41   41    0    0   36   31    0    0   34   35    0    0    0    0   33    0    0   40    0    0    0   44    0   49   37    0   50   32    0   36   32   33    0    0    0   38   46    0    0   39   43  
  34    0   43    0   41    0   49   31    0   41   47    0    0    0   46   40   47   41    0    0   36    0   42    0   39   33    0   35    0    0    0    0   32   44    0   50   45    0   37    0    0   38    0    0    0    0   36    0   48   35  
  35   40    0    0    0   33    0   44    0   50   32    0    0    0   46   48   33   45    0   48   41   35   38    0    0   43    0   31   34   31    0    0    0    0   42   47    0   32    0   36    0   37    0   49    0    0    0    0    0   39  
   0    0    0   39    0    0    0   43    0   45    0    0   50   34   50    0   34    0   44   31   40   48   38    0    0   37    0    0   50   41    0    0    0    0   47    0   49   49   36    0    0    0   33    0   35   39   42   46   32    0  
   0   47   45   40    0    0    0   37    0    0   47    0    0    0   39    0   31    0    0    0   45   42    0    0   38   48    0   35    0   36    0    0   39    0    0    0   35   46    0   36   43   49   50   41    0   44   33   32    0   34  
  42    0   34   43    0   48   37   40    0   48    0   45    0   50    0    0   49    0    0    0   33    0   32    0    0   48   48    0   36    0    0    0   48   31   41    0    0   35    0   38   31    0    0    0    0    0   39   47   46   44  
  45   49   31    0   34   46    0    0   33    0    0   39   44   38    0    0    0   47   40    0   32    0   48   43    0    0    0    0    0    0   35   41   37   33   42   40    0    0    0    0   47   36    0    0   50    0    0   41   38    0  
   0    0    0   31    0    0    0   44   36   45    0   31   41    0   42   50    0    0   35    0    0    0    0   41   46   36   49   48    0   43   39    0   34   33   38   37   31   40    0    0    0   32    0    0    0    0    0   46    0   47  
  31    0    0    0   42    0    0    0   40   37   49    0   34    0    0   43   44   38    0   44   39   47   32    0    0    0    0   43    0   35    0   45    0    0    0    0   33   36    0   50   41    0   42   36    0   49    0    0   48   46  
  47   48    0    0   33   42   34   48    0   39   31   49   40   37   41    0   44    0    0   45   35   43   42   50    0    0   33    0    0    0    0   38    0    0    0   43   36    0    0    0   46    0   32    0    0    0    0    0   40    0  
   0   39   33   48   44   41   43   40    0    0   35    0    0    0    0   46    0   47   42    0   36   31    0    0   32   36    0   36   42    0   38   34   37   48    0    0   49   39    0    0    0   50    0    0    0    0    0   45    0    0  
   0   32    0   50    0    0    0    0   40   44   41   43   41    0   37    0   46   42   33   35    0    0    0    0   49    0   38    0    0    0   39   31    0   47    0    0   38   48    0   39   41   50    0   36    0    0   34    0    0   45  
  37    0   31   50   43    0    0    0    0   33    0   41    0    0   50   39   45    0   45   44    0    0   40   49   38    0   46    0    0   48    0    0    0   47    0   32   35   36    0    0    0   40    0   40    0   34    0    0   42   38  
   0   49    0    0   46    0   31    0   45   37   43    0    0   42    0   31   35    0    0    0   38   32   34    0    0    0    0    0   47    0    0   43    0    0   48   36    0    0   32   49   44    0   40   32    0   33   50    0   41   39  
   0   34    0    0   33    0    0    0   48   42   35    0   44    0   38    0    0   50   41    0   34   47   46    0   37   31    0    0    0    0    0    0   49    0   32   45    0   43   36   39    0   46   37   40    0    0   34    0    0   40  
   0   48    0   46   46   37   49   33    0   39    0   32    0   42    0   45   31   48   35    0    0    0    0    0   47    0   50    0    0   43   40    0   37   49    0   36    0    0   42   34    0    0    0    0   44    0    0   38   41    0  ] 
BUDGETS : [    1    5   11   12   14   15   17   18   24   24   25   26   27   31   32   32   33   39   40   40   44   44   46   47   52   54   55   56   56   61   62   63   65   65   68   71   72   74   74   74   83   84   86   86   88   91   92   93   96   96  ] 
