K : 50
I : 50
PREFERENCES : [   48    0    0    0    0    0    0    0    0    0    0    0   45   47    0    0   43    0    0    0    0    0   50    0    0    0   42    0    0    0    0    0    0    0    0    0    0   48    0   46   49    0    0    0    0    0    0    0   44    0  
   0    0   50    0   47    0    0    0    0    0    0    0   43    0    0    0    0    0    0    0    0    0    0    0    0    0    0    0   42    0   45    0   46    0    0    0    0    0    0    0   50    0    0    0    0    0   48   44   49    0  
  49    0    0    0    0    0   48   45    0    0    0    0   42    0   46    0    0    0    0    0    0    0    0    0    0    0    0    0   47    0    0    0    0    0    0    0    0   43    0    0    0    0   50    0    0   49   44    0    0    0  
   0    0    0    0    0    0    0    0    0    0    0    0   49    0    0    0    0    0    0   47   43   44    0    0   45    0    0    0   46    0    0   48    0   50    0    0    0    0    0    0    0    0    0   42    0    0    0   44    0    0  
   0    0    0    0    0    0    0    0    0    0   50    0    0    0    0   50    0   48    0   45    0    0    0    0    0   44    0   42    0    0    0    0    0    0   47    0    0    0    0   49    0   46    0    0    0    0    0   43    0    0  
   0   44    0    0    0    0    0    0    0    0    0    0    0   43    0   48    0    0    0   44    0   42    0    0    0    0    0    0   49    0    0    0    0    0    0    0    0   45    0    0    0   50    0    0    0   46   47    0    0    0  
   0   47   50    0    0   44    0    0    0    0    0    0    0    0    0    0    0    0    0   49    0    0    0    0    0    0    0    0   46    0    0    0   48    0   43    0    0    0    0    0    0    0   45    0    0   42    0    0    0   50  
   0    0   46    0    0    0    0    0    0    0    0   49    0    0   42    0    0    0    0    0    0    0    0    0    0    0    0    0    0    0    0    0    0    0    0   43   48    0    0   47    0   50    0   44    0    0    0    0   47   45  
   0    0    0    0    0   42   44    0    0    0    0    0    0   45    0    0    0    0    0    0    0    0    0    0    0   46    0    0    0    0    0    0   48    0    0    0    0    0    0   50    0   47    0    0   49    0   50    0    0   43  
   0    0    0   46    0   42    0    0    0   43    0    0    0    0    0    0    0    0    0    0    0    0    0    0    0    0   48   50    0   44    0    0    0    0   47   50    0   45    0   49    0    0    0    0    0    0    0    0    0    0  
   0    0   42    0    0    0    0    0    0   45    0   49    0    0   43    0    0    0    0    0    0    0    0    0    0    0    0    0    0    0   50    0   48   44    0    0    0    0   46   47    0    0    0   42    0    0    0    0    0    0  
   0    0    0    0   50    0    0    0    0    0    0    0   48    0    0   46    0    0   42   43    0    0    0    0    0    0    0    0    0    0    0    0    0    0    0   45   48    0    0    0    0    0    0   47    0   44   49    0    0    0  
   0    0   42    0    0    0    0    0   44    0    0    0    0    0    0    0    0    0    0    0    0    0    0   42    0    0    0    0   45    0    0    0   46    0    0   50    0    0    0    0    0   47    0   49    0   43    0    0    0   48  
   0   47    0    0   45   44   43    0    0   46   48    0    0    0    0    0    0    0    0    0    0    0    0    0    0    0    0    0   50    0   48    0    0    0    0   42    0    0    0    0    0    0    0    0    0    0    0    0    0   49  
   0    0    0    0    0    0   45    0    0    0   49    0    0    0    0   44    0   43    0    0   43    0    0    0    0    0    0    0    0    0   46   50    0    0    0    0    0    0   48    0    0    0   47    0    0    0   42    0    0    0  
  43    0    0    0    0    0    0    0    0    0    0    0    0    0   50    0    0   49    0    0    0    0   45    0    0    0    0   44    0    0    0    0   46    0    0   42    0    0    0    0    0   47    0    0    0   48   43    0    0    0  
   0    0    0    0    0    0   49    0    0    0    0    0    0    0    0    0    0    0   45    0    0    0    0    0    0    0    0    0    0   42    0   46    0    0    0    0    0    0    0    0   48   44    0    0   46   50    0    0   43   47  
   0    0    0    0   46    0    0    0    0    0   43    0    0    0    0   48   45    0    0    0   47    0   49    0    0   50    0    0    0    0    0   44    0    0    0    0    0    0    0    0    0    0    0    0    0   42   48    0    0    0  
   0    0    0   44    0    0   48    0    0    0   47    0   49    0    0   50   46   50    0    0    0    0    0   45    0    0    0    0    0    0    0    0   43    0    0    0    0    0    0    0    0    0    0    0    0    0    0    0   42    0  
   0    0   47    0    0    0    0    0   42   49    0   50    0    0    0    0    0   45    0   47    0    0    0   43    0    0    0    0    0    0   44    0    0   46    0    0    0    0    0    0    0   48    0    0    0    0    0    0    0    0  
   0   43    0   50    0    0    0    0    0    0   48    0   44    0    0    0    0    0    0   45    0   49    0    0    0    0    0    0    0    0    0   46    0    0    0    0    0    0    0    0    0    0    0    0   47    0    0    0   42   48  
   0    0    0    0    0    0   50    0    0    0    0    0   48   44    0    0    0   49    0    0    0   47   45    0    0    0    0    0    0   42    0    0    0    0    0    0    0    0    0    0   43    0    0    0    0   46    0    0   49    0  
   0    0   48    0    0    0    0    0    0    0    0   42   44    0    0   43    0    0    0   46    0    0    0    0    0   49    0    0    0    0    0   47    0    0   48    0    0   45    0    0    0    0    0   50    0    0    0    0    0    0  
  49   42    0    0    0    0    0    0    0    0    0   48    0    0    0    0    0    0    0    0    0    0   47   45    0    0    0    0   43    0    0    0    0   50    0    0    0    0    0    0    0    0   44   43    0    0    0   46    0    0  
   0    0    0    0    0   48    0    0    0    0    0    0   42    0    0    0    0    0   49    0    0   47    0    0    0   44   43    0    0    0   45    0   50    0    0    0    0   50    0    0   46    0    0    0    0    0    0    0    0    0  
   0    0    0    0    0   48    0    0    0    0   49   43    0   46    0    0    0    0    0    0    0    0    0    0    0    0   42    0    0   44    0    0    0    0    0    0   45    0    0    0   47    0   46    0    0    0   50    0    0    0  
  45    0    0    0    0    0    0    0    0    0   46   42   50    0    0   47   46    0    0   48   49    0    0    0    0    0    0    0    0   43    0    0    0    0    0    0    0    0   44    0    0    0    0    0    0    0    0    0    0    0  
   0   46    0    0    0    0    0    0    0    0    0   50    0    0   42    0    0   42    0   43    0    0    0    0    0    0   45    0    0    0    0    0    0    0    0    0   44    0   49    0    0    0    0    0    0   47    0   48    0    0  
  47    0    0   48    0   42    0    0    0    0    0    0    0    0   44   46    0    0    0    0    0    0    0   49    0   43    0    0    0    0   50    0   49    0    0    0    0    0    0   45    0    0    0    0    0    0    0    0    0    0  
   0    0    0    0    0    0    0   50    0    0    0    0   50   45   47    0    0    0    0    0    0   48    0    0    0    0    0   44    0   42    0    0    0    0    0    0    0    0    0    0    0   43    0   49   46    0    0    0    0    0  
   0   50    0    0    0    0   45    0    0    0    0    0   45    0    0    0    0   47   49    0    0    0   48    0    0    0    0    0    0    0   46    0    0    0   42    0    0    0    0    0    0   44    0   43    0    0    0    0    0    0  
   0   49    0    0    0    0    0    0   43    0    0    0   46    0    0    0    0    0    0    0    0    0    0   42    0    0    0    0   47    0    0   44   45    0    0    0    0    0    0   50   48    0   42    0    0    0    0    0    0    0  
   0   44    0    0    0    0    0    0    0   46    0    0    0    0   45    0    0    0    0    0    0    0    0    0    0    0    0   50    0    0    0    0    0   42    0    0    0    0   43    0   47    0    0    0   47   48    0    0    0   49  
   0    0    0    0    0   50    0    0    0    0    0    0    0    0    0    0   42    0    0    0    0    0    0    0    0    0    0    0    0    0    0   44   45    0    0    0   46   49    0   44    0    0   47   48   43    0    0    0    0    0  
   0    0    0    0    0    0    0   49    0    0    0    0    0    0   50    0    0    0    0    0    0    0    0    0   47    0    0    0    0    0    0    0   48    0   45    0    0    0   43    0   42   46    0    0   48    0    0   44    0    0  
  49    0    0    0    0    0    0    0    0    0    0    0    0   48    0    0    0    0    0    0    0    0    0    0    0    0    0    0   42    0   45    0   45    0    0    0    0   47   46   50    0    0    0   44    0    0    0    0   43    0  
   0    0    0    0   47    0   49   48    0    0    0   44   44   50    0    0    0   46    0   43    0    0    0    0    0    0    0    0    0    0    0   42    0    0    0    0    0    0    0    0    0    0    0    0    0   45    0    0    0    0  
   0    0    0    0   49   48    0    0    0    0    0    0    0    0   45    0    0    0    0   42    0    0   50    0   46    0    0    0    0    0    0   46    0    0    0    0    0    0    0    0    0    0   47    0   43    0    0    0    0   44  
   0    0    0    0    0    0   42    0   46    0    0    0    0    0   48   43    0    0    0    0    0   50    0   44    0    0    0    0   49    0    0    0   47    0    0    0    0    0    0    0    0    0    0   50    0    0    0   45    0    0  
   0    0    0    0    0    0    0   50    0   46    0    0    0    0   43   49    0   48   48    0    0    0    0    0    0    0    0    0    0    0    0   42    0    0    0    0   44   45    0    0    0    0    0   47    0    0    0    0    0    0  
   0   47    0    0    0    0    0    0    0    0    0   50    0    0    0    0   43   44   45    0    0    0    0    0    0    0    0    0    0    0    0   46    0    0    0    0    0    0    0    0    0    0   49   48    0    0   47    0   42    0  
  42    0    0    0    0    0    0    0    0    0    0    0    0   45    0    0    0    0    0    0   44   49    0    0   48    0   50    0    0    0    0    0    0    0   44    0    0   47    0    0    0   43    0    0    0    0    0   46    0    0  
   0    0    0    0    0    0    0    0    0   43    0    0    0    0    0    0    0    0    0    0    0    0   46   42    0   48   49    0    0    0    0    0    0    0    0   47    0   43    0    0    0    0   50    0    0    0    0   44   45    0  
   0    0    0    0    0   50    0    0    0    0    0    0    0   47   42    0    0    0   47    0    0    0    0    0   43    0    0    0    0    0    0   46    0   44    0   48    0    0    0   49   45    0    0    0    0    0    0    0    0    0  
   0    0    0    0   45    0    0    0    0    0    0   42   46    0    0    0    0    0    0    0   49    0    0    0    0    0   47    0   45    0   44   50    0   48    0    0    0    0    0    0    0    0    0   43    0    0    0    0    0    0  
  44    0    0    0    0    0    0    0    0    0   50    0    0   47    0    0   45    0    0    0    0    0    0    0    0    0    0   42    0    0    0    0   49    0    0    0    0    0    0   48    0    0    0   46    0   47    0    0    0   43  
   0    0    0   48    0    0    0    0    0    0    0    0    0    0   46    0    0    0    0    0    0    0    0    0    0    0    0    0    0   44   43    0    0   45    0   47    0   43   50    0    0   42    0    0    0    0   49    0    0    0  
   0    0    0    0    0    0    0   45    0    0    0    0   47    0    0    0    0    0    0    0    0    0    0    0    0    0    0   48    0   42    0   50    0   46   45    0    0   49    0   43   44    0    0    0    0    0    0    0    0    0  
   0    0    0   50    0    0   47    0    0    0    0    0    0    0    0    0   46   48   49    0    0    0    0    0    0    0    0    0    0    0   45    0    0    0   44    0    0    0    0    0    0    0   43    0    0    0    0   42   50    0  
   0    0    0    0   49    0    0    0    0    0    0    0   43    0   48   47    0    0    0   42    0    0    0    0    0    0    0    0    0   50    0    0    0    0    0    0   46   45    0    0    0    0    0    0    0   44   45    0    0    0  ] 
BUDGETS : [    6    6    8    9   10   11   12   12   13   15   17   21   23   24   24   25   33   34   35   37   38   39   40   42   42   48   51   52   55   55   62   66   66   66   71   71   75   77   79   81   84   84   89   93   94   97   97   98   98  100  ] 
