K : 100
I : 100
PREFERENCES : [   55    3   28   15   70   83   71   18   30   60   37   43   29   75   73   39   84   36   70   84   38   89   89   41   78   63   74   79   82   54   34   14   44   49    2   87    6   20   88   78   32   72   68   13   55   31   22   46   12   64   25   19   69    1   21   63   47   53   67   42    7   51   27   17   45   59   85    9   86   65   24   53   52   11   57   48   23   40   62    3   16    5   80   71   50   81   61   26   58   35   22   33   66   76   77   90    8    4   56   10  
  65    9   47    8   52   62   54   49   61   41   19   24   63   13   76   68   84   70   13   45   32   57   79   83   17   85    5   69   39   63    1   56   75    7   27   47   53   86   36    3    7   37   15   44   30   78   85   38   28   82   80   20   51   59   46   90    2   23   42    4   77   74   56   10    6   87   24   38   43   63   81   73   58   50   89   16   29   55   33   40   14   22   60   67   34   35   25   64   66   88   21   26   18   72   71   31    9   11   12   48  
  86   87   63   11   79   18   26   57   56   35   33   72   42   58   25   74   10   21   16   67   84   69   49   40   28   62   80   38   11   32   53   82   27   12   41   83   82   23   17   76   31   65   70   89   29   54   77   47   59    3   14   24   13   35   73   19   50   60   81   52    7   75    8   30   48   45   88   71   43   15   52    9   39   51   46   30   44   53   64   55   90    6   68    4   61   22   36   22    2   66   78   84    1    5   34   85   66   70   20   37  
  35   18   23   45   42   61   53   87   73   54   22   12    1   64    6   89   28    9   44   38    2   40   69   60   71   78   10   33   19   30   31   52   41   65   47   56   66    8   32   33   80   70   24   63   81    6   68   49   90   16   72   25   26   37   43   59   57   16    7   76   85   11   48   79   15   75   20   29   36   34   24   68   79   83    3   88   14   72   84   27   82   54   46   58   17   74   50   35   39   13   62   21   86   51   77   55    4   67   86    5  
  89   21   82   25   60   68   85    3    9   22   86   66   32   10   14   14   79    8   41   25   61   30   24   28    5   20   46   35   55   84   73   13   19   43   65    1    7   51   47   10   57   44   72   77   26   40   58   59   23   56   27    7   78   53   64   29   71   69   62   52   45   54   70   38   31   90   67   24   63   76    6   33   83   16   55   34   81   12    2   66   13   55   17   74   87   36   18   37   51   39   11   50   48    4   49   42   88   15   80   75  
  81   12   77   75   80   35   70   66   40   28   10   61   23   22   84   71    7   65    9   11   31   16   30   52   73   43   57   56   86   34   46   14   21   74   83   20   51   69   21   33    6   42   27   41   38    1   19   63   68   58   47   36   37   59   67   13   78   20    4   37   48   53   42   56   75   17   50    5   19   29   64   39   79   58   25   82   44   60   90   88   15   76   85   26   55   45    3   25   18   87   49    8   32    2   24   62   72   21   89   54  
  74   13   49   83   84    2   56    7   75   81   34   44   39   82   47   40   14   18   70   46   29   33   46   21   86   28   66   25   61   23   65   51   31   38   71   58    5    6   47   42   36   79   67   68   55   16   78   89   59   63   76   47    8   50    3   32   57   53   15   77   85    4   90   72   37   88   73   43   27   54   54    9   54   45   56   10   30   19   52   64   12   41   48   20   26    9   61    1   63   68   17   11   60   87   80   24   22   35   62   69  
  74   69   89   66   65   53   16   33   12   76   49   51   85    6   78   28   80   10   64   30   68   43   83   61   88   62   56   87   55   42   14   71   21    8   35   22   72    1   86   90   50   63   48   60   79   73   86    9    2   20   54   59   15   39   44    3   41   26   33   70    7   17   37   62   22   25   19    5   65   45   29   27   76   81   31   71   13   24   58   47   18   52   40   11   76   23   57   32    1   36   46   75   42   38   67    4   82   77   84   34  
  50   29   75   37   27   73   68   11   63   46   41   71   55   19   48   42   30   21   32   53   79   22   87    4   60   13   68   65   36   74    2   35   78   83   15   18   80   90    1   62   38   23   85   59   26   49   43   86   69   44   62   52   81   57   89   41   34   12   50   16   64   56    3   28   51   42   77   10   14   82   20    6   84    8   35   24   54   40   47   16   45   33   90   31   76    9   73   66   39   70   67    7   25   17   58   61   16    5   72   88  
   8   89   25   14   84   29    1   55   18   66   81   38   80   44   85   38   34   65   77   64   51   20   46   90   11   79    7   48    4   71    5   26   67   78   15   69   54   32   23   24   75   77   52   41    6   36   62   30   47   17   11    3   27   68   76   73   19   12   60   16   24   37   28   50   84   86   45   40   63   42   88   35   59   74   21   53   83   69   22   33   26    9   72   12   57   58   49   13   43   39   70   87   53   31   10   39   56    2   82   61  
  89    4   38   39   88   45   56   19   12   22   60   36   38   31   49   64   18   14    7   27   34   46   32   80   75   26   28   58    9   17   57   38   41   65   85   20   66    1   72   51   44   44   69   33   73   78   33   50   52   59   61    6   77   23   40   55   11   57   81   70   35   79   67   76   76   90   25   21   47   53   54   30   61   29   13   74    2   46    9   63   79   43   84   24    8   16   83    5    3   42   82   15   37   10   62   86   87   71   48   68  
   9   79   42   54   87   28   17   23   36   45   46   29   39   44    3   20   18   56   27   81   68    5   64    2   41   58   10   66   11   83   82   37   14   84    8   38   61   78   69   71   43    1   26   77   24   50   89   59   70   36   32   33   21   34   15   72   35   72   80   30    4   19   63   60   48   65   13   74   75   88   19   61   25   70   85    6   51   34    7   22   76   55   49   85   40   87   73   26   16   53   21   90   52   12   86   57   31   47   62   67  
  17   28   41    3   19   85   79   52   14   18   37   53   82   18   86   58   88   69   59   23   44   71   35   64   34    2   57   24   49   46   12   16   20    1   72   61    7   32    5   67   40   38   56   50   89   13   63   43   60   70   29   84   30   15   41   45   66   55   27   10   11   22   21   81   51   10   39   74   60    4    6   47   75   87   78   68   48   62   33   67   90   54    8   42   73   36   25   83    9   80   80   72   77   53   10   76   31   82   65   26  
  34   80   54   12   29   17   39   28   89   69   28   58   36   68   56   64   46   19   13    9    3   42   53   90   84    5   43   24   36    4    2    7   49   26   17   52   38   73   15   65   87   88   78   55   14   11   44   66   50   24   86   61   21    6   60   52   67   45   82   72    8   48   70   25   33   79   57   85   81   77   32   63   37   27   18   47   23   41   83   62   89   20   74   16   22   76   46   30   35   10   70   71   86    1   40   51   75   59   31   15  
  62   63   17   48   85   30   13   20   28   11   15   42    3   26   81   12   33   26   59   64    2   52   87   41   32   21   49   83   14    1   39   70   60   31   86   10   74   65   36   88   40   51   50   89   72   19   46   25   27   76    7    4   46   58   79   82   56   73   69   55   45   29   84   78   77    5   53   65   35   38   71   75   54   23   22   43   13    6   67   18   46   34   66    8   44   37   66   68   24   80   16   60    9   15   90   29   47   61   57   59  
  43   10   39   48   59   34   38   30    5    6   88   20   87   66    9   69    8   68   41   11   84    6    4   85   63   22   18   57   21   76   16   32   27   51   26    1   65   42   46   31    2   35   24   44    7   49   58   53   49   70   23   53   81   45   90   74   47   28   82   84   55   71   83   73   77   34   14   67   75    6   62   37   15   43   13   25   78   72   54   36    3   17   80   89   12   16   29   33   52   19   61   60   86   56   50   79   40   64   17   22  
  44   37   26   51   43   42   16   64    4   70   46   35    3   28   13   75   76   83   90   46   33   63   88   51   38   72   25   32   55   30   81   18   15    6   17   89   44    8   12   20   62   36    1    7   77   82   24   14   47   62   34   84   86   52   53   49   19   57   58   68   18   70    5   85   11   23   74   40    7   27   41   17   22   66   88   48   61   65    2   29   62   21   69   73   45   87   71   10   79   60   54   67   31   80   59   56    9   39   50   78  
  69   34   22   20   80   76   27   82    5   89   42   84    8   40   28   76   45   49   32   10   31   66   87   60   83   66    4   12   35   10   17   37   56   44   86   57   24   13   79    7   29   18   11   30   64   26   59   25   47    6   71   33   21   23   19   39   73    2   72   68    3   34   65   53   16   81   58   78   61   55   62   80   70   38   46   48    9   15   86    1   52   54   71   85   50   67    2   51   88   77    5   63   64   74   14   43   90   41   36   75  
  35   52   10   75   25   64   76   89   36   50   71   67   58   88   85   40   29   88   28   34   24    3    8    7   30   38   21   57   16   56    6   23   84   33   85   65    5   73   72   50   22    2   59   42   87    1   49   19   53   27   78   81   46   51   43   89   82   71   13   83    4   62   20   77   39   70   55   17    8   74   79   63   33   32   61   66   11   60   15   12   48   54   86   41   47   80   69    9   14   37   44   10   90   20   31   44   18   26   45   68  
  48   25   23   31   89   51   53   85   24   41   77   43   75   60   25   55    9    1   26   75   73    8   88   32   27   76   83   56    3   74   46   12   13   40   35   11   16   29   71   34    6   61   17   69   79    4   52   14    2   22   47   38   39   28   15   49   80   33   67   66   37   21   86   25   79   59   61   30   36   45   78   72   18   19   62    5   84   41   50   64   16   61   57   82   90   54   70   78   87   63   65   79   68    7   20   10   58   42   81   44  
  29   14   34   78    7   39   24    4   53   43   33   67   42   89   25   77   11   10   18   80   58   76   20   55   31   64   90   65   15   35   81   87   13   21   60   44   57   74   17   51   16   30   45    9    5   12   25   49   73   66   70   56   83   72   27   31   68   23   84   59   46    7   82   47   75   28   88   71   19   41   86   37   79   62   54   50    2    1   69   38   32   40   26   48   63   57   22   36   85   52   60    4   57   85    3   61    8   16    6   69  
   4   44   16    9   35   84   69   78   14   66   64   86   27   23   29   22   83   67   48   62   72   28   82   79   68   85   42    1   48    8   71   26   70   60   88   43   33   88   21   89   50   12   65   57   73   77   46   20   75   30   38   81   40   34   24   19   17   11   81    6   58   56   37   76   90   32    2   62   75   74   45   63   19    5   55   29   36   54   49   31   61    3   10   18   67    7   39   59   68   51   81   41   15   52   53   80   87   13   25   47  
  25   38   53   63   60    9   56   70   85   12   18   27   82   40   60   81   20   50   78   58   67   21   41   75   15   43    4   89   32   28   62   16   29   38   73   52   14   87   49   24   39   83   54   79   56   22   10   36   55   59   23    6   78   68   30   48   88   78   80   76   61   71   13   28   50   11   34   84   69   42    2   44   90   74    1    2   17   31    5   57   31   51   72   35   26   37   60    3    7   86   45    8   46   33   64   47   66   65   77   19  
   7   46    8   68   60   80   77   85   10   22   83   30   56   12   34    2   21   66   28   55   33   11   50   43   70   20   60    1   72   63   65   13   32   87   79   84   69   73   47   57    6   15   36   26   47   90   78    9   80   68   61   89   88   41   62   51   48   49   31   71   86   27   19   16   81   25   38   53    5   23   54   62   82   67   76   45   18   35   59   36   75    3   64   14   37    7    4   24   40   42   17   15   39   52   26   29   74   58   50   44  
  26   51   71   72   40   36   45   63   52   23   41   83   66    3   49   78   38   80    5   20   10   25   70   84   85   48   55   35   12   59   69   86   58   87   87   39    8    6   30   19   50   15   81   85   56   90   53    2   64   42   73   29    9   43   53   44   62   14   48   88   67   16   21   71   89   33   60    4   11   61   46   33   31   13   65   76   24   75   77   57   54   34   49   22   37   82   68   28   18    1    7   79   86   47    8   17   37   27   74   32  
  60   81   88   66   48   24   69   18   16   63   10   18   74   51   58   75   67   36   71   13    7   78    9   29   58   84   87   40   26   73   14   35   56   47   62   66   22   38   19   76   64   37   27   25   41   82   55   60   57    3   21   34   71   65   54   85   35   72   80   43   23   30   50   12   79   49   20   68   33   45   86   28   77   53   42   83   54   31   13   11    8   44    7   39    5   90   59    6    1   52   89   32   11   17   70    2   46    4   61   15  
  12   65   47   27   19   85   33   80   58   86   87    8   36   84   21   34    1   63   76   75   54   39   25   72   57   81    6   35   74   52   62   31   42   57    3   20   63   22    9   60   40   24   69   14    2   53   89   30   49   88   71   51   78   64   13   10   21   77   44   32   38   41   28   18   42   61   23   50   79    3   37   11   14   46   48   68   36   21   24   83   67    5    4   16   66   29   82   70   26   56   73    7   21   59   45   17   90   55   43   15  
   1   50   33   15   83    2   76   17   62   58   86   79    5   74   16   30   89   48   41   90   63   44   28   84   59   78   18   88   62   10   61   70    1   71   87   35   20   45   19   84    6   65   68   36   22   85   51   46   43    7   80    8   37    9   56   77   67   69   27   39    4   64   67   34   11   35   18   40   42   54   13   29   52   66   31   32   63   57   49   55   72   82   73   14   60   23    5   21   75   12   26   25   53   81    3   47   24   38   34   55  
  48   71   76   29   66   77   84   88   86   72   24   57   69   68   46    5   57   52   89   10   73   58   63   62   41   51   65   53   32   78   18   43   16   85   83    8   81    9   27   45   59   17   80   54   19   30   21   22    3   50   88   34   70   38   12    2   31   60   15   25   36   53   88   47    4   14   46   40   75   20   61    6   79   52   30   26   35   11   67    7    1   33   74   42   37   56   44   28   87   49   39   23    3   55   48   13   64   12   82   90  
  44   87   58   73   51   71   34   54   69   56   19    7   38   47   17   53   24   54   37   68    3   21   79   12   85   23   89   42   76   46   61    1   67   63   81   83   32    5   55   33   28   77   49    2   70   35   81   50   66   15   83    5   13   86   41    6   36   40   72   80   26   60   10   40   89   81   75    9   62   82   20   29   57   45   22   30   78   18   25    8   14   39   90   34   65   59   84   48   31    4   64   36   77   43   11   52   74   88   27   16  
  19   72   86   23   77   24   11   15   42   35   27   33   64   73   19   62   56    7   19   16   76   85   38   80   51   30   21   41   48   29   14   38   31   36   13   50   78   12   41    5   43   89   41   65   21   46   82   71   59   61   17   67   85   20   60   84   81   58   45   68   57   87   37   53   75    2   52   88   34   47    6   26   40   22   10    1   49   18   44    9   32   66    8   79   90   40    4    3   54   25   69   70   63   14   47   83   74   55   39   28  
   9   39   68   23   55   27   85   36   84   66   79    8   48   63    1   17   57   44   16   76   69   55    2   13   80   54   40   20   33   64   47    7   86   74   83   58   52   25   73   46   81   61   50    8   21   31   65   35   41   12   78   67   45   42   59    3   38   82   53   11   34   51   26   24    6   90    5   49   77   83    9   72   37   18   15   87   56   88   10   22   71   62   70   26   31   29   28   14   33   75   83   89   32   60   30   24   43   49   19    4  
  32   15    4   55   58   42   19   83   81   43   50   78   77   89   86   90    8   69   80   63   86   19   12   14   87   24   59   73   78    5   85   20   37   11   56   84   51   27   61   16   17   88   31   41    1   10   65   36   18   40    1   64   49   13   53   34   30    6   60   68    7   33   23   52   22   21   66   70   57   62   72   54   48   66   46   82   29   56   38   74    9   75   25   26   39   44   77    3   18   77    2   67   45   71   76   79   79   28   47   35  
  68    5   77   86   26   15    6   73   81   61   44   58   67   45   13   37    7    3   39   50   74   63   21   33   84   67   22   27   89   30   70   17   54   85   60   38   76   84   66    6   80   29   59   40   66   53   14   66   10    4   23   55   18   12   51   64   57   43   41   72   83   75   65   82   61   25   62    8   56   78   79   19   11   42    9   46   31    2   20    3   48   32   36   69    1   73   16   35   90   28   52   24   71   88   34   66   49   87   35   47  
  78   61   15   17   11   81   80   71   30    4   14   13   22   42   33   37   39   34   88   32   40   77   55   16   89   23   20   52   35   29    9   69    3   48   56   45   59   70   82   85    5   62   64    6   54   51   19   72   52   74   10   28   47   76   81   78   64   12   87   21   90   50   60   36   45   23    9   66   53   41   86   75   74   83   84   49   43   25   18    8   58   73   26   68   72   79   20   63   46   24   67    1   38    7   27    2   65   44   31   57  
  77   75   47   57   73   39    7   28   55   19   34   85   88   31   61   13   76   24   45   35   54   16   86   56   59   68   64   89   70    1   66   71   62   83   27   38   41    4   10   14   90   72   55   80   12   53    9   39   48   75   60   34   31   25   25   79    5   79   33   15   26   87   51   40   60   90   49   42   67   81   32   63   82    8    3   18   78   52   43   46   20   17   37   22   74   11   29   65   30   23   67    6   50    2   21   44   36   84   69   58  
  79   59   27   29   19   67   60   63   22   52   12    2   57   47   23   24   62   55   87   14   48   71   20   54   90    1   47   88   27   85    9   75   54   37   49   13   80   17   61   68   17   54   39   38   50   74   66   30   65   84   41   80   58   70    5   42   83   81   76   32   73   33   18   53   69   34   78   11   43   64   46   16   15    7   10   31   42   26   36    6   35   42    3   40   51   28   56   72   21   82   65   35   44   45   89    8   86    4   25   77  
  62   65   21   70   41    3   83   88   37   76   72   19   85    8   18   10   27   63   64   34   61   90   36   11   23   46   79   86   82   85   80   68   86    4   19   42   45   43   52   89   17   22   48   15   75   55   31   85   25    5   49   66   24   47    2   26   67   38   30   71   61   51   56    1   35   53    6   39   74   12   73   58   33   77   66   13   54   50   16   69   87   59   66   84    9   81   44   81   78   32    7   20   14   57   28   40   49   51   29   60  
  61    7   48   14   84   51   71   71   23   88   49   39   86   78    1   33   26   82   80   63   89   40   20   36   37   24   62   13   42   31   25   32   11   79   68   90   27   29   56    5   70   81   18   55   77   35   15   67   85   87    9   46    3   59   34   32   52   22   41   76   56   48   65   73   21   60   30   75   59   83   17   74   16    4   59   28   23   14   19   71   43   12   64   44   57   38   69   72   10   50    2   47   66    8   58    6   81   45   53   54  
  28   59   41   50   43   40   24   68   74    9   31   12   13   49   33   53   89   78   84   21   85    5   29   47    6   17   65   83    1   77   35   44   59   76   48   19   10   26   18   78   34    4   30   69   16   15   51   27    8   88   36   87   73    3    7   63   80   18   42   38   54   22   90   81   71   61   72   62   24   79   46   37   63   32   33   57   25   56   86    5   39   60    6   20   75   45   23   50   10   52   66   55   58    2   70   82   67   14   11   64  
  43   30   69   13   16   64   77   51   89   90   25   16   46   73   11   29   87   15   53   82    8   19   55   86   67   14   76   21   68   84   37   34   79   75   65   39   58   41   71   23   40   36   22    4   49   57   12   74   87   17    6   38   56   27   59   88   62   50   18    7   10   45   20    1   70   47   75   61   24   48    9   54   16   66   83   19   33   26   56   44   30   35    2   32   78    5   42   72   60   63   31   28   52   85   88    3   70   81   80   61  
  48   57   49   26   58   85   73   53   78   30   11   88   27   90   14   16   56   83   66   19   61   81   42    3   45   36   40   61   60   32   48   53    2   33    9   18    5   31   77    7    6   74   54   21   62   68   23   81   35    4   67   84   59   37   76   51   10   65   12   22   64   29   34    6   87    1   69   71   39   67   43   63   46   89   15   20   82    8   86   35   40   17    6   75   55   24   72   44   38   28   67   13   41   79   80   25   47   70   52   50  
  89   25   21   12   35    4   52   76   62   51   44   43    8   85   80    7   83   44   34   67   84   31   54    6   14   45   36    9   63   82    5   86   23   17   28   72   38   11   41   60   77   72   55   32   73   69   88   46   18   40   20   64   39   16    2   19   49   48   74   29   37   90   66   81   22   79   20   30   75   42   15   78   56    3   50   33   47   73   57   70   10   26   58   59   13   24   80   61   53   68   87   71   65    1    7   61   57   27   69   41  
  56   58   10   69   15    9   82   49   24   41   81   21   24   25   30    7   52   68   83   28   29   47   73   42   63   26   66   18   44    6   23   40   86   12   62    2   48   75   22   80   61   19   50   20   32   75   79   87   20   54    1   45   33   85   54   14   13   36   44   74   17   71   90   55   77   34   46   24    4   16   39   44   57   70   76   38    3   37   78   89   67   84   59   29   65    8   60   27   53    5   11   72   31   51   64   88   35   39   63   43  
  60   30   44   53    2   15   46   38   21   84   67   16   50   34   90   64   29   18   83   40   86   88   17   48   56   74   63    1   70   24    9   85   80   43   45   58   48   84   62    3   73   28   76    8   11   12   47   23   45   37   27   23   54    4   35   25   15   51   31   52   78   68   57   36   13   19   82    5    2    6   75   22   69   49   72   33   55   26   59   20   89   39   32   77   79   66   65   71   14   87   81   66   80   10   61   41   42   66   45    7  
  29    7   56   37   77   51   41   57   19   64   72   78   86   71   45   27   87   65   16   35   74   20   16   43   13    9    1   60    8   75   66   10   33   73   49   63   36   47   48   52   89   79   44   68   82    4   61   81   14   83   45   88   58   55   18   83   50   15   21    2   54   23   39   30   53   76   46   51   17    6   59    3   84   28    3   31   69   38   85   32   16   11   17   67   25   34   12   22    3   32   70   40   62    5   90   42   80   26   48   24  
  10   57   38   47   29   20   50   55   75   16    4   66   15   21    2   61   51   11   72   43   22   32   27   72   67   54    9   80   25    8   20   19   82   52   70   17    6   53   36   23   36   49   68   18   65   64   79   87   75   58    3   85   59    5   34   73   14   40   77   60   28   13   26   58   30   12   36   52   69   42    7   63   39   86   83   35   89   90   74   84   31   18   81   80   44   76   41    1   50   88   24   48   46   62   56   78   37   71   33   45  
  47   45    5   14   10   24    2   48   52   22   42   74   80   80   37   51   70   26    8    2   59   14   89   35   54   41   40   18   43   19    8   66   57   21   46   58    6   38   44   20   30   75   72   15    9    4   72   65   83   79   23   68   76   84   39   88   11   36   85   12   49   55   64   76   77   28    3   50   71   31   86   63   81   73   78   27   84   90   32   60   87   62   17   34   82   33   84   67   25   53   20    7   29   56   16   20   61    1   69   13  
  72   73   29   31   33   79   64   32   89   26   10   30    5   52   60   50   20   12   49   60   87   59   27    8   14   65    6   87   63   25   90   11   77   74   38   71   35   37   17   64   85   57   70   81   84   12    7   13   76   16   86   34   75   51   68   67   15   60   66   82   22   28   68   39   47   40   56   58   41   79    1    9   55    4   53   48   19   24   61   44   62   78   23   36   69   18   88   21   46    3   80   90   54    2   45   43   83   10   62   42  
  51   32   71    9   35   29   61   17   47   52   38   13   74   82   37   84   11   68   17   23   14   20   17   61   62   42   62   18   41    3   78   87   83   40   26   48   73   45   71   59   22   88    2   31   86   89    6   28   12   67   58   55   90   28   34    1   77   33    6   69   27   75   50   21   39   56   44   66   85   19   53   70    7   72   36   24   43   46   54   57   10   25   60   65   49   37    8   22   64   30   16   15   79    5    4   89   76   63   81   80  
  15   66   11   12   82   16   40   47   87   30   29   73   85   31   49   69    8   33   65   78   78   24   37   53   67    7   23    1   74   76   54   28   21   79    3   77   61   44   88   80   28    6   47   89   63   84   18   68   34   81   71   41   17   49   64   32   39   51   60   45   36   20   52   22   62   50   75   64   43    5   59   14   48   55   38   72   10    2   27    9   26   35   86   64   79   56   57   35   19   25   86   58    4   70   90   13   46   37   83   42  
  60   37   45   23   20   41   84   71   74   26   14   13    5   48   55   58   41   72   86   10   42   51   17   36   85   64   29   30   88   18   71   66    1   61   67   32   27   76   11   28   19    4   40   57   89   62    3   47    9   35   59   87   55   75   31    2    8   79   63   50   53   43   21   38   33   57   90   82   30   77   12   25   80   46   24   68    6   53   65   49   53   34   15   27   16   56   54   78   22   44   58   69   81   39   70   52    7   46   83   73  
  54   57   76   55   47   73   19   18   25   45   58   82   43    6   83    1   21   32   74   15   59    3   87   65   78   44   26   76   35   80    8   79   39   42   86   76   77   66   51   52   67   23    7   49   65   53   85   62   48   30   81   71   18   56   50   24   34   68    2   17   41   10   90   69   16    2   88   37   28   80   33   66   37   31   60   84    5   13    9   11   29   75   36    4   20   70   27   14   38   22   46   48   63   89   61   64   47   72   40   12  
  50   35   40   60   20   85   45    9    8   52   57   63   33   81   36   32   44   51   51   28    6   56   18   27   46   17   73   57   24   78   12   23   87   19   62   30   55   88   70   21   48   61   34    1   53    4   31   59   26   41   58   22   69   29    7   49   82   66   52   89   54   76   25   33   28    2   67   13   15   42   54   74   38   16   86   11   47   44   86   75   71   72   16   37   84   39   77   64   90   68   80   88   43   14    5   79   83   10    3   65  
  53   41   89   75   84   54   12   39   44   69   36   25   45   77   33   16   42   48    1   27   66   72    5   78   59   28   67   74   67    4   30   38   56   40   60   70   61   62   20   68   86   29   52   47   87    2   36   11   59    7   32    3    6   81   29   55   71   65   40   35   79   15   53   83   34   50   19   78    8   49   13   21    3   37    9   57   31   76   46   18   14   63   10   85   88   26   22   80   82   24   90   23   58   50    5   73   51   43   64   17  
  51   18   78   69   26   20   39   35   32   48   71   76   82   10   37    6   44   42   32   67   86   77   84   64   73   50   74   71   46   34   61   12   76   81   52   70   17   23   19    7   33   25   59   35   30   47    4   36    2    3   83   57    1   87   16    3   40   28   80    9   65   66   49   54   78   79   21   22   88   90   31   27   77   89   29    8   56   85   55   48   75   60   24   53   63   86   58   68   72   38   11   14   43   62   13   31   45    5   41   15  
  23   10   41   16   74   15   37   40   82   12   50   47   25   31   43   39   37   73   45   78   69   48   79   57   34    1   58   42   33   49   14   20   77   68   17   61   43   84   54    4   67   19   19   51   56   75   70   76   11   27   26   88   53    6   48   59    7   55   32   83   66   28   13   46   44   86   36   80   90   62   21   58    3    2   65   35    5   24   60   72   30   29   63   38   52   67   71    9   22   64   89   85   87   59   67   23    8   61   81   18  
  58   24   61   81   19   69   36   88   57   89   30   15   71   85   77   74   26   55   42   12   28   10    2   65   17   83   52   62   84   40   13   37    7   33   22   14   39   29   72    4   54   78    6    6   56   53   63   20   18   67   41   64   21   87   11   44   86   32    1   76    5   66   50   79   16   79   73   87   34   75   23   68   48   43   45    9   46    8   47   38   31   40   90   27   60   79   22   35   51   81   70   65   59   25    1   49   86   80   82    3  
  14   35   25   66   53    7   58   76   37   27   82   21   60   31    6   44   17   51   40   71   65   11    4   75    5   10   50   27   86   72   20   62   16   45   43   77   78   22   69   84   55   81   73   78   57   56   32   37   34   46   80   59   61    9   87   26   89   64   23   29   38   13   33   83   85    1   47   67   82   88   12   39   63   15   54   40   33   90   70    4   68   22   36   18    8   23   19   42   49   76   41   74   79   48   24   30   28   52    3    2  
  18   48   68   34   18   49   82    7   23   57   43    9   52   62   25    7   42    8   64   76   53   36   50   63    2   55   24   14   11   85   59   60   35   65   71   87   44   45   20   33    1   13   74   12   19   31   70   67   56   23   46   73    3   89   69   78   22   47   17   21   84   86   37   38   27   35   10   66   16   61   77   90   39    6   68    5   26   83   15   51    4   32   61   59   73   30   54   40   80   58   75   79   81   88   72   45   51   29   28   41  
  44   68   81   59   90   75   21   73   37   84   11    1   26   56   50   12   77   31   41    8   18   38   70   46    5   62   53   28   19   43   63   55   85   79   39   29   74   49   16    2   57   50   13   36   66   71   17    6   23   89   47   48   24   34   58   10   20   32   33   83   86   69   40   82   15   76    4    7   72    3   27   59   54   42   51   19    9   30   87   45   64   33   22   35   52   35    3   78   61   60   67   14   32   88   80   25    3   83    7   65  
  11   14   13   44   62   55   70    5   41   76    6   39   49   64   48   59   56    9   72    8   33   73   31   47   68   57   84   82   90   65   17   30   43   37   89   83   25   19   54   46   22   77    4   60   29   88   63   20   74   78   79   16   26   86   69   21   36   42   41   80   53   81   38   15    1   24   51   87   66   23   50   55   32   75   80   35   43   88   58   77   10   61    2    4   27   52   67   12   44   45   71   18   28   51    3    7   40   29   85   34  
   8   28   39   10   31   59   89    4   62   11   24    9   38   42   27   37   16   72   70   40   75   88   57   65   32   61   64   79   13   51   11   84    1    6   60   32   53    4   43   48   63   58    7   19   83   86   71   35   23   78   69   69   33   44   45   15   49   65   81   36   18   20   41   52   25   66    3   73   14   12   47   65   54   39   21   74   17    5   76   67   29   90   50   34   86   26   46   56   30   87    2   22   77   68   55   80   82   85   52   53  
  66   57   85   87   20   51   76   75   70   11   33   61   64   17   65   53    9   29   39   20   80   55   32    4   19   60   82   77   42   62   40   47   36   63   43   27   10   21   71   88    2   28    6   72   26   67   31   56   48   59   18   49   78    3   85   72   52   45   79   16    1   22   27   43    8   55   25   13   30   24   14   60   74   41   69   83   45    7   37   23   65   65   44   50   12   81   54   38   15   34   35   73   84   58   68    5   86   90   89   46  
  72   43   71   59   11   35   15   66   34   82   50    7   53   23   78   31   37   67   48   41   73    9   60   38   61   45   16   57   54   90   12   74    2   38   71   47   69   51   46   29   55   27   14   51   86   42   21   87   76   70    6    5    3   32   17   83   11    8   40   36   85   79   33   58   75   80   52   64   20   56   65   55   13   88   25   34   62   26    1   18    4   28   49   24   19   77   19   63   30   22   68   39   47   89   44   84   40   10   81   10  
  23   39   37   15   69    9   34   77   80   61   80   43   10   88   16   69   53   55   54    6   24   22    3   26   84   79   28   81   20    7    4   90   87   71   70   25   67   12   33   31   19   64   18   76   72   60   89   17    7   53   66   47   86   42   52   83    2   44   80    1   57   41   49    8   56   59    3   59   38   29   46   21   73   45   65   85   23   82   11   35   51   63   14   78   32   27   68   40   48   74    5   58   56   30   75   36   62   50    5   13  
  45    9   55   86   15   41   46   69   36   88    3   33    8   66   24   48   67   32   31   32   79   11   56   43   89   21   34   83   51   53   71   74   46   77   17   72   87   19   40   20   16   50   42   18   65   13    6   25   70   68   76   75   61   54    4   67   63   80   52   22   81   35   78   23   14   62   12    1   28   49   64   22   47   29   85   79   38   10   37   73    7   59    5   31   27   81   60   90   26    7    2   57   59   30   82   39   57   84   44   58  
   1   75   37   10   89   73   50   81   27   12   87   61   16   67   70   23   39   35   30   90   39    5   40   56   88   54   24    3    2   84   84   53   82   65   55   14   69   19   86   69   29   27   49   68   13   38   69   31   60   66   30   85   79   59   25   57   78   58   77   32   43   74   44    9   11   33   20   63   76   42   46   72   34   83    6   33   45   80    7   52   71   64   48   41   15    4   28   36   26   22   41    8   18   62   21   51   47   75   17   71  
  88   10   57    9   49   27   89   31   86   15   59   34   61   37   50   25   58   38   82   62    3   13   47   35   67   29   74   17   23   87   71   14   72   20   18   83   33   85   46    8   81   45   78   64   68   52   11   90   10   79   70    4   69   84   36    2   26   51   42   43   48   44   88   16   75   35   27   30   38   87   22   24    6   66   19   53   77   69    1   40   12   73   83   12   41    5   55   63    7   65   32   60   39   80   28   81   54   21   56   76  
  73   14   34   64   72   42   77   28   67    6   31   37    2   15   43   53   33   81   82   16   63   11   55   84   71   17   83   23   70   76   65   51   25   18    2    2   75   49   29   42    3   30   27   57   87   12   22   68   36   60    8   24   56   66   80   38   26   50    4   52   54   13    1   78   20   32   35    2   39   62   88    7   46   69   86   19   85   47   42   59   68   79   61   74   49   58   45   46   21   89   90   10   48    9    9   41    5   44   40   88  
  14   57   83   14   81   54    3    8   35   45   89   42   62   76   82   26   49    7   48    9   44   46   51   53   60   24   55   61   25    3   60   59    9   41   85   68   64   49   84   80   31   18   30   40   33   15   13   87   32   21   72   69   16   66   77   28   50    6   58   12   75   70   56   37   78   23   90   19   52   27   34   11   63   38   67   79   74   86   88   12   73   44   10   17    2    1   47   65   36   43   10   39    5    4   86   71   24   20   22   29  
  55   64   85   78   26   72   66   47   43   77   23   84   43   20   33   44   11   36   60   49    3   14   68   12   10   87   30   88   51    1   75   40   89   49   18   21   76   24   80   81   34    4   37   83   62   90   13   46   28    9   58   37   65   19   59   37   16   63   31    8    9   56   57   67   53   35   61   37   17    6   45   73   79   52   32   21   48    2   74   50    5   69   19    7   29   82   29   38   39   71   70   27   86   41   22   25   67   15   54   42  
  77   50   15    7   37   42   10   41   25   44   14   79   53   20   45   82   27   68    9   81   78   24   87   30   46    3   21   39   63   11   43   66   89   86   84   39   83   65   72   41    1   57    2   33   67   29   90   23    6   52   72   74   69   22   64   55   40   32   30   31   59   17   36   58   88   35   33   47   75   61   51   76   70   28   34   73   80   66   13   81   48   71   46   12    4   60   38   62   39   26   49   85   56   18   19    5    8   23   16   54  
  57   29    3   24   66   43   13   26   74   39   16   11   36   89   73   51   31   76    5   47   28   24   14   35   27   30   33   46   45   12   69   21   48   65   38   44   68   69    8    1   41   15   63    9   10   81   22   67   77   75   18   17   62   80   78   87   19   52   40   53   85   71    6   55   51   20   54   84    4   49   25   84   83   19   32   58   23   88    5   64   31   33    2   90   60   31   50   42   79   86   59   65   72   34   70    7   37   61   56   82  
  10    8   66   69   58   85   62   50    7   13   39   78   22   45   23   80   14   77   21   33    2    4   65    1   46   24   40    3   12   31   81   83   54   59   35    5   89   88   61   11   47   30   72   51   79   28   34   47   81   17   53   82   41    9   73   68   87   54   55   57   29   56   27    8   38   63   64   90   84   67   31   72   15   76   36    6   48   33   71   61   16   37    4   60   43   26   70   19   86   42   49   25   52   67   18   74   20   44   32   75  
  71   25   65   37   60   28   69   26   50   81   73   72   88   55   33   46   27   42   14   13   21   63   51   79   49   74   85   75   32   68   90   15    5   86   24    7   72    1   66   77   44   37   87   84   57    4   38   57    6   76   39   23   43   18   68   24   54   11   62   31   12   40   53   61   41   10   67   45   83   84    3    9   16   29   46   34   52   17   84   20   22   44   78   70   30   89   47    2   64   64   82   35   59    8   19   48   56   58   36   80  
  57   70   16   27   66   41   54   48   21    4   26   12   60   41   85   81    9   28   77   11   67   79   76   82   30   35   17   23   34    7   14   38   80   51    8   88   76   89   59   46    6   68   78   29   45   86   42   50   85   54   56   71   55   62   53   13   10   61   64   69   73    3   90   74   25   47   87   65   24   83   36   59   15   86   75   31   59    1   84   43   18    2   52   58    5   44   72   39   84   81   19   22   33   37   63   49   40   12   20   32  
  26   79   69   89   80   18    8   71   37   55   44    5   15   52    1   72   36   63   12   59   48   68   64   33   50   73   87   70   62   60   77   10   84   21   46   83   23   23   85   24   16   25   76   14   58   66   23   81   35   20   40    9   27   30   70   13    3   65   22    7   31   82    2   28   80   51   42   86   75   45   78   56   61   47    6   74   29    4   19    6   32   17   11   21   90   41   53   57   34   34   43   52   67   49   88   38   49   76   39   54  
  32   38   15   11   22   85   83   55   58   31   36   64   41   28   45   24   10   90    2   72   12    6   71   49   40   90   66   34   83   67   77   86   47   84   15   23    4   43   63   52   42   79   68    5    9   48   78   76   80    7   30   82   73   89   16   14   41   87    3   70   21   33   65   27   56   50   81   58   37   75   53   88   29   61   39   83   69   51   87   29    8   25   59   44   46   17   60   57   18   12   35   20   59   13   54   26    1   62   74   19  
  25    7   83   62   46   26   50   68   69   54   20   64   52   55   89   70   27   66   22   49   81   32   17   24   71   11   86   63   43   42   29   14    6   37   40   79   78   90   14   67   38    8    5   67   80    4   82    9   41   57   74   18   48   19   73   21   41   34    1   53    2   47   65   30   15   77   78   13   60   10   51   57   23   72   59   80   41   75   45    8   33   12   88   16   47   85   87    3   56   36   76   58   20   84   61   35   31   44   28   39  
  40   54   39   55    4   41   14   83   45   76   61   75   85   18   59   43   22   52   11   26   20   11   90   86    8   79    2   57    1   69   78   28   60   64   71   51   10   62   44    6   24   77   33   68   37   89   17   13   80   48   72   56    7    3   31   46   73   15   27   88   42   51    9   58   12   44   16   39   63   49   38   74   50   25   70   53    9   30   42   21   23   35   34   67   83   65   66   42   81   19    5   36    9   77   84   47   87   82   32   29  
  32   62   88   66   17   63   78   52   11   25   89   42   90   72    2   75   37   56   61   28   56   30   59   14   18   79   22   57   80   51   16   83   55   84   64   54   34   15    5    9   29   71   47   45   73   23   77   57   50    1   19   67   18   86   40   58   33   53   26   74    6   36   89   12   31   39    6   65   24    4   43   82    7   52   20   68   60   69   54   87   21   41   46    8   76   38   27   81   70   67   35   49    3   76   10   48   44   13   85   77  
  72   75   68   63   70   59   60   51    7   70   18   24   38   89   71   77   33   14   26    1   12   11   54   79   36   22    6    5   82   32   10   13   61   38   74    4   42   19   73   52   67   31   66   65   88   47    8   57   37   34   85   35   46   45   25   76   69   87   62   84   15   39   76   50   75   27   43   48   40    9   41    3   83   66   38   20   58   64   61   23   41   16   17   49   29   55   21   28   50   78   90    2   44   56   30   53   80   86   81   67  
  36   87   64   57   33   59   86   23   41   32   37    4   48   58   53   67   25   44   54   64   13   77   47   89   63   26   64    6   68   85   64   52   31    7    2   87   49   42   46   84   56   69    9   76    1   50   59   89   66   29   11    3   90   80   60   28   78   83   20   51   81   38   71   24   64   25   35   17   74   40   42   76   88   34   27   55   43   21   62   79   73   14   22   75    8   15   72   12   16   61   19    5   65   39   45   82   70   10   18   30  
  27   57    4   67   20    7   14   75   84    6    9   72   78   31   39    5   16   76   55   86   30   12   64   17   66   65    7   18   23   51   47   61   54   45   25   43   70   34   29   36   46   82    1   68   62   74   38   28   50   66   48   35   33   60   15   88   49   60    2   11   52   26   10   40   15   37   90   63   44   23   76   50   69   22   73   83   80   56   45   24   19   53   89   42   58    8   59   41   71   87    3   32   77   79   44   13   65   85   21   81  
  44   49   32   58   45   52   55    7   13   34   36   51   89   57   50   54   45   53   43   82   76   87   30   19   11   21   89   14   41   18   39   35   42   64   23   48   73   75   65   84   10   77    4   70   89    6   46   12   16   61   47   24   25   90   27   78   88   14   69   71   26   79   81   59   40   62   38   85    3   72   51    9   20   60   37    1   31   68   33   22    5    8   86   74   22   28   89   86   80    2   15   63   67   46   83   56   35   29   66   17  
  56   85   71   89   17   42   55   11   23   44   58   22   70   71   15   29   25   67    4   60   43   12   36   53   74   81   45   65   20   32   82   10   74   31   62   76   86   18   21   38   72   66    1    7   59   28   84   46   68   75   13    6   48   73   49   39   87   25   24   47   64   40   83   37   51   61   14   33   28   30   35    3   50   87   19    2    5    4   80   79   69   77   26   41   34   27   16   63   70   88   90    8    9   57   60   70    5   78   54   52  
   4   84    9   69   74   33   15   57   11   63   41   76   23   86   42   37    7   89   24   74   71   75   47   42    8   50   66   51   20   17   49   44   88   19   67   12   46   78   40   82   63   39   28   22   80   55   68   35   87   58   42   52   45   59   21   70   38   90   65   24   77   64   27   61   10   32   13   30   81   18   58   31   61   36   34    3   56   43   29   14   26   54   53   18   79   16    2   48   83    6   85   72   14   62   73   60    1    5   36   25  
  31   81   36   43   69   10   77   58   33    1   12   81   86   26   21   24   16   47   90   28   78   14   73   76   66   42   88   11   49   90   15   89   65   46   30   40   61   60   57   67   23   13   22   12    3   27   80   37   82   38   64    5   54   39   15    1   50   20   55   66   75   17   35   68   85    4   59   63   84   83   40   70   25   79   34   74    9   53   87   56   48   57    8   71   44   72   52    2   48    6   18   32   41   51   87    7   29   19   62   45  
  78   38   22   20   72   13   83   50    4    5   35   14   28   19   48   86   31   77   47   62   15   10   87   25   43   17   56   68    3   73   27   53   36   49   70   67   86   52   33   29   80   81   82   41   54    1   34   79   75   75   90   11   69   71    8   18   21   60   64   26    9   32   18   39   29   40   59   45   16   57   66   64   23   89   28   51   30   16   24   37   44   58    6   84   85   55   46   42   65   76   30    7   12   61   88   63   74   16    2   38  
  49   20   65   60   29   13   51   70    2   50   57   24   44   22   37   86   48   28   27    5   74   45   18   25   87   14   70   59   46   17   63   54   41   26   56   27   23   33   38   19   43   85   79   83   15   62   68   76    3   69   70   88   34   90   42   80   11   39   78   32   42   67   55   47   35   81   73   53   40    8    1   82   31   77    7   52   72    6   56   16    9   88   85   30   21   36    5   10   61   12   88   66   69   89    4   84   75   64   71   58  
  21   47   75   65   77   37   88   68   31   62   48   35    8   42   27   69   48   81   15    9   90   78    2   18   56   22   14   73   23   55   21   23   40   84   44   16   33    4   39   50   20   30   57   46   72   62   80   51   27   70   24   34   58   60   25   39   38   63   49   66   44   82   32    7   10   19   53   17    5   65   52    3   43    1   54   13   74   83   62    6   11   79   36   26   76   59   28   45   12   64   61   29   85   86   89   67   79   87   71   41  
  16   62   24   79   54   85   76   73   13   53    7   21   66   49   70   61   69    5   63   41   22   50   26   35   60   37   50   39   15   55   40   68   20   72   78   30   33   75   30   40   46    4   82   18   25   58   12   64   83   67   31   32   23    3   59   47   90   42    8   69   10   14   85   27   74    6   87   65    9   86   77   43   29   11   45   56   84   71   36    2   44   28   57   81   89   80   52   88   38   52   17   51   34   26   19   39   18   36    1   48  
  51   22   52   66   31   79   19    3   86   26   78    8   23   64   67   15   16   27   52   61   76    5   48   85   18   88   25   29   89   43   68    9   24   34   12   65   30   14   56   28   54   90    1   40   13   69   74   88   62   63   20   47   80   81   50   73   36   21   33   38   77   73   41   17   58   87   73   54    7   45    6   32   39   55   75   60   49   70   49   46   55   57   71   72   44    4   84   83   53   21   10   82   59   12   35   73   37   11   42    2  
  76   31    3    7   48    2   78   19   88   55   21   59   71   53    6   33    9   34   28   44   57   69   72   36   90   58    5   18   15   82   89   68   25   59   30   72   28   41   24   26   38   64   50   13   42   80   11   70   17   43   47   84   19   67   12    7   73    8   74   81   52   51   63   39   83   89   75   14   20   40   37    9   36   79   54   32   86   61   49   60   29   22   87   10    1   65   85   23    4   35   51   77   66   56   16   27   25   62   45   46  
  17   29   15   81   85   11   65   37   84   62   64    4   76   44   38   35   42   69   31    2   62   58   43   40   86   63   41   78   70   23   56   16   47   20   34   53    9   74   57   90   83    6   26   19   75   73   68   18   28   72   21   39    3   48   59   80   27   54   45   51   52   39    7   66   50    5   12   67   77    5   82   86   71   79   76   53   33   32   22   87   10   55   25   88   49    8   79   14   85    1   74   89   30   36   19   60   46   13   61   24  
  88   72   29   57   55   42   62   32   38   39   89    9   87   34    1   17   50   81   86   59    4   77   70   78   90   80   19   70   35    8   41   64   11    3   61   40   43   45   46   47   51   13   37   15   25   23   56    5   49   54   74   77   36    7   47   21   51   79   48   14   63   44   65   71   22   67    6   85   76   10   83   82   33   12   47   20   31   52   59   30   69   66   74   60   27   73   47   24   28   16   18   68   58   26    2   57   84   67   75   53  
  15   33   26   44   38   58   18   53   28   87   43   16   42   52   13    3   66   86   47    1   45    9   49    2   30   68   19   48   22   57   27   76    6   84   40   24    5   35   78   23   70   31   41   10   60   14   50   85   74   46   75   59    8   70   82   70   77   26   55   20   29   47   88   11    5   65   39   27   67   21   72   89    1   34    7   58   17   56   63   81   36   51   32   37   62   70   61   12    4   54   80   69   71   90   79   83   64   84   73   25  
  52   63   31   32   46   83   34   21   33   74    8   32    5   18   86   13   67   70   57   11   28   74   77   39   85   38   80   83   69   89   37    3   85   36   40   50   48   81   82   24   11    4   20    9   56   71   17   48   65   72   54   27   25   58   23   26   35   53   30   62   75   90    6   64    2   42   51   14    1   45   29   55   73   78   16   44   79   57   43   12   15   49   19   60   68   15    7   76   87   10   41   22   88   35   66   59   84   71   47   61  
   6    7    1   41   32   19   71   81   59   51   60   26   34   65   46   28   57   75   16   66   73   12   49   88   74   78    9   84   79   16   67   60   89   18   23   37   20   35   17   33   56   37   31   70   54   53   27   15   86   72   13   80   85   30   63   75   16   42   23   55   21   10   83   44   14   15   16   45    5   76   69   22   47   68    2    3   90   11   52   40   76   64   43   62   58   38   61   25   24   82    8   50   48    4   65   77   36   39   29   87  ] 
BUDGETS : [    1    1    4    6   11   13   17   20   20   24   29   32   35   36   37   38   39   40   41   43   45   48   48   50   53   56   62   68   72   72   73   74   75   76   76   78   79   81   86   96   97   97   98  100  100  102  102  103  103  104  107  107  110  114  114  115  116  117  117  118  119  120  120  125  126  127  136  137  141  142  143  144  145  145  145  146  147  149  150  152  154  155  155  160  161  162  163  163  165  166  170  174  186  186  187  189  190  192  194  196  ] 
