K : 50
I : 25
PREFERENCES : [   11   17   12    3    5    1    4    9    6   20    1    2   22    7   18    5   14   19    8   16   13   21   15   10   22  
  22    8   21    8   19    7    3    4   18    2   20   17   22   11    6   13   16    1   15   12   10   14    9   11    5  
  21   20   13   19    3    8   15   18    7   11    1   16   14    2   17   10   22    9   12   22    6   14   16    4    5  
  21   19   13    7   12    2   19    5    6   10   11   17   18   15   22   11    3    9    8    6    4   14   16    1   20  
   4   13   15    5   13   12    2    6   10    3   22   19   14    7   20   11    9    1   18   17    8   16    2   21   14  
   5    6   14    3   16   11    6    2    9    4    1   10    8   19   13   21   13   15   15   12   20   22    7   17   18  
  11    5   12    7   19   12   20   19    8    3   13    2    6   10   15    2    4   18   16    9    1   21   14   17   22  
  10    9   19   20    1   17    1    2    3    5    7   14   22   21   18   15    4    8    9   16   13   12   11   16    6  
   3    2   18   11   15    1    8   19    5   17   13   22   21    6    3    7    8   14    4   10   16   20   16   12    9  
  20   12    1    3   17    7   19   22    8   10   16    4    5   15    9    2   18    9   11    1   21    6   14    2   13  
   5   21    4    9   11   14   12    7   18   17   15   20    6   16   13    9   10    1   19    5    3   11    2    8   22  
   5    6   17    7   17   19   10   17   10    2   12   14   15    9    4   11   22   18    1    8    3   13   21   20   16  
   2   14   16   22   12   13   19    4    8   15    3    7   16   20    1   10    5    9   11    6   18   17    3   13   21  
   1    2   10   18    3   13   11   17    5   20    3    4    8    8   14   16   22    9    7    6   19   14   21   15   12  
  16    5   20   17    6   22   21    4    1    9   18   11    2   14    7    6   19    6    3   13    8   12   15   21   10  
  18   12    3   20    1   10   22   19   12   14   13    7   16   11   17    8    4   21    5   15    9    6   11    2    5  
  16   10    1    4   12   11   18   15   17   19    7   21    8    2    5    6    3   22    7   14   18    9   13   20   19  
  20   10   14    6    9   12    9   21    1   22    8   19    3    2   15   17    8   16   13    7    9    4   11   18    5  
  17    1   14   10    3   21    5   22   11    6    8   12    7    4   20   16   18    8   22    2    9   19   17   15   13  
  15    3    4   18   20   13   16   19   13    2    6   12   14   22   11    1    1    7   19    8    5   10   21    9   17  
  16   11   20   22    6   15   12   21    9    2    8   13   18    4   21    4   10    4   19   17    3    1   14    7    5  
   6    1   11    9   20    7   11    8   17    2   15   13   12   15   19   18    3   10    4   19   14    5   22   21   16  
   6    4   22   12   10    1    5   19    9   20   22   15   22   11    8   16   14   18   21    7   17   13   14    2    3  
   6    5   11   22    3   10   20    4    1   19   12   13   10   16   21    7    8   11   18   17    2   21    9   15   14  
   1    2   12   20    4   15    5   21    8    3   14   22    7    1   12   13   10    6    9   17   18   11   22   19   16  
  15    7    1    4    8    6   18   11    2    5   22   10   13   14    9   13   19   19   21   20   12   16    3   21   17  
  17   19    1    6   21    7   22   15    3    2    5    4    9    2   12   10    8   10   11   13   20   18   14   16    4  
  14   17   21    7   18   12   18    1    3    2   11    9    5   15    3   22   19   10   16   20    8   13    4    3    6  
  19    2   14   10   18    1   22   15    3   21   10   11   16   12    9    4    5    8    6   20   17   13   19    3    7  
   7   10    7    3   13   11   17   21   14    6    4   16    5   20    2   12   19   22    8    1   21    9   15   18   14  
   7   22   17   20   18   16   15   13    1    8   11    2    6   22   10   14    5   13    3    9   17   21    4   19   12  
  19    3    1    5   15   11   13   16   10   20    6    4    2   13   12   21    8   14    7   22   18   17    9   15   10  
   2   14   16   18   12   18   10   19   22    3    4   16    6   17    9    1    7    5   11   21   15   13   13   20    8  
  19    8    5    1    6    7   20    6   19    2   15   10   16    4   18   19   11    9   22   21    3   17   13   14   12  
  11    3   21   12    5   13    7    4   19   17   15    2    8   10   18   14   19   16    2    9    7    6   20   22    1  
   2   22    4    6   18   16    9    8    3   11    9    2   19   19    7   21   14   20    1   17   15    5   13   10   12  
   8   20    3    7   19    2   18   16   15    6   21   22    2   10   21    1   10   14   17   13   11    4    5    9   12  
  18    7   22    9   10    3    4   21   19    1   13    6    7   11    2   20    8   12   14    5   17   15   13   19   16  
   4    7   22   15    3    5   18   12   20    2    9   16    8   13   17    7    6    1   10    2   14    2   11   19   21  
   1   19   21   10   14   13   20   19    9   17    4    7   18    8    6    5   17   22   11    3   16    2   15   12   11  
   2   17   16   14   19   10    3    1   11   22    2    5    8   18   15    9    7    1   12   21    6   13   20    4    9  
  13    4    6    7   15    2   12   19   11   16   14    5   18   21    4   17   22   20    8    1   13   10    7    9    3  
   8   17   17   17    7   11   20   16    4   22    2   13   12   21    6    9   15    5    1    3   14   18   10   19    1  
  10   17   19    9    6   21   22   12   18   11    3    7    6   20   15   16    2   13   14    1   15    6    5    4    8  
  14   13   21   18    1   10   21   11   22    5    2   17   19    7   16   12   20   15    8   17    9    4    4    6    3  
  18   15   11   14    6    7   21   12    2    3   16    2    4    5    1    9   13   19   17   10   17    8   20   22   12  
   3   14   19   20    8   21   15   22   12   10   14    6   19    2   17   18    9   16    4    2    1    7    5   13   11  
  13    3   12    4   17   15   14   10   10    3   19   22   21    7    2   16   18    9   20    6   11    3    8    5    1  
  16   11   17    9   15   20   10   12    3   17    7    3    4   18   22   21   19    2    1    5   14    6    5   13    8  
   2   18   22    6    5   12   19    5   13   10    4    1   15    6   17   20    9   21    8   16   11   14    3    6    7  ] 
BUDGETS : [    5   10   12   13   14   15   16   18   21   25   31   32   34   38   39   39   42   43   49   50   52   57   58   58   60   60   61   63   65   68   69   70   71   76   76   80   80   83   85   86   87   87   87   88   92   93   97   98   99   99  ] 
