K : 50
I : 50
PREFERENCES : [    0    0   46    0    0    0    0    0   49    0    0    0    0    0    0    0   46    0    0    0   49    0    0    0    0    0   50    0    0    0    0    0    0    0    0    0   48    0    0    0    0   48   50   49    0    0    0    0    0   47  
   0   47   48    0    0    0    0    0    0    0    0    0    0    0    0    0    0    0   47    0    0    0   46    0    0    0   50    0    0   50    0    0   49    0    0   49    0    0    0    0   46    0    0    0    0   49    0    0    0    0  
   0    0    0    0    0   46   46    0    0    0    0    0    0    0    0    0   47    0    0   46    0    0    0    0    0   50    0    0    0    0    0    0    0    0    0    0   46    0    0    0    0   46   46    0   49    0    0    0   48    0  
   0    0   46    0    0    0    0    0    0    0    0   50    0    0    0    0   46    0    0    0    0    0    0   48    0    0    0    0   47   49   47    0   47    0    0    0    0    0    0   49    0    0   46    0    0    0    0    0    0    0  
   0   49    0    0    0   47    0    0    0    0   50    0    0    0    0    0    0    0    0    0   48    0    0    0    0    0    0    0    0    0   46    0    0    0    0   47    0    0    0   48   49    0    0   46   47    0    0    0    0    0  
   0    0    0    0    0    0    0    0   50    0    0    0    0    0    0    0    0    0   50    0    0    0    0    0    0    0    0    0    0    0   47   49    0    0    0    0   46   50    0    0   47    0   47   48    0   50    0    0    0    0  
   0    0   46    0    0   50    0    0    0    0    0    0    0   47   49    0    0    0    0    0    0   48    0    0   50    0    0    0    0   48    0    0   48    0    0    0    0    0    0    0    0    0    0   46    0    0    0   48    0    0  
  47    0    0    0    0    0    0    0   47    0    0    0    0    0    0    0    0    0    0   50   49    0    0   50    0    0   48    0    0    0    0    0    0    0   47    0    0   46   46    0    0    0    0    0    0    0    0    0   47    0  
   0   49    0    0    0    0    0   50   49    0    0   48    0    0    0    0    0    0    0    0    0   50   48    0    0    0   48   47    0    0    0    0    0    0    0   46    0    0    0   47    0    0    0    0    0    0    0    0    0    0  
   0    0    0    0    0    0    0    0    0    0   48    0    0    0    0   47    0   50   49    0   48    0    0    0    0    0    0    0   48    0    0    0    0   47    0   46    0    0    0    0    0   48    0    0    0    0    0   47    0    0  
   0    0    0   49   48    0    0    0    0    0    0   46    0    0    0    0    0   48    0    0   47    0   48    0    0    0    0   50    0    0    0    0    0   48    0    0    0    0    0   48    0    0    0    0   48    0    0    0    0    0  
   0    0    0    0    0   50    0    0   50    0    0    0    0    0    0    0    0    0    0    0    0    0   50    0    0    0    0    0    0    0    0    0   49   50    0   46    0   50   50    0    0    0    0    0    0    0   47    0   48    0  
   0    0   49    0    0    0    0    0   46   47    0    0   49    0    0    0    0    0    0    0    0   49    0    0    0    0    0    0    0   48    0    0   49    0    0    0    0    0   50    0    0    0    0    0    0    0    0   46   50    0  
   0   49    0    0    0    0    0    0    0   50    0    0   50   48    0    0   50    0    0    0    0    0    0   47    0   48    0    0    0    0    0    0   46   50    0    0    0    0    0    0    0    0   50    0    0    0    0    0    0    0  
   0    0    0    0    0    0    0    0    0    0    0   48   47    0    0    0   49    0   46   49   47    0    0    0    0   48   50   47    0    0    0    0    0    0    0   47    0    0    0    0    0    0    0    0    0    0    0    0    0    0  
   0    0   49    0    0    0    0    0    0    0   49    0    0   46    0   50    0    0    0    0    0    0    0   47    0    0    0    0    0    0   47    0    0    0    0    0    0    0    0    0   48   47    0    0   50    0    0   47    0    0  
  50    0    0    0    0    0    0    0    0   46   47   50    0    0    0    0   49    0   48    0    0   50   47    0    0    0   47    0    0    0    0    0    0    0    0    0    0    0    0    0    0   47    0    0    0    0    0    0    0    0  
   0    0    0    0    0    0   47    0    0    0    0    0    0   47    0    0    0    0    0    0    0    0   49    0    0   48   50    0    0   46   49    0    0    0   47    0    0    0    0   49    0    0   49    0    0    0    0    0    0    0  
   0    0    0    0    0    0    0    0    0    0    0    0    0   48    0   50    0    0    0    0    0    0   46    0   48    0   48    0   48   47    0    0    0    0    0   48    0    0    0    0    0    0    0    0    0    0   49    0   49    0  
   0    0    0    0   49   46    0    0   48    0    0    0    0    0    0    0    0    0    0    0    0    0   47    0    0    0    0   48   46    0   47    0    0    0    0    0    0    0    0    0    0    0   50    0    0    0    0   47   46    0  
   0   49    0    0    0    0    0   47   48    0    0    0    0    0    0    0    0   50    0    0    0   50    0    0    0   47    0    0   50   46    0    0    0    0    0    0   50   47    0    0    0    0    0    0    0    0    0    0    0    0  
   0   47   50   47    0    0    0    0    0    0    0    0    0    0    0    0    0    0    0    0    0    0    0   48    0   49    0    0    0   46    0    0    0   46   50    0    0    0    0    0    0    0    0    0   50    0   48    0    0    0  
   0    0    0    0    0    0    0   47    0    0   49    0    0    0    0   47    0    0    0    0    0    0    0    0   50    0    0   47    0    0   47    0    0    0    0    0    0    0   48    0   47    0    0    0    0   47    0   46    0    0  
   0    0    0    0    0   48    0    0    0   47    0    0    0   49    0    0    0   49    0   50    0    0   49    0   47    0    0    0    0    0    0    0    0    0   49    0    0    0    0    0   46    0    0    0    0    0    0   46    0    0  
   0    0    0    0    0    0    0   50    0    0    0    0    0   46    0    0    0    0    0    0    0    0   47    0    0    0    0    0   49    0    0    0    0   47   46    0    0    0   47    0    0    0   46   48    0    0    0    0   46    0  
   0    0    0   50   46    0    0    0    0    0    0    0    0    0    0    0    0    0    0    0    0    0    0    0   46    0    0    0   50    0    0   49    0   50   49    0    0    0   46    0    0    0    0    0    0    0    0   47   48    0  
   0    0    0    0    0    0   47    0    0    0    0    0    0    0    0   50    0    0    0   49    0    0   49   48    0    0    0    0    0    0   50    0    0    0   46    0    0    0    0    0    0    0   49    0   49    0    0    0   49    0  
   0   48    0    0    0    0    0    0    0   48   47    0    0    0   48    0    0    0    0    0    0   50    0    0   46    0    0   47    0    0    0    0    0    0    0    0    0    0    0    0   47    0    0   49    0    0    0    0   50    0  
  48    0    0    0   46    0    0    0    0   50    0    0    0    0    0    0    0    0   47    0    0    0   47    0    0   47    0    0    0    0   46   49    0    0   46    0    0    0   50    0    0    0    0    0    0    0    0    0    0    0  
   0    0    0    0   48    0    0    0    0    0    0    0    0    0   50    0    0    0    0   47    0    0    0    0   50    0    0    0   50    0    0    0    0    0    0   46    0    0    0   48   48    0    0    0   49    0    0    0    0   49  
  49    0    0    0    0    0    0    0   46   46    0    0    0   46   48    0    0    0    0    0    0   46   49    0    0    0    0    0    0   50    0    0   47    0    0    0    0    0   48    0    0    0    0    0    0    0    0    0    0    0  
   0   48    0    0    0   49    0   50    0   47    0    0    0    0    0    0    0    0    0   49    0    0   46    0   48    0   49    0    0    0    0   46    0    0    0    0    0    0    0   46    0    0    0    0    0    0    0    0    0    0  
   0    0    0   49    0    0    0    0    0   47    0    0    0    0   47    0    0    0    0    0   47    0    0    0   47    0    0    0    0    0   48    0    0    0   46    0    0    0   49    0    0   47    0    0    0   50    0    0    0    0  
   0    0    0    0    0    0    0    0    0    0    0    0    0   48    0    0    0    0    0    0    0    0   46   49   50    0    0    0    0    0   49    0    0    0   47    0   46    0    0    0    0    0    0   50    0   50   48    0    0    0  
   0   46    0    0    0    0   48    0    0   49    0    0    0    0    0    0    0    0    0    0   46    0    0    0    0    0    0    0    0   47    0    0    0   46    0    0    0    0    0   50    0    0    0    0   48    0   46    0   46    0  
   0    0    0    0    0   49   48    0    0    0    0    0    0    0    0    0    0    0    0    0   46    0    0   47    0    0    0    0    0    0    0   49    0    0    0   50    0    0   50    0    0    0   49    0    0    0   49    0   50    0  
   0    0    0   50    0    0   48   46    0    0    0    0    0    0    0   49   50    0    0    0    0    0    0    0    0   47    0    0    0    0    0    0    0    0    0    0    0   47    0    0    0    0   46    0   46    0    0    0   48    0  
   0    0    0    0    0    0   48    0    0    0   48    0    0    0   47    0   49    0    0    0    0    0   50   47    0    0    0    0    0    0   47    0   46    0    0    0    0   50    0    0    0   47    0    0    0    0    0    0    0    0  
  49    0   48    0    0    0    0    0    0    0   49    0    0    0    0    0   50    0    0    0   46    0    0    0   47    0    0    0    0    0    0   49   46    0    0    0    0   46    0    0    0    0    0    0    0    0    0    0    0   49  
   0    0    0    0    0   49   50    0   47    0    0    0    0    0    0   48    0    0   48    0    0    0    0    0    0    0    0   49    0    0    0   46    0    0    0    0    0    0    0   50    0    0    0    0    0   50    0    0   49    0  
   0    0    0    0   48    0    0   47    0    0    0    0   49    0   46    0    0    0    0   49    0    0    0   47    0    0    0    0    0    0   48    0    0   50    0    0    0    0   46    0    0    0    0    0   47    0    0    0    0    0  
  50    0    0    0    0    0    0   48    0    0    0   47    0   46    0    0    0    0    0   49    0    0    0   50    0    0    0    0    0    0    0    0    0    0    0    0    0    0   49    0    0   49    0    0   49    0    0   48    0    0  
   0    0    0    0    0    0    0    0    0   47    0    0    0    0    0    0   49   49    0    0    0    0   49   49   49    0    0   50   46    0    0    0    0    0    0    0    0    0    0    0    0   48    0    0    0    0    0    0    0   50  
   0   49    0   46    0   46    0    0    0    0    0    0    0    0    0    0    0    0    0    0    0    0    0    0    0    0    0    0   46    0    0   46    0    0   46    0    0    0   47   50    0    0    0    0   48    0    0    0    0   46  
   0    0   47    0    0    0    0    0   50    0    0    0    0    0    0    0    0    0    0    0    0    0    0    0   50   48   49   50    0    0   47    0    0    0    0    0    0    0    0    0    0    0    0    0   46    0    0   50   50    0  
   0   48   47    0    0    0    0    0    0    0    0    0    0    0    0    0    0    0    0    0   48    0    0   46    0    0   46   49    0    0   47    0   50   47    0    0    0    0    0    0    0    0    0    0    0    0    0    0    0   49  
   0   49    0    0    0    0   49    0    0    0    0    0    0    0    0    0    0    0    0    0    0    0    0   49   46    0    0    0   48    0    0    0   49    0    0    0    0    0    0    0    0    0    0    0    0   49   50   47    0   49  
   0    0    0   48    0   47   46    0    0    0    0    0    0    0    0   50    0    0    0   46    0    0    0    0   48    0    0    0    0    0    0    0    0   46    0   49    0    0   46    0    0    0    0    0    0    0    0   47    0    0  
   0    0    0    0    0    0    0    0    0   47    0    0    0    0    0    0    0    0    0    0    0    0    0   47   48    0    0   48    0   50    0    0    0    0   48    0    0   48    0   49    0    0   48    0   46    0    0    0    0    0  
   0    0    0    0   50   46    0    0    0    0   46   47    0   49    0    0    0    0    0    0    0    0   47    0    0    0    0    0    0   50    0    0    0    0    0    0    0    0    0   50    0    0   50   48    0    0    0    0    0    0  ] 
BUDGETS : [   12   14   18   20   20   23   25   29   31   32   34   35   42   42   44   45   48   49   55   57   59   60   60   61   61   62   65   68   71   71   72   72   75   77   78   83   85   86   87   89   91   91   92   92   94   95   96   96   97  100  ] 
