K : 100
I : 100
PREFERENCES : [   47   92   36   52   90   48   97   87   88   13   31   32   58   75   16    7    7   70   44   93   86   95   82   51   79   55   28   83   46   12   73   35   50   37   71   74   24   17   51   53   10   15   77   49   98   40   56   39   25   18   45   76   42   57   41   43   38   72   18   59   89   78    8   54   11   14   19    5   22   63   30   85   91   23   69   21   99  100   62    6   80   27   65   34   20   33   26   66   60   84   96   29   81   64   67   61   94    9    4   68  
  78   97   81   64   40   19   15   88   27    4   22   89   44   80   34    5   42   93   12   33   59   31   61   79   67   18   85   70   68   77   92   38   26   95   24   90  100   21   71   96   32   98   83   87   50   28   82   66   20   58    7   45   46   94   63   76   17    8   44    9   54   72   43   52   69   14   74   47   56   53   62   86   13   91   16   55   60   39   23   65    6   99   51   29   36   35   25   46   11   30   48   75   45   49   41   37   57   73   84   10  
  96    8   11   49   69   41   86   84   10   17   62   45   76   35   28   57   21   16   63   19   70   55   82   79   31   93   72   63   90    5   66   18   52    6   92   56   87   81   36   53   68   23   33   73   48  100   94   59   39   46   75   54   30   77   99   83   24   96   20   26   22   71   92   89   25   37   38   91   78   60   80   95   15   50   34   67   65   14   32    4   88   42   12    7   97   43   85   44   27   61   13   51   58   74   40   47   29    9   64   98  
  18   33   48   54   52   42    5   61   45   11   18   74   87   81   69   27   67   57    7   65   82   26   64   96   15   13   93    8   39   56   22   94   21   31   53   25   14   30   12   32   28   20   76   55   60   36   41   46   62   78   35   18   89   95   86   97   59   66   44   23   71   99  100   98   37   77   80   34   58   29   75   84   19   49   40   72   24   63   38    6    4   10    9   50   66   43   91   70   47   16   92   51   73   83   85   68   88   17   79   90  
  25   51    9   54   78   46   34   84   23   30   74   79   16   26   34   41   28   31   82  100   38   47   56   82   80   58   64    8   65   17   18   71   97   10   90   33   76   49   85    7   69   57   72   13   95   44   29    4   19   73   11   45   92   63   89   12   52   67   83   53    5   36   96   14   87   60   40   35   75   88   48   86    6   20   70   55   21   24   62   39   93   22   68   81   98   37   32   15   77   58   59   66   61   42   91   99   27   94   50   43  
  31   47   66   17   23   65   39   28   94   48   27   93   51   77   33   25   54   86   21   54   40   46   11    4   63    6   95   38   76   20   92  100   81   55   24   42   56   18   83   78   10   68   64   29   60   41   75   99   82   89   73   43   32   59   80   31   84   88   87   91   79   70   34   26   44   37   16   30   96    9   14    9   85   35   13   72   50   22   61   12   19   49   97   71   69   57   52   74   67   62   15   58    7    8   45   90   98   53    5   36  
  33    6   74   27   15   67   84   58   69   51   19   75   30  100   54   22   96   91   66   83   60   52   10   61   38    8   55   73   89   93    7   36   88   45   65   62    4   77   48   18   87   34    5   24   32   25   79   92   71   81   85    9   30   39   20   40   46   86   26   14   21   68   41   70   29   82   31   37   27   44   42   57   53   80   76   56   13   17   11   55   63   97   12   94   99   90   98   16   23   64   49   59   28   43   78   35   72   50   47   95  
  22   44  100   46   53   92   43   83   94   21   52   42   87   72   68   49   90   14   39    5   76   30   57   49   10   31   98   22   79   85   17   11   48   54   37   13   20   77   74   82   69   23   26   16   96   55   61   67   34   15   64   19   50   97   78   38   51   60   80   27   58    8   88   35   99   28   66   84   95   81    7   73   91   33   86   36   71   59   47   65   56    6   63   89    4   89   75   93   24   29    9   45   41   12   62   25   18   70   40   32  
  14   31   37   39   85   41   52   92   51   80   40   76   28   22   35   68   46   73   21   87   23    4   95   43   47   34   84   27   79   57   44   64   66   33    6   93   75   78   83   94   32    5   70   91   20   49   82   30   56    9    8   90   50   65   77   45   81   19   59   58   16   11   48   38   42   18   15   74   72   25   17   89   12   69   88   54   89   63   53   13   17   67   97   26   71   86   96   36   55   24   40   10   99   61    7   62   98   29   60  100  
  86   39   54   39   59   63   71   65   90   18   41   22   26   97   58   13   97   35   44   31   56   37   48   70   98   61   25   14   29   88   76   34   32   21   84   12   75   24   79    8   16   80   47   92   51    9   46   68    7   94   60   69    6   96   20   77   43   53   66   62   72   78   33   23   50    4   57   36   38   83   74   91   85   99   19   17   81   89   27  100   40   15   28   42   82   11   68   93   45   55   87    5   30   49   64   95   73   10   67   52  
  79   23   34   63   73   96   44   62   58    6   30   97   17   77   22    9  100   70   81   18   88   13    7   64   48   27   53   37   51   75   43   80   11   85   99   36   72   65   49   57   52   86   21   24   95   68   61   89   50   15   38   47   82   12   33   72   32   35   25   90   26   91   71    4   92   29   94   84    9   74    8   69   56   19   93   98   66   31    5   78   39   83   46   10   14   87   59   56   67   45   40   28   20   42   54   16   60   76   55   41  
  63   65   77   83   76   15   43   95    6   17   33   30   80   36   74   51   12   10   14   84   69   97   35   22   52   34   75   49   94   59   79   27   31   56   62   32   40   42    5   23   26   88   69   38   19   87   71   54   44   78   82   70   72    4   91   17   86   18   28   24   47   48   98    8   99   45   55   68   25    7   29   81   73   92   85   58   90   41   50   46   21   39   61   66    9   53   13   42   89   37   96   67  100   57   64   11   93   60   16   20  
  33   64   81   74   53   19   85   83   63   44   15   43   98   80   51   52   84   20   10   14   30   67  100    9   91   93   22   31   47   88   95    5   73   66   55   77   41   59   58   36    6   26    7   24   88   38   50   46   11   58   89   99   90   72   60   21   25   37   86   16   42   29   28   57   35   94   71   49   68   82   96    8   70    4   69   79   97   32   12   56   75   23   34   13   92   87   48   45   61   76   17   40   85   27   65   78   39   18   62   54  
  98   67   43   76   39   12   78   84   91   26   48   96   24   85   86   73   53   49   54   51   68   15   28   80   74   35   60   38   69   29   62   20   10   71   27    9    8   89   57   25   31   87   99   30   77   49   55   46   17   18   59   32   52   56   50   21   66   33    7  100   34   44   36    6    5   45    4   31   88   95   47   79   13   90   42   83   11   37   41   76   14   94   97   81   63   23   70   61   22   58   75   40   64   19   92   65   72   82   93   16  
  72   21   28   76   13   22   50   44   98    6   32   49   10   35   57   46   11   16   97   40   62   96   27   42   53   20   30   56   93   99   43   70   71   66   34   39   25   85   91   61   15   41   37   95   33    8   74   63   14   99   59   92   83   51   47   31   84   60   77   48   19   78  100   99   73   10   24   52    4   79   67   65   87   29   69    5   36   58    9   89    7   38   55   88   81   80   82   94   90   54   45   64   18   23   75   26   12   68   86   17  
  15   25   13   66   88    5    9   49   64   12    7   10   39   36   92   58   43   79   21    6   67   84   44   45   99   98   27   54   74   24    8   65    4   90   52   38   69   97   70   28   95   55   86   18   32   17   80   35   81   37   56   22   41   91   62   53   23   42   57   85   46   48   50   89   25   34   40   16   83   78   47   19   84  100   70   29   72   33   30   87   94   20   71   59   77   96   51   63   93   73   82   68   75   26   14   61   31   60   11   76  
  93   85   78   10   56   46   47   53   54   14   51   11   48   44    7   12   13   70   22   17   77   72   32   84   90   41   88   60   94   65   99   29   76   24   62   21   74    6   79   69   28   97   95   20    4   18   23   71   15   49   43   59   75   40   64   46   96   61    5   67   16   36   68   55   92   27  100   82   39   34   37   87    9   26    7   73   79   63   89   58   98   33   83   38   80   66   57   30   19    8   52   42   86   91   35   50   81   45   31   25  
  81   65   46   78   11   85    7   14   63    5   91   23   77   45    4   48   34   40   86    6   72   29   92   18   12   14   88   75   28   41   39   33   76   59   17   37   69   68   89    9   93    9   24   55   21   64   83   99   10   16   43   96   20   54   97   36   35   87   22   42   66   31   53   80   58   38   15   67   32   62   13   98   49   61   95    8   74   19   56   52   73   71   70   14   26   25   30   47   44   50   27   84   60   57   90   94   79   51   82  100  
   4   38   75    7   46  100   13   42   14   98   21   39   74   57   77   25   82   70   58   32   88   43   12   22   23   60   90   94   95   45   40   96    8   71   51   73   59    6   15   83   27   26   63   92   48   84   37   16   79   97   50   72   93   11   68   54   36    5   67   62    9   14   47   28   66   87   64   31   78   49   61   33   99   20   30   41   65   91   19   81   17   53   55   18   47   85   98   76   52   34   24   10   80   35   56   44   89   69   86   29  
  76   23   82   95   65   40   73   47   99   92   21   27   93   51   98   17   38   48   12   63   57   69   43   66   49   50   88   70   34    8   35   25   85   13   97   84   54   24    7   19   80   89   68   28   31   36    6   44   14   37   39   15   74   71    4    5   41   67   59   11   77   78   91   87   45   55   79   26    9   56   90   96   20    4   53   16   46   86   29   32   10   49   62   81   42   70   60  100   61   18   52   75   30   22   33   58   72   64   83   94  
  99    6   26   33   72   71   61   39   92   47   78   28   35    5   46   69   44   55   91   59   38   54   80   84   82   96    8   29   28   19   53   12   65   87   89   25   90   56   66   94   21   77   95   52   40   73   45   15   75   76   13   74   97    9   67    7   93   41   18   68   27   10  100   63   11   72   30   43   57   49   83   34   17    4   31   20   42   98   79   88   58   24   85   81   86   48   62   60   37   22   23   14   51    8   16   36   32   50   70   64  
  65   78   41   38   42   61    8   44   47   63   43   36   16   56   89   32   79   15   98  100    6   87   54   72    4   25   45   20   33   98   14   70   95    7   60   42   55   23   31   37   76   51    5   58    9   73   46   18   68   86   10   22   67   77   69   38   75   57   91   99   39   81   59   92   19   21   27   52   30   97   74   64   28   48   80   13   12   11   35   34   50   85   24   83   17   82   66   49   88   94   62   96   29   84   71   40   93   26   90   53  
   4   57   62   81   70   59   68   30   72   96   67   36   51   66   94   58   32   43   10   29   11   18   84   49   69   88   15   74   35   79   85   42   24   54   65   41   67   34   90   10   60    9   61   95   12   48   44   50   98   19   97   82   56   86  100   28   20    7   53   17   91   63    6   78   83   73   47   33   39   25   46   45   14    8   80   16   76   89   23   71    5   92   93   21   31   64   75   27   26   13   37   38   99   77   31   52   55   40   22   87  
  46   26   68   30   61   47   34   29   92   99   78   60    8   15   20   66   41  100   14   59   54   88    5   56   64   33   58   97    7   57   51   79   21   11   65   37   91   51   45   94   50   24   93    6   95   80   87   83   72   48   74    9   18   52   53   76   63   77   44   70   82   12   71   36   43   90   84   86   69   81    4   31   89   98   62   28   75   35   10   27   17   73   19   39   23   32   49   25   42   16   55   38   43   96   22   85   40   79   67   13  
  92   49   82   30   18   10   62   16   61   40   31   14   53   52   86   41   75   11   66   93   25    6   57   74   48   26   35    8   76   94   85   32   45   23   29   56   70   58   12   51   39   21   79   55   46   88   68   22    4   54   95   36   27   87    5   99   64   96   17   80   83   72   34   71   78   59   60   28   91   98   25   19   63   24   50  100    7   38   44   37   77   89    9   97   67   84   97   42   13   20   69   33   47   65   54   43   81   15   73   90  
  91   54   57   41   89   71   61   77   43   32    4   80   20   97   96   23   11   29   83   60   47   31   13   74   12   87   34    7   18   14   88   79   27   81   17   82  100   46   52   67   85   68   37   10   93   92   64   98   25   58    5    9   28   48   86   55   45   84   75   50   26   16   24   73   94   15   78   95   21   33    8   99   70   63   49   38   40   76   35   51   65   62   56   22   57   90   30   72   19    6   42   53   66   36   69   43   39   59   44   84  
  67   65   57   96   69   30   82   80   25    6   14   59   68   60   86   34   48   42   32   89   51   10   11   98   26   39   92   71   73   13   12   77   61   58   23   81    4   17   91   59   93   66   16   27   38    8   47   94   15   43   37   31   55   72   50   99  100   21   70   88   52   53   22   44   41   95   18   64   76   35   36   62   56   49   19    5   78   87    9   33   83    7   30  100   63   85   74   29   54   46   45   75   24   79   90   28   40   20   84   97  
  39   34   68   61   23   35   11   44   30   20   95   82   50   92   15   72   75   78   31   74   62   93   48   13    5   65   28   14  100   27   40    7   96   33   42   49   85   21   24   52   19    8   88   94   83   25   16   77   91   43   17   29   51    6    4   59   47   46   12   26   90   41   54   43   55   84   25   56   69   73   53   64   66   98   76   37   45   38   10   80   81   70    9   87   67   22   57   71   18   60   15   89   63   36   97   79   86   58   32   99  
  74   99   21   55   40    8   25   56   23   10   28    7   69   70   45   13   91   85   57   61   22   47   95   49   24   63   35   17   98   77   89   79   71   36   44   76   53   68   20   19   67   58   69   88   39   34   31    9  100   41   52   94   80    4   18   43   65   82   90   59   51   27   42   60   50   33   42   62   38   75   97   30   48   86   11    6   54   29   72   46   92    5   93   78   32   26   73   12   66   37   96   16   83   64   87   14   15   81   84    5  
  20   52   75   18   21   44   38   68   14   42   30   95   32   25   44   81   39   56   47   31    4   82   87   53   17   91   73   36   41   45   57   72   46   10   74   23   88   83   33   46   69   27    5  100   70   59   28   94   60   96   67   43   89   29   77   15   62   97   34   80    8   12   24   64   85   61   78   60   49   79   16   58   26    9   92   54   63    6   90   13   50   66   51   35   11   65   19   22   71   55   84   40   76   99   37   48   86   93   98    7  
  43   50   59   63   65   47   18   12   88   98   32   76   52   39   90    4   96   72   45   73   57   27    9   16   35   68   83   36  100   37   75   61   91    7   64   40   29   54   89   33   69   80   11   48   14   20   21   81   44   41   36   60   85   23   58    8   51   67   74   15   42   79   66   35   34   71   30   13   77   84   53   28   62   22   93   97   49   70   82   19   78   87    5   17    6   55   24   86   99   26   25   38   10   94    6   95   92   56   46   31  
  52   65   33   24   63   89   82   75   36   50   35   54    7   49   23   47   88   37   39   29   27   53   94   91   40   77   38   80    8   60   11   57   46   84   67   87   56   43   73   45   17   59   64   61   90   61   93   18   12   21   78   22   58   30   68  100   25   85    6   97   86   51   42   62   96   95   98   56   10   66   16   83   76   48   31   19   32   79   81    4   34    9   71   72   55   20   70   14   15   44   41   26   99   77   74   69    5   92   13   28  
  41   51   85   18   49   22   10   15    6   86  100   26   65   57   67   99   90   48   73   19   30   71   64   54   83   32   74   20   34   92   39   91   42    9    4   89   40   72   93   80   15   77   33   68   79   24   46   59   35   95   58   60   76   62    7   11   98   44   32   82   88   17   66   81   29   55   45   96   97   23   69   53   36   61   84   75   37   27   43   52   13   16   38   63    8   87   94   31   70   14   56   25   19    5   50   21   47   12   28   78  
  65   23   75   99   91   10  100    4   85   61   58   57   96   82   41   72   36   24   80   22   74   86   81   80   49   62   18   68   54   47   30   79   93   15   84   95   28   63   43   27   51   90   19   74   67   53   56   77   48   16    9   34   66   56   25   14   46   44   26   78   39   33   92   88   83   21   73   11   12   70   59    8   17   69   94   35   37   87   13   55    6   60   45   38   97   32   29   64   40   98   20    5   71    7   52   31   89   42   50   76  
  77   99   93   50   44   10   61   60   15   11   86   58   36   82   32   31   19   58   42  100   53   73   29   28   97   78   45    5   63   65   64    4   94   27   14   90   25   76   26   34    9   56   38   67   80   33   70   16   71   12   68   98   47   74    6   51   81   59   92   52   55   40   72   96   88   30   20   89   75   21   41   54   18   13    8   19   37   48    7   83   91   87   79   66   49   22   71   39   69   95   62   24   84   46   57   23   17   85   43   35  
  52   83   58   57   46   49   15   91   75   81   39   34    6   37   29   17   20   84   92   14   68   86   36   69   93   63   45   71   22   12   26   61   72   38   97   48   60    9   50   87   66   76   70   89   42   82   11   42   95    8   30   80   35   20   90   27   67  100   94   40   79   24   23   96   25   78    4   62   73   31   99   16   33   77   74   44    5   85   88   47   48   13   54   56   98   41   19   18   59   21   32   43   65   10    7   51   55   28   64   53  
  84   76   16   81   48   89   93   87   50   60   91   82   29   55   90   73   40   75   97   67   59    6   63   13   41   22   95   43   53   39   38   68   28   72   15   96   33   37   24  100   14   85   58    9   98   45   34   19   69   27   47   25   31   51   18   52   21   10   26   12   73   54   36   94   44   66   86   83   62   17   99   92   77   61   71   49   57   35   42   30   56   32   46   78   74   79   70    8    4    5   23   80   11   20   88   64   65    7   44   85  
  50   11   98   33   60   12   96   66   58   89   37   81   40   16   59   26   80   30   76   97   48   61   63   74   47   54    7   53   18   68   64   73   19    6   38   34   70   62   87   36   83   71   27   57   93   73   94   31   90   99   85   15   35   42   82   75    4   72   44   41   91   52   86   14   67   73    5   22   77   20   51   21   46   95   43   10   28   88    9   55   45   25   79   39   78   56   69   29   32   65  100   17   13    6   92   84   24    8   23   49  
  97   62   24   75   26   63   70    5   96   60   85   95   39   35   12   73   58   17   84   50   33   47   61   44   79   18   77   20   65   32   59   66   99   94   80   87   30   57   82   55   10   11   13   71    8  100   43   93    7   68   52   69   90    6   42   40   67   64   72   78   54   29   23   88   83   74   36   19   89   15   91   41   21   34   37   16   46   81   22   60   25   53    4   92   31    9   38   86   51   49   48   83   28   56   45   76   14   98   31   27  
  41   28   25   71   72   89   43   10   12   30   57   14   62   27   42   63  100   46   13   74   88   85   31   91   52   64   83   54   97   29   78   93   95   22   61   33   84    8   39   18   99   32   80   55    7   55   35   58   45   19    9   75   66   87   50   20   16   60   38   96   48   79   15   68   92   11   49   44   24   81   17    6   67   22   87   70   47   98   36   37   56   77   76   26   23   59   73    4    5   34   94   82   51   65   69   86   90   21   53   40  
  12   35   27   89   59   74   61   93   79   10   88   73   54   49    4    9   44   78   13   92   70   67   48   17   19   30   43   31    5   68   18   71   22   64   85   55   63   14   28   57   51   99   84   65   39   69   11   58   94   34   87   42   40   90   66   95   23   24   25   53   29   50   16   96    6   41   91   83   68   86   81   36   52   72   32   77   59   46   47   45   44   37   75  100   82   15   20   56    7   62   33   97   38    8   76   60   80   26   21   98  
  69   27   23   79   52   18   38   80   41   84   78   71   44   66   14   25   57   67   42   11    9   96   55   70   29   19   92   72   45   12   93   91    7   95   10   43   62   26   68   54   58   20   88    6   30   36   97   77   74   17   22   49   94    5   39   28   35   83   48   76   99   85   64   59   86   53   56  100   33   46   90   31   61   75   87   60   24   98   15   73   13   82   19   63   51   37    8   34    4   42   32   81   47   40   16   50   89   65   21   56  
  82   48   45  100   90   94   44   54   73   26   41   21   80   83   22   38   65   58    6   71    5   40   57   53   12   66   86   20   89   42   77   74   32   43   31   67   61   52   16   10   11   68   33   24   27   84   64   23   13   96    8   28   97   76   25    4   88   18   49   95   51   75   87   39    9   60   85   46   81   60   91   47   17   72   98   69   14   19   30   47   92   36   70   99   35   29   59   34   63   62   15   56    7   55    7   93   79   50   78   37  
  24   82   20   53   60   30   84    9   38   78   42   54   35   41   56   80   69   67   58   97   86   13   90   19    7   98   28   80   83   12   32   75   72   48   76   43   96   65   74   23   85   62   50   16   33   93   39   37   21   11   63    8   70   15   91   25   34   57   87   49   88   18   25   73   10   55   17   89   46   51   22   95   81   61   68   59   35  100   52   47    5   44    4   36   64   40   66   94   45   92   71   31   29   27    6   79   14   99   77   26  
  57   71   98   18   16   58   65   10   12   40   68    7   84   15   79   28   66   90   59   40   31   80   56   46   17   96   61   62   27   35   60   21   47   97   67   51   42  100   22    9   64   81   73   54   86   53   23   11   38   29   54   39   82   72   34   45   75   44   36   30   77   55   87   99   89   95   70   88   69   25   43   74   76   93   78   94   26   85   33   83   49   52   50   14    8    5    6   32   24   91   20   37   48   41   13   92    4   63   22   19  
  95   84   37   56   28   76   46   65   10   46   75   48   60   11   44   93   22   32   45   33   81   99   31   74   90   85   88   70   92   30   68   51   67    4   69   14   18   73    9   49   54   66   12   77   35   27   63   64   47    7   21   13  100   89   52   86   58   87   20   94   38   78   91   39   40   61    6   34   96    8   63   26   83   72   17   98   79   43   50   16   26   71   59   19   36   97   57   23   24   25   41    5   15   82   29   42   53   55   62   80  
  76   75   51   18   44   52  100   67    4   13   73   93   56   81   14   58   54   96   42   35   16   97   27   91   50   95   47   63   49   88    9   82   57   78   20   12   28   31   65   15   30   48   24   79   32   74   10   64   99   29   83   41   38   23   59   34   71   36   22   77   53   11    5   39   92   98   90   61   89   84   68   62   70   21   37   85    6    8   40   26   19   66   69   55   19    7   87   60   80   17   72   46   33   92   43    4   86   94   45   25  
  43   36   94   68   25   46   95   33   17   58   23   83   85   79   40   67   89   13   90   72   56   61   73   15   35   96   60   97    7   30   45   26   55   71   21   93   29   87   98   53   59   19    9   81    8   24   11   38   84   50   42   12   82   16   20   66   48   76   54   74   49    5   14   28   92   47   86   22   80   18   77   57   32   39   88   31   27   69  100   99   44   52   97   37    6    4   65   70   62   34   41   64   78   63   51   91   68   10   75   80  
  94   90   48    5   37   58   81   89   74   84   15   19   75   76   92   14   83   17   57   36   80   59   29   73   60   70   77   87    9   42   26   21   86   32   43   18   47   41   40   49   61   39   34   25   91    6   69   10   96   64   33   33   66   12   95   11   88   68    8   30   78    4   31   82   53   23   99   55   63   13   23   27   45   98   16   93   24   50   79   20   56   52   58   54   28   46   65   51   72   35   38   22   67   44  100    7   97   71   85   62  
  41   13   56   78   16   49   38   17   31   29   98   93   86   36   46   43   47   59   18   48   51   86   83   58   53   11   19  100   97   94   44   37   85   69   30   24   62   10    7   60   54   72   71   88   76   79   33   73   39   28   67   22   32   42   25   96   80   89   91   20   40   84   81   95   27   68    8    4   87    5   50   23    6   66   15   55   14   85   74   65   34   12   61   63   99   75    9   92   52   64   19   77   57   82   45   70   90   21   26   35  
  97   26   74   49   53   29   98   33   82   93   83   67   51   47   60   27   78   71   61   75   79   41    8    6   39   65   87   24   50   81   31   16   45   82   85   62   37    5   38   34   69   18   64    9   94   89  100   36   20   56   55   73   57    4   84   86   28   52   88   40   48   13   58   63  100   42   91   32   72   35   23   46   96   15   99   21   68   17   19   44   12   92   77   76   90   70   54    7   25   11   22   69   30   14   10   66   80   95   59   43  
  92   24    8   14   71   74   93   81   22   38   32   18   11   70   44   15   53   45   28   73   49   75   58   80   85   37   10   63   31   69   52   12   46    9   72   89   59   96   88   98   62   23    5   84   78   29   91   68   40    6   79   33   16   67   65   48   41   47   13   30   86   34   50   83   55   97    4   19   25    7   82   17  100   92   76   87   27   64   20   21   66   26   95   51   56   99   23   57   61   39   36   77   42   54   36   43   90   94   35   60  
  52   81   58   57   34   78   36   29   30   54   44   39   92   98   37   97   10   23   64   47   19   68   99   12   26   50   63   96   18   56    6   95   79   70   21  100    8   93   22   59   84   60   32   11   56   25   15   85   80   24   33    5   82   75   13    4   35   61   69   46   99   83   40   31   16   28   38   42   62   14   51   71   49   45   65   48   27   86   17   90   91    7   87   74   55   43    9   76   73   41   66   53   94   67   58   77   89   20   72   88  
  21   53    7   45   48   10   65   41   26   75   68   16   39   57   46   32   20   93   18   60   52   33   42    6   99   63   88   97   94   61   47   83   80   84   43   62   81   82   76   59   89   37   90   19   49   56   64   34   29    5   38   96   11   36   44   85   30   27   58   36   91   14   40   15   25    8    9   86   52   23   28   92   73   35   50   66   51   22   79   22   72    4   87   74   98   24   77   17   31   78   69  100   95   12   55   67   71   70   13   54  
  36   21   69   42   44   22    6   94   97    7   29   93   63   11   43    4    8   53   47   34   48   60   95   51   19   20   49   18   56   62   32   68  100   91   55   14   92   37   58   39   67   23   57   76   86   66   83   79   26   25   77   27   96   89   99   64   70   61   87   71   72   81   33   13   41   16   36   10   78   15   52   98   30   45   57   38    5   74   85   75   12   88    9   73   40   84   82   90   31   28   50   35   52   24   65   54   59   46   17   80  
  57   14   68   59   85   17   92   87   35   13   56   44   62   19   70   91  100   47    9   58   80   76   77   72   95   38   26   65   46   78   67   50    6   49   16   21   12   18   55   34   71   32   97   99   42   66   27   83    5   75    7   82   79   98    8   40   53   74   33   20   51   90   69   64   15   89   45   22   73   88   72   13   29   30   61   39   81   37   43   52   23   41   94   96   63    4   54   24   93   76   28   60   25   48   11   10   86   84   36   31  
  36   50   66   70   96   10   95   42   89   35   79   48   15   21   18   99   38  100   84   51   58   55   47   91   28   13   98   90    7   29   19   87   60   39   92   41   20   73   86   83   68   26   27    4   46   77   88   81   69   16   56   71   64   54   67   93   83   59    5   31   57   32   80   63   45   76   52   74   85   19   53   78   12   33    6   14   17   25   23   94    8   37   22   65   61   82   75   43    9   11   40   72   24   97   87   49   62   30   34   44  
  39    9   87   61   73   38   60   25   16   51   68   57   90   48   85   67   72   19   79   78   64   35   22   63    6   96    7   66   97   49   11   40   29   13   44   50   36   89   52   42    5   26   33   94   47   56   15  100   27   12   98   92   82   21   95   43   86   54   76   62   18   83   37   58   91   53   34   48   93   99   46   30   75   28   84   14   24   74   88   20   41   65    8   97   71   55   80   27   77   23   69   17   31   45   70   32    4   81   59   10  
  50   57   59   32   70   31   81   21   84   46   61   80   56   31   99   72   64   54   43   49   86   13    7   92   98    9   20   33   67   29   14   97   69   82    6   23   45   18   74   16   39   22   12   15   87   89   36   63   77    8   71   34   25   96   55   42   95   75   28   60   58   30   44   52   52   73  100   83   24   41   65   88   35   79   26   90   57   68   37   48   94   93   78    4   62   27   40    5   19   91   85   76   38   47   66   17   11   53   51   10  
  67    8   42   67   33   92   28   20   65   69   74   14   61    6   45   78   70   53   85    7   10   13   23   57   12   62   29   71   72   89    5   77   91   30   49   97   34   19   87    4   24   94   21   96   93   73   36   52   26   39   60   72   80   68   83   56   55   15   22   95   38   40   90   46   47   44   82   27   35   52   37   16  100   48   64   32   88   76   79   81   11   51   58   63   75   41   84   43   17    9   99   50   31   86   25   59   54   18   98   66  
   8   73   84   88   19   77   38   78   12    4   32   42   93   40   44   37   35   25   47   83    7   75   20   57   26   62   64   15   10   79   96   46   52   16   95   34   74   43   55   71   68   21   76   22   39   28   59   49   89   31   30   17   99   29  100   58   86   24   76   23   92   18   91   50   11   63   27   53   81   72   97   80   13   94   45   65   82   67   14   33   90    5   69   51   25   85   41   87   54    9   36   98   70   56   48   66   65   61    6   60  
  24   10   29   56   86   38   15   57   27   98   47   90   21   64   99   12   94    4   34   39   80   80   25   40   61   71   76   58    9   18   93   50   32   37   26   67   11   35   59   73   55   84   33   63   31   66   83   18   69   96   60   46   45   72   70    8   19   68   53   30   14    7   20   77   74   23   88   51   43    5   82   48   49   52   79   85   22   75  100   44   87   65   92   28   89   17   97    6   78   41   62   42   36   77   16   54   95   13   91   81  
  97   62   43   73   56   49   52   31   38   91   68   74  100   29   11   28   24    9   67   40   98   46   44   20   34   54   92    4    5   81   87   55   61   86   22   69   30   95   59   14   18   17   58   64   75   21    7   94   70   42   12   37   13   33   48   93   41   45   16   53   89   19   32   51   57   50   60   78    8   23   33   84   28   27   99   47   35   26   36   10   82    6   63   96   39   72   65   88   77   90   54   83   80   79   71   66   15   25   76   85  
  22   56   98    9   11   28   85   15   94   26   54   93   78   24   34   61   48   27   65   84   17   12   70   67   31   97   60   38    5   66   29   89   16   91   32   36   59   10   64   39   92  100   45   23   71   87   86   77   13   52   73   76   44   90   46   37   81   47   41   74   88    4   40   57   50   85   69   68   80   83   49   18   42   20   19   75   33   92   30   62   63   99   96   72    6   55   82    7   95   25   43   13   21   79   51   35    8   14   53   58  
  99   54   93   14   12   56   63   15   72    9   33   49   31   90   83   94   27   34   32   50   45   82   62  100   35   51   98   85   81    6   22   46   11    4   76   91   84   53   95   30   38   13   10   43   16   41   71   25   28   67   19   20   69   40   75   86   37   24   61   21   96   73   79   55   64   56   70   26   58   44   60   39   17   65   23   77   42   66   78   59    7   89   97   36   88   29   92   31   92    5   57   87   48   52   68   80   47    8   18   74  
  43   50   92   34   31   22   86   84    9    7   39   76    6   63   74   57   48   53    8   13    4   72   98   32   37   18   82   62   90   42   10   12   51   99   47  100   62   67   65   33   55   71   35   75   25   79   60   68   61   20   21   88   16   81   41   85   11   39   89   87   59   52   28   45   96   77   58   44   64   70   30   27   39   29   80   40    5   17   23   97   78   94   38   73   46   24   93   19   26   83   95   66   56   69   54   15   36   14   91   49  
  15   11   32   41   14   40   21   78   66   57   62   18   33   42   25   38   80   98   58   75   73   87    8   63   16   94   77   79   44    4   53   87   59    5   86   31   14   39   69   36   30   96   56   17   60   65   92   13   49   23   37   64   24   54   35   29   89   88   83   91   81   27   71   52   84   68   43   19   47   26   20   10   99   12   82   46   76  100   93   85    7   48   22   34   50   45   28   97   72   67   61   51   31   55    6   70   90   95   74    9  
  79   94   64   55   12   43   36   72   93   59   74   76   11   10   47   81   44   21   85   70   99   14    8   83   77   92   50   80   32   56   41   57   95   26    4   30   38   19   58   42  100   87   29   31   67   37   65   53   86   54   60   28   68   35   34    7    6   88   75   52   49   39   69   24   96   15   62    9   16   90   13   84   17   61    5   52   89   71   82   27   66   45   25   57   18   23   78   97   98   48   20   63   91   51   22   73   40   35   46   33  
  60   19   99   36    4   86   69   73   39   52   79   56   93   94   54   84   83   80   18   35   14   28   27   75   11   65   23   41   33   78   89   72   31   76   46   63   82   81   64    7   68   43   32   91   37  100   24   59   71   85   92   20   88   29   30   17   67   34   53   61   10    6   44    5   55   97   49   40   54   15   51   62   58   42   12   74    8   48   66   87   26   22   25   90   98   38   13   96   47   57   24    9   57   21   70   16   50   77   95   45  
  12   79   84   11   80   50   42   56    4   10   27   46   35   96   29   16   51   88   86   85   60  100   47   21   31   91   52   58   48   39   32   95   19   89    5    8   16   63    6   44   92   81   90   45   69   82   20   23   38   17   59   67   36   28   77   93   99   87    7   18   57   14   13   78   62   53   83   25   61   30   98   75   40   89   64   22   33   97    9   55   35   76   54   41   72   70   68   71   73   94   26   24   66   43   37   34   15   65   74   49  
  21   30   80   34   57    9   17   31   69   50   46   61    6   89   26   96   20   91   85   11   59   19   90   70   81   74   79   41   24   93   84   52   27   95   63   16   71   12   35   45   75   44   36   87   40   13   82   41   92   37   68   14   17   76   32   44   62   94   47   39   48   97    5    4   60   23   55   98   77   73   67   99    7   28   49   25   88   43   10   86   58   33   51   72   22   42  100   15    8   56   65   83   66   29   54   38   53   78   64   18  
  22   85   18   12   87   24   86   17   11   76   39   84   64   52   99   94   20   28   63   45   90   15    6   57   26   70   69   95   67   73   62   29    9   30   82   53   36   40   93   25   92   32   83   65    4   49   71   21   79   33   88   97  100   35   77    7   59   75   19   17   80    8   23    5   81   72   27   89   74   31   47   58   50   56   16   96   44   46   10   38   39   91   55   13   89   42   61   51   54   60   48   66   68   98   34   14   43   41   37   78  
  58   59   63   20   35   96   23   39   84   28   41    6   32   43   66   44   75   37   89   97   91   19  100   61   47   25   17   82   60   77   93   49   12   25   18   80   79   15   38   98   90   21    5   88   70    4   86   42   52   33   34   24   50   69   78   23   87   95   10   30   57   94   31   92   14   56   11   54   51   48   74   64   36   72   16    9    8   76   71   68   13   55   27   65   50   67   53   83   29   85   46   26   81   45    7   62   40   22   99   73  
  56   88   62   29   65   53   73   77   82   70   42   75   84   29    7   59   74   94   92   80   79   34   32   52   48   72   41   28   81   55   50   25   21   14   49   76   13   17   87   10   26   85   23   89   30   45   96   12  100   95   18   33   54   83   16   19    8   11   36   44   90   35    4   63   38   43   38   15   22   46    9   98   91   87   24   51   60   69    5    6   61   58   47   71   86   66   97   68   99   64   27   39   67   57   37   93   31   78   20   40  
   8   58   66   70   21    6   59   49   43   19   44   61   13   85   37   17    5   86   74   84   87   40   48   23   45   25   24   35   68   32    7   56   30   77   31   75   89   44   97   91   50   36   82   27   29   52   69   73   81   96   94   62   33   63   90   42   54   34   79   93   10   26   66   15   83   18   67   28   98   41   12   55   85   72  100   46   88   78   71   76   95   39    9   65   20   99   38   53   11   80   60   51   64   92   16   57    4   14   22   47  
   5   11   80   43   59   18   60   75   15   57   31   23   37   70   39   88   65   16   77   83   63   19   25   74   61   95   27   73   40   67   24   54   53    6   78   76   35   28   90   14   42   84   12   30   62   79   13   46   97   44   36    4   71   87   33   66   64   82    4   21   56   14   55    8   93   81    7   91   72   50   47    9   99   52   48   89   34   29   69   26   41   51   68   98   94   92   22   81   45   85   58   20   38   86   96   49   10   17  100   32  
  24   34   32   21   86  100   62   41   75   93   79   33   58   78   73   34   94   51   90   30    8   99   49   20   83   50   96   60   70   47   68    4   28   56   37    9   76   18   63   57   44   29   55   59   81   39   15   17   87   31   98   48   22   26   80   74   69   54   45   10   99   25   72   88   27   23   19   92   89   46   82   14   42   52   43   35   38   40   95   74   36   77   65   71   85   53   61   91   84   97   64   66   67    7   16    6   11    5   12   13  
  49   56   87   93   30   43   78   95   18   52   22   99   24  100   75   26   79   51   89   31   32   74    6   37   83   36   41   90   73   69   58   77   17   85   88   68   62   60   86   16   50   20   96    8   39   19   55   48   64   47   63   77   67   10   15   25   13   46   29   92   15   33   71   42   23    5   21   45   38   57   80   30   82   84   98   40    7   65   54   27   94   28   14   12   81   61    4   59    9   91   70   72   11   35   34   44   97   76   66   53  
   8   92   14    6   33   31   75   77   55   85   44   97   78   15   30   34   95   22   99   52   48   23   88   68   72   64   10   73   67   43   50   39   76    5   53   11   58   19   38   26   40   74   25   36   27   18   62   24   54   17   13   82   28   63   60   91   16   57   32   20  100   73   87   51    7   96   56   29   41   70   89   86   45   49   30   61   42   84   79    4   69   90   37   12   71   65   81    9   66   59   21   95   80   93   46   94   83   35   98   47  
  41   79   77   14   27   64    8   99   55   60   59   75   95   71    4   16   29   82   96   34   84   57   19   68   18   13   81   54    9   28   51   91   67   47   74   83   23    6   56   26   25   53   98   10   46   17    7   58   97   22   69   86   40   70   65   80   92   89   24   90   72   85   87   50   39   33   74   55   45   61   66   88   76   15   21   78   32   38   63   42   43   49   44   52   37   48   36   94   30    5   62   93   12   35   28  100   20   31   11   73  
  97   22   40   80   37   34   16   11   93   54   62   15   53   77   24    5   91   69   64   74   30   10   19    9   25   88   55   33   75   87   96   73   84   65   56   51   27   81   58   70   32   90   89   61   59    4   94   72   36   28   45   67   63   47    6   52   13   44   17   20   38   66   35   21    8   29   85   23   41   42   76   48   83   46   98   49   39   82   50   71   12   26   86   95   79   99   43    7   60   22   77   18   68   57   78   14   92  100   31   22  
  70   49   97   86   23   96   87   73   47   28  100   13    8   18   66   15   33   74   81   45   22   26   64   44    7   48   32   77   37   43   46   25   76   72   17   30   51   67   91   94   52   58    4   50   93   56   36   98   61   53   60   12   16   69   54   38   65   41   20   57   34   90   63   74   95   99   80   24   70   85   42   40   21   39   11   14   89   55   31    5   27   88   62   79   29   68   83   78   35    6   71   75   59   82   28    9   92   84   10   19  
  53   51   26  100   32   27   23   21   90   52   54   71   99   49   69   57   78   98   56   84   31   77   97   19   62   38   60   46   80   28   45   18   30   74   79   93   25   70   83   40   64   20   91    7   81   13   61   34    6   16   48   15   24    4   59   35    5   39   94   95   42   22   14   75   92   65   10   44   12   85   33   91   11   38   36   86   67   29   68   73   89   96   82   37   72   87   88    8   55    9   96   58   63   41   47   17   76   43   50   66  
  18   16   59   25   51   99   53   23   87   82   11    5   34   56   64   62   31   63   42   39   38    9   46   75    6   92   89   35   79   40   54   37   73    7   26   91   24   78   17   36   70   29   41   77  100   85   67   76   83    4   80   93   22   45   69   98   14   32   68   28    8   84   42   15   48   50   30   86   81   21   95   12   74   44   58   20   60   57    5   47   72   33   88   66   90   94   52   43   71   96   55   13   15   19   65   27   97   49   61   10  
  77   76   68   92   99   14   43   53   31   93    5   36   22   97   87   52   56   66   33   80   19   90   18   67   12   39   70   25   27   38   86   62   51   13   32   26   81   28   50   30   85   75   40   16   79   58   82   84   48    9   24    4    8   49   88   42   55   57   69   95   29   10   65    6   88   11   41   46   71   47   17   72   20   73   59   86   63   96   44   45   60   74   98   94   91   83   89   35   15   78   23   61   54   34    7   64   37    5  100   21  
  82   20   71    8   33   99   31   68   63   45   42  100   90   67   63   26   87   52   45   13   39   84   80   25   12   10   19   48   95   70   89   50   37   69   36   62   73   27   78   98   18   79    6   51   74   11   54   77   58   61   23   17   72   59   83   57   28   86    9   43   47   24   22   38   16   81   75   60   35   93   85   14   41   56    5   96   15   53   55    7   66   94   88   29   32   64   46   40   21    4   34   65   49   92   91   44   97   30   57   76  
  27   26   17   97   78   12   68   85   41   47   64   14   13   57   22    8   30    7   23   83   79   76   64   92   59   46   50   24   49   60   11    6   94    5   28   52   51   89   55   35   40   48   21   86   69   72   96   61   58   15   91   77   37   54   20   88   74   66   18   33   95   99   63   32   84  100   25   82   42   93   98    9   80   81   45   34   53   85   75   56    9   31   43   39   38   71   16   70   36   62   29   19   90   65   67   73   10   87   44    4  
  65   29   89   88    7   76   81   45   75   96   38   79   74   66   43   12   68   34   30   61   46   20   72   25   44   48   83   97   92   94    9   98   13   54   87   56   37   31   58   70   47   64   52   71   51   18   91   62   57   90   82   89   16   53   14   24   50   17   59   23    4   39   84   42   86   77   67   26   19   35   63   78   55    6   36   49   60   90   40    5   33    8   93   80   73   85   48   21   27   99   69   22   10   15   32   95   41   28  100   11  
  97   79   69   22   41   47    7   83   80   54    6   85   33   59   30   74    8   13   23   31   39   88   99   86   65   62   31   87   12   94    5    4   50  100   27   96   81   24   10   42   26   82   17   70   25    9   37   95   51   16   21   71   38   91   78   98   89   77   75   76   48   44   49   73   52   66   45   29   68   28   92   36   90   43   20   93   96   19   34   63   58   14   56   18   53   64   32   40   46   60   61   35   55   15   33   72   57   84   67   11  
  81    5   43   47   27   26   64   95   28   92   56   77   10    9   88   66   29   78   57   73   30   19   63   38   48   42   12   96   67   36   76   46   65   87   99   17    5   54   37   55   20   68   16   86   49    8   14   69   77   80   85   61   35   25   72   45   93    7   70   58   60   91   52   53   15   11  100   13   82   50   62   75   74   33   59   21   94   41   40   31    4   89   22   97   34   24   84   98   39   71   79   44   18   83   23   90   51    6   93   32  
  27   30   87   72   37   14   77   94   91   86   82   60   25   64   28    4   98   79   90   45   66   59   29   67   71   51   63   96   43   16   42    8   49   76   62   15    5   32   38   10    7   24   50  100   44   23   56   84   99   74    9   31   94    6   75   47   40   89   95   54   46   36   92   65   18   57   41   26   12   35   14   17   83   81   61   13   34   85   20   48   11   88   33   73   22   80   21   93   55   69   97   68   78   19   76   58   53   39   70   52  
  57   62    8   89   99   61   72   44   83   27   33   74   38   91   12   45   34   67   50   16   92   78   77   30   52   36   55    4   88   51   85   81   28   56   58   69   76   39   97   47   80   49   22    7   59   71    9   25   60   37   51   10   23   84   79   93  100    6   26   95   50   54   53   66   65   40   31   91   48   75   20   73   96   82   19   90   41   21   70   17   11   29   87   14   98   13   64   24   35   42   43   86   63   15   94   32    5   68   18   46  
  97   70   15   87   94   67   46   37   23   29   26   25   71   85   54   17   91   42   19   48   56   40    8   96   12   58   35   74   83   59   61   90   76   63   62    6   32   24   72   33    5   81   69   68    9   44   51   77   95   98   66   89   92   80   90   86   13   52   47   31   88    4   78   73   75   39   65    7   99   64   28   60   50   41   93   16  100   57   14   49   45   20   21   30   27   22   55   36   82   66   18   53   43   38   34   11   79   25   84   10  
  77    8   58   98   42   43   21   30   94   67   38   25   39   11   82   10   29   74   27   18   66   45   61   16   87   24   72   51   79   52    5   57   54   26   19   84   80   33   99    7   13   92   55   35   78   65   32   22   81   56   31   62   12   80   53   34   44   65   85   77   86   60   14   40   15   96   71   63   47   90   88   91   28   37   59    9   20   69   68   41   97   89  100   48   95   23   75   50   73   17   49   83   46   93    6   76   36    4   70   64  
  54   71   72   20   21   15   34   77   30   94   38   86   96   79   68   47    4   97   39   73   37    9   76   26   82   31   66   22   10   32   93   19   21   52    6   35   57   84    8   51   50   67   88   29   11   13   41    7   56   12   60   58   89  100   78   85   80   90   40   64   44   24   27    5   69   18   66   48   75   42   63   46   74   83   14   17   53   61   99   28   36   55   43   25   70   98   92   65   59   23   95   33   49   62   91   16   85   87   81   45  
  77   43   68   32   46   28   95   92   58   26   36   79   52   12   55   84   34   24    8   44   57   91   31   50   30   97   93   86   61   18   25   96   64  100   94   42   16   19   99   33   48   20   40   65   87   11   41   97   73   56   49   82   27   66   59   71    4   21   15   60   22   88   63   57   10   72   54   85   67    7   62   80   35   29   23   53   76   51   13   17   70   45   83   38   14   69   37    6   89   74    9   81   98   39    5   90   78   24   47   75  
  62   71   99   21   32   57   39    5   10   14   20   18   91   58   73   52   80   64   94   34   26   27   90    7   47   51    8   96   49   22  100   19   13   89   46   16   43   98   53   38   67   69   45   97   72   66   50   87   15    4   80   86   42   84   95   77   93   60   54   61   95   41   85   35   78   48   31   17   59   74   81   25   28    6   75   70   76   24   83   82   65   44   68   63   79   23   30   37   40   55   92   11   36    5   12    9   29   56   88   33  
  17   28   44   83   45   44   69   15   60   91   78   14   32   79   90   58   72   94   75   54   23   41   74    5   46   30   85    8   11   95    9   64   71   57    7   12   51  100   37   70   38   18   48   19   73   62   55   36    9   66   16   74   82   63   26   96    6   39   22   31   68   76   27   34   67   81   98   80   56   35   40   20   59   89   47   61   29   84   92   86    4   50   13   43   97   49   24   53   10   77   93   33   52   21   88   42   25   65   87   99  
  59    5   28   24   39   35   96   97   94   51   29   88   41   93   54   33   54   74   10   50   36   49   95   62   31   89   17   40   87   23   92    4   82   15   32   45   46   57   53   83  100   81   16   75   64   85   14   64   61   63   11   84   72   47   19   21   76   86   37   30    9   73   52   34   66   78   18   80   67   44   69   27   90    7   22   13   99   70   55   77   48   25   20   79   42   58   68   56   12    6   71   17   38   60   43   26   91   65    8   98  
  89   17   95   86   38   67    8   60   45   59   21   91   77   34   83   69   40   37   27   51   56   65   94   79   28   97   23   99   53   13   24   80   44   56   12   46   52   78    6   42   62   64   72  100   87   32   90    5   61   39   68   26   76   86   71   15   33   48   93   10   70   70   31    7   14   98   85   30    9   36   25   73   19   88   20   74   57   35   58   55   41   82   22   54   43   81   50   63   16   47   49   84   96   29   18    4   66   92   11   75  ] 
BUDGETS : [    1    2    7   12   14   15   15   18   19   22   23   24   24   28   28   32   32   32   33   35   36   36   38   39   42   47   48   49   51   51   54   56   60   61   61   63   65   69   72   75   79   81   82   82   83   85   87   90   96  100  105  106  109  111  114  118  121  123  124  125  126  127  128  130  134  135  142  142  143  143  144  147  149  149  149  150  153  155  160  164  165  172  173  177  177  179  181  181  181  184  189  189  190  191  192  192  193  193  196  199  ] 
