K : 100
I : 50
PREFERENCES : [   40   22   11   36   37   17   14   25   31   33    5   11   29    9   15   32   12   14   38   20   30    7   19   15   10   22    3   13   34    4    2   23   28   10   27    5    1   21   20    8   35    6   27   24   26   16   18   27   39   16  
  27   15   22   34    8    2   23   28   16   13   25   12   26   11    9    3   32   24   40    3   19   25   18   37    7   13    9    4   29   20    5   30   11   39   33   17   38    7   30   35    6   14   36   37   13   21   31   30    1   10  
  28   13   20   10   24   28   31   34   20    8    2   11   14   23    9   13   16   36   38    3   21    6   33   18   37   12    7   25   39   40    1   26   29   34   31   38   19   16   32   30   27   35   25   22    5   37   17   32    4   15  
   4   26    7   25   36    6   16    2    5    3   39   36   35   29   10   32   40   15   17   24   18   31   13    2   14   33   37   11   20   36   11   21   27   36   21   34   12    1   32    9   22   38   30   38   19    1    1   28   23    8  
  13   12   40   28   23   35   33   18   14    5   17   25   27   10   19   37   38   24   17    7    2    7   26   20   34    3    4   22   36   40   21    2   40    1    2   32   27   10    9   39   15   31    8   30   25   38   11   29   16    6  
  12    4   27   10    6   39    3   36   27   22   38   35   40   31    1   20   26    7   32   33   34   24   23   14   25   28   24    7   20   22   13    2    9   21   29   30   11   18   15   16    1    5   17    8   37   11   19   35   18   26  
  14   34   27   26   31   12   33   38   15   39    1   16   37   32   34   11   40   20   19   17   30    5   39   12   10    3   25   16   29   35    7   21   13    4    3    2   14   13   18    6   24    4    5    8    9   22   35   23   36   28  
   7   40   10   16   36    9   12   27   26   37   11    5   21   14   13   22   28   19   35    8   24   30   29   35   39   23   15    3   32   37   31    4   18   38   33   38    6   25   14    6   29    1   20    2   29   22   17    5    6   34  
  17   14   10    3   29   38   13   12    2    9    5   25    7   22   21    8   28    7   22    1   18   35   33   39   27   14   19   24   36   37   29    7   16    4   15   28   26   30   34   20   37   17   20   23    6   26   11   31   32   40  
  36   39   34   35   14   29    3    6   31    4    5   29   37   38   29   20   21   27   24   33   22   15   31   31   18   13   10   30   32   18    9   11   17   26    7   25   28   16    2   12    8   40   34    1   29   23   31   19   20   35  
  24    3   14   31   10   32   39   27    9   14   16   28   15   36   35   31    4   20    8   26   14   24   15    5   40   21   19   34   40    1   30    7   38   34   12   18   11    2   10    6   29   13   23   37   25   33    8    6   22   17  
  38   25   37   30   32   20   14   10   34    9   12   15   24   13   32   19   26   13   16   31    2   12    5    1    7   29    8   21    3   28    7    4   20   40   29   32   39   23   36   18   22   12   16   35   17   16   33   27   11    6  
  19   25   39    5   10    3    7   36   27   32   24   38   34   35   29   18   20    4   13    4    6    9    3    2   24   40    6   15   12   10   26   23   28   37   11   39   17   33   22   21    8   19   31   14   30    7   16    4    1   35  
  37   33   30   31   38   35   12   36   16   22   32    5   29   37   20   14    6   19   10    9   15   15   24    3   23   39   23    3   27   25    3   26   21    8   18   22   28   13   40   30   34    4   37   11    7    4    2    1   17   15  
  10   26   20   15   34   11    3    4   36    1    3    4   40   17   39   37   17    2   28   20   18   20   37    6   17   30   14   25   13   23   16   33   38   21    8   29   35    5   12   22    7   38   19   27   24   31   19    9   23   32  
  34   38   15   37   39    2    6   18   10   13   38   22   31   36    8   19   27   24   10    1    7    2   19   16   21    3   32    9    4   40   23   35    5   28    2   30   12   24   17   12   20   33   14   26   29   28   11   24   24   25  
  26   37   23   16   24   12    6    3   18   11   22   39   35   11    7   13   27   34   19   21   15   32   29   14   36    8   31   40   30   16   15   27   20   10    2   12   25   27   33    5   28   38    1    4    2   16   27   16   17    9  
  21   34    3   18   26    4    7   20   25   12   16    4   24   14    9   15   14   30    3   35    6   33   23   17   37   15   19   38   21   36   21   17   39   11   17   40    1   32   22   28   34   10   29   13   31    5   27    6    8    2  
  16   34   22   36   38   26   14   23   25   19   24   25    4    9   38   17    6   17   27   33   32   30    7   13   13   18   31   21   32    3   11   11   31    3   12   37    5   39    8   13   20   29    2    1   35   28    7   15   10   40  
  26   25    6   30    3    5    1   27   23    9   10   17    2    7   29   22   10   33   15   20   26   38   17   39    8   36   35    4   37   34   16    3   14    8   24   37    1   28   11   18   12   19   13   26   21    1   32   26   40   31  
  30   37    2    4   40   32    1   24   15   39   33   18   36   36   16    7   28   13    1    6    4   26   31   14    5   38    9    4   19    8   20   13   21   35   29    3   10   11   34    2    8   26   25   17   12   27   23   30   22   20  
  35   36    5   21    6    7   26   18    9   24    8   12   16    4   34   33   36   19   15   39   17   18   37   31   13   38   22   11   25   28   29   24   23   22   30    3   32   34   26   40    9   15    2   29   20    1   14   27   10   24  
  40   31   37    8   29   14   22    7   16   36   15    3   20   12   18    1   34    9   13   29   21   27   19   28    4    2   25   39   30   10   36   11   26   10    1   35   33   17    4   24   22   38   13   40   32   23    6    5    4   10  
  16   10    7   24   29    8    2   38   29   36   30   20   31   32   35    6   28   37   18    1   14    1   11    5   21   16   19   27    9   25   17   12   23   13   11   15   33   14   34   39   40   26   26   14   14    3   22    4   12   23  
  28    1    4   35   22   32   38   27   17   33    9   35   16   33    5    3   23   40   12    7   31   25   30   11    1   23   37    9   29   21   17    8   26   25   30   39   13   14    3   20   34   18    6   10   15   19   31   36   24    2  
  26   17    5   27    1    8    3    6   18    9   30   12   33   15   16   28   37   32   26    4   40   23   26    6   35   28   11   11    7   19   39   14    1   20   10   36   38   38    1   22   29   18   34   25    2   24   21   31   13   28  
  28   39    7   11   34    4    6   15    1   14   24   12   18    4   21   28   26   36   30   17    9   27   12   19    5    3   32    8   23    6   37   38   16   30   26   31   40   29   20   35    8   22   26   13    3    2   10   33   25   26  
  17   15   34   25   10    8   14   37    9   20   19   19   13    4   36    1   29   27   38   19    7    3   18   32   39   31   23   30    3   16   28   15   35    2    6   19   16   22   18   33    3    1    5   12   11   40   26   24   10   21  
  34   28    3   27    8   13   38   12   25    2   24   12   17   27   23   14   31   35   19    7   19   36   32    5   33   26   39   10    4   16    6    9   22   24   13   18   29   40   30   22   37   15    7   33    1   27   11   33   21   20  
   4   35   40   26   22   20   34   28   25   10    8    4   23   40   30   32   38    2   19   21   31    4   17    1   13    6   15   18   27   14    4   11   16   27   37   24   36    2    3   13    8   39    5   33   38    9    7   12   26   29  
  37    9   21   34    6   12   20   14    1   18    5   27   29   23   12   19   38   15   17   30    4    9   39   11   30   22   40   10    2   34    8    7   13   12   24   32    3   38   31   35   25   15   26   16   28   36   12   33   35    8  
  33   23   36    7    9   28    4   24   27   35   12    1    8    5   26   32   39   29   37   18   15   11    1   12   25   34    4   14   13    6   17   14    3    9   38   18   31   22   30   27   20   24   16   10    2    3   40   19   21    4  
  39   27   27   30    5   37   29   24   20    1   23   19   36   35    3   17   16   22   25    2   15   34    9   25   11    3   25   20   33    4    1   26   38    7   31   27   12   10   32   40   28   21    6    3   14    2   18   24    8   13  
   5   11    1   32   40   39   24   23   31   16   15   19    8    7   37   13   12   31   18    8   30   14   22   38   31    8   19   36   12   27   35   25   28    2    6   29   10   21   39   27   20    2    3   31   26   34    4   33    9   17  
  34   30   40   36   29   34   21   12    8    6   33    7   35   39   23   14   33   10   18   19   29   28   33   37   19   20   39    1   16    4    9   38    5   32   11   26   24    5   19   20   35   15   17    3   27    2   13   25   31   22  
  25   36   27   20   40   10   39    9   14   37   39   11   11   36   26   31   35   34   21   17    7   22   24   13   23    8   34   30    5   15   40   33    1   29   29   28   38    4   34    7   16    3   38   12   19   32    2   12   18    6  
   7   40   14   32   12    6    5    2    4    3   39    1   23   19   38    9   25   26   31   36    6   22   35   13    8   14   20   27   37    6   33   11   10   15   34   17   14   38   29   24   28   30   18   16   24   32   18   20   21   24  
   6    1   33   27   36   24   33   28   16   10   12   29   15    2   34   21    9    4   27   33   31   25   29    5   14   39   33   35   30   40   32   26   13   22    6   20    3   17    8   18   19   15   11   23   37    7   35   38   33   23  
  21   23   38    9   35   12   11   28   33   11   36   28   23   40   20   33   34   14    4   39    8    6    6   31   18   10    1   15   27   21   37    2    5    7   19   17   32   25   22   30   29   18   15   26   13   17   24    3   29   16  
   5   32   22    5    7   37   11   28   16   27   24   24   40   32    2   18   13    9   31   25   33    8   15   23   39    6   21   20   34    4   29   19   17   30   32    5   35   36   38    3   30   22    6   26   14   10   38    1   14   12  
   2   28   21    8   39   27   33    1   14   36   20   34   20   35    9   20   25   17    5    6   40   22   24   38   16   23    7   11   39   10   12   20   37   40   39   32   19   26   32   27   20   18   21   29    3   13   31   15   30    4  
   8   12    5   28   36   15   19   29   37   32    9   24   39    4   30   16    1   23   17   21   27    5   15    2   20   29    9    3   31    7   30   14   18   40   11   10    3   35   34   25   26   22    9   38   30   33   33    6   13   10  
  40   19   30   30    6   40   31    5   10   18    6   11   16   28    3   23    3    1   35   17   25   15   27    7   19    2   33   34    8   14   12   22    9   30   21   26   13   29   36   24   27   20   28   28   39   32   15    4   37   38  
   9    8   17   37   34   11   26   36   21   39   30   12   19   31   14   25   27   19   38   20   24   32    1    8    7    3   32   19   40   18    5   23   28   33   15   32   16   30   35    9    2    8   29   32   10   15   13    4    6   22  
   8   38   15   29   24   23   40    2   28   39   11   36    7    4   31   40    9   26   34   12   19   10   21   15   30   25   17   32   17   16    1   40   23   26   18    5   23    6   20    8   27   33   37   19   13    3   22   14   35    1  
  16   27   37   37   14   13   17   18    3    2   32   40   20   26   23    7   34   11   24   23   35    8   29   12   21   19   31   39   18   12   35   30   37    9   22   10   18   25   38   10    4   28    9    1    2    5   15   36   33    6  
  35   19   39   13   20    4   40   25   18   21   38   23   12    6   17   23    6   10   32    3    7   28   32   38    1   34   32   15    8    6   16   37   39   22   32   27   24    9   31   26   11   14   33   37   12   29   36    5   30    2  
  40   11   14    9   34    8   25    8   24   39   15   18    1   33   30   32    3    6   22   35   26   21   31   13    7   11    5   36    6   23   24   10   27   32    6   38   17   32    2   19    3   37   13   16    4   29   28   12   20   32  
   2   18   26   39   22    6    9   24   10   35   12    5   38   28   25   33   32   17   27   40    2    4   38   14   19   34   17    3   16   13   40    8    4   40    1   11   37    1   31   25    7   23   21   20   30   29   36   15   38   10  
  35   25   14    6   22    8   37   21   10   31   32   24   10   39    4    8    8   12   11   10   38   10   17    9   13   18   36   33    2   19    1   30   32    7   29   23   13   26    3    1   16    5   28   40   20   17   17   15   27   34  
   8    3   27   22   13   37    1    2    6   34   30   15    7   31   10   36    4   28   26    9   17   32   24    5   17   20   39   12   12   35   38   21   40   33   28   31   14   19   25   16   39   18    1    4   23   11    1   28   26   29  
  30   40   20   16   35   21   23   29   37   14   19   28   35   25   34    4   12   33   36   39    8   18    6   36    9   13   26   31   40    1    2    6   35   26   10   11   34   18   27   15    5   28   24   22   32    3    7   38   17    9  
   1   23    7   30   22   16    4    5    2    1    1    9   17   26   10   36   15   30   29   34    8   25   27    3   13   18   27   11   21   12   40   28   31    1   37   31   32   24   22   38   14   33   39    6   19   26   35    2    7   20  
  21   10   19    7   11    4   20   40   26   35   26   33   38    3   26   14    2    6    9   24    5   29   17   32    6   15   27   34   36   18   39   23   28   29   37    8   14   31   25   39   13    1   22   16   28    5   12   40   30    5  
  13    2   16   37   14   24   10   27   38   12   27   29    7    1   33   18   17   36   19    5    8   31   28    4   23   34   24   25   40   11   35    7    9   22    6    2   30   30   30   40    3   32   20   17   39   21   15    8   24   26  
  15    7    2   12   38   13    8   10   36   26   25   23   10   24   29   10    8   24   16    4    6   30   22   33   39   34   10   20   35   17   37   13    3   10   40   14   27   21    1    5   19   18   13   31   11   28   32   34   13    9  
  30   14   16   38   12   37   26   15   31   32   17   16   34   29   25   29   11   28   25   27    6   36   22    5    6    3   23   21   33   20    4   19    1    5   38    5    7   10   39   13   23   18    9   24   35    5    8    2   40   23  
  29    9   32    8    5    5   34   26    4    8    2   34   34   30   24   27   15   39    7   28   19   17   21   25    4   14   35   16   11   12    3   37    6    6   33   36   11   20   31   13    4   22   40   18   23   10   38    1   21    4  
  18    2    1   11    7   23   38   35   15   33   13    8   28   29   27    2   32   37   21    5   17   20   14   28   19   26    9   10   24   25   12   40   13   31    3    6   36   17   26   30   22    4   39   34    5   21   36   16    8   13  
  24   37   32   26   30   40   28   14   20   17   35   15    2   29   21   26    5   33   23   11   27   34   13   22    8    4    9   16   36    3    6   31   26   10   21   39   38   25   37   14   19   12   19    8   11   39   11   18    7    1  
   5   26   15   10   13   35   39   31   25   36    6   11   11   22   28    1   29   12   39   37   28    7   29   20   23    2   38   18    8    4   25   32   17   40   30    5   27   29   24   14    9   38   21   39    3   16   33   34   19   30  
  26   26   33   18   39   12   35    1    3   35   20   27   12   23    8   19    9   17   37   29   13   16   12   14   32    6    2   30    7   15   21   24   11   36   28   34   38   22   17    4   12    5   25   12   13   10    2   40   33   31  
  13   27   34   32   20    9   14   35   31   16   23   35   22    6    4   18   17   32   10   21   12   23   38   17   40   11   33   39   29    7    3   24   27    9   36    3   15   13    1    2   19   24   26    3    5   37   25   28    8   30  
  10   19   14   26   37    4   36   21   11   34   27   26   29    7   32   40   30    2   27   18   38   23   30   15   22   12   34   32   35    5    9    8   25   16   33   28   33   20   31   34   33    6   13   35   17    3   35    1   39   24  
   7   17   12   21   14   22   14    2   26   38   13   11    1   15   18   34   32   34   35   12   39   40   30   21    4   16    8   10   27    9   13    9   38   19   27    3   23   36   24   33   31   25    5   17    6   28   37   29   20    1  
  40   10   27   24   12   36   39   30   22    3   30   37   33   30   35   13    1   20   39    7    6   32   18   40    2   23    4    5   19   31   21   11   17   16    9   15   28   13   26    3   34   29   35   37   38   25    8   30   14    2  
  20    5    5   27   29    8    1   39   40   11   29   31   30   21    7   37    9   14   37    3    4   36    3   24   26   19   10   25   12    6   15   38    8    7   13   22   32   22   28   35   33   18    5   17   30   16   23    2   34   13  
  22   35   10   40    7    2   16   39   10    4   13   17   30    6    8   28    5   11    9   27   36   23   15   15   24   31   26    1   17   19   20   24   34    3    2    8   12   37   21   18   32   25    1   29   37   33   36   14   38    2  
  16   23   17   13    4    7   30   15   28   21   24   18   39   32   20    6   40   29   25    5   23   33   35   16   26    2    9   23   11   16   22   34   20   37    1   32   37    3   38   27   12   10   17   36    8   13   14   19   18   31  
  20   27   33   23   22    8    7   24   12    2    1   30   26   17   19   35   36   38   40   14   22   25    3   32    9    4   14   31   39   25   16   25   11   34   37   22   28   15   37   10    6   29   22   25   19   18    5   20   13   21  
   8   25   18   21   36   28   19   26   29    4   33   16   22   10    7   32   30   38   12   20   20   25   24   40    5   14    9   28    2   34   13   27    3    6   23   21   32   21   22   35   15   37   32   17   39   20    1   12   31   11  
   6   12   16   13   39    2   28   15    5   40    4   14   21   33   27   37   36   19    9   25   26   24   17   38    7   15   18   32   30    4   20   10   30    9   29    8    1   27   34   22   29   26   39   11   31    3   36   36   35   23  
   6    7   33   21   10   40   19   28   26   23    2   37    8   24   18   29   38   19   16   16    9   15   25   20    3    9   29   14   34   22   23   36   38    4   10   30   39   17    1    5   11   14   34   35    4   31   27   32   12   13  
  21   10    9   30   12    4   39   24   38   39   31   18   19   17   23   16   32   27   15   34   31   23    5   37    7    3   11    8   13   27   14   25   26    1   17   38   28    2   31   22   32   28   20   23   33   40    6   36   29   35  
  13   27    6   29   36    8    2   35   22   32   14   27   25   30    7   22   21    5   16   38   37   31    1   15   21   19   17   21   18   32    3   34    7   12   10   11   20   20   24    4   33   23   39   40   14   28   24   26   34    9  
   3   14   36   31   21   38   11   23    7    8   34   15   37    8   19   40   35   33   13   26   39   32    6   18   30    9    4   27    5   16   29    6   29   28   36   17   22   20   29   24   10   12    2   25   15   34    5   28   29    1  
  27   12   29   20    9   23   18   20   14    8   11   17   19    3   36   26   20   20   16    4   10    5   33   28    9   23   25   30    7    6   33   37   34   22   21   24   31    2   35   32   38   15   23    1   13   39   40    9    9   10  
   8   40   38   19    6    1   18   13    2   40    9   32   35   38   27   30   25   20   12   36   28    4    7   30   34    3   37   12   23   17   15   16   21   11   10   31   40   33   24    5   40   26    3   29   22   14   12   38   24   39  
   3   35    5   33   34    6   32    2   20   28   22   18   12   18    7   21   40   27    7   25    8   37    9   13   24   27   38   29   14   25   11   13   17   15    3   26   28   10    4    2   36   31   16    1   30   18   23   28   39   19  
  10   19   26   13   27   35    3    7   16    5   18    6   36   23   29    8   28   32   22    2   35    5   26   11    4   14   17   31   12   25   21   30   29   39    1   23   29    9   34   15   30   33   40    7   37   11   20   38   28   24  
  30   22   17   31   34   23   10   14   16   11    8   15   18    3   23   24    2   14   25   33   14   28    9   39   24   14   26    6   32   34    7    5   36   19   34   24   35   40   37   29   21   12   13   38   15   27    4    1   20   22  
  27    3   26    9   19   17   31   23   16   15    2   36   38   20   24   25   24    2   17   13   12    8    3   33   34   37   29   30    1   18   32   22   28   28    6   35   14   19   24   10   21   40   11    4    7   28    5   39   39   39  
  15    7   35   31   22   18   38   10    5   11    3   23   28    6   35   26   25    8    7    5   12   24    2   37   23   27   20   16    4   23   34   32   36   20   14   39   33   28   35   13    9   19    1   18   30   17   40   21   29    1  
  14   15   13    5   12   13   18   30   28   34   19   24   37   22   13   15   25    9    7   19    1    4   39   16   10   32   11   23   26    6   36   40    1   10   22   32   31   27    2   35    3   20   19   21   17    8   33   18   29   38  
  13    9   22   26    3   10   15   12    4   21   11   37   18   10   14   24    4    7   25    5   40   20   16   39   35   29    2    8    6   23   39   36   17   28   18   30   33   28   17   19   26   10   34    1   31   27   39   24   38   32  
  14   39   33   20   38   36   11   30   29   19    2   40   32   28   10    4    6   35   21   31    8   39   37   27    1   26   34   25   15   18   20    5   33   30   22   12   36   13   16   26   34    9   19    5   17    7   23   24   19    3  
  20    8   27   33   21   36    2   32   23    3    4   31   14   40   11    6   18   34   28   32   21   25   18   30    7   17   15   37   12   16   10   22    1    5   38   24   35   36   31   18   30   22    6   29   19   18   39   26    9   13  
   4    1   33   10   13   17   20   15   38    9   36   34    6   26   16   18   25   11   13   18   38    3   37    2   22   32   24   12    8    5   14   39   35   31   33   13    9   18   27   27   23   28    7   21   19   29   18   29   40   30  
  20    8    7   30   21   10   15    2   25   12   22    6   16   36   26   16   23    4   28   26   37   11   27   39    7   33   34   32    9   36   29    5   16   18   14   30   17    1   35   39   25    3   22   13   38   19   40    4   24   31  
  33    4   36   32   39    9   33   31    1   23   28   23   33    6   12    3   14   17   18   37   15    5   39   11   21   15   19   40   15   29   36   34   24   20   38   13   25   36    2   27   33   30   35   16   10   22    7   26    1    8  
   6   20    9   31   24    1    8   12   40    9    3   35   13   21   23   15   38   34   36   27    5   26   22   15   14   10   11   37    4    7    2   32    9   39   28   29   15   25    4   30    2   16   19   15   17   19   33   32   18   12  
  21   15   31    2    5   38   10   18    3    7   34   12   16   25   36   40   28   35   14   39   13   37   18   23    1   17   26   27   33   19   32    3   28    8   34   34    4   25   12   29    9   20   33   24   11   22   27   21   30    6  
  10   21   23   40   21   34   26    1    6   16   13   32   11   36   18   25   29   37   33   39   14   28   23   33   38   34   35    9    5   27   17    3    7    2   21   15   30    4   30   19   12   11   11   31   24   22    4    8   32   20  
   9   36   31    6   32   28   39   25   37   24    7   30   34   22   11   38    2    8   17   21   40   35    2   36    3    4   12   26   27   13   14   19   34    1   18   23    1   14   32    5   15    8   16    3   39   33   29   20   10   21  
  36    1   17   38   30   39   29    1   34   31   28   22   35    8    6    3   10   27    5   20   12   13   40   21   23    9   17   32   26   15   35   20   11    2   38   37   33    4   24   25   19   32   19    7   18   14   35   16   10    4  
  13   25    8    6   25   18   19   31   14    1   29    3   20   11   32    9   33   23   24   25    3   27   36    5   30   27   15   26   34   35   38   37   22   12    2   24   25   17   16    4   28    3   10   16   14   21    7   40   33   39  
  25    4   13   14   22   26   36   39   20   18   16   14    5   25   34   24   40   33    7   27   17   15   36   35   39   37   12   32    2   38   35   32   19    6   21   23    1   15   13   31   25   29    8    9    3   28   30   10   20   11  
  34   18   36   23   21   16   15   28    8   40   25   12   18    2    3   35   14    7   19   36    9   17   10   20    2   33   25   24    5   10   34   37   22   31   30   32    6   14   14    1   29   11   39   29   26   13    4   27   36   38  
  40   38   35   30   14   33   12   39    6   28   26   14   31   23    1   15    4    3    7   32    1   25   13   16    7   22    5   19   18   36   14    8   24   28    9   20   10    2   27    6   37   17   11    1   29   34   21   33   23    6  
  30    6   15   14    5    3   40   21   35   23    1   34   22   36    9   37   29   18   28    7   13   36   14   31   19    5   16   16   32   12   17   15   34    4    8   11   20    2   33   38   10   36   39   27   24   10   36   25   36   26  ] 
BUDGETS : [    4    5    6    8   11   13   15   17   21   22   25   26   28   31   31   35   37   38   39   41   42   46   46   47   50   51   53   55   56   57   58   60   65   68   70   70   75   76   79   85   87   92   93   95   95  101  104  106  106  107  115  115  116  117  117  118  122  125  127  127  127  128  128  132  135  136  136  136  139  139  139  139  143  144  147  150  150  151  151  151  155  155  157  163  165  165  171  172  174  177  180  181  183  184  186  189  190  194  199  199  ] 
