K : 100
I : 50
PREFERENCES : [   44    0   34   32   45   43   50   33    0   40   37    0    0   38    0    0    0    0   47    0    0    0    0    0   31    0   32   31   41    0   35   49    0   46    0   42   36   38    0    0    0   39    0    0   31    0   31    0    0   48  
   0    0    0   50   31   47    0   32   49   45   44   41   42   35   48    0    0    0    0    0   38    0    0    0    0    0   46   36   32    0   43    0    0   47    0    0   39   40    0    0   48   34   43   37    0    0   32    0   33    0  
  38   49   44    0    0    0    0   41    0   34    0   42    0   32    0    0    0   47    0    0   42    0   40   40    0   49   50   33    0    0    0   37    0    0   47   39    0   45   43    0   36   31    0   39   35    0    0    0   48   46  
  32    0   44    0   38    0   35   31   40    0    0    0    0   47    0    0   45   49    0    0   47    0   35   42   34   33    0    0   45   43    0    0    0   41    0   39    0   48   37   37    0    0   35    0   46    0    0    0   50   36  
  41   47    0   36   37    0    0   31    0   44   45   31    0    0    0    0    0    0   46    0    0    0   32   34   49    0   39   40    0    0    0    0   35   50    0   33    0    0   32   50    0   43   47    0   47    0   42    0   38   48  
   0   45    0   31   44   43    0   50   32    0   46   32    0    0   32    0    0   47   40   49    0    0   33    0    0   35    0    0    0    0   42   42   37   34   32   48    0   36   41    0   38    0    0    0    0    0    0   39   34    0  
  47    0    0    0   32   32   31    0   49    0    0    0   41    0   50    0   44   33    0   35    0   42    0    0    0   37   39   43   37    0   36   50    0   42   48   40    0    0   45   34   33    0    0   38    0    0    0   46    0    0  
   0    0   50    0    0   40    0   33   48   47    0   37    0   49   45   31   36    0    0    0    0   32   45    0   32    0    0    0   44   39    0    0    0   42   43   32    0    0   34   48   48   35    0    0    0   38    0   41    0   46  
  46    0   31   36    0    0    0   50   45    0   31    0   44    0    0    0    0    0   43   34   38    0    0   42    0    0   35   47   49   47   33    0    0   48    0   32   37    0   31   42    0   40    0    0   41   31    0    0   39    0  
   0    0    0    0   42    0    0    0    0   34   43    0    0   38   50   38    0   33   50    0    0   34    0    0   40    0   49    0   35   39   37    0   32    0    0   41    0   48   39    0   45    0   46   36    0   31   47    0   44   45  
   0   49   40   49   48    0   40    0   43   38    0   41   47    0    0   42    0   33   50   44    0   34    0    0    0    0   39   45    0    0    0    0   35   48   37    0    0   31    0   46   36    0   35    0    0    0   32    0    0   41  
   0    0    0    0   39    0   46    0    0    0   36    0   49   40    0   42    0    0    0    0    0   33   44   34   38    0   48   37    0   45    0   43    0    0   47   41   45   35   39   39   31    0   50    0    0   34    0    0   32   44  
   0   49   32   31    0    0   43    0    0    0    0   41    0    0    0   35   37   36   39   34    0   47    0    0    0   38   33    0   32   44   40    0    0    0   45   44   50   47   42    0   46    0   44   48    0    0    0    0   49    0  
   0   42   33    0    0    0    0    0   40    0   46   39    0    0   33    0   45   50    0    0    0   41   32   35   48    0    0    0   38   36   34   31    0    0   32   35    0   44    0   49   49    0    0   43   48    0   37    0   47    0  
   0   39   48   48   45   44   32   44    0    0    0   48   44   40    0   47    0   42   35    0    0    0   46   33    0    0   31    0    0    0   34    0   37    0   38   49    0    0    0    0    0   40   43    0    0   36   50   41    0    0  
   0   34   37   47    0    0   31    0   42    0    0    0   36   35    0   45    0   42    0   44    0   31    0    0   50    0   39    0   43   40    0   41    0   32   48   49    0    0    0   39   49    0    0    0    0    0   33   46   38   44  
  34   35    0    0   44   42    0   48   49   37   33   50    0    0    0   38   50    0    0    0    0   32    0   38   31   39    0    0    0    0    0   44    0    0    0   43   44   46    0   42   47    0   40    0   45   36   41    0    0    0  
  33   38    0   38    0   36   49   39    0    0   35   48    0    0   37   46   36    0    0   49    0    0   40    0    0   45   41    0    0   43    0    0   34    0    0   44    0   36    0   31    0   32   40   47    0    0   50    0   42    0  
   0    0    0   45   49    0    0   47    0    0   33    0    0   48   43   50    0    0    0    0    0    0   46   37   41    0   48   47    0    0   39   36    0    0    0   39    0   34   42   45    0   31   44   38    0   32   35   46   40    0  
   0    0   38   36    0   47    0   41   33    0    0   36    0   46   43    0    0   46   49   44    0   34   45    0    0    0    0   47   37    0    0   32    0    0   48   50    0   34   34    0   40   42   35    0   31    0   39    0    0    0  
  43    0   47    0   41    0   34   47    0    0   39    0    0   31    0   40    0   32   50    0    0   37    0   35   50   46   36   38   39   48    0   45   49    0    0    0   40    0    0   46   44    0    0    0    0   42    0    0    0   33  
   0   33    0    0   37   49   42    0    0    0    0   38   47   34   48    0   41    0    0    0    0    0    0   32   36   41   44    0   50    0   31    0   40    0   41    0    0   39   41   35    0    0   33    0   50   43   45    0    0   46  
   0    0   45   45   48    0   41   38   33   37   40    0    0    0    0    0    0    0   43   42    0    0   43   50    0   46    0   36   39   31   35   41    0    0    0   32    0    0   34    0   47   49    0   36    0    0   44   43    0    0  
  47    0    0    0   46    0   44    0   41   41   31    0    0   40   37    0   32   34    0   38   35   33   45    0   41   43   48    0   36    0    0    0    0   39    0    0   40   48    0    0    0    0    0    0   42   49   49    0    0   50  
   0    0   32   37   43    0   33    0    0   47    0    0    0   39   49    0   50   46   48   37    0   40   38    0   34    0   36   37    0   35   39   41    0    0    0   36   42   31   37    0    0    0   45    0    0   44    0    0    0    0  
  31   43    0   49    0    0    0    0   36    0    0    0   32   48   39    0    0    0   40    0   33    0   38    0    0   41    0   32   47    0   42   32   41    0    0   37    0   45   50   46    0    0   37   35    0   38    0    0   44   34  
   0    0   37    0   48   34    0    0   33    0   44    0   34   31    0    0    0    0    0   38    0   39    0    0   39    0   35   34   50   36    0    0   43   41    0    0    0   49   34    0   32   40   45    0   46   42   47    0   34    0  
   0    0   32   36   43   47   41   31   41    0    0    0    0   40    0    0    0    0   37    0   33    0    0    0   35    0    0   48    0   49   36   39    0   39   35    0   45   50   44    0   38    0   42    0    0    0   34   36   46    0  
  49    0    0   48   48    0   31    0    0   49   47   34   42    0    0    0   43    0   32   50    0   38   44    0   33    0   35   37    0   46   47   49    0    0   40    0   45    0    0   36    0    0    0   36   41    0    0    0    0   39  
  47    0   46    0    0    0   36    0   34    0    0   37   34   42    0    0   41   34    0    0   40    0   31    0    0   33   35   49   43   45   32    0   50    0   38    0   36    0    0   43   44    0   37   48   39    0    0    0    0    0  
  42    0   50   48   49   46    0   46    0   35    0    0    0   47   31   46    0    0    0    0   37    0   49   36   39    0    0    0    0   32    0   45   37    0   38   43    0    0   40   34   34    0    0    0   44   41   33    0    0    0  
   0   44    0    0    0   34    0   42   39   41    0   46   36    0   32    0   35   48    0   39    0    0   37    0    0    0    0    0    0    0   47   45   33   50   43   49   48   34   45    0   40   38   31    0   48    0    0    0    0    0  
   0    0    0    0    0   48    0    0    0    0    0   35   46    0   48   43    0    0   41   49   34   39   36   46   42    0   32   47    0    0   44   31    0    0   37   33   34    0   40    0   37   50    0    0   45    0   38    0    0   42  
  46   40    0    0   44   49   41   43   45   34   31   47   38   50   41   35   37    0    0    0    0    0   36    0    0   39    0   44    0    0    0    0    0    0   48    0   32   38    0    0    0    0   33    0   40    0   49   42    0    0  
   0    0   38   39   46    0    0    0   37   43   38    0    0   36   36    0    0    0   34   35    0   35   33   47    0   41    0   32    0   49   45    0   31   48    0    0   40    0   44   45    0    0   48    0    0   50   42    0    0    0  
  33    0    0    0   50    0   34    0    0   40    0    0   44   39    0    0   36    0   49   50    0    0    0    0   42    0   41    0   43    0    0    0   46    0   31   35   34    0   34   48    0    0   45   41   36    0   37   38   47   32  
   0    0   31    0    0   48    0    0   42   41   33   49   40    0   44    0   46   34   32   36    0    0    0   39    0    0    0    0    0   38   35    0    0    0   43   50   46    0    0   45    0   39    0   39   37    0   32   43    0   47  
   0   40    0    0    0   39   47   33   44    0    0   42   35   50   34   34   49   49    0   41    0    0    0   32    0    0   48   38   46    0    0   34    0    0   43   37    0    0   45    0    0    0    0   31   36   33    0    0   38    0  
   0    0   42   32    0   33    0    0   45   50    0    0    0    0   34    0    0    0   31    0   36   38   35    0   33   47   41    0   48    0   43   44   31    0    0    0    0   46   40   41    0   49   37   39    0    0    0   39    0   49  
   0   34   44   46    0    0    0   43    0    0    0    0   36    0   31   35   31   40   45   41    0    0   47    0   37    0    0   44    0    0    0    0   49   39   41   50   41   48    0   32    0    0    0   42   41   38    0    0    0   33  
  31    0    0    0    0   32   32    0    0    0   49   45   50    0    0    0   37    0   47   33    0   42    0    0   35    0    0    0   33   40    0    0   41   36   48   46   47    0    0   34   38    0    0   44    0   43   36    0   36   39  
   0    0   43    0   31    0   38    0    0    0   42    0    0   50    0   33   49    0   47   31    0   45   36    0   42   40    0    0   37    0    0    0    0   48   37   42   34   35   38   32    0    0   44    0   46    0   41   39    0    0  
   0    0    0   38   33    0   45   35    0   44   46    0   32   48    0    0    0    0    0   40    0   37    0   36   47   34   38   50   31   44   42    0    0    0    0    0   39   47    0   41   49    0    0   43    0   43    0    0   35    0  
   0   39   47   45    0   36   35   50   46    0   33    0    0    0   42    0   42   38    0    0   48    0    0   40   32    0    0   34   43    0   40   31   38    0   37   44   42    0    0    0   49   38    0    0    0    0    0    0   41    0  
   0    0   35    0    0   39   36    0   33   40    0   39    0   49    0    0   34    0   50    0   43   32    0    0    0   49   47    0   38   50   41   42   46    0    0   46    0    0   48   31    0   45   44    0   37    0   50    0    0    0  
   0    0   38   42    0    0    0    0   43   34    0   47    0    0    0    0    0   41    0   46   33   39   39   48    0    0    0   45   35    0    0   32   36    0   50    0   37   40   44   35   36    0    0    0   39    0   49   40   31    0  
  38   33   44    0    0    0    0    0   38    0    0   48    0   45    0    0   43    0   36   50    0   33    0   42   40    0   49   39   40    0    0   40    0   31    0   34   37    0   46   41    0    0   35   47    0    0    0    0   38   32  
   0    0    0   46    0    0    0    0    0   45   49   48    0   46    0    0   35    0   42   43   38    0    0   32   44    0    0    0   34    0   34   39    0    0   39    0    0   40   33    0   31   47   34    0   41   37   36   47   50    0  
  33    0    0    0    0   39   45   31    0    0   47   43    0    0    0   35   46    0   46   33    0   34    0   38   42   48   37    0    0    0    0   32   41   36    0   44    0   49    0    0   50   47    0    0    0   41    0   31   40    0  
  40    0    0   34    0   33    0    0   49    0    0   32    0   39    0    0    0   38   43    0    0    0    0   33   47   41   37   36   33   44   50    0   35   34    0   48    0    0    0    0    0   42   31    0    0    0   45   35   34   46  
  50    0   45    0   42    0   43    0    0   38   46    0   41   39   33    0    0    0   36   31   43    0    0    0    0   35   35    0    0   31    0    0    0   42    0   47   49   34    0   45   48   37    0    0    0   32    0    0   40   44  
   0   49   40   48    0    0    0   37   50   49   35    0   35    0   34    0   36   46    0   43    0    0   45    0   45    0    0   31   32    0   39   50    0    0   33    0   42    0   38    0    0   44    0    0   37    0   47    0    0   41  
   0   33    0   38   48    0    0    0    0    0    0   37    0   35    0   33    0   49   41    0   45    0    0    0    0   42   32   43   47   45    0    0    0   40   39    0   31    0   34   31   46   44    0    0   36   31   36    0    0   50  
   0    0   32   47    0   36    0    0    0   50    0    0   38    0   39   48    0   35    0    0   44   45   31   37   40    0    0   34   50    0   33    0    0   48   50    0    0   43   41    0    0   35    0    0   49   46   42   36    0    0  
   0   42    0   44    0   35   39    0    0    0   37    0   45    0   37    0    0   49   41    0   36   50    0   48   43   34    0   33    0    0    0   46   33   47    0   33    0   48    0   38    0    0   40    0   41   31   32    0    0    0  
   0    0    0    0   35   40   35   44    0   33    0    0    0   34   46   48    0   38    0    0   44   32   50    0   42    0    0   36   31    0   37    0   43   46    0    0    0   39   47   41    0    0   36   49    0    0   45   40    0    0  
  31    0   39   50    0    0    0    0   49    0    0   32    0    0   34    0   36   47   44    0   48    0   45   34   43   42    0   41   40   46   37    0    0   49    0    0   34    0   32    0    0    0   33    0   35   38    0    0    0   35  
  49   44    0   48    0    0    0   37    0    0   31    0   32   45    0    0   50   40   34    0    0   43   41    0    0   36    0   33   33    0   42   38    0    0   42   40   46    0    0   37    0    0    0    0   47    0   35   39    0   31  
   0   42   40    0    0   43    0   41    0    0   49   35    0   44   38   39   31    0   48    0   45    0    0    0   45   45   34   37    0   37    0   49    0    0   45    0    0   36    0   46   33    0    0    0    0   47    0   50   32    0  
  42   35   45   48    0    0   50    0    0    0   43    0    0    0   49   31    0   40    0    0    0   33   45   38   46    0   44    0    0   38   34   32    0   47   37    0   41    0    0    0    0   43   39   38    0   36   48    0    0    0  
  37   48   45    0   34    0   41    0   35   43    0    0   50   40    0    0   33   44    0    0    0    0    0    0   36    0   50    0    0   50   49   45   32   36   46    0   45   47   42    0    0    0   31    0    0   39    0    0   38    0  
  42    0   36    0   49   42   39   33   47    0    0   32    0    0   50    0   35   31   50    0    0    0   34    0    0   43   37    0   50    0   42    0   41    0    0    0   42   45    0    0   48   46    0   38    0    0   44   40    0    0  
   0   37   43   45   44   46    0    0    0   32   48    0    0    0    0   40   49   34    0   42   35    0    0    0    0    0   33   47    0    0   41    0    0    0   45   36    0   31    0   33    0   48    0    0   31    0   48   39   50   38  
   0    0    0   34    0   43    0   45   47    0   50    0   39    0    0   42   41    0   44   40   34   49    0    0   42    0   48   38   33    0   46   37   40   34    0    0    0   48    0    0    0   36    0   32    0   35    0    0    0   31  
   0   46   40    0   50   44    0   31    0    0   34   35    0    0   48   38   38   49   43    0    0   37    0   33    0    0    0   36   39    0   42   43    0    0    0    0    0    0   47   32    0    0   33    0   43   41   45   38    0    0  
  33   47   46    0    0    0   31   49   48   35    0   44    0    0   34    0    0    0   41   38   37   39   40    0    0    0   38   42   36   38   50    0   45    0   35    0    0    0   32    0    0   50   43    0    0    0    0    0   37    0  
   0    0    0    0    0   45   43    0   44    0    0   42   41    0   34   40    0    0    0    0   49   32    0    0    0   36   33   35    0   50   38   45    0   31    0   50    0   45   35   46    0   48   44    0   37    0   39    0    0   47  
  38    0    0    0   37   40   34    0   45    0    0    0   42    0    0    0   50    0    0    0   35    0   43   50   37    0    0   35   49   47   33   40    0    0   32    0   48   40    0    0   36   31   39   41    0   46    0    0    0   44  
  40    0    0    0   38    0   35    0   34    0    0   38    0   43   36    0    0    0    0   47   37    0   35   33    0   48    0   32   45   38   46    0   42   39    0    0    0    0   50    0   47    0   49    0   41    0   36    0   31   44  
   0    0    0   34   40    0   36   46   35   42   37   45    0   33   50    0   39   38    0    0    0    0    0   43    0    0    0   44   44   47   49   41   48    0    0    0    0    0    0    0   46   33   32   31    0    0    0    0   44   43  
  43   32   45   37   31    0    0    0   36   43   33    0    0    0   38   47    0    0   42   50   40    0    0    0   44    0   36    0    0   38    0   48    0   35    0   34   39    0    0    0    0   41   48   49    0   46    0   33    0    0  
  40   36   40    0   37    0    0    0   50   32   43    0    0   35   42    0   44    0   41    0    0   45   48   49    0   47   39    0    0   34   36   35    0   36   47    0    0    0   31    0   33   38    0    0    0    0    0    0    0   46  
  33    0   40   50   35    0    0    0   39    0    0   43    0    0    0   34   36   44    0   37    0   45   32   47   42   45   31    0    0   45    0    0   46   45   38    0   49    0   48    0   38    0    0   47    0    0    0    0    0   41  
   0    0   39   42   35    0   36   47    0    0    0    0    0   38   37   33    0   44   43   50    0   40    0    0   48    0    0   41   32    0    0    0    0   45    0   38   34   46   46    0    0    0    0   31   38    0   36   49   40    0  
  38   37    0   43   37   31   32   49    0   36   35    0   48    0    0    0   47    0   44    0   44   37    0   36   33   42   45    0    0    0    0    0   41   40    0   50   35    0    0    0    0   34    0    0    0    0    0   39    0   46  
   0    0    0    0   38   40   48   34    0   39    0   43    0    0    0   31   47   49    0   32   37   47    0   41   45    0   41    0    0    0    0   33   48   35   48    0    0    0    0    0   36   46   44    0   35    0   42    0   50    0  
  42    0    0   50    0   38   36    0   34    0    0   40    0    0   31   32    0   46   35    0   45   41    0    0    0    0   40    0   43    0   44   37    0   48   49    0    0   48   48    0   33   45    0   47    0   36    0    0   39    0  
   0    0    0   42   35   40    0   49    0   39    0   41   47   50    0    0   46    0    0    0    0   36   45   42   43   31    0   38   31   37    0   32    0    0    0   44    0    0   44    0   48   33    0    0   49   34    0   44    0    0  
   0    0    0    0   48    0   50   36   40   35   43    0   31   41    0   33   47    0    0    0   40    0   45    0    0   44   42   37    0   39   38   40    0    0   34    0   49    0    0   38   32   40   46    0   40    0    0    0    0    0  
   0    0    0   36   45   41    0   46    0    0    0    0   35   48   40   46   31    0   40   37    0    0    0   35    0    0   50    0   33    0   43    0    0    0    0    0    0   34    0   49   43   39   47   42    0   38   38   32    0   44  
   0   33   50    0    0   48   31   44    0    0    0   37    0   39   49    0   50   41    0    0    0   46   49   32    0    0    0   43    0    0    0   34   45    0   35   32    0   42    0    0   47   45   32   40    0    0   38    0    0   36  
  50    0   49   45   34    0    0    0    0    0   42   42   43   39   38    0    0   44    0   36   41   48    0   47    0   31   35    0    0   36   37    0    0    0    0   46    0    0   38    0   36    0   40    0   32   33    0    0    0   47  
  37   47    0   46   50    0   44    0   32   43   49    0    0    0    0   41   46    0   40    0   35    0    0    0    0   39   42   31   36   48    0    0   44   45    0    0    0    0   42   38   34    0   33    0   40    0    0   46    0    0  
   0   39   40   31    0   46    0    0   49   47   44    0   50    0   38   33    0    0    0    0   40    0   45   35   50    0   50   32    0   34    0   36    0    0   37    0   50    0   43    0    0   50   42    0   48    0    0   41    0    0  
  39    0    0    0    0   41    0   47   47   32   35   37   40    0    0   45   42   31    0    0    0   34    0    0   44   42   33   40    0    0   50    0   46    0    0    0    0    0   49   36   48   36   43   45    0    0    0    0    0   38  
   0    0   33   39    0   40   34    0   42   38   43    0    0    0    0    0   43    0    0    0   41   46   40    0    0   44   32    0   44   36   40   48   47   49    0    0   41    0    0    0    0    0   37    0   50   45   31    0    0   35  
  43   39   49    0    0   47   36    0    0   44    0    0    0   32    0   42   37    0   35   45   48    0   49   45   31   46   34   46    0    0    0    0    0   38   40   36   50    0    0    0    0    0    0    0   42    0   41   33    0    0  
   0   40   36   31   35    0   35    0   44    0    0   40    0    0    0    0   38    0    0    0   39   32   50    0    0   47    0    0   34   43   37   33    0   35   49   41    0   48    0    0   42    0   35   45    0    0    0   46    0   37  
  31   48   34   40    0   40   43   41    0    0    0   38   50    0    0    0   42    0   47    0   48    0   45    0    0   38    0   45   32    0    0   49    0    0   37   33    0    0    0   36   39    0   46    0   35   44    0    0    0   50  
  49    0    0   33   31   40   49   35    0    0    0    0    0    0   34   31   43    0    0    0    0    0   36    0   32   44    0    0   46    0   38   48    0   39   41    0    0    0    0   50   42   47   45   37    0   50   31    0   34    0  
  33   44   50    0   43    0   45   31   38   35    0   47    0   49    0   36   41   48    0   48    0    0   42    0    0   39   32    0   41    0   34    0    0    0    0   41   44    0   50    0    0    0    0    0   37   46    0   40    0    0  
   0    0    0    0   43   45    0    0    0    0   37    0   34    0   42    0    0   44   48   48   33   35    0   42   32   50   47    0    0   38   39    0   49   48   41   36   31   41    0    0    0    0   46   35    0    0    0    0   40    0  
   0   38    0   40   45   41    0    0    0   34    0    0   34   44   40    0    0   48   47    0   37   33    0   49   42    0   39    0   35    0   32   31   37    0   43    0    0   37    0    0   50    0    0    0    0   48    0   36    0   46  
  42   34    0    0    0   48    0    0    0   32    0    0   39    0    0    0   50    0    0    0   33    0   46   44   38    0   48    0    0   35   41    0   37   40   47    0   42   36   43    0    0   37   45   39    0   31    0    0   43   49  
   0   32    0   36    0   34    0   39   47   41    0   44    0    0    0    0    0   43   33    0   46   39   41   31    0   50   35   39   48    0   46   42    0   45    0   38    0   37    0   45   49    0    0    0    0   40    0    0    0    0  
  47    0   40   31    0   48   50    0    0   43    0   49    0    0    0   50    0   39   36   46   42    0    0   38    0   35    0   33    0    0   32    0    0    0   44   45    0    0    0   41    0   48    0   33   38    0   37   34    0   50  
   0    0   50   33    0    0   31    0   32   40    0   41    0   48    0   47   43   46    0   45    0   43   45   49    0    0    0    0    0    0    0    0   38   44    0   42   36    0    0    0   37    0   36    0   33   39   34   35   33    0  
   0   38    0    0   47   48    0    0    0    0    0    0   39    0   43   45    0    0   43    0   44    0    0   41   46   44   42    0   33    0   40    0    0   44    0   36    0   39   34    0    0    0   43   49    0   35   50   37   31   32  
  31   39    0    0    0   33   42    0   33    0   45   48    0    0   34   44   43   47    0    0   40    0   41    0    0    0   45   35    0   44   41    0   37    0   36   32   38   46    0    0    0    0    0   47   50    0   49    0    0    0  
  37   34    0    0    0    0    0   50   39    0    0   48    0   35    0    0   42    0    0   31   35   42    0    0   47    0   44    0   45   38   49    0   40    0   32   46   43    0    0    0   38    0   35    0    0   36   33   33   41    0  ] 
BUDGETS : [    6    8   13   14   15   18   19   20   21   22   24   27   28   28   33   33   37   37   38   40   41   43   44   45   45   49   52   55   56   57   59   67   67   67   68   68   70   71   72   73   76   77   77   79   83   84   85   86   89   91   92   93   94   94   94   94   97   98   98   99  102  104  104  106  107  111  111  112  115  115  117  126  127  130  133  134  136  137  142  149  153  153  155  158  161  164  167  169  170  173  174  174  178  178  181  182  184  188  199  199  ] 
