K : 100
I : 10
PREFERENCES : [    4    6    9    4    2    3    5    7    8    1  
   9    4    5    3    2    6    1    7    8    6  
   7    4    6    1    9    5    3    7    8    2  
   3    2    8    1    6    7    9    5    1    4  
   7    6    2    9    8    1    8    3    4    5  
   7    1    9    5    2    8    4    2    3    6  
   1    7    2    6    5    1    4    9    3    8  
   8    7    6    4    2    5    3    1    9    4  
   2    8    5    3    9    7    2    6    4    1  
   1    4    8    9    3    7    5    6    2    4  
   4    6    3    2    3    5    9    1    8    7  
   5    4    6    1    9    3    6    7    2    8  
   3    4    1    9    5    2    7    4    8    6  
   7    9    3    8    2    5    6    7    1    4  
   5    8    1    2    5    7    6    9    4    3  
   2    1    4    8    5    7    4    3    6    9  
   2    3    6    9    8    1    7    5    9    4  
   8    4    2    5    8    9    3    6    7    1  
   9    4    7    6    1    2    3    2    5    8  
   6    1    9    4    5    8    2    3    8    7  
   7    2    4    6    5    6    9    3    1    8  
   1    7    2    3    6    5    4    8    9    7  
   8    4    5    2    8    6    9    3    7    1  
   1    7    4    3    9    6    9    2    8    5  
   4    7    8    3    5    6    9    2    1    9  
   6    3    8    6    9    4    2    7    1    5  
   6    8    4    7    9    3    2    6    1    5  
   4    1    5    8    2    3    7    6    3    9  
   3    5    1    9    4    6    8    7    6    2  
   3    8    8    4    2    1    7    6    5    9  
   1    8    4    3    5    2    7    6    9    8  
   7    4    2    1    5    3    9    6    2    8  
   4    2    8    5    1    9    7    3    1    6  
   6    9    4    2    5    7    3    1    6    8  
   4    3    1    2    6    9    7    8    4    5  
   9    8    4    2    7    1    3    6    5    6  
   7    6    3    4    5    2    8    1    8    9  
   4    3    5    2    8    1    2    7    6    9  
   2    5    6    9    7    1    4    8    3    2  
   8    1    3    5    4    6    9    9    7    2  
   3    8    2    9    6    1    7    2    4    5  
   4    8    6    1    2    5    9    5    3    7  
   5    3    2    9    2    8    6    7    4    1  
   6    5    1    9    3    7    4    8    8    2  
   2    8    1    3    5    8    7    4    6    9  
   5    5    2    9    8    4    1    3    6    7  
   5    3    2    3    8    7    4    1    6    9  
   2    7    5    4    9    8    5    3    6    1  
   8    3    7    1    8    2    9    5    4    6  
   8    2    3    5    7    7    6    1    4    9  
   5    8    9    8    7    2    3    4    1    6  
   7    4    6    1    8    2    5    3    9    5  
   5    8    9    3    4    2    7    1    6    3  
   7    3    2    9    4    1    2    8    6    5  
   1    7    5    8    3    4    9    8    6    2  
   7    3    2    8    1    6    4    9    6    5  
   9    7    5    6    1    4    8    2    3    7  
   2    8    6    5    9    7    3    2    4    1  
   4    8    7    2    1    8    3    9    6    5  
   6    3    4    9    7    2    4    1    8    5  
   5    3    6    1    8    8    9    4    7    2  
   5    1    9    6    3    2    4    3    7    8  
   6    5    4    3    7    5    1    8    9    2  
   6    5    2    3    9    4    7    8    5    1  
   6    3    2    8    9    1    4    7    5    2  
   4    3    7    4    5    6    9    8    2    1  
   7    8    9    3    2    6    9    4    1    5  
   1    2    9    7    6    5    8    3    4    6  
   5    9    6    2    3    8    4    5    1    7  
   5    6    7    6    1    3    4    8    9    2  
   9    4    7    4    5    8    2    1    6    3  
   3    4    1    2    5    7    9    7    8    6  
   3    9    8    4    1    4    7    5    2    6  
   8    6    5    2    4    1    3    9    1    7  
   6    1    4    3    5    2    9    7    2    8  
   3    8    4    1    5    6    2    7    7    9  
   2    6    7    3    8    9    1    4    7    5  
   1    2    6    8    7    5    3    4    7    9  
   4    6    5    3    7    8    2    3    1    9  
   2    3    6    8    8    5    1    4    7    9  
   5    4    2    5    7    8    3    9    6    1  
   8    1    2    5    9    5    4    6    3    7  
   8    1    2    9    3    8    5    4    7    6  
   2    4    9    6    8    7    3    5    8    1  
   2    1    3    8    5    7    4    5    6    9  
   3    1    7    9    4    8    2    6    5    6  
   9    5    1    6    3    7    6    2    8    4  
   9    3    4    7    9    5    1    8    6    2  
   5    6    7    9    3    1    2    4    9    8  
   1    3    9    1    2    8    7    4    5    6  
   4    9    5    8    2    7    6    1    3    4  
   6    1    2    9    5    8    1    3    4    7  
   9    6    7    4    5    2    4    8    3    1  
   7    3    9    5    2    4    7    6    8    1  
   8    7    5    6    2    1    8    9    4    3  
   9    4    8    1    5    2    3    7    5    6  
   5    9    8    4    7    2    6    3    8    1  
   1    7    6    4    2    3    5    5    8    9  
   7    3    4    1    5    2    8    9    6    2  
   8    5    6    2    9    8    7    4    3    1  ] 
BUDGETS : [    2    5    6    6    8    8    9   10   12   16   19   20   22   22   28   29   30   30   32   39   42   43   46   46   49   50   51   53   55   56   57   59   60   61   62   64   67   68   70   70   71   73   74   77   78   78   80   86   90   90   91   94   99  100  106  106  108  108  108  109  111  114  114  115  118  120  123  126  126  126  128  133  135  136  137  139  140  141  142  143  143  148  153  154  154  155  157  162  164  168  171  178  179  180  184  189  189  191  197  197  ] 
