K : 50
I : 50
PREFERENCES : [   11   38   43   24   28   29   21   35   47    8   20   41   27   13   17   32   42   22   39   19   48   28   10    9   36   33   49   15    6   16   31   18   12   34   26   13   46   40   30    7   14   45   50   48   23   25   37   35   12   44  
  30   43   45   29   36   37   13   22   19   20    8   32   17   11   16   39    6   26   44   39   34   10   42   31   39   25   49   21    7   50   35   40   47   12   10   46   14   19   15   38   41    9   33   28   24   48   27   23   37   18  
  31   38   21   15   18   46   47   20    9   10   39   32   19   33   28   13   48   36   14   43   34   24   36   29    6   50    7   27    9   12   37   32   25   16   26    8   44   17   35   23   41   42   45   22   49   30   40   39   49   11  
  15   18   42   13   20   37   11   23   36   33    8   50   21   26   12   21   43   16   32   31   39    9   15   47   30   40   10   28   44   49   45   22   46   25    7   34   34   24   14   48   32   17   41   20    6   29   35   19   38   27  
  38   49   11   15   13   46   26   33   23   28   50   25   10   21   18   24   20   29   37   39   48   22   35   36   15   34   32   42   14    8   44   12    7   41   25   47    9   16   19   49   49   17   40   43   45   30   29   31   27    6  
  34   41   10   36   22   12    6   23   50   40   32   27   17    7   11   38   33   42   49   23    8   29   15   19   25   31   21   37   14   26   44   46   18   28   35   24   42   48   13   21   43   39   45   46   17   47   20   30   16    9  
  24   26   42    8   35   50   41    9   22   11   21    6   39   43   48   29   24   29   17   32   38   46    7   33   49   30   19   14   16   45   42   10   44   41   23   25   36   18   13   20   37   34   12   42   40   27   28   47   15   31  
  46   11   35   12   39   36    9    8   45   30   27   33   27   14   40   18   22   32   21   50   48   29   16   49   38   24   47    7    6   23   19   34   26   41   45   28   17   43   42    8   25   20   10   29   18   31   37   15   44   13  
  18   47   36   13   30   27   13   50   48   20   34   44   33   29   18   10   40   21   32   23   15   49   45   18   35   22   46   43   25   24   17   38    8    6   12   41   14   31   11   42   39   18   19   24   37   16    7   28    9   26  
  23   37   40   24   11   30   39   18   26   15   46   32   36   13   29   44   27   50   50   23   48   12   38   35   17   15   10   31   47    9   19   33   20   45   25   42   16   34   22    6    8   49   21   15    7   10   28   43   41   14  
   7   39   32   49   45   15   40   26   18   42   23   43   11   12   10   33   41   46   34   37   44    6   48   20   24   28   25   50   17   17   36   17   29   44   14   16   30    8   19   47    9   27   24   35   45   13   21   31   22   38  
   8   26   34   35   37   46   38   22   50   12   22   32   14   19   33   28   36   29   31   10   23   33   45   39   20    7    9   17   40   30    6   21   44   49   15   41   25   47   48    6   33   11   18   16   24   13   42   26   43   27  
  10   41   48   26   24   40   12   42   44   45    9    6   47   14   34   20   12   11    8   37   35   48   25   15    7   39   36   36   38   46   23   10   47   27   22   33   30   19   49   29   16   28   32   13   18   17   21   43   50   31  
  14   46   40    8    8   42   20   13   36   49   15   37   48   45    9   31   50   30   12   26   38   19    6   44   33   44   41   27   39   23   29   16   43   47   30   18   28   25   35   34   10   22   47   17    7   11   21   32   24   19  
  37   18   16   35   15   13   12   38   17   20   22   48   46    7   39   33   50    8   42   49   43    7   27   25   31   47   50   45   21   26   27   40   17   28   32   44   11   10   41   29   14    9   32    6   23   30   24   19   34   36  
  34   28   49   14   36   37   38   24   15   22   48   29   15   42   12   49   18   11   35   17   41   19    7   45   37   13   40   25   24   30   46    9   20   23   26   27   39    6    7   10   47   43   16   33   50   31    8   44   32   21  
  49    7   25   14   28    8   14    8   26   41   42   50   29   22   35    6   47   10   46   37   22   48   43   32   34   31   45   38   13   11   21   36   29    9   15   27   19   24   23   40   33   44   30   17   18   16   12   39   20   16  
  40   35   19   10   34   38   45   32   31   16   28   21    7   45   30   33    9   23   41   16   12   11   49   11   24   46   50   15   39   43   48   26   37   25   44    8   14   18   17   48   10   29   47   36   13   27   22   42    6   20  
  17   29   14    8    7   35   38   11   10   33   21   41    9   46   19   50   18   22   12    6   40   28   42   27   44   16   48   20   45   43   36   37   30   34   15   47   32   26   12   23   39   32   24   31   13   10   50   25   49   30  
  29   16   37   19   49   42   14   20   47   14   22   34   28   27   15    9    7   33   21   11    9    6   45   35   26   25   24   48   44   38   45   18   41   40   10   17   12   31   36   39   10   23   50   30   32    7    8   46   43   13  
  16   47    6    7    9   10   27   43   46    9   38   40   15   23   20   35   28   48    8   18   39   47   33   29   24   44   27   25   49   42   30   41   19   32   34   26   50   45   38   34   14   13   17   22   12   21   11   31   36   37  
   6   45   48   44   16    9   32    8   20   40   39   26   13   12   18   36   31   25   19   41   34   19   11   46   28   48   11   38   10   43   17   23    7   42   49   24   27   21   37   14   33   35   15   30   50   22   47   29   11   27  
  25    6   28   33   38   15   22   47   40   37   49   32   29   12   18   45   14   24   35   17   10   23   11   40   50    8   21   42   19   37   46   12   13   31   36   30   34    9   48   20   43   25   27   16    7   44   39   41   26    6  
  13   28   15   34   25   45   12   23   29   44   14   30   21   48   16   32   40   47   31   50   20   26   46   22   44   18   33   40   37    9   36   11    6   39   49   31   23   38   24   17   43   35   19   41    7   14   27   42    8   10  
  12   41   29   18   21   30   24   50    9   15   36   19   15   43   13    7   37   28   21   14   38   33   45   40   34   11   32   17   49   27   10    8   31   47   42   20   25   22   46   30    6   26   45   48   16   35   23    8   44   39  
  14   26   22   50   43   38   29   33   35   25   42   12   28   16   30   31   23   31   17   32   24   13    9   20   44   39   34   10   48   11   40   47   37   49   46   18   21   15   43   19   34    8    7   40    6   41   36   45   45   27  
  18    8   35   25   13   36   43   19   28   23   40   38   32    6   34   50   11   14   26   46   28   31   47   44   24   22   16   37   17   35   50   41   23   21   42   12   20    7   30   15   17   39   49   10   48   33   29    9   45   27  
  23   46   26   15   37   13   12   38   27   47   46   40   28    9   47   41   31   24   14   33   10   49   20   21   43   11   21   45   29   25   35   17    7   23   30   42   39   22    6   36   44   32    8   48   34   18   16   12   50   19  
  48    6   38   17   43   27   21   32   15   50    7   29   28   25   35   19   20   31   46    9   34   37   45   16   41   47   22   42   30    7   44   49   12   36   45   39   23   11   50    8   33   10   18   24   40   26   42   13   23   14  
  13   22   19   10   44   38   25   29   33   31   33   27   11   30   48   40   37   23    9   43   21   26    8   18   50   32   35   28   49   16   14    7    6   34   15   42   17   12   41   45   45   14    9   20   46   18   24   39   36   47  
  49   16    9   20    8   30   10   15   43   44   11   34   21   41   47   12   11   22   14   17   13   42   48   38   37   32   17   27   18   50   23   20   45   36   40   29    7   31   46   39   28    8   25   24    6   33    6   26   35   19  
  16   47   17   37    8   49   26   50   19   45   42   34   24    6   28   40   41   36   35   49   21   25   44   39   46   12   48   31   32   22   13   43   13   23   30   10   15   18   33   43    9   11   37   27   14    7    6   20   29   38  
  31   13    8   48    6   21   37   42   16   46   35    6   41   12   45   29   38   17   15   36   47   18   40   23   44   33   20   32   10   25   48   26   39    9   43   35   19   30   49   14   34   45   14   27   24   50    7   22   11   28  
  38    9   16   12    6   20   35   27   13   15   41   22   21   45   37   25    9   10   36   26   32   19   43   47   49    8   39   33    7   24   47   31   23   40   44   14   42   29   11   28   25   34   38   48   18   50   46   31   17   30  
  16   46   20    8   40   27   48   37    9   49   12   35   32   23   28   34    6   31   24   15   43   25   36   33   41   11   31   42   17   46   14   20   13   45   39   18   29   22   10   50   30   26   19   21   47    7   44   38   45   17  
  29   17   24   39   30   44   43   31   13   14   16   35   11   20    8    6    9   39   15   19   41    8   12   42   36   23   29   27   33   21   21   45   28   32   40   48   25   38   49   34   26    7   46   10   24   37   47   18   50   22  
  35   26   37   50   34   19   47   42   28    9   29   28   13   27   30   49   49   25   21   12    7   38   39   17   10   46   24   28   31   22   23   41   16   15   18   31   40   45   11   14   22   33   44   20   43    8   36    6   48   32  
  22   41   31   40   12   10   48   19   33    6   47   18   30    9   45   11   49   34   37   25   13   17   50   43   27   10   14   20   35   26   46   38   42    7   21   15   29   49   38   24   10   44   32   36    8   23   16   34   28   39  
  48   15   47   31   13   24   39   17   37   41   49   20   42   18   21   33   50   25   40    9   43   30   38    6   46   26   36   14   28   34   27   48   44    9   23    8   10   45   11   32   34   19   29   12   16   16   35   22    7   48  
  10   29    6   41   34   47   50   28   43   35    7   14   22   31    9   45   11   19   44   23   37   36   26   27   30   14   38   46   12   15   16   42   18   40   39   23   20   25   32   49   13   21   14   17   33   48    6    8   45   24  
  35   16   11    8   46   28   13   43   12   33   30   10   48   14   41   25   21    6   20   49   37   27   29   44   31    7   26   18   38   32   47   24   39   50   32   18   22    9   42   36    7   40   17   15   45   39   23   40   19   34  
  49   33   16   12   28   13    7   44   36    9   19   43   17   42   11   21   32    8   34   47   15   24   13   50   40   41   37   18    6   10    9   26   22   30    8   25   35   39   46   38   31   48   23   27   45   24   29   44   14   20  
  23   27   21   41   24   33   25   15   26   43    8   29   22   11   39   35   46   47   30   41   13   36   46   48   45   14   33   50   42   12    9   15   32   31   41   28   10   19   18    7   37   44   38   40   20   34    6   17   16   49  
  12   49   31   46   36   44   15   17   27   38   20   32    7   18   33   26   34   19   23   40    6   32   24    8   13   30    9    9   45   39   25   41    9   10   43   14   35   16   47   50   11   21   28   13   48   22   18   37   29   42  
  15   28   44   32   25   12   34   23   48   33   26   10    8   17   39   38   31   20   25   27   35   18    7   22   49   46   47   48   36   30   45   21   37   13   19    6   42    6   16   24   34   11    9   29   43   40   41   50   48   14  
  23   47   43   38   14   27   30   35    9   36    7   37   17   29   13    8   12   21    6   10   46   25   29   42   23   22   41   48   32   16   44   28   50   45   40   15    8   24   30   34   18   19   11   33   31   39   26   20   30   49  
  19   48   37   18    6   20   47    9   24   11   36   16   21   23   16   20   14   24   29   32   39   25   36   46   41   28   34   38   43   17   26   10   45    7    8   30   12   35   27   17   13   40   33   22   15   44   50   42   31   49  
  21   22   28   49    9   46   44   31   27   41   12   39    6   42   23   50   13   20   19   44    8   16   14   32   48   38   37   39   29   10   36   25   11   43   18   49   33   15   45   17   24   34   19   26    7   30   39   47   35   40  
   9   30   18   38    7   17   25   12   16   44   11   32   14   27   31   19   36   13   22   39   20   24   10   43   46   10   41   48   21   50   40   20   37   23   47   35   15   45   29   49   33   37   49    8   42    6   26   34   28   24  
  25    9   20    6   47   42   35   31   19   13   41   44   24   46   28   17   33   21   40   30   37   18   43   14    7   15   12   22   36   48    9   39   32   34   27   26   10    8   24   50   23   16   49   45    6   24   29   38   23   11  ] 
BUDGETS : [   12   14   18   20   20   23   25   29   31   32   34   35   42   42   44   45   48   49   55   57   59   60   60   61   61   62   65   68   71   71   72   72   75   77   78   83   85   86   87   89   91   91   92   92   94   95   96   96   97  100  ] 
