K : 100
I : 50
PREFERENCES : [    0    0    0    0    0    0    0    0    0    0    6    0    0    9    0    0    0    0    0    0    0    8    0    0    0    0    3    0    0    4    2    0    0    0    0    5    1    0    0    8    0    7    0    0    0    0    0    0    0    0  
   0    0    0    0    9    1    0    0    0    0    0    0    0    0    0    3    0    0    0    2    0    0    0    0    7    0    0    4    0    0    5    0    0    0    0    0    0    8    0    0    6    0    0    0    0    0    0    0    1    0  
   0    0    0    9    0    0    0    0    0    7    1    0    0    0    8    0    0    0    0    2    0    5    0    0    0    0    6    0    0    0    1    0    0    0    0    0    0    0    0    0    0    0    0    0    4    0    0    0    3    0  
   6    0    9    0    0    8    0    4    7    5    0    0    0    0    0    0    0    0    0    0    0    0    0    4    0    0    0    0    0    0    0    0    0    0    0    0    0    1    0    0    0    0    0    0    0    2    3    0    0    0  
   0    0    0    0    0    0    0    0    0    6    0    0    0    0    0    0    0    0    0    9    2    8    0    0    0    4    5    0    0    0    0    1    0    1    3    0    0    0    0    0    0    0    0    0    0    0    0    0    0    7  
   0    4    0    0    6    0    3    0    0    0    0    0    0    0    1    0    0    8    0    0    0    0    0    0    0    0    0    7    0    0    0    2    0    0    0    0    0    0    0    0    2    5    0    9    0    0    0    0    0    0  
   0    0    0    0    0    0    0    0    0    0    1    0    0    0    0    0    0    0    0    0    0    7    0    0    0    3    0    0    0    0    9    0    0    5    4    2    0    0    0    8    0    5    6    0    0    0    0    0    0    0  
   9    0    0    0    0    0    0    0    0    0    0    4    0    0    0    0    0    0    0    0    0    0    0    0    0    0    0    2    0    0    0    3    0    0    0    0    7    0    0    8    0    1    0    2    0    0    0    5    6    0  
   0    0    0    3    0    0    0    0    2    0    5    0    7    0    0    9    0    8    0    1    0    0    0    0    0    0    0    0    0    0    0    8    0    4    0    0    0    0    0    0    0    0    0    0    6    0    0    0    0    0  
   0    0    0    0    0    0    3    5    0    3    4    0    0    0    0    0    0    0    0    0    0    0    0    0    0    0    9    0    0    0    8    0    0    0    6    0    0    0    2    0    7    0    0    1    0    0    0    0    0    0  
   0    3    0    0    0    0    0    0    0    0    0    0    0    0    0    0    4    0    9    0    0    0    0    4    0    0    0    0    0    1    0    7    0    0    0    0    0    2    0    6    0    0    0    0    0    0    8    5    0    0  
   0    0    0    0    0    0    0    0    0    9    0    0    0    0    0    0    0    0    0    0    2    0    5    1    7    0    8    0    3    0    8    4    0    0    0    0    0    0    0    0    0    0    0    0    0    0    0    0    0    6  
   0    0    0    7    0    3    0    0    0    0    0    0    0    0    0    0    0    6    0    5    8    0    4    2    0    0    9    0    0    0    0    0    0    0    0    0    0    0    0    0    0    0    0    0    0    0    0    5    1    0  
   0    0    0    0    0    0    0    0    0    0    0    8    0    0    0    0    8    0    0    0    0    0    0    4    0    0    0    5    0    0    3    0    0    0    0    0    0    0    0    0    0    6    0    0    9    7    2    1    0    0  
   0    0    0    0    0    0    3    5    0    1    4    5    0    0    0    0    0    2    0    0    0    0    0    7    0    0    0    0    0    0    0    0    0    0    9    0    0    6    0    0    8    0    0    0    0    0    0    0    0    0  
   0    0    0    0    0    3    7    0    0    0    0    0    0    0    9    0    0    0    0    1    8    3    0    0    0    4    0    0    5    0    0    0    6    0    2    0    0    0    0    0    0    0    0    0    0    0    0    0    0    0  
   0    0    0    0    0    0    7    4    0    0    0    0    0    0    8    0    0    0    0    0    0    0    0    0    0    9    0    0    0    0    0    0    0    0    3    0    0    0    0    6    0    0    1    5    2    0    0    0    0    9  
   0    0    4    0    0    5    9    0    0    0    0    6    0    0    0    0    0    0    3    0    8    0    0    0    0    0    0    0    0    0    0    0    0    0    0    0    1    0    0    0    0    0    0    0    0    7    0    8    0    2  
   0    0    0    0    0    0    0    0    0    0    0    0    4    0    0    0    6    0    0    0    0    0    8    0    0    0    0    0    0    3    0    0    0    2    0    0    5    0    9    0    0    0    2    1    0    0    7    0    0    0  
   0    0    8    0    5    7    3    0    0    0    0    0    4    9    0    0    0    0    0    0    0    0    0    0    0    0    0    7    0    0    0    6    0    0    0    0    2    0    0    0    0    0    0    0    0    1    0    0    0    0  
   0    0    4    6    0    0    1    0    0    0    0    0    0    0    0    0    0    0    2    9    7    0    0    0    8    0    0    7    0    0    0    0    0    0    0    5    0    0    0    3    0    0    0    0    0    0    0    0    0    0  
   0    0    4    0    5    6    0    0    8    0    7    0    0    3    0    0    0    0    0    0    0    0    0    0    0    0    0    0    0    0    0    0    0    0    0    3    0    0    0    0    9    0    2    0    0    1    0    0    0    0  
   0    0    0    0    0    0    0    9    0    0    0    4    0    0    0    2    0    0    0    0    0    0    0    0    6    3    0    0    0    0    0    0    0    0    1    0    0    0    7    0    0    0    0    0    0    0    9    8    5    0  
   0    0    7    0    0    8    2    0    0    0    0    0    0    0    0    6    0    0    0    2    0    1    0    5    0    0    0    0    9    0    0    0    0    0    0    0    0    0    0    0    0    0    0    0    0    3    0    4    0    0  
   0    1    6    0    0    0    0    0    0    0    0    0    0    0    6    5    0    0    0    8    0    0    0    0    2    0    0    0    0    0    0    9    0    0    0    0    0    0    4    0    0    0    7    0    0    0    0    0    0    3  
   0    0    7    0    1    0    5    7    0    0    0    0    0    0    0    0    0    0    0    6    0    0    0    8    0    0    0    0    9    0    0    0    2    0    0    0    0    0    3    0    0    0    0    0    4    0    0    0    0    0  
   0    0    9    0    0    5    8    0    1    0    0    0    0    6    0    0    0    0    0    0    0    0    0    0    7    4    0    0    0    7    0    0    0    0    0    0    0    0    0    0    0    0    0    0    3    2    0    0    0    0  
   0    0    0    0    0    0    0    0    0    0    0    0    0    7    0    1    0    0    0    0    9    5    0    0    0    0    0    0    4    0    0    0    0    3    9    0    0    0    0    0    6    2    8    0    0    0    0    0    0    0  
   0    0    2    0    8    0    0    0    0    2    0    0    0    0    0    0    0    0    0    7    0    0    0    4    0    0    0    0    3    0    5    9    0    0    0    0    0    0    0    0    0    0    6    0    1    0    0    0    0    0  
   6    0    0    0    0    0    0    0    0    0    0    6    0    0    0    0    0    2    0    0    0    5    0    1    0    9    0    0    0    0    7    0    0    0    0    0    0    3    4    0    0    0    8    0    0    0    0    0    0    0  
   0    0    0    0    6    0    0    0    1    0    5    0    0    0    0    0    0    0    0    0    4    9    0    0    0    0    0    0    2    0    7    6    0    0    0    0    3    0    0    0    0    0    0    0    0    0    0    0    0    8  
   0    0    0    0    0    0    5    0    0    0    0    2    0    8    0    0    0    0    0    0    0    0    1    0    0    0    7    0    0    9    0    0    4    0    0    0    0    0    0    0    0    0    0    0    2    3    0    0    0    6  
   0    0    0    0    8    0    0    0    0    2    0    0    0    0    6    0    0    0    0    3    0    0    0    0    0    5    0    0    0    7    1    0    0    0    0    0    0    0    0    0    0    0    9    6    0    4    0    0    0    0  
   5    0    1    0    0    0    0    0    0    0    0    0    8    7    0    0    0    0    0    0    0    0    0    0    0    9    0    0    0    0    0    0    0    1    6    0    0    0    0    0    0    2    3    0    0    0    4    0    0    0  
   0    0    0    0    0    0    0    0    8    6    0    7    0    0    0    0    0    0    0    0    0    0    0    0    0    0    0    1    0    3    9    0    5    0    0    0    0    4    0    0    0    0    0    2    0    1    0    0    0    0  
   0    0    0    0    0    0    0    9    0    0    0    0    0    0    0    0    0    0    0    0    7    0    0    0    0    8    0    0    5    0    0    0    1    0    0    0    0    4    0    8    0    3    0    0    0    0    2    0    0    6  
   8    0    0    0    0    7    5    2    4    3    0    1    0    0    0    0    0    0    0    0    6    0    0    0    9    0    0    0    0    7    0    0    0    0    0    0    0    0    0    0    0    0    0    0    0    0    0    0    0    0  
   5    1    0    0    0    0    0    0    0    0    0    0    0    2    0    0    9    4    0    0    0    0    0    4    0    0    0    0    0    0    0    0    0    0    6    0    3    0    8    0    0    0    0    0    0    7    0    0    0    0  
   0    0    0    9    0    0    0    0    0    0    0    0    0    0    0    0    0    0    3    0    8    6    5    0    0    0    1    0    0    0    0    2    4    7    0    0    0    0    0    0    0    0    0    0    0    0    0    3    0    0  
   6    0    0    4    9    0    0    0    0    0    0    0    0    0    2    0    0    0    0    0    0    0    0    0    0    8    0    0    0    4    0    0    0    0    0    5    0    0    0    3    0    0    7    0    0    0    0    1    0    0  
   2    0    0    7    0    0    0    1    0    0    0    0    0    0    8    0    0    0    5    6    0    0    0    0    0    0    6    0    0    9    0    0    0    0    0    0    0    0    0    0    0    0    0    0    3    0    0    0    0    4  
   9    0    5    0    0    0    0    0    0    0    0    0    0    4    0    0    1    0    0    0    0    6    0    2    0    0    0    3    0    8    0    0    0    0    0    0    3    0    0    0    0    0    0    0    0    0    0    7    0    0  
   0    0    0    0    6    0    0    5    0    0    7    0    0    0    3    0    2    1    0    0    0    0    0    8    0    1    0    0    9    0    0    0    0    0    0    0    0    0    0    0    0    0    0    0    0    0    0    4    0    0  
   0    8    0    0    0    0    0    0    0    0    0    0    0    0    0    0    0    0    0    0    0    0    1    9    6    3    0    0    0    0    4    0    0    0    0    0    0    0    0    0    2    7    0    0    0    0    0    3    5    0  
   9    0    0    0    0    0    0    3    0    0    0    0    7    5    0    0    0    0    0    0    0    0    0    0    0    0    0    0    0    0    1    0    0    0    0    6    0    7    0    8    0    0    0    0    0    4    0    0    0    2  
   0    0    0    0    0    0    0    0    3    3    0    0    0    0    0    7    0    0    0    0    0    8    0    0    0    0    0    0    0    0    0    0    0    9    0    0    0    0    0    0    4    0    0    1    2    5    0    0    0    6  
   0    0    0    0    0    3    0    0    0    0    0    0    0    6    0    0    5    0    0    2    8    0    0    0    1    0    0    0    9    7    0    0    0    0    0    0    0    0    0    0    0    0    0    0    0    0    0    4    0    1  
   0    0    0    0    0    0    0    0    0    0    0    0    1    0    0    0    4    7    0    0    0    0    0    0    9    0    6    0    8    0    0    0    0    0    8    0    0    0    2    0    3    0    0    0    5    0    0    0    0    0  
   3    0    0    0    0    8    0    0    0    0    0    7    0    0    0    0    0    0    0    0    2    6    0    0    0    0    0    4    0    0    0    0    5    0    2    0    0    1    0    0    9    0    0    0    0    0    0    0    0    0  
   0    0    0    6    0    8    0    0    0    0    0    0    0    0    4    9    0    0    0    0    0    0    0    0    0    0    0    0    3    0    1    0    0    7    0    0    0    0    3    2    0    5    0    0    0    0    0    0    0    0  
   0    5    0    0    0    0    1    4    8    0    0    0    9    0    0    0    6    0    0    0    0    0    0    7    0    0    0    0    0    0    0    0    0    0    0    0    0    0    0    0    0    0    2    6    0    0    3    0    0    0  
   0    0    0    0    0    0    0    0    0    0    0    0    0    0    0    4    0    0    0    0    9    0    7    0    0    0    0    0    0    1    2    6    0    0    0    0    0    0    0    0    5    0    0    0    0    3    8    0    0    9  
   4    0    0    0    0    0    7    8    6    1    2    0    0    0    0    0    0    0    0    0    0    0    0    7    0    0    0    0    0    0    0    0    0    3    0    0    0    0    0    0    0    0    0    9    0    0    0    5    0    0  
   0    0    0    9    0    3    0    0    0    0    0    0    0    3    0    0    2    7    0    0    5    0    0    0    8    0    0    0    0    0    0    0    0    0    0    0    0    0    0    0    0    1    0    0    0    4    0    0    0    6  
   0    3    0    0    0    0    0    0    0    0    0    0    7    1    0    0    0    0    0    6    0    0    0    5    0    0    0    0    0    0    0    8    0    0    6    2    0    0    0    0    4    0    0    0    0    0    0    9    0    0  
   0    7    2    0    0    0    9    0    0    0    0    0    0    0    0    0    8    0    0    4    6    0    0    0    0    0    0    0    0    0    0    0    3    0    0    0    0    0    1    5    0    0    0    0    0    0    0    0    0    9  
   0    0    0    0    0    0    0    0    0    0    0    0    0    0    0    0    0    0    0    0    8    0    0    7    9    3    0    0    0    0    4    0    1    6    0    8    0    0    0    0    0    0    0    0    0    5    0    2    0    0  
   0    0    0    0    8    8    0    0    5    0    2    0    0    0    0    0    0    0    0    0    0    0    0    0    4    0    0    0    0    0    3    0    0    9    0    0    0    0    0    0    6    0    0    0    0    0    0    1    0    7  
   0    2    1    0    8    0    0    0    0    0    0    0    0    0    0    3    0    0    0    6    0    0    0    0    0    0    0    0    0    0    0    0    0    0    4    7    0    0    0    0    0    5    0    0    7    0    0    0    9    0  
   0    0    0    0    0    0    0    0    0    0    0    0    2    0    0    0    4    0    0    0    0    0    0    0    7    4    9    0    0    3    5    0    0    0    0    0    0    0    0    0    0    0    0    8    0    0    0    0    6    1  
   5    0    0    0    0    0    0    0    0    0    7    0    0    0    0    1    0    0    0    0    0    8    0    0    0    2    0    0    8    4    0    0    0    0    0    6    0    0    0    0    9    0    0    0    3    0    0    0    0    0  
   0    0    0    0    0    0    0    1    3    0    0    0    0    0    8    0    9    0    0    0    0    0    0    0    0    6    2    0    7    0    0    0    0    0    0    0    0    0    0    4    0    5    0    0    0    0    2    0    0    0  
   0    0    0    0    0    0    0    0    0    0    0    0    0    8    6    0    0    0    0    0    0    0    0    0    0    0    0    0    0    9    4    0    0    0    0    3    0    0    1    2    0    0    0    5    7    0    0    0    9    0  
   9    0    0    0    0    4    0    0    0    0    0    0    0    7    0    0    0    2    0    0    0    0    0    0    0    0    0    0    0    5    8    8    0    0    0    0    0    0    0    0    0    6    0    0    0    3    0    1    0    0  
   7    0    0    0    0    0    0    3    0    0    0    0    2    0    0    0    0    0    0    0    0    0    0    0    4    0    8    0    0    0    0    9    0    0    0    4    0    0    0    0    0    0    5    0    6    0    0    0    0    1  
   0    0    0    0    0    0    0    0    0    4    0    0    0    0    0    0    1    0    0    8    7    0    0    0    2    0    5    6    0    0    0    0    0    0    0    0    0    0    0    4    0    0    0    0    0    0    9    0    0    3  
   0    6    5    0    0    0    1    0    0    0    0    0    0    0    9    0    0    0    0    3    4    0    2    0    0    0    0    0    0    8    0    0    0    0    0    0    0    0    0    0    0    0    7    0    0    0    0    1    0    0  
   0    0    0    0    9    3    0    0    0    7    0    0    0    8    0    0    7    0    0    0    0    0    0    0    0    0    0    2    0    0    0    0    0    6    4    0    0    0    0    0    0    0    1    0    0    0    0    0    0    5  
   0    0    0    0    4    7    0    0    0    0    0    0    0    0    0    6    0    0    0    5    0    0    0    0    0    2    8    0    0    0    0    0    0    0    1    0    0    3    0    0    0    9    0    0    7    0    0    0    0    0  
   0    0    0    0    0    7    7    0    0    2    1    0    0    0    0    0    0    0    0    0    0    0    3    0    8    4    0    0    0    0    0    0    0    0    0    0    0    0    0    9    6    0    0    0    0    0    5    0    0    0  
   7    0    0    0    0    0    0    0    0    3    0    0    0    9    6    0    0    0    0    0    0    0    0    0    4    0    8    0    2    0    0    0    3    5    0    0    0    0    0    0    0    0    0    0    0    0    1    0    0    0  
   6    0    0    0    0    1    0    0    5    0    3    0    0    0    0    0    0    0    0    0    0    0    0    0    7    0    0    0    0    4    0    0    0    9    0    8    1    0    0    0    0    0    0    0    0    2    0    0    0    0  
   6    7    0    0    0    0    0    0    0    0    2    0    8    0    0    0    0    0    0    0    0    0    0    0    3    9    0    0    0    0    0    0    0    4    0    0    0    0    1    5    0    0    0    0    5    0    0    0    0    0  
   0    9    8    0    0    4    0    0    0    0    0    0    0    0    0    0    0    0    0    0    0    0    5    0    7    3    0    7    0    0    0    0    0    1    0    0    0    2    0    0    0    0    0    0    0    0    6    0    0    0  
   0    0    5    0    0    8    1    0    0    0    0    0    0    0    6    0    0    4    0    0    0    0    1    0    0    0    0    0    0    0    2    0    7    0    0    0    0    0    0    3    0    0    0    0    0    0    0    0    0    9  
   3    0    0    0    0    0    0    0    8    0    0    0    0    9    0    0    0    0    0    0    0    0    6    0    0    0    4    0    5    0    0    7    0    0    0    0    0    0    0    0    0    0    2    0    0    0    4    0    0    1  
   0    0    0    0    0    0    0    0    0    7    0    0    0    3    0    0    0    0    0    4    0    5    0    0    9    0    0    0    7    6    0    0    0    0    0    0    0    2    0    0    0    0    0    1    0    0    0    0    8    0  
   8    0    0    0    6    1    0    0    2    0    9    0    0    0    0    0    0    0    0    0    0    4    7    0    0    3    0    0    0    0    0    0    0    0    0    0    0    0    0    5    0    0    3    0    0    0    0    0    0    0  
   4    0    7    0    0    8    0    3    0    0    0    0    0    0    9    0    0    0    9    0    0    0    0    0    0    0    0    0    0    0    0    0    0    0    5    0    0    0    6    2    0    0    0    1    0    0    0    0    0    0  
   0    0    0    0    0    0    3    7    0    5    0    6    0    0    0    9    0    0    0    2    0    5    0    0    4    0    0    0    0    0    0    0    0    0    1    0    0    0    0    0    0    0    0    8    0    0    0    0    0    0  
   0    0    0    0    0    0    9    0    0    0    7    0    0    3    0    0    2    0    0    0    0    0    8    0    0    0    0    6    0    0    7    5    0    0    0    0    0    0    0    0    0    0    0    0    0    0    4    1    0    0  
   0    4    0    0    0    0    0    0    0    0    2    0    0    0    0    0    0    1    0    0    0    9    3    0    0    0    0    0    1    0    0    0    0    0    7    0    0    0    0    0    0    0    0    5    8    0    6    0    0    0  
   0    9    0    0    0    0    0    0    6    0    4    0    0    7    0    0    0    0    8    6    0    0    3    0    0    0    0    0    5    0    0    0    0    0    0    0    0    0    0    0    0    0    1    0    0    0    0    0    0    2  
   0    0    0    5    0    0    0    0    0    0    0    0    0    0    0    0    0    9    7    0    1    4    0    0    0    0    0    0    0    6    0    0    1    0    0    0    0    0    2    0    3    0    0    0    0    8    0    0    0    0  
   0    9    0    0    3    0    0    0    5    0    0    0    0    0    0    0    4    7    0    5    0    0    0    0    0    0    2    8    6    0    0    0    0    0    0    0    0    0    0    0    0    0    0    1    0    0    0    0    0    0  
   0    0    0    0    0    0    0    0    0    0    1    0    0    0    0    3    6    0    0    0    8    0    0    0    1    0    0    0    0    0    0    5    0    0    0    0    0    0    0    0    0    9    0    4    0    7    0    0    0    2  
   0    8    0    0    0    0    1    0    0    2    3    0    0    0    0    5    0    0    0    0    0    0    0    0    7    0    0    0    0    0    0    0    1    4    0    0    0    0    0    0    0    0    6    0    0    0    0    0    9    0  
   4    1    0    0    0    0    0    0    0    9    0    0    6    0    0    0    0    0    0    0    0    3    0    2    0    0    0    0    8    5    0    0    0    0    0    0    9    0    0    0    0    0    7    0    0    0    0    0    0    0  
   0    9    8    0    0    0    0    2    0    0    0    6    0    0    0    0    0    5    0    0    0    0    0    0    7    0    0    0    0    0    0    6    0    0    0    0    0    1    0    0    0    3    0    0    0    0    0    4    0    0  
   0    5    0    0    0    9    0    0    1    0    0    0    0    7    0    4    0    0    0    0    0    6    0    0    0    0    0    0    0    0    0    0    0    0    0    0    0    0    3    0    0    0    0    0    0    0    8    0    2    9  
   8    0    0    0    0    1    9    0    0    0    4    0    0    0    0    0    0    0    0    0    7    0    0    0    0    0    0    0    6    8    3    0    0    0    0    0    0    0    5    0    2    0    0    0    0    0    0    0    0    0  
   0    0    0    2    6    0    0    0    3    7    0    0    0    0    0    0    0    0    0    0    0    0    0    0    1    0    0    0    0    0    0    4    0    8    0    0    5    0    0    0    9    0    0    0    0    0    0    0    0    7  
   0    0    0    0    0    0    0    1    6    0    0    0    0    0    0    0    0    0    0    0    0    0    0    0    0    0    0    9    5    0    0    3    7    2    0    0    0    4    0    0    0    0    0    0    0    0    3    8    0    0  
   0    0    0    8    0    0    0    0    0    0    9    0    0    0    0    0    2    0    0    0    0    0    3    0    4    6    0    0    0    0    0    0    0    1    0    0    1    0    0    7    0    0    0    5    0    0    0    0    0    0  
   0    1    0    0    0    0    0    2    0    0    0    0    0    9    7    4    0    0    6    0    0    0    0    0    0    0    0    0    0    0    0    0    0    3    0    0    0    5    0    0    0    0    0    8    0    0    0    0    0    4  
   0    0    9    7    0    0    0    0    0    1    0    4    0    0    0    0    0    0    0    0    4    0    0    6    0    0    0    0    0    0    0    0    0    0    2    0    0    0    0    5    0    3    0    0    0    0    8    0    0    0  
   0    4    0    0    0    0    0    0    0    0    0    0    5    0    0    0    0    0    6    0    0    0    0    0    0    0    0    0    2    0    0    0    0    6    0    0    1    0    0    0    0    0    7    8    3    0    0    9    0    0  
   0    0    0    0    0    0    0    0    8    0    0    0    0    2    3    0    0    7    0    0    9    0    0    0    2    0    0    0    5    0    0    0    0    0    0    0    6    0    0    1    0    0    0    0    0    0    4    0    0    0  
   0    0    0    0    0    0    0    0    7    0    0    0    0    0    3    0    5    5    0    0    2    0    0    0    0    0    6    0    0    0    0    0    0    0    0    0    0    4    0    9    0    0    0    1    0    0    0    0    0    8  
   0    6    0    0    5    3    0    0    0    0    1    0    0    0    9    0    0    0    0    7    0    0    0    0    0    5    0    0    0    0    0    0    0    4    8    0    0    2    0    0    0    0    0    0    0    0    0    0    0    0  ] 
BUDGETS : [    4    5    6    8   11   13   15   17   21   22   25   26   28   31   31   35   37   38   39   41   42   46   46   47   50   51   53   55   56   57   58   60   65   68   70   70   75   76   79   85   87   92   93   95   95  101  104  106  106  107  115  115  116  117  117  118  122  125  127  127  127  128  128  132  135  136  136  136  139  139  139  139  143  144  147  150  150  151  151  151  155  155  157  163  165  165  171  172  174  177  180  181  183  184  186  189  190  194  199  199  ] 
