K : 100
I : 100
PREFERENCES : [   77   91   31   76   50   17   23   70   30    7   78   11   84   65    8   32   15   81   18   12   49   38   83   19    2   25   20   21   24   87   93   40   39    5   79   53   57   88   82   59   61   35   63   36   51   28   34   22   46   64   72   86   97   41   55   96   74   48    9   22   85   58   90   29   62   89   33   56   66   13   54   47   44   94   67   16    3   71   92   95   27   68    6   45   75   52    3    4   37   43   89   10   26   73    1   60   14   80   69   42  
  58   47   33   15   97    3    2   19   80   57   95    7   34    8   55    6   54   93    1   96   49   36   60   87   63   59   44   28   91   25   68   45   17   11    9   85   78   35   83   40   64   84   82   42   94   22   61   41   26   71   67   92   20    4   18   76   13   53   70   21   90   72   48   26   31   88   29   16   89   24   65   32   10   81   69   75   77   57   39   79   43   74   27   46   50   86   83   23   52   56   30   12   14   66   62   73   38   37   51    5  
   4   70    8   16   72   73   10   76   79   56   82   66   26   51   65   63   84   91   18   48   60   49   22   29   34   92   86   32   25   95   23   75    9   39   61   74   27   11   97   40    6   89   30   15   28    5   45   58   47   93   80   31   24   90   54   85   50    7   46   68   94    2   44   33   64    3   81   21   41   53   77   96   62   12   13   83   88   67   37    7   19   81   20   36   59   69   17   87   55   35   63   42   57   78   38    1   52   14   71   43  
  29    7   31    6   23   58   14   78   39   53   57   64   41   67   59   95   56   22   94   44   16    4   61   72   85   46   71   25   19   93   96   76   42   26   33   54    2   65   63   13   49   12   48   21   81   43    5    9   30   10   62   86   27   72   35   55   77   68   79   89   47   50   74   83   32   34   15   88   66   91   51   28   38   68   90   73    3   17   80   45   57   92   60   69   20   70    1    8   87   82   75   11   24   40   84   18   37   52   36   97  
   6   48   51   87   73   97   57   18   28   70   87   38   63   31   49   11   54   96   56   17   23    9   39   42   19   58   45   85    3    7   78   83   41   15   67   66   89   50   61   36   33   30   64   90   69   29   10   82    1   92   94   91   74   43   79   53    5   32   47   81   40   88   25   35   37   52    2   68   80   46    4   60    2   20   77   79   26    8   75   44   13   93   76   59   95   16   86   22   21   24   34   55   62   84   14   12   27   72   71   65  
  97   71   11    9   37   22   33   12   88   77   78   81   91   92   44   20   85   28   82   35    4   57   46   64   34    2   38   21   51   62   19   52   45   93   76   32   67   50   24   72   70   94    6   74   61    8   23   75   58   18   96   60   63   29   87    3   41   66    5   13   16   65   55   79   36   80   56   27   53   95   15   10   40   84   68   54   59    1   69   25   42   26   48   14   44   86   69   39   30   83   17   49   90   43   89   31   47   61   73    7  
  13   75   54   77   82   47   32   20    7   72   90   64    2   43   81   17   79   72   74   23   22   26   51   46   19   57   10   59   16   35   48   70   60   96   53   87    9   73   94   49   53   63   80   50   12   30   62   21   58   11   69   61   55   33   97   18   45   85   67   38   83   31   93   66   95   44   27   84   71   14   24   68   34   92   88   41   56   28   76   89    3    1   39   65   25   17    5    6   86   91   37   42   52    4   40   78    8   29   15   36  
  44   48    5   11   34   71   77   79   64   74   89   90   71   97   27   80   56   14   65   83    4   66   25   47   29   85   22   45   67   63   69    1   57   54   72   87   58   23   43   16   76   10   75   50   35   84   93   95   94   55   86   26   21   38   15   62   82   39   32   13   19   81   30   40   73   53    7   36   60   70   92   31   12   41   88   68    8   33    9   37   61    2   24   20   46   49   17   91   78   96   28    7   59   18   81   51   52    6   42    3  
  82   86   39   33   78   50    3   48   89   54   97   42   10   88   25   51   56   73   80   69   65   68   84   23   12   16   62   90   67    2    8   55   79   59   30   95   17   77   52   72    6   46   20   36   37   40   13   94   44   66   18   28   11   92   71   57   19   38   91   74   87   35   60   96   61   83   43   64   49   53   76    5   14    7   75   41   36   63   24   45    1   29   21    4   47   27   81   58   15   93   34   70   26   31    9   32   85   22   16   61  
  78   57   49   33   17   34   91   26   96   50   48   71   36    6   15   58   19   52   37    2   81   84    5   77   31   60   63   89   20   67    1   73   68   90   56   28   46   10   40   75   27   59   92   11   41   76   30   25   32   80   85   95   83   61   66   62   97   74   51   82   14   55   93   44    3   54   69   45   79    7   65   12    4   42   70   86   72   53   95   47   22   23    8   35   46   39   88   29   21   13   64   16   24    9   94   18   43   38   87   18  
   6   92   45   96   19   42   17   26   33   59   36   51   35   75   16   91   10   57   25    9   12   15   13   46    2   95   67   21   65   82   47   66   41   73   38   34   44   93    8   50   14   43   90   63   18   58   69   48   89   11   30   80   37   32    7   68   52   56   60   83   76   71   53   27   87    4   79   41    3   24   55   61   81   41   40   84    5    1   97   72   86   74   39   88   64   54   29   85   94   22   20   28   70   23   49   77   78   62   20   31  
  11   83   81   44   96   62   32   73   37   71   63   16   26   92   42   56   33    3   67   49   57   38   64    1   68   40   69   88   25   51   70    6   15   48   10   21    4   47   58   14   46    5   87   96   72    2   59   76   38   91   22   93   78   23   27   50   35   52   86   89   13   20   60   41   24   28   66   53   36   19    9   75   54    8   17   82   74    7   80   12   31   18   84   29   55   45   79   94   97   65   77   95   34   43   39   90   30   17   61   85  
  20   18   72    4   68   71   27   86   32   24    7   47   31   74    2   36   77   88   62   65   58   24   28   33   53   64   94    6   89   92   15   52   13   17   67   11   54   56   48   12   69   37   80   10   81   91   26   61   76   19   29   14   41   42   87   29   93   66   23   25   46   44   63   50   84   95   45   79   85   73   38   34   83    8    5   59   51   82   70    9   90   51   43   16   35    1   40   39   49   30   60   55   21   78    3   75   96   57   97   22  
   4   62   46    9   89   13    3   21   40   94   33   78   26   10   73    6   28    7   11   63   24   43   34   22   84   23   52   17   91   81   47   56   20   16   12   77   74   19   37   68    2   80   85   76   45   66   79   90   38   82   57   53   15   48   75   67    8   25   42   64   65   51   64   71   31   32    5   49   95   93   39   54   61   96    1   44   92   70   27   55   38   87   29   93   30   72   60   50   97   86   35   14   58   83   18   59   88   41   36   69  
  72   20   43   47   49   50   63    1   17   39   65   44   37   57   83   79   33    3   35   14   90   81    2   74   84   63   34   16   61   82   10   42   71   60   43   67   92   89   18   22   73   30   23   11   86   91    5   88   56   31   51   55   75   93   41    9   15   97   38   76   25   68    8   13   77   66   87   58   96   12   21   48   78    7   64   69   80   85   95   28    6   62   54   52   36   29   94   27    4   46   45   40   59   53   24   70   26   81   32   19  
  40   18    5   60   42   11   78   24   55   39   60   13   34   92   88   67   14   21   81   38   25   44   75   93   91   68   48   69   16   50   89   19   30   84   12   28   56   57   41   12    2   95   62   90   61   83   53   52   71   79   51   32   64   49   82   58   37   94    7    9   22   74   59   35    3   17   76   87    8   77   10   65   70   33   73   26   72   36    4    6   43   54   27   20   47    1   29   85   45   15   96   31   46   66   62   86   23   63   80   97  
  89   35   68   77   32   18   74   11   20   34    4   52   66   13   69   25    9   79   65    5    6   26   28    1   31   30   49   40   45   47   62   17   12   10   14   57   67   22   29   72   75   64   58   73   38   27   90   78    2   81   53   70   48    8   87    3    7   80   61   55   97   88   16    9   54   76   95   86   20   91   43   42   94   24   84   46   51   92   96   83   50   59   23   39   21   37   93   15   60   56   63   33   82   44   36   41   19   25   71   85  
  13   80   17   37   85   28   96   79   91   86   15   88    6   23   42   51   25   50   64   68   52   48   75   27   20   33    1   81   29   67   62   34   71   60    7   14   18   89   45   97   59   38   87   30   73   58   77   62   78   41   31   74    8   61   90   44    4   49   47   26   43    9   46   78   36   82   39   65   10   24   92   95   35    2   32   83   12   57   70   16   53   11   56   19    3   72   55   93   54   94   93   21   63   40   22    5   66   84   76   69  
  64   13   67   47   64    7   68   36   32   53   48    2   79   15   33    5   80   49   50   66   54   58   70   62   85   59   44   43   17   29   95   61   55   41   39   11   46    6   23   25   89   93   74   90   77   16    3   84   10   73   63   30   82   37   78   24    1   91   28   56   14   75   38   35   60   31   76   42   87   72   21   71   26   94   18    4   83   20   52    9   45    8   36   27   86   51   57   34   97   81   88   19   40   92   15   22   65   69   12   96  
  89   22   48   66   21   51   21   84   69    3   24    4   80   68    8   85   18   52   73   25   60   82   43   23   67   56   29   42    7   92   44   72   53   64   49   79   47   93    9   77   41   17   13   46   19   56   28   32   90   75   34   35   12   81   70   94   97   50   88   15   96   57    5   16   31   95   11   62   14   33   37    2   55   83   91   45   36   58   20   76   63   78   38   27   79   74   61    1   71   10   54   39   87    6   86   65   40   59   26   30  
  84    7   39   64    9    6   81   65   26   78   54    8   34   88   90   80   23   61   41   37   96   92   40   93   36   19   21   14   49    5   29   90   53   60   94   50   25   77   97   37   32   47   68   85   38   48   69   18   89   67   71   45   52   72   30   35   70    3   51   66    1   11   16   55   63   44   58   12   24   17    2   20   15   33   76   42    8   62   10   43   57   13   86   59   75   73   31   46   82   79   87   22   74   95   28   56    4   91   27   83  
  95   42   28   93   21   46   47   88   29   87   40   12   85   58   71   10   14   91    9   61   62   13   25   89   92   74   94   66   70   80   22   64   19   81   56   45   26   52   31    8   50    1   67   17   57   90   59   44   83   82   43   18   49   76    3    2   38   39   83   24   34   73   48   55   63   23   54   68    4   53   78   75   84   51   32   97   60   35   37   41   20   79   27   15   54   50    5   96    7   86   36   69   30   33   16   65   77   72    6   11  
  79   82   60   34   73   70   38   86   19   75    8    2   48    9   21   97   58   33   10   94    3   46    1   69   56    6   91   83   55    4   81   47   67   14   85   18   66    5   31   49   20   16   72   53   96    7   65   47   62   44   95   35   51   24   64   52   90   11   17   42   68   29   30   78   70   93   57   84   36   45   87   50   25   63   54   12   92   61   23   22   40   80   39   41   70   37   89   32   88   26   13   76   77   27   15   74   71   28   59   43  
  39   96   46   40    2   70   27   79   20   80   53   71   38   13    4   73   91   69   59   54   58   84   55   48   83   49   52   57   33   87   72   22   19   17    8   89   12   64   21   29    1   35   47   66   43   97   15   76    7   78   28   60   24    9   25   56   65   74   32    5   37   63   26   34   44   24   41   87    6   86   95   10   48   23   93   36   68   88   62   30   82   85   42   50   31   14   67   77   81   18   92   45   61   11   90    3   75   16   51   94  
  22   85   91   56   27   76   58   42   81   30   50   25    1   64   92   80   88   33   63   83   38   35   84   65   68    5   39   70   48   29   46   75   66   97   58   55   71   19   62   23    4    2   69   16   21   43    7   40   57   15   78   59   93   95   32   11   44    9   24   53   26   47   60   96   51   13    6   52   36   67   31   87   54   37   79   49   14   90   94   72   61    8   18   83   34   72   17   12   28   89   41   82   74   45   77   20   10   86   73    3  
  70   91   87   11   29   74   42   15   25   36   54   51   12   48   18   96   53   46   34   22   95   75   97    1   83   50    9   33   33   89   68    5   13   13   27   60   21   63   64   57   38   78   77   56    3   19   30    7   23   10   58   59   92   65   94   47   17   24   45   71   28   62   35   32   84   80   31   66    4   67   73   43   37   49   12   69   93   79   44   20   90    2   55   85   76   81   72   26   14    6   86   40   61   88   82   52   16   41   39    8  
  75   30   27   21   86   81   90   60   67   21   39   88   38   12   96   15   83   11    4   53   82    5    9   56   77   18   42   97   29   19   25   34   85   42   17   40   63    3   33    2   41   79   16   91   66   49   22   94   72   20   51   59   68    6   52   23   26   35   93   36   57   45   14   71   10   92   48   76   28   73   80   46    1   78    8    7   54   64   44   74   55   62   31   47   65   37   69   84   61   55   95   50   32   13   89   24   58   70   87   43  
  49   31   97    7   33   16   14   87   48   12   79   11   89   95   17   85   51   86   59   36   18   66   60   42    1   88   75   81   61   39   34   58   21   21   69   74   67   15   91   80   65   77   19   43    2   82   32   90   92   29   40    6   22   27    3   53   56   57   94    4   26   55   70   54   73   41   13   45   46   52   10   76   50   96   83    8   62   38   87   21   93   25   63   20   64   28    5   44   84   68   35   23   72   47   37   30   24    9   78   71  
  35   62   21   34    3   72   22   94   69   50   91   79   77   95   28   36   17   23   83   75   80   38   53   40   76   60   70   48   90   25    8    2   66   27   44   32   16   97   89    4    8   57   51    1   93   86   47   92   49   74   10   43   84   41   29   20   52   30   19    7   24   85   54   64   61   26   18   59   46   68    6   82   96   13   14   71   15   44   87   36   73   42   33   88   81   55   39   11    9   31   56   37   45   78   12    5   63   58   65   67  
   9   42   71   64    6   25   33    3   89   39   62   67   68   40   23    7   70   26    4   84   81   94   32   15   57   61   10   12   77   90    5   30   65    2   48   14   51   74   55   45   56   34   37   80   41   72   73   36    8   20   38   60   86   75   87   69   19   97   94   63   78   66   21   11    1   35   85   22   59   83   53   91   72   54   52   28   88   44   16   76   93   96   13   50   82   40   95   92   24   31   29   58   79   18   43   17   27   49   47   46  
  95   44   45   96   16   13    4    2   12   33   11   84    9   91   68   61   34   17   47   64   74    6   75   88   70   21   32    8   10   82   83   73   56   22   25   42   14   89   71   50   39   78   66   43   36   46   85   63   92   56   86   40   35   77   70   54   52   49   57   57   58   87   94   55   30   27   80   23   28   67   72   69   62   18   48   38   37    3   60   59   79   65   26   90    1   76   97   15   20   29    7   41   24   53   51   19   93   31    5   81  
  89   26   24   23   82   36   55   77   21   31   18   28   18    9   32   93    8   44   73   56   47   37   49   95   79   41   97   18   42   43   81   58   20   68   11   60   39   13   33   74   30   53   50   69   48   94   34   38    2   70   15   92    4   87   91   19   12   54   96   25   22   75   80   28   71   83   35   27    1   64   90   29   40   59   62   45   46   86   88   72   84   10   14   61   66   67   17   63   65   51    7    5   52   57   16    3   76    6   85   78  
  70   90   40    6    1   86   72   36    2   96   27   28   15   76   57   92   24   81   56   25    4   13    5   93   51   54   34   66   26   89   30   71   49   59   64   74   87   48   80   36   38   88   31   52   41   37   94   62   73   55    9   19   29   42   17   58   46   91   33   39   61   69   60   53   35   65   77   44   95    3   78   23   22   97   84   63   68   79    7   16   82   50    8   32   43   18   67   83   10   14   45   41   12   16   21   85   11   75   47   20  
  87   39    5   83   70   26   53   46   42   33   51   74    1   20   23   92    2   43   68   24   81   14   36   27    7   69   31   66   16    4   45   96   19   41   88   63   54   86   90   54   77   12   21   73   57   52   55   40   94   28    8   30   76   93   29   59   78   18   15    9   91   72   62   58   13   38   44    3   71   95   97   64   32   37    4   49   84   60   89   65   82   17   56   22   48   85   80   11    6   10   67   50   34   47   79   35   25   20   61   75  
  86   31   66   81   24    5    9   43   46   73   25   28   62   19   45   20   55   54   33   67   88   79   41   10   56   64   23   92   50   35   49   77   83   93   70   87   84    6   61   47    4    7   34   85   57   27   48   18   13   21   80   47   71   44   40    1   51   38   75   17   95   89   96   29   58   74   89   42   12   30   78   65    3   15   63   69   37   94   72   97    8   90   53   14    2   11   36   22   32   16   91   82   68   50   60   59   52   39   26   76  
  53   51   93   18    9    3   44   88   77   21   94   32   49   63   22   73   69   39   40   58   16    6   26   42   72   11   52   55   71   34   68    5   33   13   89   64   31   48   91   82   90   76   60   29   19   53   23   83   14   46   12   54    8   12   92   20    2   15   59   66   61   62    6   45   24   70   80   28   65   97   56   96   85   10   35   25   84   78   30   86    7   17   79   81   74   50   27   41   57    4   87    1   47   38   37   36   43   75   95   67  
  37   67    3   15   14   70   25   69   97   23   35   45   36   74   53   24   41    5   13   66   11   42   43   61   85    2   38   92   54   72    7   68   84   48   33   71   39    9   93    4   49   46   16   34   63   77   56   88   35   55   17   18   64   47   29   87   51   75   10   81   91   78   57   20   89    6   83   90   31   62   59   19   28   65   22   86   94   12   50   21   68   30   27   82   40   60    1   95   44   96   58   83   79   32   52   73   26   80   76    8  
  57   63    6   68    9   75   85   81   33   55   82   90   30   49   56   96   47   34   52    5   50   97   87   62   42   38    2   45   60   48   28   36    7   72   95   86   92   19   79   71   74   84    4   93   58   31   51   21   80   67   46   77   94   88   69    3   59   27   44   22   91    1   76   18   70   15   54    3   20   14   23   40   26   43   61   37   83   29    8   16   32   73   41   24   89   25    1   32   53   11   17   35   39   13   10   66   12   65   64   78  
  57   87   24   60   52   21   68   76   45   66   86   95   16    8   29   61   71   11   53   70   22   20    1   64   77    9   58   72   78   90   30   54   38    5   59   15   13   18   31   44   93   25   17   46    3   28   96   48   14   56   62   40   34   63   50   97   75   10   83   38   43   26   33   27   84   79   75   67   94   81   49   80   39   35   47   88    4   19   69    7   23   73   89   12   51   92   74    2   53   32   82   85   42   55   91   36   41   37   65    6  
  52    6   90   67   29   27   32   18    4   12    7   78   79   54   28   75   73   22   35   43   49   95   25   30   40   78   55   97   31    1   50   20   13   86   91   38   68   56   61   83    3    5   26   72   51   33   17    8   59   19   37   45   76   70   85   66   29   88   60   58   71   15   39   62   65   77   92    2   89   68   82   36   44   93   24   23   21   34   69   80   96   53   87   94   46   64   84   11   10   63   42   47   16   81    9   41   74   57   14   48  
  20   41   22   89   65   53   10   81   90   80   96   43    3   15   71   34   14   40   37   25    8   68   67   31   39    4    2   28   82   33   92   32    1    6   54   83   18   21    7    5   94   12   97   29   87   93   88   51   27   35   58   61   50   62   55   79   84   38   24   86   13   45   36   66   91   69   19   30   47   72   70   95   16   40   23   42   59   60   77   11    9   46   63   64   73   74   78   75   52   26    4   56   76   17   85   49   48    4   57   44  
   6    8   79   52   43   11   72   83   59   32   57   86    1   69   87   84   77   19   73   89   70   13   50    9   38   15   68   64   97   37   29   16    2   25   92   61   27   90   46   34   53   17   71   31   67   44   78   85   51   48   48   24   95   60   42   76   41   30   12   69   65   94   56   26   58   81   28   18   75    3   45   82   10   39   47   23   91   35   80   63   96   20   22   55   40   62    4   66   21   33   21   54   14   88   74    7   49   93    5   36  
  67    1   37   78   25   74   61   90   21   57   95   39    9   79   62   29    7   69   75   66   94   68   17    8   53   89   16   60   26   97   72    6   73   84   81   54   33   42   36   51   86   46   96   50   76   65   64   31   91   11   27   15   41   52   77   24   70   87   48   63    3   19   92   23   45   80   85   38   83   40   59   43   28   18   71   13   35   32    4   45   22   91   55   93   88   49   14   20   47   30    5   82   56   58    2   12   72   34   10   44  
  78   41    5   71   69   18   79   72    1   63   54   60   74   48    2   61   27   19   94   21   29   65   96   43   89   46   91   59   73   49   21   80   37   93   92   47   75   32   42   17   39   36   14   90    9   82   12   88   13    4   30   20   16   58   76   86   81   34   51   62   31   40   68    8   97   28    3   11   64   95   23   33   84   66   55   44   77   35    6   87   52   38   24   53   96   67   10   85   56   15    2   83   57   22    7   50   25   70   45   26  
  96   58   73   72   44   55    2   81   39   43   35   32   50   75   34   62   95   30   37   15   59   45   42    7   13   41   65   83   28   66    6   82   89   11   82   27   70   64   54    5   69    8   23   63   18   74   86   47   25   85   14   16   33   71   76   17   90   97   24   90   68   46   87   61   92   80   57   48   94   31   26   38   67   88   21   53    3   22   52    1   91   77   56   60   29   95   78   79   49   20   51    9    4   93   19   12   36   40   84   10  
  86   33   67   61   58   88   76   14    6    3   66   96   60   68   22   40   31   81   84   21   19   36   86   73   94   31   80   74   78   10   13   97   39   30    1   24   20   77   16   34   25   57   44   15   90   91   85   43   53   83   62   26   12    2   65   51   52   11   93   71   47   45   55   95    7    8    5   82   69   89   63   38   23   59    4   42   48   17   41   18    9   49   27   56   92   28   75   79   70   72   46   35   71   54   50   37   87   32   64   29  
  24    1   33    3   64   72   38   60   41   15   87   80   58   84   48   52    6    8   85   13   62   20   17   53   28   14   22    2   90   54   21   56   10   47   19   18   31   73   55   12   70   49   37   35   63   67   43   27   44   83   91   59   34   95   45   29   93   11   96   78   69   97   51    5    4   50   77   66   65   97   94   28   86   74   71   75   26   23   16   88   25   30   39   92   89   36   68    9   42   82   57   32    7   50   81   76   61   40   46   79  
  39   32   37   97   31   36   41   62   30   48   76   11    8   70   79   95   47   66   15   25   10   78    1   26   80   38   45   77   68   73   21   17   44   36   18   55   71   28   46   64   23   42   13   19   96   24   33   91   67   29   86   22   90   75    9   81   84   34   74   53   87   72   56   33   50   35   54    2   88   49    4   51   93    6   85   60   16   92   63   83   57   65   82   12   20   14    7   52    3   94   89   69   43   27   58   61    5   40   59   28  
  40   62   45   92   69   89   27   20   63   77   66   42    1   31   91   74   59   51   94   84   88   75   97   15    5   43   46   76   24   86    6   32   49   81   26   11    2   82   29   10   33   41   38   71   39   12   60   85    7   13   95   37   70   65   87   93   47   61   23   53   83   78   67   14   30    3   36   28   72   79   97   56   25   68   21   18   50   90   64   55   18   35   80   52   57   96   49    8    9    4   22   19   44   34   48   16   73   54   17   58  
   1   85   42   23   17   44   27   55   15   49   54   94   47   63    6   96    5   52    7   37   62   19   79   76   33   19    9   30   38   58   88   87   68   66   50   64   84   11   28   34   39   82   40   18   56   81   65   20   70   14    2   60   69   45   80   36   46   90   91   97   75   13   95    3   48   53   35   32   22   92   71   31    4    8   25   24   77   72   59   41   12   84   67   57   16   10   78   51   74   26   89   61   43   21   73   86   29   84   93   83  
  11   60    5   47   62   27   93   84   83   51   58   18   55   42   39   73   26   15   21   85   90   75   61   71   40   68   13   76   34    1   63    3   33   30   48    9   35   88   52   50   81   14   65   77    8   46   94   56   24   54    8   69   23   79   80   57   32   78   25   95   82   53   10   29    6   87   36   16   17   66    2   49   19   86   96   64   97   89   74   31    4   70   59   12   43   67   37    7   45   91   28   20   22   57   38   44   72   92   41   39  
  86    3   39   29   43   22   85   62   73    1   49   62   25   17   28    8   48   80   13   68   72   55   88   23   84   42   91   63   52   31    4   35   76   92   14   57   12    5   78   56    7   30   42   75   74   51   58   50   61   47   83   89   27   46   96   18   79   67   11   37   93    2   81   15    6   54   87   64   59   97   41   34   90   66   16   45   65   82   44   95   38   32   20   19   94   40   21   53   33   77   12   24   36   70   10    9   60   69   71   26  
  68   19   66   25   90   72   77   35   44   86   91   71   73   58   37   79   12   15   47   34   38   96   48   43   55    6    3   50   82   97   84   74   26   63   59   27   61   46   49   53   14    8   85   23   45   22   41   51   10   16   33    9   39   57   78   89   76   75   93   21   36   69   18   83   28   88    1   30   29   60   32   56    5   40   24   67   13   92   65   17   42   87    2   20   85   95    7   62   12   21   70   80   81   54   11   31   52   94    4   64  
  42   30   82   65   74    1   21    4   95   38    2   78   59    8   57   37   94   47   18   53   34    3   13   17   65   70   67   73   62   31   14   80    6   32   54   26   44   11   22   24   76   50   86   19   43   15   46   75   45   33   51   55   97   91   49   72   66   29   69    5   23   36   68   27   96   61   81    9   10   16   87   88   25   89   20    5   85   93   77   92   26   52   56   12   40   90   35   39   41   64    7   60   28   71   84   79   48   83   58   63  
  89    5   13   76   69   38   23   90   51   55   71   52   70   73    7   77   30   16   18   68   46   29   85    4   34   33   92   39   89   63    9   58   87   54    2   56   75   93   64    1   28   79   88   25   26   84   59   11   31   20   36   62   24   50   21   61   65   97   60   86   48   35   37   44   67   15   43   74   12   14   72   32   53   47   82   10   22    8    6   96   42   57   41   49   27   19   91   45   94   81   83   17   66   40   36   80   78    3   95   30  
  36   35   44   45   82   47   71   58   76   22   12   53   66   16   48    8   24   37   33   50   74   70   87   73    3   32   83   69   52   79   42   21   38   39   94   27   88   89   59   41   86   97    5   43   15    5   17    6   91   40   96   25   30   92   84   61   56   49   65   80   63   18    9   54   62   85   28    7   77    2   81   72    4   51   26   11   68   26   61   64   46   93   57   19   67   90   20   55   31   60   34    1   75   78   13   23   29   10   14   95  
  84   22   45   41   71   54   20    9   29   80   59   49   76   38   73   43   18   16   12   88   75   68   47   94   69   37   35   92   42   44   70   51    4   36   15   17   52   48   67   64   91   74   63   46   93   13   77   96   39   61   31   25   10   86   60   95   82   97   28   19    2   23   40   20   26   78    8   87   50    1   34   90   53   72   33   79   57   89   14   27    3   62   32   81   56    6   30    7    5   65   21   24   85   83   66   23   55   81   11   58  
  26   44   25   56   67   93   47   96   89   53   34   78   28    3   29   84   81   80   38   66   27   63    5   48   64   39   46   22   79   51   43   20   36   17   85   77   94    6   74   83   60    8   61   84   13   73   86   75    7   33   92   55   42   90   59   15   91   18   23   35   54   69   57   76   41   52   40   11   88   70   31    9    1   12   44   72   82   50   14   32   49   24   71   19   21   68   16   58   37   87   65   62   45    2    4   10   97   30   95   18  
  17   33   45   16   42   35   82   80   60   70   32    6   91   87   14   47   37   62   96   64   67   75   93   83   23   49   52   73    4   28   26   57   66   85   15   21    7    1   10   27   69   12   44    2   95   48   24   41   18   97   90   51   38   58   38   84   81   59   94   92   36   20   68   71   34   76    5   77   89    7   53    8   39   40   96   56   55   54   25   29   74    9   13   30   79   88    3   22   86   61   11   63   65   43   50   19   78   72   31   46  
  66   74   60   21   87   86   94   72   14   82    7   95   40   93   79   23    1   41   64   42   82   75   51   34   88   54   53   81    2   12    6   20   37   31   10   52   96   35   24   25   43   57   63    5   76   77   50   97   44   61   15   59    4   73   85   29   11   62   30   27   90   18   39   22    8   28   26   89   38   33   48   67   91   71   89   68   32   17   58   36   45   49    3   70   55   19   83   16   13   65   69   80   78   47   95   56    9   46   84   92  
  76   52    2   95   16   50   83    1   86    9   24   89   67   97   76   41   31   65   72   66   94   59   35   68    7   71   15   81   93   70   11   45   13   10   32   44   90   96   85   33   64   17   40   73   82   37    8   70   28    3   14   92   29   84    5   63   56    6   49   18   80   54   43   78   60   79   75   46   34   77   91   21   62   26   47   19   61   55   30   53   87   25   22   19    4   12   88   51   57   48   39   69   42   20   38   74   36   27   58   23  
  97   39   74   58   73   25   78   47   37   77   57    9   85   43   41   24   50   91   36   32   76   15   43   19   69   93   12   40   44   29   51   59   48   81   80   55    3   60    6   38   53   41   82   84   33   28   96   31   52   64   22   54   65   95   86   27   20   72   87    4   70   75   63   79   90   68   13   10   92    7   61   45   18    8   66   59   30   16   26    2   21   23   89   11   35   17   94   42   14   88   71   56   34    1   49    5   62   83   46   67  
  53    5   55   64   50   96    9   66   19   53   72   70   32   65   43   39   48   45   84   36    6   91   29   49    2   38   35   44   95   79   20   33   68   97   85   46   69   76   41   56   66   26   74   88   22    7   92   63   47   54   24   94   10   58   93   15   31   34   23   16   11   75   28   73   13   90   42   78   61   62    4   87   91   71   80   40   21    8    1    3   57   25   51   59   37   27   18   77   83   30   86   67   52   60   89   82   81   17   14   12  
  37   26   40   21   68    2   46   45   36   88   60    7   32   80   47   75   82   14   22   72   63   58   53   84    6   24   49   61   54   79   62   42   93   23    9   81   51   51   12   77   48   44   66   78   30   11   39   55   50   10   19   15   65    1   20   35   31   90   97   17   87   69   57   28   67   33   43   95   94   86   85   70   92   71   27   76   13   29   56   91   96   59    8   92   74   64   41   73   89   18    4   16    3   52    5   38   83   34   25   65  
   4   71   43   80    5   15    7   18   70   17   64   46   61   53   59    2   39   69   38   56   24    3   29   90   41    9   16   63   66   74   32   79   34   84   94   78   54   85   48   11   83   45   33   92   30   12   40   11   36   69   89   49   31   65   35   77   58   88   63   87   72   47   28   37   75   82   42   60    6   20    8   57   91    1   76   26   10   73   95   51   14   19   67   21   68   93   22   55   96   25   81   86   52   23   13   97   27   50   44   62  
  88   44   27   55    3   53   19   74   85   43   25   29   80   62   30   24   81   26   16   65   31   38   96   18   59   51   50   39   15   68   95   89   48   46   83   36   57   58   14   77   27   45   21   60   12   42   10   73   84   20   87   93   75   86   11   23    1   78   66   22   37   82   64   67    6   76   41   90    8   54   92    4   71    9   69   33   91   72   28   47   61   52   79   34   49   35   40    2   32   94   70    5   63   17    7   56    8   13   97   15  
  62   15    4   17   43   10    8   77   89   74    1   96   40    6   59   65   23   60   42   47   13   56   12   71   86    2   36   58   87   44   21   37   61   63   69   20   73   83   51   48   41   93   57   72   70   88   75   25   46   31   45   26   16   66   94   91   67   78   34   50   39   30   24   18   33   32   28    7    5   52   64   79   84   35   49   14   92   54   11   27   95   19   97   26   18    7   90   81   55   53    9   82   38   22    3   29   76   85   80   68  
  58    5   34   96   61   14   50   56   64   41   97   75   24   70   47   49   45   67   70   71   95   11   33   36   92   37   13   15   68   39   72   40   53   62   79   48    9   54   12   30   31    1   85   27   20   35   44   19   52   17   29   84   83    8   63   57   91   22   42   23   26   69   80   21   51   74   18   88   96   60   90   76   78   93   73   82    2   55    3   89   66   25   46   77   87   28   81   10    4   94    7   16   63    6   65   38   59   43   32   86  
  65   32   43   87   31   96    9   30   42   37   61   18   69   41   83   38    6   44   20   25   80   46    1   68   95   21   86   89   46   35   71   58   56   94   66   15   39   92   72   45   57   11    8   28   36    2   47   76    7   23   55   16   14   49   75   19    4   88   17   59   97    3   62   24   91   33   67   93   26   90   81   50   64   27   52   60   70   73   13   74   40   22   78   63   82   85    5   53   51   10   48   79    3   23   34   77   29   54   84   12  
  84   73   26   36   87   76   46   86   11   66   55    5   92   34   51   28   95   24   60   69   30   32   67   90   78   20   53   83   12   35   75   52   61   49    1   88    6   97    3    2   44    4    9   40   85   45   96   70   29   58   17   39    7   22   65   91   25   42   21   38   14   71    2   37   68   82   59   43   54   89   31   62   16   41   47   47   63   93   74    8   57   64   33   57   77   15   48   81   79   19   94   80   50   72   56   13   23   27   10   18  
  31   51   64   34   55   41    3   25   83   32    2   58   85   77   48   74   97   47   31   49    1   15   50   28   35   42    5   46   22   70   23   39   90   29   18   53   57   14   40   84   26   61   45   63   73   33   20   76   87   80   37   72   69   75   78   36   10   66    4   11   54   71   91    9    7   43   16   14   30   89   13    8   24   67   79   21   56   82   93   27   62   52   68   96    6   95   94   12   59   60   86   65   17   19   88   44   92    7   81   38  
  28   22   26   46   65   97   81   45   71   32   18   69   57   80   54   19   11   48   41   25   82   56   49   42    7   29   41   68   74   21   88   24   66    6   20   60    9   34   73   95    1   51    5   59   77   38   83    4   39   62   30   82   70   75   92   72   94   35   15   89   58   86   52   61    8   43   33   85   50    3   14   17   57   91   67   37   44   64   87   55   13   93   31    2   10   16   96   78   53   76   79   47   90   63   40   23   27   36   12   84  
  59   95   68   55   87   39   21    8   83   57   58   74   22    4   28   50   22   29   73   11   72   88    7   13   85   38   75   97   86   78   66   15   35   19   34   62   10   43   96   48   83   49    2   81   82   42   32   63   24    5   45   40   17   53    6   70   52   14   37   26   65   46   33   23   92    1   91   79   69    8   44   18    9   20    3   64   80   31   54   61   60   41   71   56   25   27   36   67   51   93   30   16   90   94   76   12   89   47   77   84  
  48   16   58   65   80   27   17   37   38    1   10   25    7   11   66    8   97   74   64   87    3   72   96   59   79   71   79   26   75   68   15   92   18   35   53   36   12   42   83   23   50   90   73   34    6   32   85   22   70   62   91   69    9   45   21   28   61   30   57   39   33   55   59   54   16   77   89   78    5   60   56   51   13   31   41   95   76   67   40   46   24   94   84   20    2   43   63   86   49   88   14   82    4   29   47   81   93   19   44   52  
   7   13    1    5   85   56   24   63   96   73   80   91   68   21   78   60   64   16   26   76   93   28   77   30   27   83   43   75   11   12   84   36   22   29   49   25   18   87   31   54   94   39   35   33   23   34   71   95   65   81   89   20   44   17   52   45   83   79   90   10   32    8   70   50   81   97   47   19   59   88   92    3   53   42    6   86   72   51   41    2   14   48   57   38   55   69   74   37   40   61   67   23   46   62   58   82    9   15   66    4  
  55   16   25   55   82   71   68   15   83    3   66   21   43   30   27   38   40    7   86   77    4   17    8    2   78   84   44   49   61   37   74    9   60   23   11   64   93   13   65   97   28   62   67   12   32   14   87   50   80   69   96   35   45   51   52   39   41   47    1   36   85   75    5   81   57   76   22   48   53   34   19   73   46   18   95   20   90   26   29   72   54   88   58    6   31   33   63   92   42   56   59   89   70   94   79   50   91   24   37   10  
  51   60   84   59   93   94   42   23    2   16   80   12   90   11   17    4   96   49   85   14   40   75   21   46   71   28   76   63   48   10    6   20   32   45    1   41   86   82   26   89    3   65   61   43   50   87   29   22   25   54   50   95   77   72   35   15   36   47   27    9   69   81   57   78   33   91   55    7   92   58   52   68   62   56   74   88    8   73   14   39   18   44   30   85   53   79   37   24   38   19   83   13   66   97   64   70   34    5   31   67  
  86   76   78    1   18   63    7   47   95   25   19   41   62   23   66   35   74   31   92   46   56   14   71   44   42   57   27   73   79   61   20   21    9   89   77   91   22   68   29   89   96   80   30   72   39   84   88   67   58   75   16   48   90   85   28   94    4   83   52   17    6    5   70   40   34   51   82   94   65   59   64   54   33   49   93   15   37   36   43    3   50   69   12   45   11    8   26   72   97   55   32   24   10   87    2   38   13   81   60   53  
  89   12   94   56   80   15   63   16   29   68    1   78   14   42   34   31   40   49   75    1   97   43   86   81   38   39   73    6   87    3   96   83   24   23   33   51   17   54   30   67   74   60   85   25   65   58   46   10   61   59   20   79   21   66   22   76   53   52   77    2   18   36    7   41   88   50    6   64   84   47   11    4   32   35   19   72   62   91   44   26   57   45    8   27   93   13   92   48   90   95   37    5   71   82   69   28    9   55   46   70  
  68   58   39   22   18   31   78   14   44   65   62   63   34   26   37    5   53    1   52   32   17   33   12   25   69   90   61   15    6   92    4    7   79   86   57   64   81   85   96   49   94   59    8   80    9   45   72   23   20   36   55    3   73   40   35   74   28   97   66   41   90   87   48   27   84   21   29   24   91   88   56   50   89   42   71   38   75   83   95   16   43    2   82   46   76   54   19   51   13   67   11   10   60   65   93   47   70   77   57   30  
  89   52   42    3   84   43   12   91   85    8   17   88   90   60   61    2   66   11   15   63   76   19   50   80   55   36   92   16   32    5   22   20   83   26   35   97   78    7   94   67   79   29   20   57   40   25   21   86   84   51   23   74   47   54   53   14    1   87   68   88   93   41   75   44   10   30   45   59   81   77   28   49    6   37   27   65   33   58   24   46    9   82   38   69   56   95   48   72   73   62   96   31   13   39   18   64    4   34   70   71  
  27   12   23   79   52   78   96   39   59   24   88   86    9   55   11   85    7   94   20   61    3   22   84   71   26   57   45   36   54   49   87   15   47   38   95    8   91   31   29   67   69   50   90   75   51   18   41   97   93    5   19   59   42   68    6   25   40   63   80   56   58    9   65   72   81   44   60   82   32   76    2   46   92   62   34   14   17   53   28   73   66   70   74   33   16    9   30   48   64   13   21   77   83    1   37    4   89   35   43   10  
  34   49   22   58   83   85    5   15   68    8   84   61   14   97    9   54   62   76   25   24   20   78   41   59   52   37   77   46   51   19   92   26   56   27   40   12   72   71   89   91   79   47    1   28    6   51   74   23    4   43   57   64   70   11   80   36   63   13   65   86   21   72    2   93   81   29   35   60   73   95   94   38   44   88   45   42   33   90    3   39   16   55    7   50   18   75   17    4   87   69   30   67   82   10   66   53   96   48   32   31  
  56   41   35   32   91    7   60   90   25   85   49   94   51   69    4   62   57   11   27   46   93   67   14   50   54   21   59   55   26   28   88   30   18   65   97   19   53   77   70   61   58   34   61    6   75   17   73   33   78   66   74   89   64    8   48   42   39    3   23   36   37   76   24   83   44   96   79   15    5    9   22   52   95   29   45   31   20    2    1   47   43   40   87   81   80   84   10   16   38   68   63   82   92   71   12   66   72   13   51   86  
  13   86   11    5   67   95   91   47   10   85   96   83   20   63   23   15   21   36   57   73    1   16   44   51   65   26   34    4   82   88   60   52    8   37   48   54   27   33   58   17   43   35   30   94   25   87   93    9   81   80   59   78   19   39   24   79   46    2   56   45   76    3   97   69   18   41   92   50   61   32   90    6   49   55   74   12   77   19    7   73   40   89   62   72   29   53   22   64   42   28   84   71   31   68   38   14   75   82   70   66  
  49   59    1   70   85   61   42   20   81   32   57   31    8   79   52   58   17   22   92   72   48   94   37   53   96   47   38   73   15   24   28   56   30   80   63   10   19   40   27   33    3   64   44   50   97   69    6   39    7   75   16   86    5   84   54   18   87   55   77   67   21    4   82   78   93   35   60   62   26   88   12   14   17    2   76   36   11   68   51   34   95   66   57   65   89   23   74   91   83   46   41   90   57   25   43    9   45   13   29   71  
  82   74   80   16   90   47   15   42   24   96   11   88   25   35   38   77    3   39   44   45    9   46   73   83   56   36   17   41   72    6   13   68   87   97   26   32   18   48   22   18   54   93   70   69   37   27   86   23   94   51   65   59   29   30   20   21   91   75   34    2   67   62   96    7   53   57   85   60   39   58   28    4   84   81   33   49   78   19   52   76   61   92   66    8   95   79    1   40   50   14    5   71   31   43   64   55   10   89   12   63  
  61   73   63   81   89    6   14   94   25   78   31   66   91   22   24   21   26    9   86   58   48   38   43   71   39   13   74   83   10   26   37   49   68   72   46   59   51   23   92   64   44   52   56   34   50   18   15   33   62   87   45   75    7   70   95   97   11   35   65   30   40   19   41   90   42   29   78   82    8   32   54   53   93   12   96   67    3   57   80   27   69    4   17    1   88   16   84   55   85    5    2   28   76   36   79   55   47   20   60   77  
  12   29   21    6   63   12   92   80   74   89    3   40   45   84   42   71   14   25   77   47   20   54   86   59   96   79   26   15   67   22   43   93   46   55   10   78   35   90    2   30   70   62    7   44   31   13   48   50   86    4   91   34   58    8   18   57   17   28   73   19   64   95    9   88   24   76   41   72   94   65   37   69   81   39   52   38   85   56   23   16   68   33    5   36   75   49   83   87   65   53   82   32   97   66   51   60   11   61    1   27  
  52   32   53   25   21   73   92   90   35   13   38   39   58   57   59   69   95   70   28   55   14    1   47   59   15    5   78   97   43   66    7   48    6   50   75    8   34   45   83   72   40   20   18   31   16   17    3   87   23   63   71   33   27   96   89   66   85   19   11   12   79   82   80   44   49   37   76   86   68   26   56   22   54   78    9   41   10    4   29   93   60   61   65   91   42   24   36   74   88   62   64   77   67   46   51   81   94   30   84    2  
  82   88   55   64    8    9   83    7   35   74   27   56   91   80   48   54   47   46   44    1   81   49   96   66   23   97   13   19   57   96   22   68   65   31   21   58   85   20   11   41   70   45   16   29   94   51    2    3   61   24   12   77   18   26    5   68   75    4   38   33   78    6   39   79   42   34   69   87   28   89   17   62   95   43   10   84   50   53   25   63   67   30   40   15   86   71   52   72   46   36   90   93   92   73   37   32   76   60   14   59  
  42   11    2   77    6   60   82   71   22   59   62   94   58   48   31   52   24   46   37   39   67    9   65   93   41   44    7   40   29   88   17   14   34   96   72   89   18   51   74   66   26   38   91   53    8   68   76    5   69   54   21   85   78   61   84   83   35   97   59   70   55   25   95   12    4   15   86   49   56   28   23   36    1   32   33   20   92   79   10   19   70   75   57   90   87    3   16   13   81   30   64   43   63   50   45   48   47   27   80   73  
  54   93   92    1   36   62   14   45   32   64   56   96   18   49   59   86   11   83   30   72   71    9   63    8   87   21   91   24   51   52   40   29   48   39   76   15   23    6   27   14   28   31   77   95   33   70    2   78   61   67   80   81   12   10   17   60   47   31   25   69   42   46   16   94    7   85   20   26   82   44   14    3   22   97   73   37   65   84   13   74   79   88   34    5   19   43   38   90   50   35    4   57   55   89   66   53   41   75   58   68  
  87   25   28   75   29   20   63   59   46   60   40   10   84   74   80   21   96   95   11   15   52   71   70   35   93   16   82   53   97   43   45   32   91   13   90    1   38   22   55   33   54   57   76   78   31    4   86   77   49   94   51    3   44   56   12    2   19    7   32   89   85   61   59   39   83   67   13   79   65   34   23   58   26   48   72   47   41    5   73   81   24    6   92   62    8   27   69   66    9   30   68   42   50   18   17   88   37   64   14   36  
  72   24   63   55   73   18   51    4   19   16   25   89   97   10   39   23   45   30   32   74    6   92    5   87   69   82   16   79   12   95    7   11   88   93   70   34   47   85   50   86   41   42   44   40   81   27   90   67   56   77   60    3   52    1   54   66   55   48   33   64   61   78   49   36   17   65   38   29   43   91   28   77   62   68   75   13   59   58   94    9   53   96   83   15    8   21   14   80   37   46   76    2   26   84   57   22   31   35   71   20  
  45   96   86   14   19   75   48   23   55   59   82   69   17   40   57   18   39   31   37   30   52   85   74   26   95   46   71   13   84   68    8   47    7    4   32   58   51    9   53   77   10   78   94   15   73   83   56   30    6   80   65   91   12   70   49   64   21   63    7   50   27   97   25   16    3   36    1   88   22   35   34   33   38   20   72    2   89   87   81   92   66   11   61   44   67   24   93   28   60   90   62   76   79   16   29   43    5   42   41   54  
   8   49   48   72   20   25   19   23   89   45   39   13   46   71   24   90   65   47   96   43   69   36   82   16   37    2   35    9   68   26   54   20   76   27   10   67    1   21   29   40    4   73   33   17   57    5   94   55   93   86   51   79   70   77   62   59    3   84   81   50   75   83   63   14   66   18   28   32   44   64   53   87   91   88   15   95   31   58   97   38    3   12   78   17   30   61   85   92   56   11    7    6   22   60   80   74   42   52   41   34  
  28   97   83   93    6   64   67   87   63   92   15   68   11   90   31   35   65   82   13   30   59   86   23   78   88   56    5   40   95   91   48    2   69   74    4   25    1   77   19   60   80   89   47   84   29   94   81   22   71    3    7   20   66   39   55   72   38   53   57   73    9   44   76   18   42   96   75   43   52   50   29   62   41   10   46   49   24   51   58   70   79   14   34   49   32   85   26   55   45   27   37   21   61   36   12    8   33   16   17   54  
  12   67   18   33   15   60   90   42    9   20   11   68   48   80   31   38   63   23   71   26   73   91   69   46   62   43   34   29   16   66    6    2   81    5   82   87   96   40   83   78   14   35   36   97   59   52   70   94   74   56   92   49   28   25   79   57   93   41   10   72   88   71   84   64    4   58   47   24   27   13   30    3   22   86   53   73    1   45   55   19   65   75   54   32   77   95   51   39   85    8    7   50   89   61   21   49   37   76   17   44  
  54   71   69   34   75   47   51    2   15   42   62   77   29   36   35   14    5   74   84   24   10   17    6   21   30   52   83   12   38   91   94   90   60   32    7    3   33   78    3   27   22   68   85   72    4   50   82   59   20    1   80   23   43   79   88   44   89   76   95   58   53   13   37   18   49    8   48   28   61   70   63   26   87   31   92   20   41   64   73   65    9   67   56   57   68   40   16   97   96   93   81   46   45   11   86   55   25   66   39   19  ] 
BUDGETS : [    1    2    2    5   10   11   12   21   27   28   29   29   30   33   34   41   43   46   46   49   52   52   56   58   61   64   70   71   74   76   78   80   81   81   82   85   87   88   89   91   92   92   95   98   98   99  102  105  107  110  112  116  116  119  120  126  127  130  130  132  132  134  136  143  144  147  148  149  150  151  152  154  158  159  160  163  165  166  168  170  174  175  175  176  179  180  180  181  183  183  184  185  185  187  187  187  192  193  194  196  ] 
